section id,recording id,blink id,start timestamp [ns],end timestamp [ns],duration [ms]
c816837f-37b7-409c-a49b-c4f881a7f2db,f768bda4-0155-413c-b8a2-01e64565406f,1,1701108241053823580,1701108241321891580,268
c816837f-37b7-409c-a49b-c4f881a7f2db,f768bda4-0155-413c-b8a2-01e64565406f,2,1701108241669888580,1701108242085873580,416
c816837f-37b7-409c-a49b-c4f881a7f2db,f768bda4-0155-413c-b8a2-01e64565406f,3,1701108243917814580,1701108244241903580,324
c816837f-37b7-409c-a49b-c4f881a7f2db,f768bda4-0155-413c-b8a2-01e64565406f,4,1701108244565885580,1701108244997860580,432
c816837f-37b7-409c-a49b-c4f881a7f2db,f768bda4-0155-413c-b8a2-01e64565406f,5,1701108248957913580,1701108249141843580,184
c816837f-37b7-409c-a49b-c4f881a7f2db,f768bda4-0155-413c-b8a2-01e64565406f,6,1701108249649885580,1701108250013879580,364
c816837f-37b7-409c-a49b-c4f881a7f2db,f768bda4-0155-413c-b8a2-01e64565406f,7,1701108255465820580,1701108255625833580,160
c816837f-37b7-409c-a49b-c4f881a7f2db,f768bda4-0155-413c-b8a2-01e64565406f,8,1701108256237863580,1701108256473826580,236
c816837f-37b7-409c-a49b-c4f881a7f2db,f768bda4-0155-413c-b8a2-01e64565406f,9,1701108261437809580,1701108261693835580,256
c816837f-37b7-409c-a49b-c4f881a7f2db,f768bda4-0155-413c-b8a2-01e64565406f,10,1701108266021830580,1701108266345821580,324
c816837f-37b7-409c-a49b-c4f881a7f2db,f768bda4-0155-413c-b8a2-01e64565406f,11,1701108266669853580,1701108267041912580,372
c816837f-37b7-409c-a49b-c4f881a7f2db,f768bda4-0155-413c-b8a2-01e64565406f,12,1701108268177802580,1701108268481824580,304
c816837f-37b7-409c-a49b-c4f881a7f2db,f768bda4-0155-413c-b8a2-01e64565406f,13,1701108269785847580,1701108270169927580,384
c816837f-37b7-409c-a49b-c4f881a7f2db,f768bda4-0155-413c-b8a2-01e64565406f,14,1701108275813833580,1701108276161837580,348
c816837f-37b7-409c-a49b-c4f881a7f2db,f768bda4-0155-413c-b8a2-01e64565406f,15,1701108277273861580,1701108277781814580,508
c816837f-37b7-409c-a49b-c4f881a7f2db,f768bda4-0155-413c-b8a2-01e64565406f,16,1701108279969856580,1701108280449828580,480
c816837f-37b7-409c-a49b-c4f881a7f2db,f768bda4-0155-413c-b8a2-01e64565406f,17,1701108281369897580,1701108281729860580,360
c816837f-37b7-409c-a49b-c4f881a7f2db,f768bda4-0155-413c-b8a2-01e64565406f,18,1701108283117888580,1701108283553834580,436
c816837f-37b7-409c-a49b-c4f881a7f2db,f768bda4-0155-413c-b8a2-01e64565406f,19,1701108284337904580,1701108284813871580,476
c816837f-37b7-409c-a49b-c4f881a7f2db,f768bda4-0155-413c-b8a2-01e64565406f,20,1701108286109840580,1701108286585839580,476
c816837f-37b7-409c-a49b-c4f881a7f2db,f768bda4-0155-413c-b8a2-01e64565406f,21,1701108288433915580,1701108288893830580,460
c816837f-37b7-409c-a49b-c4f881a7f2db,f768bda4-0155-413c-b8a2-01e64565406f,22,1701108295770227580,1701108296045832580,276
c816837f-37b7-409c-a49b-c4f881a7f2db,f768bda4-0155-413c-b8a2-01e64565406f,23,1701108296134179580,1701108296449836580,316
c816837f-37b7-409c-a49b-c4f881a7f2db,f768bda4-0155-413c-b8a2-01e64565406f,24,1701108296905863580,1701108297337839580,432
c816837f-37b7-409c-a49b-c4f881a7f2db,f768bda4-0155-413c-b8a2-01e64565406f,25,1701108299061838580,1701108299389837580,328
c816837f-37b7-409c-a49b-c4f881a7f2db,f768bda4-0155-413c-b8a2-01e64565406f,26,1701108301137872580,1701108301485835580,348
c816837f-37b7-409c-a49b-c4f881a7f2db,f768bda4-0155-413c-b8a2-01e64565406f,27,1701108303385823580,1701108303645823580,260
c816837f-37b7-409c-a49b-c4f881a7f2db,f768bda4-0155-413c-b8a2-01e64565406f,28,1701108303729843580,1701108304125821580,396
c816837f-37b7-409c-a49b-c4f881a7f2db,f768bda4-0155-413c-b8a2-01e64565406f,29,1701108306221838580,1701108306633840580,412
c816837f-37b7-409c-a49b-c4f881a7f2db,f768bda4-0155-413c-b8a2-01e64565406f,30,1701108310121863580,1701108310401854580,280
c816837f-37b7-409c-a49b-c4f881a7f2db,f768bda4-0155-413c-b8a2-01e64565406f,31,1701108311037930580,1701108311329851580,292
c816837f-37b7-409c-a49b-c4f881a7f2db,f768bda4-0155-413c-b8a2-01e64565406f,32,1701108317813859580,1701108318177848580,364
c816837f-37b7-409c-a49b-c4f881a7f2db,f768bda4-0155-413c-b8a2-01e64565406f,33,1701108319445821580,1701108319829873580,384
c816837f-37b7-409c-a49b-c4f881a7f2db,f768bda4-0155-413c-b8a2-01e64565406f,34,1701108331641813580,1701108331977855580,336
c816837f-37b7-409c-a49b-c4f881a7f2db,f768bda4-0155-413c-b8a2-01e64565406f,35,1701108334249826580,1701108334585817580,336
c816837f-37b7-409c-a49b-c4f881a7f2db,f768bda4-0155-413c-b8a2-01e64565406f,36,1701108337317859580,1701108337649812580,332
c816837f-37b7-409c-a49b-c4f881a7f2db,f768bda4-0155-413c-b8a2-01e64565406f,37,1701108340781823580,1701108341189880580,408
c816837f-37b7-409c-a49b-c4f881a7f2db,f768bda4-0155-413c-b8a2-01e64565406f,38,1701108341753879580,1701108342157847580,404
c816837f-37b7-409c-a49b-c4f881a7f2db,f768bda4-0155-413c-b8a2-01e64565406f,39,1701108343309804580,1701108343641839580,332
c816837f-37b7-409c-a49b-c4f881a7f2db,f768bda4-0155-413c-b8a2-01e64565406f,40,1701108343877802580,1701108344273838580,396
c816837f-37b7-409c-a49b-c4f881a7f2db,f768bda4-0155-413c-b8a2-01e64565406f,41,1701108346445821580,1701108346861834580,416
c816837f-37b7-409c-a49b-c4f881a7f2db,f768bda4-0155-413c-b8a2-01e64565406f,42,1701108347209871580,1701108347649851580,440
c816837f-37b7-409c-a49b-c4f881a7f2db,f768bda4-0155-413c-b8a2-01e64565406f,43,1701108353097854580,1701108353369867580,272
c816837f-37b7-409c-a49b-c4f881a7f2db,f768bda4-0155-413c-b8a2-01e64565406f,44,1701108359181832580,1701108359477837580,296
c816837f-37b7-409c-a49b-c4f881a7f2db,f768bda4-0155-413c-b8a2-01e64565406f,45,1701108363701916580,1701108364161910580,460
c816837f-37b7-409c-a49b-c4f881a7f2db,f768bda4-0155-413c-b8a2-01e64565406f,46,1701108364830025580,1701108365229834580,400
c816837f-37b7-409c-a49b-c4f881a7f2db,f768bda4-0155-413c-b8a2-01e64565406f,47,1701108366369833580,1701108366729862580,360
c816837f-37b7-409c-a49b-c4f881a7f2db,f768bda4-0155-413c-b8a2-01e64565406f,48,1701108367917867580,1701108368221796580,304
c816837f-37b7-409c-a49b-c4f881a7f2db,f768bda4-0155-413c-b8a2-01e64565406f,49,1701108368253818580,1701108368697847580,444
c816837f-37b7-409c-a49b-c4f881a7f2db,f768bda4-0155-413c-b8a2-01e64565406f,50,1701108371593966580,1701108371913842580,320
c816837f-37b7-409c-a49b-c4f881a7f2db,f768bda4-0155-413c-b8a2-01e64565406f,51,1701108375833835580,1701108376289827580,456
c816837f-37b7-409c-a49b-c4f881a7f2db,f768bda4-0155-413c-b8a2-01e64565406f,52,1701108378141950580,1701108378497874580,356
c816837f-37b7-409c-a49b-c4f881a7f2db,f768bda4-0155-413c-b8a2-01e64565406f,53,1701108380709826580,1701108381085847580,376
c816837f-37b7-409c-a49b-c4f881a7f2db,f768bda4-0155-413c-b8a2-01e64565406f,54,1701108382733849580,1701108383097845580,364
c816837f-37b7-409c-a49b-c4f881a7f2db,f768bda4-0155-413c-b8a2-01e64565406f,55,1701108383753889580,1701108384145836580,392
c816837f-37b7-409c-a49b-c4f881a7f2db,f768bda4-0155-413c-b8a2-01e64565406f,56,1701108387201853580,1701108387597880580,396
c816837f-37b7-409c-a49b-c4f881a7f2db,f768bda4-0155-413c-b8a2-01e64565406f,57,1701108388525840580,1701108388889838580,364
c816837f-37b7-409c-a49b-c4f881a7f2db,f768bda4-0155-413c-b8a2-01e64565406f,58,1701108390977870580,1701108391341829580,364
c816837f-37b7-409c-a49b-c4f881a7f2db,f768bda4-0155-413c-b8a2-01e64565406f,59,1701108392325853580,1701108392665915580,340
c816837f-37b7-409c-a49b-c4f881a7f2db,f768bda4-0155-413c-b8a2-01e64565406f,60,1701108393417822580,1701108393825865580,408
c816837f-37b7-409c-a49b-c4f881a7f2db,f768bda4-0155-413c-b8a2-01e64565406f,61,1701108395069808580,1701108395417830580,348
c816837f-37b7-409c-a49b-c4f881a7f2db,f768bda4-0155-413c-b8a2-01e64565406f,62,1701108396525852580,1701108396910109580,384
c816837f-37b7-409c-a49b-c4f881a7f2db,f768bda4-0155-413c-b8a2-01e64565406f,63,1701108397721840580,1701108398081872580,360
c816837f-37b7-409c-a49b-c4f881a7f2db,f768bda4-0155-413c-b8a2-01e64565406f,64,1701108398433874580,1701108398797874580,364
c816837f-37b7-409c-a49b-c4f881a7f2db,f768bda4-0155-413c-b8a2-01e64565406f,65,1701108399829919580,1701108400213844580,384
c816837f-37b7-409c-a49b-c4f881a7f2db,f768bda4-0155-413c-b8a2-01e64565406f,66,1701108401297873580,1701108401661823580,364
c816837f-37b7-409c-a49b-c4f881a7f2db,f768bda4-0155-413c-b8a2-01e64565406f,67,1701108402713855580,1701108403057865580,344
c816837f-37b7-409c-a49b-c4f881a7f2db,f768bda4-0155-413c-b8a2-01e64565406f,68,1701108404285867580,1701108404645816580,360
c816837f-37b7-409c-a49b-c4f881a7f2db,f768bda4-0155-413c-b8a2-01e64565406f,69,1701108406013843580,1701108406377842580,364
c816837f-37b7-409c-a49b-c4f881a7f2db,f768bda4-0155-413c-b8a2-01e64565406f,70,1701108407537846580,1701108407865828580,328
c816837f-37b7-409c-a49b-c4f881a7f2db,f768bda4-0155-413c-b8a2-01e64565406f,71,1701108408261948580,1701108408541865580,280
c816837f-37b7-409c-a49b-c4f881a7f2db,f768bda4-0155-413c-b8a2-01e64565406f,72,1701108409921818580,1701108410173835580,252
c816837f-37b7-409c-a49b-c4f881a7f2db,f768bda4-0155-413c-b8a2-01e64565406f,73,1701108410177865580,1701108410469834580,292
c816837f-37b7-409c-a49b-c4f881a7f2db,f768bda4-0155-413c-b8a2-01e64565406f,74,1701108411765818580,1701108412261834580,496
c816837f-37b7-409c-a49b-c4f881a7f2db,f768bda4-0155-413c-b8a2-01e64565406f,75,1701108414857833580,1701108415249857580,392
c816837f-37b7-409c-a49b-c4f881a7f2db,f768bda4-0155-413c-b8a2-01e64565406f,76,1701108415809840580,1701108416261844580,452
c816837f-37b7-409c-a49b-c4f881a7f2db,f768bda4-0155-413c-b8a2-01e64565406f,77,1701108417257862580,1701108417633955580,376
c816837f-37b7-409c-a49b-c4f881a7f2db,f768bda4-0155-413c-b8a2-01e64565406f,78,1701108418129800580,1701108418537851580,408
c816837f-37b7-409c-a49b-c4f881a7f2db,f768bda4-0155-413c-b8a2-01e64565406f,79,1701108421101819580,1701108421529820580,428
c816837f-37b7-409c-a49b-c4f881a7f2db,f768bda4-0155-413c-b8a2-01e64565406f,80,1701108433693858580,1701108434057836580,364
c816837f-37b7-409c-a49b-c4f881a7f2db,f768bda4-0155-413c-b8a2-01e64565406f,81,1701108435365857580,1701108435765838580,400
c816837f-37b7-409c-a49b-c4f881a7f2db,f768bda4-0155-413c-b8a2-01e64565406f,82,1701108437042150580,1701108437409830580,368
c816837f-37b7-409c-a49b-c4f881a7f2db,f768bda4-0155-413c-b8a2-01e64565406f,83,1701108440721831580,1701108441017858580,296
c816837f-37b7-409c-a49b-c4f881a7f2db,f768bda4-0155-413c-b8a2-01e64565406f,84,1701108441021844580,1701108441450380580,429
c816837f-37b7-409c-a49b-c4f881a7f2db,f768bda4-0155-413c-b8a2-01e64565406f,85,1701108442161881580,1701108442581915580,420
c816837f-37b7-409c-a49b-c4f881a7f2db,f768bda4-0155-413c-b8a2-01e64565406f,86,1701108446505873580,1701108446901816580,396
c816837f-37b7-409c-a49b-c4f881a7f2db,f768bda4-0155-413c-b8a2-01e64565406f,87,1701108449961817580,1701108450245855580,284
c816837f-37b7-409c-a49b-c4f881a7f2db,f768bda4-0155-413c-b8a2-01e64565406f,88,1701108450249840580,1701108450705952580,456
c816837f-37b7-409c-a49b-c4f881a7f2db,f768bda4-0155-413c-b8a2-01e64565406f,89,1701108453509862580,1701108453873860580,364
c816837f-37b7-409c-a49b-c4f881a7f2db,f768bda4-0155-413c-b8a2-01e64565406f,90,1701108456633922580,1701108457005848580,372
c816837f-37b7-409c-a49b-c4f881a7f2db,f768bda4-0155-413c-b8a2-01e64565406f,91,1701108459353847580,1701108459741896580,388
c816837f-37b7-409c-a49b-c4f881a7f2db,f768bda4-0155-413c-b8a2-01e64565406f,92,1701108460849862580,1701108461229827580,380
c816837f-37b7-409c-a49b-c4f881a7f2db,f768bda4-0155-413c-b8a2-01e64565406f,93,1701108462161846580,1701108462565820580,404
c816837f-37b7-409c-a49b-c4f881a7f2db,f768bda4-0155-413c-b8a2-01e64565406f,94,1701108467142008580,1701108467361838580,220
c816837f-37b7-409c-a49b-c4f881a7f2db,f768bda4-0155-413c-b8a2-01e64565406f,95,1701108469789842580,1701108470069839580,280
c816837f-37b7-409c-a49b-c4f881a7f2db,f768bda4-0155-413c-b8a2-01e64565406f,96,1701108470661824580,1701108471013848580,352
c816837f-37b7-409c-a49b-c4f881a7f2db,f768bda4-0155-413c-b8a2-01e64565406f,97,1701108472909855580,1701108473221820580,312
c816837f-37b7-409c-a49b-c4f881a7f2db,f768bda4-0155-413c-b8a2-01e64565406f,98,1701108474573838580,1701108474945837580,372
c816837f-37b7-409c-a49b-c4f881a7f2db,f768bda4-0155-413c-b8a2-01e64565406f,99,1701108476545851580,1701108476829824580,284
c816837f-37b7-409c-a49b-c4f881a7f2db,f768bda4-0155-413c-b8a2-01e64565406f,100,1701108479889902580,1701108480237833580,348
c816837f-37b7-409c-a49b-c4f881a7f2db,f768bda4-0155-413c-b8a2-01e64565406f,101,1701108484589842580,1701108484989858580,400
c816837f-37b7-409c-a49b-c4f881a7f2db,f768bda4-0155-413c-b8a2-01e64565406f,102,1701108491973833580,1701108492265833580,292
c816837f-37b7-409c-a49b-c4f881a7f2db,f768bda4-0155-413c-b8a2-01e64565406f,103,1701108495133848580,1701108495445825580,312
c816837f-37b7-409c-a49b-c4f881a7f2db,f768bda4-0155-413c-b8a2-01e64565406f,104,1701108500333801580,1701108500657862580,324
c816837f-37b7-409c-a49b-c4f881a7f2db,f768bda4-0155-413c-b8a2-01e64565406f,105,1701108504649839580,1701108505125846580,476
c816837f-37b7-409c-a49b-c4f881a7f2db,f768bda4-0155-413c-b8a2-01e64565406f,106,1701108506905862580,1701108507269827580,364
c816837f-37b7-409c-a49b-c4f881a7f2db,f768bda4-0155-413c-b8a2-01e64565406f,107,1701108509121897580,1701108509669837580,548
c816837f-37b7-409c-a49b-c4f881a7f2db,f768bda4-0155-413c-b8a2-01e64565406f,108,1701108510845826580,1701108511221818580,376
c816837f-37b7-409c-a49b-c4f881a7f2db,f768bda4-0155-413c-b8a2-01e64565406f,109,1701108513117886580,1701108513569831580,452
c816837f-37b7-409c-a49b-c4f881a7f2db,f768bda4-0155-413c-b8a2-01e64565406f,110,1701108515349864580,1701108515733849580,384
c816837f-37b7-409c-a49b-c4f881a7f2db,f768bda4-0155-413c-b8a2-01e64565406f,111,1701108516285871580,1701108516741825580,456
c816837f-37b7-409c-a49b-c4f881a7f2db,f768bda4-0155-413c-b8a2-01e64565406f,112,1701108519261845580,1701108519701850580,440
c816837f-37b7-409c-a49b-c4f881a7f2db,f768bda4-0155-413c-b8a2-01e64565406f,113,1701108522345822580,1701108522749836580,404
c816837f-37b7-409c-a49b-c4f881a7f2db,f768bda4-0155-413c-b8a2-01e64565406f,114,1701108527769843580,1701108528165827580,396
c816837f-37b7-409c-a49b-c4f881a7f2db,f768bda4-0155-413c-b8a2-01e64565406f,115,1701108530789886580,1701108531257804580,468
c816837f-37b7-409c-a49b-c4f881a7f2db,f768bda4-0155-413c-b8a2-01e64565406f,116,1701108539569861580,1701108539953854580,384
c816837f-37b7-409c-a49b-c4f881a7f2db,f768bda4-0155-413c-b8a2-01e64565406f,117,1701108542705843580,1701108543029842580,324
c816837f-37b7-409c-a49b-c4f881a7f2db,f768bda4-0155-413c-b8a2-01e64565406f,118,1701108545685845580,1701108545921811580,236
c816837f-37b7-409c-a49b-c4f881a7f2db,f768bda4-0155-413c-b8a2-01e64565406f,119,1701108546749822580,1701108547057857580,308
c816837f-37b7-409c-a49b-c4f881a7f2db,f768bda4-0155-413c-b8a2-01e64565406f,120,1701108549985830580,1701108550341832580,356
c816837f-37b7-409c-a49b-c4f881a7f2db,f768bda4-0155-413c-b8a2-01e64565406f,121,1701108559037842580,1701108559501824580,464
c816837f-37b7-409c-a49b-c4f881a7f2db,f768bda4-0155-413c-b8a2-01e64565406f,122,1701108562977847580,1701108563353862580,376
c816837f-37b7-409c-a49b-c4f881a7f2db,f768bda4-0155-413c-b8a2-01e64565406f,123,1701108566045894580,1701108566317836580,272
c816837f-37b7-409c-a49b-c4f881a7f2db,f768bda4-0155-413c-b8a2-01e64565406f,124,1701108567829843580,1701108568129865580,300
c816837f-37b7-409c-a49b-c4f881a7f2db,f768bda4-0155-413c-b8a2-01e64565406f,125,1701108571297811580,1701108571701840580,404
c816837f-37b7-409c-a49b-c4f881a7f2db,f768bda4-0155-413c-b8a2-01e64565406f,126,1701108572257896580,1701108572689858580,432
c816837f-37b7-409c-a49b-c4f881a7f2db,f768bda4-0155-413c-b8a2-01e64565406f,127,1701108574941816580,1701108575353851580,412
c816837f-37b7-409c-a49b-c4f881a7f2db,f768bda4-0155-413c-b8a2-01e64565406f,128,1701108577961838580,1701108578317820580,356
c816837f-37b7-409c-a49b-c4f881a7f2db,f768bda4-0155-413c-b8a2-01e64565406f,129,1701108581065865580,1701108581405855580,340
c816837f-37b7-409c-a49b-c4f881a7f2db,f768bda4-0155-413c-b8a2-01e64565406f,130,1701108583745822580,1701108584093832580,348
c816837f-37b7-409c-a49b-c4f881a7f2db,f768bda4-0155-413c-b8a2-01e64565406f,131,1701108592425843580,1701108592725852580,300
c816837f-37b7-409c-a49b-c4f881a7f2db,f768bda4-0155-413c-b8a2-01e64565406f,132,1701108593813795580,1701108594193869580,380
c816837f-37b7-409c-a49b-c4f881a7f2db,f768bda4-0155-413c-b8a2-01e64565406f,133,1701108599185864580,1701108599409844580,224
c816837f-37b7-409c-a49b-c4f881a7f2db,f768bda4-0155-413c-b8a2-01e64565406f,134,1701108599901828580,1701108600197823580,296
c816837f-37b7-409c-a49b-c4f881a7f2db,f768bda4-0155-413c-b8a2-01e64565406f,135,1701108604417846580,1701108604725852580,308
c816837f-37b7-409c-a49b-c4f881a7f2db,f768bda4-0155-413c-b8a2-01e64565406f,136,1701108622613836580,1701108623162074580,548
c816837f-37b7-409c-a49b-c4f881a7f2db,f768bda4-0155-413c-b8a2-01e64565406f,137,1701108627581848580,1701108627973822580,392
c816837f-37b7-409c-a49b-c4f881a7f2db,f768bda4-0155-413c-b8a2-01e64565406f,138,1701108645645831580,1701108645925853580,280
c816837f-37b7-409c-a49b-c4f881a7f2db,f768bda4-0155-413c-b8a2-01e64565406f,139,1701108655033867580,1701108655613827580,580
c816837f-37b7-409c-a49b-c4f881a7f2db,f768bda4-0155-413c-b8a2-01e64565406f,140,1701108659349833580,1701108659913825580,564
c816837f-37b7-409c-a49b-c4f881a7f2db,f768bda4-0155-413c-b8a2-01e64565406f,141,1701108668805847580,1701108669185822580,380
c816837f-37b7-409c-a49b-c4f881a7f2db,f768bda4-0155-413c-b8a2-01e64565406f,142,1701108670857853580,1701108671309816580,452
c816837f-37b7-409c-a49b-c4f881a7f2db,f768bda4-0155-413c-b8a2-01e64565406f,143,1701108695177907580,1701108695473849580,296
c816837f-37b7-409c-a49b-c4f881a7f2db,f768bda4-0155-413c-b8a2-01e64565406f,144,1701108697613815580,1701108698141860580,528
c816837f-37b7-409c-a49b-c4f881a7f2db,f768bda4-0155-413c-b8a2-01e64565406f,145,1701108702153858580,1701108702593849580,440
c816837f-37b7-409c-a49b-c4f881a7f2db,f768bda4-0155-413c-b8a2-01e64565406f,146,1701108703661828580,1701108704089850580,428
c816837f-37b7-409c-a49b-c4f881a7f2db,f768bda4-0155-413c-b8a2-01e64565406f,147,1701108706353805580,1701108706797839580,444
c816837f-37b7-409c-a49b-c4f881a7f2db,f768bda4-0155-413c-b8a2-01e64565406f,148,1701108710733861580,1701108711101816580,368
c816837f-37b7-409c-a49b-c4f881a7f2db,f768bda4-0155-413c-b8a2-01e64565406f,149,1701108711449823580,1701108711789825580,340
c816837f-37b7-409c-a49b-c4f881a7f2db,f768bda4-0155-413c-b8a2-01e64565406f,150,1701108712773851580,1701108713177829580,404
c816837f-37b7-409c-a49b-c4f881a7f2db,f768bda4-0155-413c-b8a2-01e64565406f,151,1701108715697844580,1701108716113835580,416
c816837f-37b7-409c-a49b-c4f881a7f2db,f768bda4-0155-413c-b8a2-01e64565406f,152,1701108716681851580,1701108717217828580,536
c816837f-37b7-409c-a49b-c4f881a7f2db,f768bda4-0155-413c-b8a2-01e64565406f,153,1701108721589851580,1701108721989851580,400
c816837f-37b7-409c-a49b-c4f881a7f2db,f768bda4-0155-413c-b8a2-01e64565406f,154,1701108724673832580,1701108725009828580,336
c816837f-37b7-409c-a49b-c4f881a7f2db,f768bda4-0155-413c-b8a2-01e64565406f,155,1701108725589823580,1701108726153836580,564
c816837f-37b7-409c-a49b-c4f881a7f2db,f768bda4-0155-413c-b8a2-01e64565406f,156,1701108732005848580,1701108732153803580,148
c816837f-37b7-409c-a49b-c4f881a7f2db,f768bda4-0155-413c-b8a2-01e64565406f,157,1701108736729836580,1701108737009841580,280
c816837f-37b7-409c-a49b-c4f881a7f2db,f768bda4-0155-413c-b8a2-01e64565406f,158,1701108737649833580,1701108737902326580,252
c816837f-37b7-409c-a49b-c4f881a7f2db,f768bda4-0155-413c-b8a2-01e64565406f,159,1701108742717826580,1701108742981902580,264
c816837f-37b7-409c-a49b-c4f881a7f2db,f768bda4-0155-413c-b8a2-01e64565406f,160,1701108745725840580,1701108746149902580,424
c816837f-37b7-409c-a49b-c4f881a7f2db,f768bda4-0155-413c-b8a2-01e64565406f,161,1701108747161836580,1701108747313894580,152
c816837f-37b7-409c-a49b-c4f881a7f2db,f768bda4-0155-413c-b8a2-01e64565406f,162,1701108747421873580,1701108747737826580,316
c816837f-37b7-409c-a49b-c4f881a7f2db,f768bda4-0155-413c-b8a2-01e64565406f,163,1701108747841842580,1701108748093838580,252
c816837f-37b7-409c-a49b-c4f881a7f2db,f768bda4-0155-413c-b8a2-01e64565406f,164,1701108749525830580,1701108749941867580,416
c816837f-37b7-409c-a49b-c4f881a7f2db,f768bda4-0155-413c-b8a2-01e64565406f,165,1701108751881818580,1701108752153896580,272
c816837f-37b7-409c-a49b-c4f881a7f2db,f768bda4-0155-413c-b8a2-01e64565406f,166,1701108752157852580,1701108752569789580,412
c816837f-37b7-409c-a49b-c4f881a7f2db,f768bda4-0155-413c-b8a2-01e64565406f,167,1701108755177839580,1701108755409794580,232
c816837f-37b7-409c-a49b-c4f881a7f2db,f768bda4-0155-413c-b8a2-01e64565406f,168,1701108755413832580,1701108755781821580,368
c816837f-37b7-409c-a49b-c4f881a7f2db,f768bda4-0155-413c-b8a2-01e64565406f,169,1701108758325847580,1701108758717865580,392
c816837f-37b7-409c-a49b-c4f881a7f2db,f768bda4-0155-413c-b8a2-01e64565406f,170,1701108763249834580,1701108763621867580,372
c816837f-37b7-409c-a49b-c4f881a7f2db,f768bda4-0155-413c-b8a2-01e64565406f,171,1701108769481837580,1701108769721833580,240
c816837f-37b7-409c-a49b-c4f881a7f2db,f768bda4-0155-413c-b8a2-01e64565406f,172,1701108769729844580,1701108769993835580,264
c816837f-37b7-409c-a49b-c4f881a7f2db,f768bda4-0155-413c-b8a2-01e64565406f,173,1701108772373830580,1701108772745815580,372
c816837f-37b7-409c-a49b-c4f881a7f2db,f768bda4-0155-413c-b8a2-01e64565406f,174,1701108779437861580,1701108779801815580,364
c816837f-37b7-409c-a49b-c4f881a7f2db,f768bda4-0155-413c-b8a2-01e64565406f,175,1701108782065827580,1701108782434020580,368
c816837f-37b7-409c-a49b-c4f881a7f2db,f768bda4-0155-413c-b8a2-01e64565406f,176,1701108791285876580,1701108791449831580,164
c816837f-37b7-409c-a49b-c4f881a7f2db,f768bda4-0155-413c-b8a2-01e64565406f,177,1701108791821910580,1701108792169859580,348
c816837f-37b7-409c-a49b-c4f881a7f2db,f768bda4-0155-413c-b8a2-01e64565406f,178,1701108794021836580,1701108794425859580,404
c816837f-37b7-409c-a49b-c4f881a7f2db,f768bda4-0155-413c-b8a2-01e64565406f,179,1701108800037841580,1701108800425834580,388
c816837f-37b7-409c-a49b-c4f881a7f2db,f768bda4-0155-413c-b8a2-01e64565406f,180,1701108801577835580,1701108802149820580,572
c816837f-37b7-409c-a49b-c4f881a7f2db,f768bda4-0155-413c-b8a2-01e64565406f,181,1701108808505889580,1701108808953853580,448
c816837f-37b7-409c-a49b-c4f881a7f2db,f768bda4-0155-413c-b8a2-01e64565406f,182,1701108811289851580,1701108811645832580,356
c816837f-37b7-409c-a49b-c4f881a7f2db,f768bda4-0155-413c-b8a2-01e64565406f,183,1701108814701825580,1701108815129858580,428
c816837f-37b7-409c-a49b-c4f881a7f2db,f768bda4-0155-413c-b8a2-01e64565406f,184,1701108815853815580,1701108816417825580,564
c816837f-37b7-409c-a49b-c4f881a7f2db,f768bda4-0155-413c-b8a2-01e64565406f,185,1701108821405860580,1701108821889819580,484
c816837f-37b7-409c-a49b-c4f881a7f2db,f768bda4-0155-413c-b8a2-01e64565406f,186,1701108822633864580,1701108823169830580,536
c816837f-37b7-409c-a49b-c4f881a7f2db,f768bda4-0155-413c-b8a2-01e64565406f,187,1701108827009839580,1701108827361824580,352
c816837f-37b7-409c-a49b-c4f881a7f2db,f768bda4-0155-413c-b8a2-01e64565406f,188,1701108831481860580,1701108831865836580,384
c816837f-37b7-409c-a49b-c4f881a7f2db,f768bda4-0155-413c-b8a2-01e64565406f,189,1701108832489824580,1701108832909832580,420
c816837f-37b7-409c-a49b-c4f881a7f2db,f768bda4-0155-413c-b8a2-01e64565406f,190,1701108835337828580,1701108835833876580,496
c816837f-37b7-409c-a49b-c4f881a7f2db,f768bda4-0155-413c-b8a2-01e64565406f,191,1701108836713828580,1701108837085859580,372
c816837f-37b7-409c-a49b-c4f881a7f2db,f768bda4-0155-413c-b8a2-01e64565406f,192,1701108838205829580,1701108838685824580,480
c816837f-37b7-409c-a49b-c4f881a7f2db,f768bda4-0155-413c-b8a2-01e64565406f,193,1701108841505872580,1701108841833852580,328
c816837f-37b7-409c-a49b-c4f881a7f2db,f768bda4-0155-413c-b8a2-01e64565406f,194,1701108851137803580,1701108851537845580,400
c816837f-37b7-409c-a49b-c4f881a7f2db,f768bda4-0155-413c-b8a2-01e64565406f,195,1701108853497862580,1701108853881814580,384
c816837f-37b7-409c-a49b-c4f881a7f2db,f768bda4-0155-413c-b8a2-01e64565406f,196,1701108854313863580,1701108855001822580,688
c816837f-37b7-409c-a49b-c4f881a7f2db,f768bda4-0155-413c-b8a2-01e64565406f,197,1701108859805896580,1701108860105829580,300
c816837f-37b7-409c-a49b-c4f881a7f2db,f768bda4-0155-413c-b8a2-01e64565406f,198,1701108860309914580,1701108860681835580,372
c816837f-37b7-409c-a49b-c4f881a7f2db,f768bda4-0155-413c-b8a2-01e64565406f,199,1701108873985842580,1701108874369835580,384
c816837f-37b7-409c-a49b-c4f881a7f2db,f768bda4-0155-413c-b8a2-01e64565406f,200,1701108875145827580,1701108875517802580,372
c816837f-37b7-409c-a49b-c4f881a7f2db,f768bda4-0155-413c-b8a2-01e64565406f,201,1701108877321857580,1701108877633823580,312
c816837f-37b7-409c-a49b-c4f881a7f2db,f768bda4-0155-413c-b8a2-01e64565406f,202,1701108878825811580,1701108879209846580,384
c816837f-37b7-409c-a49b-c4f881a7f2db,f768bda4-0155-413c-b8a2-01e64565406f,203,1701108894121834580,1701108894365849580,244
c816837f-37b7-409c-a49b-c4f881a7f2db,f768bda4-0155-413c-b8a2-01e64565406f,204,1701108900997825580,1701108901321832580,324
c816837f-37b7-409c-a49b-c4f881a7f2db,f768bda4-0155-413c-b8a2-01e64565406f,205,1701108904021856580,1701108904373830580,352
c816837f-37b7-409c-a49b-c4f881a7f2db,f768bda4-0155-413c-b8a2-01e64565406f,206,1701108909877869580,1701108910169831580,292
c816837f-37b7-409c-a49b-c4f881a7f2db,f768bda4-0155-413c-b8a2-01e64565406f,207,1701108911269848580,1701108911605838580,336
c816837f-37b7-409c-a49b-c4f881a7f2db,f768bda4-0155-413c-b8a2-01e64565406f,208,1701108919149854580,1701108919737845580,588
c816837f-37b7-409c-a49b-c4f881a7f2db,f768bda4-0155-413c-b8a2-01e64565406f,209,1701108920105827580,1701108920449844580,344
c816837f-37b7-409c-a49b-c4f881a7f2db,f768bda4-0155-413c-b8a2-01e64565406f,210,1701108925069828580,1701108925489829580,420
c816837f-37b7-409c-a49b-c4f881a7f2db,f768bda4-0155-413c-b8a2-01e64565406f,211,1701108925753848580,1701108926133841580,380
c816837f-37b7-409c-a49b-c4f881a7f2db,f768bda4-0155-413c-b8a2-01e64565406f,212,1701108929833813580,1701108930261833580,428
c816837f-37b7-409c-a49b-c4f881a7f2db,f768bda4-0155-413c-b8a2-01e64565406f,213,1701108931873865580,1701108932273829580,400
c816837f-37b7-409c-a49b-c4f881a7f2db,f768bda4-0155-413c-b8a2-01e64565406f,214,1701108934437855580,1701108934825838580,388
c816837f-37b7-409c-a49b-c4f881a7f2db,f768bda4-0155-413c-b8a2-01e64565406f,215,1701108936261831580,1701108936693842580,432
c816837f-37b7-409c-a49b-c4f881a7f2db,f768bda4-0155-413c-b8a2-01e64565406f,216,1701108938721877580,1701108939077848580,356
c816837f-37b7-409c-a49b-c4f881a7f2db,f768bda4-0155-413c-b8a2-01e64565406f,217,1701108946129833580,1701108946545815580,416
c816837f-37b7-409c-a49b-c4f881a7f2db,f768bda4-0155-413c-b8a2-01e64565406f,218,1701108951561818580,1701108951933847580,372
c816837f-37b7-409c-a49b-c4f881a7f2db,f768bda4-0155-413c-b8a2-01e64565406f,219,1701108955573847580,1701108955837801580,264
c816837f-37b7-409c-a49b-c4f881a7f2db,f768bda4-0155-413c-b8a2-01e64565406f,220,1701108957953824580,1701108958505884580,552
c816837f-37b7-409c-a49b-c4f881a7f2db,f768bda4-0155-413c-b8a2-01e64565406f,221,1701108959525820580,1701108959933848580,408
c816837f-37b7-409c-a49b-c4f881a7f2db,f768bda4-0155-413c-b8a2-01e64565406f,222,1701108975901823580,1701108976297800580,396
c816837f-37b7-409c-a49b-c4f881a7f2db,f768bda4-0155-413c-b8a2-01e64565406f,223,1701108978021843580,1701108978441834580,420
c816837f-37b7-409c-a49b-c4f881a7f2db,f768bda4-0155-413c-b8a2-01e64565406f,224,1701108988921853580,1701108989337838580,416
c816837f-37b7-409c-a49b-c4f881a7f2db,f768bda4-0155-413c-b8a2-01e64565406f,225,1701108996125833580,1701108996337814580,212
c816837f-37b7-409c-a49b-c4f881a7f2db,f768bda4-0155-413c-b8a2-01e64565406f,226,1701108996341854580,1701108996773832580,432
c816837f-37b7-409c-a49b-c4f881a7f2db,f768bda4-0155-413c-b8a2-01e64565406f,227,1701108998109825580,1701108998445824580,336
c816837f-37b7-409c-a49b-c4f881a7f2db,f768bda4-0155-413c-b8a2-01e64565406f,228,1701109004477861580,1701109004813838580,336
c816837f-37b7-409c-a49b-c4f881a7f2db,f768bda4-0155-413c-b8a2-01e64565406f,229,1701109007009869580,1701109007345842580,336
c816837f-37b7-409c-a49b-c4f881a7f2db,f768bda4-0155-413c-b8a2-01e64565406f,230,1701109007349828580,1701109007585825580,236
c816837f-37b7-409c-a49b-c4f881a7f2db,f768bda4-0155-413c-b8a2-01e64565406f,231,1701109009285837580,1701109009697846580,412
c816837f-37b7-409c-a49b-c4f881a7f2db,f768bda4-0155-413c-b8a2-01e64565406f,232,1701109010725814580,1701109011045871580,320
c816837f-37b7-409c-a49b-c4f881a7f2db,f768bda4-0155-413c-b8a2-01e64565406f,233,1701109011821831580,1701109012213860580,392
c816837f-37b7-409c-a49b-c4f881a7f2db,f768bda4-0155-413c-b8a2-01e64565406f,234,1701109013129859580,1701109013489840580,360
c816837f-37b7-409c-a49b-c4f881a7f2db,f768bda4-0155-413c-b8a2-01e64565406f,235,1701109013577898580,1701109014049848580,472
c816837f-37b7-409c-a49b-c4f881a7f2db,f768bda4-0155-413c-b8a2-01e64565406f,236,1701109017357828580,1701109017765889580,408
c816837f-37b7-409c-a49b-c4f881a7f2db,f768bda4-0155-413c-b8a2-01e64565406f,237,1701109018293851580,1701109018677841580,384
c816837f-37b7-409c-a49b-c4f881a7f2db,f768bda4-0155-413c-b8a2-01e64565406f,238,1701109020933886580,1701109021313835580,380
c816837f-37b7-409c-a49b-c4f881a7f2db,f768bda4-0155-413c-b8a2-01e64565406f,239,1701109022989842580,1701109023337883580,348
c816837f-37b7-409c-a49b-c4f881a7f2db,f768bda4-0155-413c-b8a2-01e64565406f,240,1701109026149834580,1701109026482010580,332
c816837f-37b7-409c-a49b-c4f881a7f2db,f768bda4-0155-413c-b8a2-01e64565406f,241,1701109028713829580,1701109028949817580,236
c816837f-37b7-409c-a49b-c4f881a7f2db,f768bda4-0155-413c-b8a2-01e64565406f,242,1701109031281810580,1701109031597831580,316
c816837f-37b7-409c-a49b-c4f881a7f2db,f768bda4-0155-413c-b8a2-01e64565406f,243,1701109033869830580,1701109034177821580,308
c816837f-37b7-409c-a49b-c4f881a7f2db,f768bda4-0155-413c-b8a2-01e64565406f,244,1701109035829829580,1701109036117833580,288
c816837f-37b7-409c-a49b-c4f881a7f2db,f768bda4-0155-413c-b8a2-01e64565406f,245,1701109046541903580,1701109046949879580,408
c816837f-37b7-409c-a49b-c4f881a7f2db,f768bda4-0155-413c-b8a2-01e64565406f,246,1701109048545860580,1701109048929845580,384
c816837f-37b7-409c-a49b-c4f881a7f2db,f768bda4-0155-413c-b8a2-01e64565406f,247,1701109049269849580,1701109049581842580,312
c816837f-37b7-409c-a49b-c4f881a7f2db,f768bda4-0155-413c-b8a2-01e64565406f,248,1701109050969840580,1701109051237833580,268
c816837f-37b7-409c-a49b-c4f881a7f2db,f768bda4-0155-413c-b8a2-01e64565406f,249,1701109051753809580,1701109052193915580,440
c816837f-37b7-409c-a49b-c4f881a7f2db,f768bda4-0155-413c-b8a2-01e64565406f,250,1701109053881852580,1701109054197848580,316
c816837f-37b7-409c-a49b-c4f881a7f2db,f768bda4-0155-413c-b8a2-01e64565406f,251,1701109066213829580,1701109066573855580,360
c816837f-37b7-409c-a49b-c4f881a7f2db,f768bda4-0155-413c-b8a2-01e64565406f,252,1701109066577856580,1701109066885836580,308
c816837f-37b7-409c-a49b-c4f881a7f2db,f768bda4-0155-413c-b8a2-01e64565406f,253,1701109067613808580,1701109067945839580,332
c816837f-37b7-409c-a49b-c4f881a7f2db,f768bda4-0155-413c-b8a2-01e64565406f,254,1701109070117845580,1701109070449870580,332
c816837f-37b7-409c-a49b-c4f881a7f2db,f768bda4-0155-413c-b8a2-01e64565406f,255,1701109074725836580,1701109075169833580,444
c816837f-37b7-409c-a49b-c4f881a7f2db,f768bda4-0155-413c-b8a2-01e64565406f,256,1701109077889849580,1701109078373817580,484
c816837f-37b7-409c-a49b-c4f881a7f2db,f768bda4-0155-413c-b8a2-01e64565406f,257,1701109079893861580,1701109080237993580,344
c816837f-37b7-409c-a49b-c4f881a7f2db,f768bda4-0155-413c-b8a2-01e64565406f,258,1701109081093862580,1701109081469833580,376
c816837f-37b7-409c-a49b-c4f881a7f2db,f768bda4-0155-413c-b8a2-01e64565406f,259,1701109081621798580,1701109081973837580,352
c816837f-37b7-409c-a49b-c4f881a7f2db,f768bda4-0155-413c-b8a2-01e64565406f,260,1701109082033825580,1701109082505844580,472
c816837f-37b7-409c-a49b-c4f881a7f2db,f768bda4-0155-413c-b8a2-01e64565406f,261,1701109087565824580,1701109087865839580,300
c816837f-37b7-409c-a49b-c4f881a7f2db,f768bda4-0155-413c-b8a2-01e64565406f,262,1701109091133875580,1701109091421835580,288
c816837f-37b7-409c-a49b-c4f881a7f2db,f768bda4-0155-413c-b8a2-01e64565406f,263,1701109091425821580,1701109091985836580,560
c816837f-37b7-409c-a49b-c4f881a7f2db,f768bda4-0155-413c-b8a2-01e64565406f,264,1701109092738031580,1701109093209980580,472
c816837f-37b7-409c-a49b-c4f881a7f2db,f768bda4-0155-413c-b8a2-01e64565406f,265,1701109093973845580,1701109094245849580,272
c816837f-37b7-409c-a49b-c4f881a7f2db,f768bda4-0155-413c-b8a2-01e64565406f,266,1701109094249861580,1701109094593835580,344
c816837f-37b7-409c-a49b-c4f881a7f2db,f768bda4-0155-413c-b8a2-01e64565406f,267,1701109094609936580,1701109095065834580,456
c816837f-37b7-409c-a49b-c4f881a7f2db,f768bda4-0155-413c-b8a2-01e64565406f,268,1701109099465849580,1701109099901865580,436
c816837f-37b7-409c-a49b-c4f881a7f2db,f768bda4-0155-413c-b8a2-01e64565406f,269,1701109101249838580,1701109101669821580,420
c816837f-37b7-409c-a49b-c4f881a7f2db,f768bda4-0155-413c-b8a2-01e64565406f,270,1701109101713857580,1701109102093858580,380
c816837f-37b7-409c-a49b-c4f881a7f2db,f768bda4-0155-413c-b8a2-01e64565406f,271,1701109102957840580,1701109103297830580,340
c816837f-37b7-409c-a49b-c4f881a7f2db,f768bda4-0155-413c-b8a2-01e64565406f,272,1701109103301841580,1701109103697855580,396
c816837f-37b7-409c-a49b-c4f881a7f2db,f768bda4-0155-413c-b8a2-01e64565406f,273,1701109104781825580,1701109105097990580,316
c816837f-37b7-409c-a49b-c4f881a7f2db,f768bda4-0155-413c-b8a2-01e64565406f,274,1701109112713834580,1701109112997831580,284
c816837f-37b7-409c-a49b-c4f881a7f2db,f768bda4-0155-413c-b8a2-01e64565406f,275,1701109115937842580,1701109116401811580,464
c816837f-37b7-409c-a49b-c4f881a7f2db,f768bda4-0155-413c-b8a2-01e64565406f,276,1701109118941846580,1701109119325839580,384
c816837f-37b7-409c-a49b-c4f881a7f2db,f768bda4-0155-413c-b8a2-01e64565406f,277,1701109119757829580,1701109120413799580,656
c816837f-37b7-409c-a49b-c4f881a7f2db,f768bda4-0155-413c-b8a2-01e64565406f,278,1701109122545839580,1701109122865821580,320
c816837f-37b7-409c-a49b-c4f881a7f2db,f768bda4-0155-413c-b8a2-01e64565406f,279,1701109124269834580,1701109124545834580,276
c816837f-37b7-409c-a49b-c4f881a7f2db,f768bda4-0155-413c-b8a2-01e64565406f,280,1701109127181808580,1701109127613838580,432
c816837f-37b7-409c-a49b-c4f881a7f2db,f768bda4-0155-413c-b8a2-01e64565406f,281,1701109128569850580,1701109128705920580,136
c816837f-37b7-409c-a49b-c4f881a7f2db,f768bda4-0155-413c-b8a2-01e64565406f,282,1701109128709840580,1701109129101802580,392
c816837f-37b7-409c-a49b-c4f881a7f2db,f768bda4-0155-413c-b8a2-01e64565406f,283,1701109130449856580,1701109130893823580,444
c816837f-37b7-409c-a49b-c4f881a7f2db,f768bda4-0155-413c-b8a2-01e64565406f,284,1701109133141954580,1701109133521833580,380
c816837f-37b7-409c-a49b-c4f881a7f2db,f768bda4-0155-413c-b8a2-01e64565406f,285,1701109133765969580,1701109134249822580,484
c816837f-37b7-409c-a49b-c4f881a7f2db,f768bda4-0155-413c-b8a2-01e64565406f,286,1701109135517822580,1701109135813831580,296
c816837f-37b7-409c-a49b-c4f881a7f2db,f768bda4-0155-413c-b8a2-01e64565406f,287,1701109135901827580,1701109136293852580,392
c816837f-37b7-409c-a49b-c4f881a7f2db,f768bda4-0155-413c-b8a2-01e64565406f,288,1701109141689931580,1701109142021838580,332
c816837f-37b7-409c-a49b-c4f881a7f2db,f768bda4-0155-413c-b8a2-01e64565406f,289,1701109142025849580,1701109142733822580,708
c816837f-37b7-409c-a49b-c4f881a7f2db,f768bda4-0155-413c-b8a2-01e64565406f,290,1701109143541839580,1701109143737830580,196
c816837f-37b7-409c-a49b-c4f881a7f2db,f768bda4-0155-413c-b8a2-01e64565406f,291,1701109145917827580,1701109146425819580,508
c816837f-37b7-409c-a49b-c4f881a7f2db,f768bda4-0155-413c-b8a2-01e64565406f,292,1701109149401826580,1701109149649828580,248
c816837f-37b7-409c-a49b-c4f881a7f2db,f768bda4-0155-413c-b8a2-01e64565406f,293,1701109149657837580,1701109150085880580,428
c816837f-37b7-409c-a49b-c4f881a7f2db,f768bda4-0155-413c-b8a2-01e64565406f,294,1701109150841851580,1701109151269813580,428
c816837f-37b7-409c-a49b-c4f881a7f2db,f768bda4-0155-413c-b8a2-01e64565406f,295,1701109151845805580,1701109152261816580,416
c816837f-37b7-409c-a49b-c4f881a7f2db,f768bda4-0155-413c-b8a2-01e64565406f,296,1701109154345838580,1701109154673845580,328
c816837f-37b7-409c-a49b-c4f881a7f2db,f768bda4-0155-413c-b8a2-01e64565406f,297,1701109156429845580,1701109156825835580,396
c816837f-37b7-409c-a49b-c4f881a7f2db,f768bda4-0155-413c-b8a2-01e64565406f,298,1701109166353898580,1701109166629833580,276
c816837f-37b7-409c-a49b-c4f881a7f2db,f768bda4-0155-413c-b8a2-01e64565406f,299,1701109169713861580,1701109170197877580,484
c816837f-37b7-409c-a49b-c4f881a7f2db,f768bda4-0155-413c-b8a2-01e64565406f,300,1701109170453860580,1701109170665841580,212
c816837f-37b7-409c-a49b-c4f881a7f2db,f768bda4-0155-413c-b8a2-01e64565406f,301,1701109170669823580,1701109171057836580,388
c816837f-37b7-409c-a49b-c4f881a7f2db,f768bda4-0155-413c-b8a2-01e64565406f,302,1701109171065824580,1701109171513829580,448
c816837f-37b7-409c-a49b-c4f881a7f2db,f768bda4-0155-413c-b8a2-01e64565406f,303,1701109178373935580,1701109178797909580,424
c816837f-37b7-409c-a49b-c4f881a7f2db,f768bda4-0155-413c-b8a2-01e64565406f,304,1701109183345875580,1701109183729796580,384
c816837f-37b7-409c-a49b-c4f881a7f2db,f768bda4-0155-413c-b8a2-01e64565406f,305,1701109183817841580,1701109184265833580,448
c816837f-37b7-409c-a49b-c4f881a7f2db,f768bda4-0155-413c-b8a2-01e64565406f,306,1701109185757925580,1701109186149855580,392
c816837f-37b7-409c-a49b-c4f881a7f2db,f768bda4-0155-413c-b8a2-01e64565406f,307,1701109190433845580,1701109190785847580,352
c816837f-37b7-409c-a49b-c4f881a7f2db,f768bda4-0155-413c-b8a2-01e64565406f,308,1701109191585877580,1701109192005844580,420
c816837f-37b7-409c-a49b-c4f881a7f2db,f768bda4-0155-413c-b8a2-01e64565406f,309,1701109193625823580,1701109194045907580,420
c816837f-37b7-409c-a49b-c4f881a7f2db,f768bda4-0155-413c-b8a2-01e64565406f,310,1701109196297829580,1701109196717821580,420
c816837f-37b7-409c-a49b-c4f881a7f2db,f768bda4-0155-413c-b8a2-01e64565406f,311,1701109197649832580,1701109198077837580,428
c816837f-37b7-409c-a49b-c4f881a7f2db,f768bda4-0155-413c-b8a2-01e64565406f,312,1701109202757927580,1701109203089821580,332
c816837f-37b7-409c-a49b-c4f881a7f2db,f768bda4-0155-413c-b8a2-01e64565406f,313,1701109205557829580,1701109206069835580,512
c816837f-37b7-409c-a49b-c4f881a7f2db,f768bda4-0155-413c-b8a2-01e64565406f,314,1701109207017833580,1701109207513831580,496
c816837f-37b7-409c-a49b-c4f881a7f2db,f768bda4-0155-413c-b8a2-01e64565406f,315,1701109207877840580,1701109208341868580,464
c816837f-37b7-409c-a49b-c4f881a7f2db,f768bda4-0155-413c-b8a2-01e64565406f,316,1701109211065830580,1701109211397925580,332
c816837f-37b7-409c-a49b-c4f881a7f2db,f768bda4-0155-413c-b8a2-01e64565406f,317,1701109211441811580,1701109211781812580,340
c816837f-37b7-409c-a49b-c4f881a7f2db,f768bda4-0155-413c-b8a2-01e64565406f,318,1701109211953823580,1701109212569838580,616
c816837f-37b7-409c-a49b-c4f881a7f2db,f768bda4-0155-413c-b8a2-01e64565406f,319,1701109213385857580,1701109213885828580,500
c816837f-37b7-409c-a49b-c4f881a7f2db,f768bda4-0155-413c-b8a2-01e64565406f,320,1701109215385863580,1701109215697853580,312
c816837f-37b7-409c-a49b-c4f881a7f2db,f768bda4-0155-413c-b8a2-01e64565406f,321,1701109219877849580,1701109220297902580,420
c816837f-37b7-409c-a49b-c4f881a7f2db,f768bda4-0155-413c-b8a2-01e64565406f,322,1701109220693827580,1701109221057851580,364
c816837f-37b7-409c-a49b-c4f881a7f2db,f768bda4-0155-413c-b8a2-01e64565406f,323,1701109221193852580,1701109221493852580,300
c816837f-37b7-409c-a49b-c4f881a7f2db,f768bda4-0155-413c-b8a2-01e64565406f,324,1701109221525835580,1701109221989843580,464
c816837f-37b7-409c-a49b-c4f881a7f2db,f768bda4-0155-413c-b8a2-01e64565406f,325,1701109225581821580,1701109225801843580,220
c816837f-37b7-409c-a49b-c4f881a7f2db,f768bda4-0155-413c-b8a2-01e64565406f,326,1701109236077835580,1701109236549880580,472
c816837f-37b7-409c-a49b-c4f881a7f2db,f768bda4-0155-413c-b8a2-01e64565406f,327,1701109239853850580,1701109240197838580,344
c816837f-37b7-409c-a49b-c4f881a7f2db,f768bda4-0155-413c-b8a2-01e64565406f,328,1701109240233837580,1701109240625851580,392
c816837f-37b7-409c-a49b-c4f881a7f2db,f768bda4-0155-413c-b8a2-01e64565406f,329,1701109241201829580,1701109241541912580,340
c816837f-37b7-409c-a49b-c4f881a7f2db,f768bda4-0155-413c-b8a2-01e64565406f,330,1701109245022004580,1701109245405850580,384
c816837f-37b7-409c-a49b-c4f881a7f2db,f768bda4-0155-413c-b8a2-01e64565406f,331,1701109247265830580,1701109247585840580,320
c816837f-37b7-409c-a49b-c4f881a7f2db,f768bda4-0155-413c-b8a2-01e64565406f,332,1701109247657803580,1701109248129832580,472
c816837f-37b7-409c-a49b-c4f881a7f2db,f768bda4-0155-413c-b8a2-01e64565406f,333,1701109249457843580,1701109249925848580,468
c816837f-37b7-409c-a49b-c4f881a7f2db,f768bda4-0155-413c-b8a2-01e64565406f,334,1701109250821821580,1701109251245798580,424
c816837f-37b7-409c-a49b-c4f881a7f2db,f768bda4-0155-413c-b8a2-01e64565406f,335,1701109252453846580,1701109252857919580,404
c816837f-37b7-409c-a49b-c4f881a7f2db,f768bda4-0155-413c-b8a2-01e64565406f,336,1701109253337887580,1701109253633845580,296
c816837f-37b7-409c-a49b-c4f881a7f2db,f768bda4-0155-413c-b8a2-01e64565406f,337,1701109255237834580,1701109255669841580,432
c816837f-37b7-409c-a49b-c4f881a7f2db,f768bda4-0155-413c-b8a2-01e64565406f,338,1701109255785832580,1701109256333851580,548
c816837f-37b7-409c-a49b-c4f881a7f2db,f768bda4-0155-413c-b8a2-01e64565406f,339,1701109256645868580,1701109257145831580,500
c816837f-37b7-409c-a49b-c4f881a7f2db,f768bda4-0155-413c-b8a2-01e64565406f,340,1701109257377835580,1701109257761839580,384
c816837f-37b7-409c-a49b-c4f881a7f2db,f768bda4-0155-413c-b8a2-01e64565406f,341,1701109258553850580,1701109258937821580,384
c816837f-37b7-409c-a49b-c4f881a7f2db,f768bda4-0155-413c-b8a2-01e64565406f,342,1701109259189913580,1701109259525843580,336
c816837f-37b7-409c-a49b-c4f881a7f2db,f768bda4-0155-413c-b8a2-01e64565406f,343,1701109261793821580,1701109262297855580,504
c816837f-37b7-409c-a49b-c4f881a7f2db,f768bda4-0155-413c-b8a2-01e64565406f,344,1701109262633832580,1701109262969819580,336
c816837f-37b7-409c-a49b-c4f881a7f2db,f768bda4-0155-413c-b8a2-01e64565406f,345,1701109264937828580,1701109265561834580,624
c816837f-37b7-409c-a49b-c4f881a7f2db,f768bda4-0155-413c-b8a2-01e64565406f,346,1701109268877841580,1701109269221884580,344
c816837f-37b7-409c-a49b-c4f881a7f2db,f768bda4-0155-413c-b8a2-01e64565406f,347,1701109270425855580,1701109270789847580,364
c816837f-37b7-409c-a49b-c4f881a7f2db,f768bda4-0155-413c-b8a2-01e64565406f,348,1701109271373825580,1701109271817942580,444
c816837f-37b7-409c-a49b-c4f881a7f2db,f768bda4-0155-413c-b8a2-01e64565406f,349,1701109273053828580,1701109273441849580,388
c816837f-37b7-409c-a49b-c4f881a7f2db,f768bda4-0155-413c-b8a2-01e64565406f,350,1701109274097846580,1701109274533822580,436
c816837f-37b7-409c-a49b-c4f881a7f2db,f768bda4-0155-413c-b8a2-01e64565406f,351,1701109275749835580,1701109276097850580,348
c816837f-37b7-409c-a49b-c4f881a7f2db,f768bda4-0155-413c-b8a2-01e64565406f,352,1701109277469829580,1701109277861838580,392
c816837f-37b7-409c-a49b-c4f881a7f2db,f768bda4-0155-413c-b8a2-01e64565406f,353,1701109280277827580,1701109280697841580,420
c816837f-37b7-409c-a49b-c4f881a7f2db,f768bda4-0155-413c-b8a2-01e64565406f,354,1701109282373869580,1701109282769857580,396
c816837f-37b7-409c-a49b-c4f881a7f2db,f768bda4-0155-413c-b8a2-01e64565406f,355,1701109282821843580,1701109283221820580,400
c816837f-37b7-409c-a49b-c4f881a7f2db,f768bda4-0155-413c-b8a2-01e64565406f,356,1701109283357830580,1701109283821846580,464
c816837f-37b7-409c-a49b-c4f881a7f2db,f768bda4-0155-413c-b8a2-01e64565406f,357,1701109284849849580,1701109285369836580,520
c816837f-37b7-409c-a49b-c4f881a7f2db,f768bda4-0155-413c-b8a2-01e64565406f,358,1701109285557889580,1701109285969843580,412
c816837f-37b7-409c-a49b-c4f881a7f2db,f768bda4-0155-413c-b8a2-01e64565406f,359,1701109287609838580,1701109288021901580,412
c816837f-37b7-409c-a49b-c4f881a7f2db,f768bda4-0155-413c-b8a2-01e64565406f,360,1701109288837828580,1701109289229861580,392
c816837f-37b7-409c-a49b-c4f881a7f2db,f768bda4-0155-413c-b8a2-01e64565406f,361,1701109289613846580,1701109290033839580,420
c816837f-37b7-409c-a49b-c4f881a7f2db,f768bda4-0155-413c-b8a2-01e64565406f,362,1701109291361835580,1701109291818117580,456
c816837f-37b7-409c-a49b-c4f881a7f2db,f768bda4-0155-413c-b8a2-01e64565406f,363,1701109293249843580,1701109293705851580,456
c816837f-37b7-409c-a49b-c4f881a7f2db,f768bda4-0155-413c-b8a2-01e64565406f,364,1701109294773844580,1701109295129834580,356
c816837f-37b7-409c-a49b-c4f881a7f2db,f768bda4-0155-413c-b8a2-01e64565406f,365,1701109296437826580,1701109296753815580,316
c816837f-37b7-409c-a49b-c4f881a7f2db,f768bda4-0155-413c-b8a2-01e64565406f,366,1701109296757849580,1701109297177838580,420
c816837f-37b7-409c-a49b-c4f881a7f2db,f768bda4-0155-413c-b8a2-01e64565406f,367,1701109301277865580,1701109301545829580,268
c816837f-37b7-409c-a49b-c4f881a7f2db,f768bda4-0155-413c-b8a2-01e64565406f,368,1701109302353846580,1701109302745835580,392
c816837f-37b7-409c-a49b-c4f881a7f2db,f768bda4-0155-413c-b8a2-01e64565406f,369,1701109303305819580,1701109303705861580,400
c816837f-37b7-409c-a49b-c4f881a7f2db,f768bda4-0155-413c-b8a2-01e64565406f,370,1701109303785840580,1701109304178046580,392
c816837f-37b7-409c-a49b-c4f881a7f2db,f768bda4-0155-413c-b8a2-01e64565406f,371,1701109304509825580,1701109304833805580,324
c816837f-37b7-409c-a49b-c4f881a7f2db,f768bda4-0155-413c-b8a2-01e64565406f,372,1701109306093823580,1701109306481891580,388
c816837f-37b7-409c-a49b-c4f881a7f2db,f768bda4-0155-413c-b8a2-01e64565406f,373,1701109308933837580,1701109309289867580,356
c816837f-37b7-409c-a49b-c4f881a7f2db,f768bda4-0155-413c-b8a2-01e64565406f,374,1701109310437836580,1701109310917840580,480
c816837f-37b7-409c-a49b-c4f881a7f2db,f768bda4-0155-413c-b8a2-01e64565406f,375,1701109310993940580,1701109311377823580,384
c816837f-37b7-409c-a49b-c4f881a7f2db,f768bda4-0155-413c-b8a2-01e64565406f,376,1701109314317851580,1701109314677829580,360
c816837f-37b7-409c-a49b-c4f881a7f2db,f768bda4-0155-413c-b8a2-01e64565406f,377,1701109316097844580,1701109316457868580,360
c816837f-37b7-409c-a49b-c4f881a7f2db,f768bda4-0155-413c-b8a2-01e64565406f,378,1701109316869842580,1701109317249800580,380
c816837f-37b7-409c-a49b-c4f881a7f2db,f768bda4-0155-413c-b8a2-01e64565406f,379,1701109319045828580,1701109319337850580,292
c816837f-37b7-409c-a49b-c4f881a7f2db,f768bda4-0155-413c-b8a2-01e64565406f,380,1701109319537809580,1701109319969865580,432
c816837f-37b7-409c-a49b-c4f881a7f2db,f768bda4-0155-413c-b8a2-01e64565406f,381,1701109320493832580,1701109320845797580,352
c816837f-37b7-409c-a49b-c4f881a7f2db,f768bda4-0155-413c-b8a2-01e64565406f,382,1701109324297818580,1701109324865835580,568
c816837f-37b7-409c-a49b-c4f881a7f2db,f768bda4-0155-413c-b8a2-01e64565406f,383,1701109330009943580,1701109330333817580,324
c816837f-37b7-409c-a49b-c4f881a7f2db,f768bda4-0155-413c-b8a2-01e64565406f,384,1701109330417819580,1701109330725834580,308
c816837f-37b7-409c-a49b-c4f881a7f2db,f768bda4-0155-413c-b8a2-01e64565406f,385,1701109330757830580,1701109331181821580,424
c816837f-37b7-409c-a49b-c4f881a7f2db,f768bda4-0155-413c-b8a2-01e64565406f,386,1701109332573844580,1701109332925829580,352
c816837f-37b7-409c-a49b-c4f881a7f2db,f768bda4-0155-413c-b8a2-01e64565406f,387,1701109333729921580,1701109334173833580,444
c816837f-37b7-409c-a49b-c4f881a7f2db,f768bda4-0155-413c-b8a2-01e64565406f,388,1701109334841865580,1701109335237836580,396
c816837f-37b7-409c-a49b-c4f881a7f2db,f768bda4-0155-413c-b8a2-01e64565406f,389,1701109336601839580,1701109336913887580,312
c816837f-37b7-409c-a49b-c4f881a7f2db,f768bda4-0155-413c-b8a2-01e64565406f,390,1701109337058235580,1701109337489902580,432
c816837f-37b7-409c-a49b-c4f881a7f2db,f768bda4-0155-413c-b8a2-01e64565406f,391,1701109339017819580,1701109339453916580,436
c816837f-37b7-409c-a49b-c4f881a7f2db,f768bda4-0155-413c-b8a2-01e64565406f,392,1701109341357851580,1701109341673880580,316
c816837f-37b7-409c-a49b-c4f881a7f2db,f768bda4-0155-413c-b8a2-01e64565406f,393,1701109343209900580,1701109343649846580,440
c816837f-37b7-409c-a49b-c4f881a7f2db,f768bda4-0155-413c-b8a2-01e64565406f,394,1701109344061814580,1701109344453843580,392
c816837f-37b7-409c-a49b-c4f881a7f2db,f768bda4-0155-413c-b8a2-01e64565406f,395,1701109347629842580,1701109348025832580,396
c816837f-37b7-409c-a49b-c4f881a7f2db,f768bda4-0155-413c-b8a2-01e64565406f,396,1701109348669815580,1701109349045834580,376
c816837f-37b7-409c-a49b-c4f881a7f2db,f768bda4-0155-413c-b8a2-01e64565406f,397,1701109354677826580,1701109355045794580,368
c816837f-37b7-409c-a49b-c4f881a7f2db,f768bda4-0155-413c-b8a2-01e64565406f,398,1701109355533806580,1701109355902043580,368
c816837f-37b7-409c-a49b-c4f881a7f2db,f768bda4-0155-413c-b8a2-01e64565406f,399,1701109355905795580,1701109356365883580,460
c816837f-37b7-409c-a49b-c4f881a7f2db,f768bda4-0155-413c-b8a2-01e64565406f,400,1701109358869868580,1701109359289836580,420
c816837f-37b7-409c-a49b-c4f881a7f2db,f768bda4-0155-413c-b8a2-01e64565406f,401,1701109359553870580,1701109359973818580,420
c816837f-37b7-409c-a49b-c4f881a7f2db,f768bda4-0155-413c-b8a2-01e64565406f,402,1701109360833853580,1701109361313840580,480
c816837f-37b7-409c-a49b-c4f881a7f2db,f768bda4-0155-413c-b8a2-01e64565406f,403,1701109363745810580,1701109364241842580,496
c816837f-37b7-409c-a49b-c4f881a7f2db,f768bda4-0155-413c-b8a2-01e64565406f,404,1701109366130036580,1701109366553843580,424
c816837f-37b7-409c-a49b-c4f881a7f2db,f768bda4-0155-413c-b8a2-01e64565406f,405,1701109370489835580,1701109370841859580,352
c816837f-37b7-409c-a49b-c4f881a7f2db,f768bda4-0155-413c-b8a2-01e64565406f,406,1701109373461841580,1701109373641837580,180
c816837f-37b7-409c-a49b-c4f881a7f2db,f768bda4-0155-413c-b8a2-01e64565406f,407,1701109376537858580,1701109377009916580,472
c816837f-37b7-409c-a49b-c4f881a7f2db,f768bda4-0155-413c-b8a2-01e64565406f,408,1701109378954154580,1701109379357828580,404
c816837f-37b7-409c-a49b-c4f881a7f2db,f768bda4-0155-413c-b8a2-01e64565406f,409,1701109379361837580,1701109379721823580,360
c816837f-37b7-409c-a49b-c4f881a7f2db,f768bda4-0155-413c-b8a2-01e64565406f,410,1701109384473800580,1701109384821852580,348
c816837f-37b7-409c-a49b-c4f881a7f2db,f768bda4-0155-413c-b8a2-01e64565406f,411,1701109387818054580,1701109388033809580,216
c816837f-37b7-409c-a49b-c4f881a7f2db,f768bda4-0155-413c-b8a2-01e64565406f,412,1701109388037842580,1701109388301858580,264
c816837f-37b7-409c-a49b-c4f881a7f2db,f768bda4-0155-413c-b8a2-01e64565406f,413,1701109388573854580,1701109388821830580,248
c816837f-37b7-409c-a49b-c4f881a7f2db,f768bda4-0155-413c-b8a2-01e64565406f,414,1701109388901826580,1701109389337841580,436
c816837f-37b7-409c-a49b-c4f881a7f2db,f768bda4-0155-413c-b8a2-01e64565406f,415,1701109389513814580,1701109389697845580,184
c816837f-37b7-409c-a49b-c4f881a7f2db,f768bda4-0155-413c-b8a2-01e64565406f,416,1701109389905805580,1701109390173836580,268
c816837f-37b7-409c-a49b-c4f881a7f2db,f768bda4-0155-413c-b8a2-01e64565406f,417,1701109393449897580,1701109393709853580,260
c816837f-37b7-409c-a49b-c4f881a7f2db,f768bda4-0155-413c-b8a2-01e64565406f,418,1701109397009827580,1701109397389807580,380
c816837f-37b7-409c-a49b-c4f881a7f2db,f768bda4-0155-413c-b8a2-01e64565406f,419,1701109398885816580,1701109399193846580,308
c816837f-37b7-409c-a49b-c4f881a7f2db,f768bda4-0155-413c-b8a2-01e64565406f,420,1701109399257848580,1701109399365838580,108
c816837f-37b7-409c-a49b-c4f881a7f2db,f768bda4-0155-413c-b8a2-01e64565406f,421,1701109399373827580,1701109399693863580,320
c816837f-37b7-409c-a49b-c4f881a7f2db,f768bda4-0155-413c-b8a2-01e64565406f,422,1701109401533874580,1701109401945852580,412
c816837f-37b7-409c-a49b-c4f881a7f2db,f768bda4-0155-413c-b8a2-01e64565406f,423,1701109404813804580,1701109405237847580,424
c816837f-37b7-409c-a49b-c4f881a7f2db,f768bda4-0155-413c-b8a2-01e64565406f,424,1701109406621854580,1701109406885792580,264
c816837f-37b7-409c-a49b-c4f881a7f2db,f768bda4-0155-413c-b8a2-01e64565406f,425,1701109406893828580,1701109407313861580,420
c816837f-37b7-409c-a49b-c4f881a7f2db,f768bda4-0155-413c-b8a2-01e64565406f,426,1701109409753912580,1701109410161836580,408
c816837f-37b7-409c-a49b-c4f881a7f2db,f768bda4-0155-413c-b8a2-01e64565406f,427,1701109410793846580,1701109411081834580,288
c816837f-37b7-409c-a49b-c4f881a7f2db,f768bda4-0155-413c-b8a2-01e64565406f,428,1701109411709838580,1701109412009871580,300
c816837f-37b7-409c-a49b-c4f881a7f2db,f768bda4-0155-413c-b8a2-01e64565406f,429,1701109414801845580,1701109415329875580,528
c816837f-37b7-409c-a49b-c4f881a7f2db,f768bda4-0155-413c-b8a2-01e64565406f,430,1701109415629822580,1701109415977825580,348
c816837f-37b7-409c-a49b-c4f881a7f2db,f768bda4-0155-413c-b8a2-01e64565406f,431,1701109418181810580,1701109418521839580,340
c816837f-37b7-409c-a49b-c4f881a7f2db,f768bda4-0155-413c-b8a2-01e64565406f,432,1701109424509810580,1701109424709899580,200
c816837f-37b7-409c-a49b-c4f881a7f2db,f768bda4-0155-413c-b8a2-01e64565406f,433,1701109425549842580,1701109425821824580,272
c816837f-37b7-409c-a49b-c4f881a7f2db,f768bda4-0155-413c-b8a2-01e64565406f,434,1701109426973862580,1701109427453819580,480
c816837f-37b7-409c-a49b-c4f881a7f2db,f768bda4-0155-413c-b8a2-01e64565406f,435,1701109429129890580,1701109429437824580,308
c816837f-37b7-409c-a49b-c4f881a7f2db,f768bda4-0155-413c-b8a2-01e64565406f,436,1701109430177823580,1701109430541846580,364
c816837f-37b7-409c-a49b-c4f881a7f2db,f768bda4-0155-413c-b8a2-01e64565406f,437,1701109432385815580,1701109432809823580,424
c816837f-37b7-409c-a49b-c4f881a7f2db,f768bda4-0155-413c-b8a2-01e64565406f,438,1701109434365837580,1701109434749896580,384
c816837f-37b7-409c-a49b-c4f881a7f2db,f768bda4-0155-413c-b8a2-01e64565406f,439,1701109448689847580,1701109449045875580,356
c816837f-37b7-409c-a49b-c4f881a7f2db,f768bda4-0155-413c-b8a2-01e64565406f,440,1701109449337827580,1701109449733922580,396
c816837f-37b7-409c-a49b-c4f881a7f2db,f768bda4-0155-413c-b8a2-01e64565406f,441,1701109452529887580,1701109452917853580,388
c816837f-37b7-409c-a49b-c4f881a7f2db,f768bda4-0155-413c-b8a2-01e64565406f,442,1701109453693844580,1701109454061864580,368
c816837f-37b7-409c-a49b-c4f881a7f2db,f768bda4-0155-413c-b8a2-01e64565406f,443,1701109465297823580,1701109465617806580,320
c816837f-37b7-409c-a49b-c4f881a7f2db,f768bda4-0155-413c-b8a2-01e64565406f,444,1701109466169831580,1701109466509811580,340
c816837f-37b7-409c-a49b-c4f881a7f2db,f768bda4-0155-413c-b8a2-01e64565406f,445,1701109472386091580,1701109472741843580,356
c816837f-37b7-409c-a49b-c4f881a7f2db,f768bda4-0155-413c-b8a2-01e64565406f,446,1701109477069829580,1701109477349870580,280
c816837f-37b7-409c-a49b-c4f881a7f2db,f768bda4-0155-413c-b8a2-01e64565406f,447,1701109479017836580,1701109479349948580,332
c816837f-37b7-409c-a49b-c4f881a7f2db,f768bda4-0155-413c-b8a2-01e64565406f,448,1701109483977834580,1701109484145824580,168
c816837f-37b7-409c-a49b-c4f881a7f2db,f768bda4-0155-413c-b8a2-01e64565406f,449,1701109484153818580,1701109484529825580,376
c816837f-37b7-409c-a49b-c4f881a7f2db,f768bda4-0155-413c-b8a2-01e64565406f,450,1701109493413853580,1701109493725854580,312
c816837f-37b7-409c-a49b-c4f881a7f2db,f768bda4-0155-413c-b8a2-01e64565406f,451,1701109495133845580,1701109495433841580,300
c816837f-37b7-409c-a49b-c4f881a7f2db,f768bda4-0155-413c-b8a2-01e64565406f,452,1701109498505844580,1701109498965822580,460
c816837f-37b7-409c-a49b-c4f881a7f2db,f768bda4-0155-413c-b8a2-01e64565406f,453,1701109499337890580,1701109499661828580,324
c816837f-37b7-409c-a49b-c4f881a7f2db,f768bda4-0155-413c-b8a2-01e64565406f,454,1701109516033834580,1701109516189863580,156
c816837f-37b7-409c-a49b-c4f881a7f2db,f768bda4-0155-413c-b8a2-01e64565406f,455,1701109516193902580,1701109516393830580,200
c816837f-37b7-409c-a49b-c4f881a7f2db,f768bda4-0155-413c-b8a2-01e64565406f,456,1701109517049876580,1701109517405864580,356
c816837f-37b7-409c-a49b-c4f881a7f2db,f768bda4-0155-413c-b8a2-01e64565406f,457,1701109517457835580,1701109517785831580,328
c816837f-37b7-409c-a49b-c4f881a7f2db,f768bda4-0155-413c-b8a2-01e64565406f,458,1701109518153853580,1701109518557800580,404
c816837f-37b7-409c-a49b-c4f881a7f2db,f768bda4-0155-413c-b8a2-01e64565406f,459,1701109519709873580,1701109520053860580,344
c816837f-37b7-409c-a49b-c4f881a7f2db,f768bda4-0155-413c-b8a2-01e64565406f,460,1701109520057939580,1701109520385849580,328
c816837f-37b7-409c-a49b-c4f881a7f2db,f768bda4-0155-413c-b8a2-01e64565406f,461,1701109520805833580,1701109521221843580,416
c816837f-37b7-409c-a49b-c4f881a7f2db,f768bda4-0155-413c-b8a2-01e64565406f,462,1701109525361847580,1701109525741837580,380
c816837f-37b7-409c-a49b-c4f881a7f2db,f768bda4-0155-413c-b8a2-01e64565406f,463,1701109525793820580,1701109526202317580,408
c816837f-37b7-409c-a49b-c4f881a7f2db,f768bda4-0155-413c-b8a2-01e64565406f,464,1701109530153844580,1701109530518049580,364
c816837f-37b7-409c-a49b-c4f881a7f2db,f768bda4-0155-413c-b8a2-01e64565406f,465,1701109531021841580,1701109531497865580,476
c816837f-37b7-409c-a49b-c4f881a7f2db,f768bda4-0155-413c-b8a2-01e64565406f,466,1701109535845849580,1701109536301850580,456
c816837f-37b7-409c-a49b-c4f881a7f2db,f768bda4-0155-413c-b8a2-01e64565406f,467,1701109536829927580,1701109537165873580,336
c816837f-37b7-409c-a49b-c4f881a7f2db,f768bda4-0155-413c-b8a2-01e64565406f,468,1701109537641838580,1701109537993838580,352
c816837f-37b7-409c-a49b-c4f881a7f2db,f768bda4-0155-413c-b8a2-01e64565406f,469,1701109538693873580,1701109538957838580,264
c816837f-37b7-409c-a49b-c4f881a7f2db,f768bda4-0155-413c-b8a2-01e64565406f,470,1701109538965821580,1701109539169833580,204
c816837f-37b7-409c-a49b-c4f881a7f2db,f768bda4-0155-413c-b8a2-01e64565406f,471,1701109540681860580,1701109541145835580,464
c816837f-37b7-409c-a49b-c4f881a7f2db,f768bda4-0155-413c-b8a2-01e64565406f,472,1701109547013948580,1701109547409843580,396
c816837f-37b7-409c-a49b-c4f881a7f2db,f768bda4-0155-413c-b8a2-01e64565406f,473,1701109550705801580,1701109551089893580,384
