section id,recording id,timestamp [ns]
6a69421f-e399-4db8-897a-d8ef21b5e0a7,707b6ccf-c9d9-4c1d-97f4-516b572b2f9d,1697663369052000000
6a69421f-e399-4db8-897a-d8ef21b5e0a7,707b6ccf-c9d9-4c1d-97f4-516b572b2f9d,1697663369102000000
6a69421f-e399-4db8-897a-d8ef21b5e0a7,707b6ccf-c9d9-4c1d-97f4-516b572b2f9d,1697663369152000000
6a69421f-e399-4db8-897a-d8ef21b5e0a7,707b6ccf-c9d9-4c1d-97f4-516b572b2f9d,1697663369202000000
6a69421f-e399-4db8-897a-d8ef21b5e0a7,707b6ccf-c9d9-4c1d-97f4-516b572b2f9d,1697663369229655555
6a69421f-e399-4db8-897a-d8ef21b5e0a7,707b6ccf-c9d9-4c1d-97f4-516b572b2f9d,1697663369232644444
6a69421f-e399-4db8-897a-d8ef21b5e0a7,707b6ccf-c9d9-4c1d-97f4-516b572b2f9d,1697663369306466666
6a69421f-e399-4db8-897a-d8ef21b5e0a7,707b6ccf-c9d9-4c1d-97f4-516b572b2f9d,1697663369328066666
6a69421f-e399-4db8-897a-d8ef21b5e0a7,707b6ccf-c9d9-4c1d-97f4-516b572b2f9d,1697663369357566666
6a69421f-e399-4db8-897a-d8ef21b5e0a7,707b6ccf-c9d9-4c1d-97f4-516b572b2f9d,1697663369394966666
6a69421f-e399-4db8-897a-d8ef21b5e0a7,707b6ccf-c9d9-4c1d-97f4-516b572b2f9d,1697663369425855555
6a69421f-e399-4db8-897a-d8ef21b5e0a7,707b6ccf-c9d9-4c1d-97f4-516b572b2f9d,1697663369458511111
6a69421f-e399-4db8-897a-d8ef21b5e0a7,707b6ccf-c9d9-4c1d-97f4-516b572b2f9d,1697663369495344444
6a69421f-e399-4db8-897a-d8ef21b5e0a7,707b6ccf-c9d9-4c1d-97f4-516b572b2f9d,1697663369525966666
6a69421f-e399-4db8-897a-d8ef21b5e0a7,707b6ccf-c9d9-4c1d-97f4-516b572b2f9d,1697663369559544444
6a69421f-e399-4db8-897a-d8ef21b5e0a7,707b6ccf-c9d9-4c1d-97f4-516b572b2f9d,1697663369595400000
6a69421f-e399-4db8-897a-d8ef21b5e0a7,707b6ccf-c9d9-4c1d-97f4-516b572b2f9d,1697663369626188888
6a69421f-e399-4db8-897a-d8ef21b5e0a7,707b6ccf-c9d9-4c1d-97f4-516b572b2f9d,1697663369657622222
6a69421f-e399-4db8-897a-d8ef21b5e0a7,707b6ccf-c9d9-4c1d-97f4-516b572b2f9d,1697663369695777777
6a69421f-e399-4db8-897a-d8ef21b5e0a7,707b6ccf-c9d9-4c1d-97f4-516b572b2f9d,1697663369726255555
6a69421f-e399-4db8-897a-d8ef21b5e0a7,707b6ccf-c9d9-4c1d-97f4-516b572b2f9d,1697663369757722222
6a69421f-e399-4db8-897a-d8ef21b5e0a7,707b6ccf-c9d9-4c1d-97f4-516b572b2f9d,1697663369795988888
6a69421f-e399-4db8-897a-d8ef21b5e0a7,707b6ccf-c9d9-4c1d-97f4-516b572b2f9d,1697663369826388888
6a69421f-e399-4db8-897a-d8ef21b5e0a7,707b6ccf-c9d9-4c1d-97f4-516b572b2f9d,1697663369860011111
6a69421f-e399-4db8-897a-d8ef21b5e0a7,707b6ccf-c9d9-4c1d-97f4-516b572b2f9d,1697663369909166666
6a69421f-e399-4db8-897a-d8ef21b5e0a7,707b6ccf-c9d9-4c1d-97f4-516b572b2f9d,1697663369930600000
6a69421f-e399-4db8-897a-d8ef21b5e0a7,707b6ccf-c9d9-4c1d-97f4-516b572b2f9d,1697663369958955555
6a69421f-e399-4db8-897a-d8ef21b5e0a7,707b6ccf-c9d9-4c1d-97f4-516b572b2f9d,1697663369996077777
6a69421f-e399-4db8-897a-d8ef21b5e0a7,707b6ccf-c9d9-4c1d-97f4-516b572b2f9d,1697663370027355555
6a69421f-e399-4db8-897a-d8ef21b5e0a7,707b6ccf-c9d9-4c1d-97f4-516b572b2f9d,1697663370059822222
6a69421f-e399-4db8-897a-d8ef21b5e0a7,707b6ccf-c9d9-4c1d-97f4-516b572b2f9d,1697663370096200000
6a69421f-e399-4db8-897a-d8ef21b5e0a7,707b6ccf-c9d9-4c1d-97f4-516b572b2f9d,1697663370127211111
6a69421f-e399-4db8-897a-d8ef21b5e0a7,707b6ccf-c9d9-4c1d-97f4-516b572b2f9d,1697663370157733333
6a69421f-e399-4db8-897a-d8ef21b5e0a7,707b6ccf-c9d9-4c1d-97f4-516b572b2f9d,1697663370194911111
6a69421f-e399-4db8-897a-d8ef21b5e0a7,707b6ccf-c9d9-4c1d-97f4-516b572b2f9d,1697663370229022222
6a69421f-e399-4db8-897a-d8ef21b5e0a7,707b6ccf-c9d9-4c1d-97f4-516b572b2f9d,1697663370258055555
6a69421f-e399-4db8-897a-d8ef21b5e0a7,707b6ccf-c9d9-4c1d-97f4-516b572b2f9d,1697663370296233333
6a69421f-e399-4db8-897a-d8ef21b5e0a7,707b6ccf-c9d9-4c1d-97f4-516b572b2f9d,1697663370326577777
6a69421f-e399-4db8-897a-d8ef21b5e0a7,707b6ccf-c9d9-4c1d-97f4-516b572b2f9d,1697663370358066666
6a69421f-e399-4db8-897a-d8ef21b5e0a7,707b6ccf-c9d9-4c1d-97f4-516b572b2f9d,1697663370394933333
6a69421f-e399-4db8-897a-d8ef21b5e0a7,707b6ccf-c9d9-4c1d-97f4-516b572b2f9d,1697663370425977777
6a69421f-e399-4db8-897a-d8ef21b5e0a7,707b6ccf-c9d9-4c1d-97f4-516b572b2f9d,1697663370457711111
6a69421f-e399-4db8-897a-d8ef21b5e0a7,707b6ccf-c9d9-4c1d-97f4-516b572b2f9d,1697663370494888888
6a69421f-e399-4db8-897a-d8ef21b5e0a7,707b6ccf-c9d9-4c1d-97f4-516b572b2f9d,1697663370525777777
6a69421f-e399-4db8-897a-d8ef21b5e0a7,707b6ccf-c9d9-4c1d-97f4-516b572b2f9d,1697663370557611111
6a69421f-e399-4db8-897a-d8ef21b5e0a7,707b6ccf-c9d9-4c1d-97f4-516b572b2f9d,1697663370593522222
6a69421f-e399-4db8-897a-d8ef21b5e0a7,707b6ccf-c9d9-4c1d-97f4-516b572b2f9d,1697663370626988888
6a69421f-e399-4db8-897a-d8ef21b5e0a7,707b6ccf-c9d9-4c1d-97f4-516b572b2f9d,1697663370667566666
6a69421f-e399-4db8-897a-d8ef21b5e0a7,707b6ccf-c9d9-4c1d-97f4-516b572b2f9d,1697663370700611111
6a69421f-e399-4db8-897a-d8ef21b5e0a7,707b6ccf-c9d9-4c1d-97f4-516b572b2f9d,1697663370733366666
6a69421f-e399-4db8-897a-d8ef21b5e0a7,707b6ccf-c9d9-4c1d-97f4-516b572b2f9d,1697663370757811111
6a69421f-e399-4db8-897a-d8ef21b5e0a7,707b6ccf-c9d9-4c1d-97f4-516b572b2f9d,1697663370800644444
6a69421f-e399-4db8-897a-d8ef21b5e0a7,707b6ccf-c9d9-4c1d-97f4-516b572b2f9d,1697663370826000000
6a69421f-e399-4db8-897a-d8ef21b5e0a7,707b6ccf-c9d9-4c1d-97f4-516b572b2f9d,1697663370857400000
6a69421f-e399-4db8-897a-d8ef21b5e0a7,707b6ccf-c9d9-4c1d-97f4-516b572b2f9d,1697663370894811111
6a69421f-e399-4db8-897a-d8ef21b5e0a7,707b6ccf-c9d9-4c1d-97f4-516b572b2f9d,1697663370926922222
6a69421f-e399-4db8-897a-d8ef21b5e0a7,707b6ccf-c9d9-4c1d-97f4-516b572b2f9d,1697663370958377777
6a69421f-e399-4db8-897a-d8ef21b5e0a7,707b6ccf-c9d9-4c1d-97f4-516b572b2f9d,1697663370994277777
6a69421f-e399-4db8-897a-d8ef21b5e0a7,707b6ccf-c9d9-4c1d-97f4-516b572b2f9d,1697663371026166666
6a69421f-e399-4db8-897a-d8ef21b5e0a7,707b6ccf-c9d9-4c1d-97f4-516b572b2f9d,1697663371057988888
6a69421f-e399-4db8-897a-d8ef21b5e0a7,707b6ccf-c9d9-4c1d-97f4-516b572b2f9d,1697663371093877777
6a69421f-e399-4db8-897a-d8ef21b5e0a7,707b6ccf-c9d9-4c1d-97f4-516b572b2f9d,1697663371127188888
6a69421f-e399-4db8-897a-d8ef21b5e0a7,707b6ccf-c9d9-4c1d-97f4-516b572b2f9d,1697663371158444444
6a69421f-e399-4db8-897a-d8ef21b5e0a7,707b6ccf-c9d9-4c1d-97f4-516b572b2f9d,1697663371193977777
6a69421f-e399-4db8-897a-d8ef21b5e0a7,707b6ccf-c9d9-4c1d-97f4-516b572b2f9d,1697663371226177777
6a69421f-e399-4db8-897a-d8ef21b5e0a7,707b6ccf-c9d9-4c1d-97f4-516b572b2f9d,1697663371258433333
6a69421f-e399-4db8-897a-d8ef21b5e0a7,707b6ccf-c9d9-4c1d-97f4-516b572b2f9d,1697663371294255555
6a69421f-e399-4db8-897a-d8ef21b5e0a7,707b6ccf-c9d9-4c1d-97f4-516b572b2f9d,1697663371327200000
6a69421f-e399-4db8-897a-d8ef21b5e0a7,707b6ccf-c9d9-4c1d-97f4-516b572b2f9d,1697663371358588888
6a69421f-e399-4db8-897a-d8ef21b5e0a7,707b6ccf-c9d9-4c1d-97f4-516b572b2f9d,1697663371393811111
6a69421f-e399-4db8-897a-d8ef21b5e0a7,707b6ccf-c9d9-4c1d-97f4-516b572b2f9d,1697663371426444444
6a69421f-e399-4db8-897a-d8ef21b5e0a7,707b6ccf-c9d9-4c1d-97f4-516b572b2f9d,1697663371458322222
6a69421f-e399-4db8-897a-d8ef21b5e0a7,707b6ccf-c9d9-4c1d-97f4-516b572b2f9d,1697663371494077777
6a69421f-e399-4db8-897a-d8ef21b5e0a7,707b6ccf-c9d9-4c1d-97f4-516b572b2f9d,1697663371527277777
6a69421f-e399-4db8-897a-d8ef21b5e0a7,707b6ccf-c9d9-4c1d-97f4-516b572b2f9d,1697663371558622222
6a69421f-e399-4db8-897a-d8ef21b5e0a7,707b6ccf-c9d9-4c1d-97f4-516b572b2f9d,1697663371594055555
6a69421f-e399-4db8-897a-d8ef21b5e0a7,707b6ccf-c9d9-4c1d-97f4-516b572b2f9d,1697663371630177777
6a69421f-e399-4db8-897a-d8ef21b5e0a7,707b6ccf-c9d9-4c1d-97f4-516b572b2f9d,1697663371660911111
6a69421f-e399-4db8-897a-d8ef21b5e0a7,707b6ccf-c9d9-4c1d-97f4-516b572b2f9d,1697663371694811111
6a69421f-e399-4db8-897a-d8ef21b5e0a7,707b6ccf-c9d9-4c1d-97f4-516b572b2f9d,1697663371725755555
6a69421f-e399-4db8-897a-d8ef21b5e0a7,707b6ccf-c9d9-4c1d-97f4-516b572b2f9d,1697663371758000000
6a69421f-e399-4db8-897a-d8ef21b5e0a7,707b6ccf-c9d9-4c1d-97f4-516b572b2f9d,1697663371794033333
6a69421f-e399-4db8-897a-d8ef21b5e0a7,707b6ccf-c9d9-4c1d-97f4-516b572b2f9d,1697663371827022222
6a69421f-e399-4db8-897a-d8ef21b5e0a7,707b6ccf-c9d9-4c1d-97f4-516b572b2f9d,1697663371858100000
6a69421f-e399-4db8-897a-d8ef21b5e0a7,707b6ccf-c9d9-4c1d-97f4-516b572b2f9d,1697663371894733333
6a69421f-e399-4db8-897a-d8ef21b5e0a7,707b6ccf-c9d9-4c1d-97f4-516b572b2f9d,1697663371927244444
6a69421f-e399-4db8-897a-d8ef21b5e0a7,707b6ccf-c9d9-4c1d-97f4-516b572b2f9d,1697663371958022222
6a69421f-e399-4db8-897a-d8ef21b5e0a7,707b6ccf-c9d9-4c1d-97f4-516b572b2f9d,1697663371994322222
6a69421f-e399-4db8-897a-d8ef21b5e0a7,707b6ccf-c9d9-4c1d-97f4-516b572b2f9d,1697663372027088888
6a69421f-e399-4db8-897a-d8ef21b5e0a7,707b6ccf-c9d9-4c1d-97f4-516b572b2f9d,1697663372058055555
6a69421f-e399-4db8-897a-d8ef21b5e0a7,707b6ccf-c9d9-4c1d-97f4-516b572b2f9d,1697663372099888888
6a69421f-e399-4db8-897a-d8ef21b5e0a7,707b6ccf-c9d9-4c1d-97f4-516b572b2f9d,1697663372128522222
6a69421f-e399-4db8-897a-d8ef21b5e0a7,707b6ccf-c9d9-4c1d-97f4-516b572b2f9d,1697663372159222222
6a69421f-e399-4db8-897a-d8ef21b5e0a7,707b6ccf-c9d9-4c1d-97f4-516b572b2f9d,1697663372200800000
6a69421f-e399-4db8-897a-d8ef21b5e0a7,707b6ccf-c9d9-4c1d-97f4-516b572b2f9d,1697663372227322222
6a69421f-e399-4db8-897a-d8ef21b5e0a7,707b6ccf-c9d9-4c1d-97f4-516b572b2f9d,1697663372258211111
6a69421f-e399-4db8-897a-d8ef21b5e0a7,707b6ccf-c9d9-4c1d-97f4-516b572b2f9d,1697663372294133333
6a69421f-e399-4db8-897a-d8ef21b5e0a7,707b6ccf-c9d9-4c1d-97f4-516b572b2f9d,1697663372325711111
6a69421f-e399-4db8-897a-d8ef21b5e0a7,707b6ccf-c9d9-4c1d-97f4-516b572b2f9d,1697663372357544444
6a69421f-e399-4db8-897a-d8ef21b5e0a7,707b6ccf-c9d9-4c1d-97f4-516b572b2f9d,1697663372389944444
6a69421f-e399-4db8-897a-d8ef21b5e0a7,707b6ccf-c9d9-4c1d-97f4-516b572b2f9d,1697663372431400000
6a69421f-e399-4db8-897a-d8ef21b5e0a7,707b6ccf-c9d9-4c1d-97f4-516b572b2f9d,1697663372460000000
6a69421f-e399-4db8-897a-d8ef21b5e0a7,707b6ccf-c9d9-4c1d-97f4-516b572b2f9d,1697663372491844444
6a69421f-e399-4db8-897a-d8ef21b5e0a7,707b6ccf-c9d9-4c1d-97f4-516b572b2f9d,1697663372525855555
6a69421f-e399-4db8-897a-d8ef21b5e0a7,707b6ccf-c9d9-4c1d-97f4-516b572b2f9d,1697663372559811111
6a69421f-e399-4db8-897a-d8ef21b5e0a7,707b6ccf-c9d9-4c1d-97f4-516b572b2f9d,1697663372589577777
6a69421f-e399-4db8-897a-d8ef21b5e0a7,707b6ccf-c9d9-4c1d-97f4-516b572b2f9d,1697663372626922222
6a69421f-e399-4db8-897a-d8ef21b5e0a7,707b6ccf-c9d9-4c1d-97f4-516b572b2f9d,1697663372659555555
6a69421f-e399-4db8-897a-d8ef21b5e0a7,707b6ccf-c9d9-4c1d-97f4-516b572b2f9d,1697663372690477777
6a69421f-e399-4db8-897a-d8ef21b5e0a7,707b6ccf-c9d9-4c1d-97f4-516b572b2f9d,1697663372726755555
6a69421f-e399-4db8-897a-d8ef21b5e0a7,707b6ccf-c9d9-4c1d-97f4-516b572b2f9d,1697663372758711111
6a69421f-e399-4db8-897a-d8ef21b5e0a7,707b6ccf-c9d9-4c1d-97f4-516b572b2f9d,1697663372789677777
6a69421f-e399-4db8-897a-d8ef21b5e0a7,707b6ccf-c9d9-4c1d-97f4-516b572b2f9d,1697663372825900000
6a69421f-e399-4db8-897a-d8ef21b5e0a7,707b6ccf-c9d9-4c1d-97f4-516b572b2f9d,1697663372857433333
6a69421f-e399-4db8-897a-d8ef21b5e0a7,707b6ccf-c9d9-4c1d-97f4-516b572b2f9d,1697663372891300000
6a69421f-e399-4db8-897a-d8ef21b5e0a7,707b6ccf-c9d9-4c1d-97f4-516b572b2f9d,1697663372927511111
6a69421f-e399-4db8-897a-d8ef21b5e0a7,707b6ccf-c9d9-4c1d-97f4-516b572b2f9d,1697663372957522222
6a69421f-e399-4db8-897a-d8ef21b5e0a7,707b6ccf-c9d9-4c1d-97f4-516b572b2f9d,1697663372989933333
6a69421f-e399-4db8-897a-d8ef21b5e0a7,707b6ccf-c9d9-4c1d-97f4-516b572b2f9d,1697663373028744444
6a69421f-e399-4db8-897a-d8ef21b5e0a7,707b6ccf-c9d9-4c1d-97f4-516b572b2f9d,1697663373059266666
6a69421f-e399-4db8-897a-d8ef21b5e0a7,707b6ccf-c9d9-4c1d-97f4-516b572b2f9d,1697663373091655555
6a69421f-e399-4db8-897a-d8ef21b5e0a7,707b6ccf-c9d9-4c1d-97f4-516b572b2f9d,1697663373126066666
6a69421f-e399-4db8-897a-d8ef21b5e0a7,707b6ccf-c9d9-4c1d-97f4-516b572b2f9d,1697663373157911111
6a69421f-e399-4db8-897a-d8ef21b5e0a7,707b6ccf-c9d9-4c1d-97f4-516b572b2f9d,1697663373189788888
6a69421f-e399-4db8-897a-d8ef21b5e0a7,707b6ccf-c9d9-4c1d-97f4-516b572b2f9d,1697663373227111111
6a69421f-e399-4db8-897a-d8ef21b5e0a7,707b6ccf-c9d9-4c1d-97f4-516b572b2f9d,1697663373257844444
6a69421f-e399-4db8-897a-d8ef21b5e0a7,707b6ccf-c9d9-4c1d-97f4-516b572b2f9d,1697663373289977777
6a69421f-e399-4db8-897a-d8ef21b5e0a7,707b6ccf-c9d9-4c1d-97f4-516b572b2f9d,1697663373325566666
6a69421f-e399-4db8-897a-d8ef21b5e0a7,707b6ccf-c9d9-4c1d-97f4-516b572b2f9d,1697663373358011111
6a69421f-e399-4db8-897a-d8ef21b5e0a7,707b6ccf-c9d9-4c1d-97f4-516b572b2f9d,1697663373389677777
6a69421f-e399-4db8-897a-d8ef21b5e0a7,707b6ccf-c9d9-4c1d-97f4-516b572b2f9d,1697663373428711111
6a69421f-e399-4db8-897a-d8ef21b5e0a7,707b6ccf-c9d9-4c1d-97f4-516b572b2f9d,1697663373457988888
6a69421f-e399-4db8-897a-d8ef21b5e0a7,707b6ccf-c9d9-4c1d-97f4-516b572b2f9d,1697663373489500000
6a69421f-e399-4db8-897a-d8ef21b5e0a7,707b6ccf-c9d9-4c1d-97f4-516b572b2f9d,1697663373526844444
6a69421f-e399-4db8-897a-d8ef21b5e0a7,707b6ccf-c9d9-4c1d-97f4-516b572b2f9d,1697663373557544444
6a69421f-e399-4db8-897a-d8ef21b5e0a7,707b6ccf-c9d9-4c1d-97f4-516b572b2f9d,1697663373589466666
6a69421f-e399-4db8-897a-d8ef21b5e0a7,707b6ccf-c9d9-4c1d-97f4-516b572b2f9d,1697663373627044444
6a69421f-e399-4db8-897a-d8ef21b5e0a7,707b6ccf-c9d9-4c1d-97f4-516b572b2f9d,1697663373658055555
6a69421f-e399-4db8-897a-d8ef21b5e0a7,707b6ccf-c9d9-4c1d-97f4-516b572b2f9d,1697663373689322222
6a69421f-e399-4db8-897a-d8ef21b5e0a7,707b6ccf-c9d9-4c1d-97f4-516b572b2f9d,1697663373738000000
6a69421f-e399-4db8-897a-d8ef21b5e0a7,707b6ccf-c9d9-4c1d-97f4-516b572b2f9d,1697663373810044444
6a69421f-e399-4db8-897a-d8ef21b5e0a7,707b6ccf-c9d9-4c1d-97f4-516b572b2f9d,1697663373840822222
6a69421f-e399-4db8-897a-d8ef21b5e0a7,707b6ccf-c9d9-4c1d-97f4-516b572b2f9d,1697663373863833333
6a69421f-e399-4db8-897a-d8ef21b5e0a7,707b6ccf-c9d9-4c1d-97f4-516b572b2f9d,1697663373896033333
6a69421f-e399-4db8-897a-d8ef21b5e0a7,707b6ccf-c9d9-4c1d-97f4-516b572b2f9d,1697663373942133333
6a69421f-e399-4db8-897a-d8ef21b5e0a7,707b6ccf-c9d9-4c1d-97f4-516b572b2f9d,1697663373963088888
6a69421f-e399-4db8-897a-d8ef21b5e0a7,707b6ccf-c9d9-4c1d-97f4-516b572b2f9d,1697663373999222222
6a69421f-e399-4db8-897a-d8ef21b5e0a7,707b6ccf-c9d9-4c1d-97f4-516b572b2f9d,1697663374032144444
6a69421f-e399-4db8-897a-d8ef21b5e0a7,707b6ccf-c9d9-4c1d-97f4-516b572b2f9d,1697663374065455555
6a69421f-e399-4db8-897a-d8ef21b5e0a7,707b6ccf-c9d9-4c1d-97f4-516b572b2f9d,1697663374350733333
6a69421f-e399-4db8-897a-d8ef21b5e0a7,707b6ccf-c9d9-4c1d-97f4-516b572b2f9d,1697663374390733333
6a69421f-e399-4db8-897a-d8ef21b5e0a7,707b6ccf-c9d9-4c1d-97f4-516b572b2f9d,1697663374401155555
6a69421f-e399-4db8-897a-d8ef21b5e0a7,707b6ccf-c9d9-4c1d-97f4-516b572b2f9d,1697663374456477777
6a69421f-e399-4db8-897a-d8ef21b5e0a7,707b6ccf-c9d9-4c1d-97f4-516b572b2f9d,1697663374482400000
6a69421f-e399-4db8-897a-d8ef21b5e0a7,707b6ccf-c9d9-4c1d-97f4-516b572b2f9d,1697663374513133333
6a69421f-e399-4db8-897a-d8ef21b5e0a7,707b6ccf-c9d9-4c1d-97f4-516b572b2f9d,1697663374530233333
6a69421f-e399-4db8-897a-d8ef21b5e0a7,707b6ccf-c9d9-4c1d-97f4-516b572b2f9d,1697663374570622222
6a69421f-e399-4db8-897a-d8ef21b5e0a7,707b6ccf-c9d9-4c1d-97f4-516b572b2f9d,1697663374614633333
6a69421f-e399-4db8-897a-d8ef21b5e0a7,707b6ccf-c9d9-4c1d-97f4-516b572b2f9d,1697663374637044444
6a69421f-e399-4db8-897a-d8ef21b5e0a7,707b6ccf-c9d9-4c1d-97f4-516b572b2f9d,1697663374663677777
6a69421f-e399-4db8-897a-d8ef21b5e0a7,707b6ccf-c9d9-4c1d-97f4-516b572b2f9d,1697663374712111111
6a69421f-e399-4db8-897a-d8ef21b5e0a7,707b6ccf-c9d9-4c1d-97f4-516b572b2f9d,1697663374730811111
6a69421f-e399-4db8-897a-d8ef21b5e0a7,707b6ccf-c9d9-4c1d-97f4-516b572b2f9d,1697663374779311111
6a69421f-e399-4db8-897a-d8ef21b5e0a7,707b6ccf-c9d9-4c1d-97f4-516b572b2f9d,1697663374795344444
6a69421f-e399-4db8-897a-d8ef21b5e0a7,707b6ccf-c9d9-4c1d-97f4-516b572b2f9d,1697663374841466666
6a69421f-e399-4db8-897a-d8ef21b5e0a7,707b6ccf-c9d9-4c1d-97f4-516b572b2f9d,1697663374865144444
6a69421f-e399-4db8-897a-d8ef21b5e0a7,707b6ccf-c9d9-4c1d-97f4-516b572b2f9d,1697663374930277777
6a69421f-e399-4db8-897a-d8ef21b5e0a7,707b6ccf-c9d9-4c1d-97f4-516b572b2f9d,1697663374950833333
6a69421f-e399-4db8-897a-d8ef21b5e0a7,707b6ccf-c9d9-4c1d-97f4-516b572b2f9d,1697663374979844444
6a69421f-e399-4db8-897a-d8ef21b5e0a7,707b6ccf-c9d9-4c1d-97f4-516b572b2f9d,1697663374998388888
6a69421f-e399-4db8-897a-d8ef21b5e0a7,707b6ccf-c9d9-4c1d-97f4-516b572b2f9d,1697663375032811111
6a69421f-e399-4db8-897a-d8ef21b5e0a7,707b6ccf-c9d9-4c1d-97f4-516b572b2f9d,1697663375087688888
6a69421f-e399-4db8-897a-d8ef21b5e0a7,707b6ccf-c9d9-4c1d-97f4-516b572b2f9d,1697663375120688888
6a69421f-e399-4db8-897a-d8ef21b5e0a7,707b6ccf-c9d9-4c1d-97f4-516b572b2f9d,1697663375129055555
6a69421f-e399-4db8-897a-d8ef21b5e0a7,707b6ccf-c9d9-4c1d-97f4-516b572b2f9d,1697663375165066666
6a69421f-e399-4db8-897a-d8ef21b5e0a7,707b6ccf-c9d9-4c1d-97f4-516b572b2f9d,1697663375201366666
6a69421f-e399-4db8-897a-d8ef21b5e0a7,707b6ccf-c9d9-4c1d-97f4-516b572b2f9d,1697663375255711111
6a69421f-e399-4db8-897a-d8ef21b5e0a7,707b6ccf-c9d9-4c1d-97f4-516b572b2f9d,1697663375281422222
6a69421f-e399-4db8-897a-d8ef21b5e0a7,707b6ccf-c9d9-4c1d-97f4-516b572b2f9d,1697663375305200000
6a69421f-e399-4db8-897a-d8ef21b5e0a7,707b6ccf-c9d9-4c1d-97f4-516b572b2f9d,1697663375355688888
6a69421f-e399-4db8-897a-d8ef21b5e0a7,707b6ccf-c9d9-4c1d-97f4-516b572b2f9d,1697663375374066666
6a69421f-e399-4db8-897a-d8ef21b5e0a7,707b6ccf-c9d9-4c1d-97f4-516b572b2f9d,1697663375430277777
6a69421f-e399-4db8-897a-d8ef21b5e0a7,707b6ccf-c9d9-4c1d-97f4-516b572b2f9d,1697663375454166666
6a69421f-e399-4db8-897a-d8ef21b5e0a7,707b6ccf-c9d9-4c1d-97f4-516b572b2f9d,1697663375468055555
6a69421f-e399-4db8-897a-d8ef21b5e0a7,707b6ccf-c9d9-4c1d-97f4-516b572b2f9d,1697663375493766666
6a69421f-e399-4db8-897a-d8ef21b5e0a7,707b6ccf-c9d9-4c1d-97f4-516b572b2f9d,1697663375539188888
6a69421f-e399-4db8-897a-d8ef21b5e0a7,707b6ccf-c9d9-4c1d-97f4-516b572b2f9d,1697663375562677777
6a69421f-e399-4db8-897a-d8ef21b5e0a7,707b6ccf-c9d9-4c1d-97f4-516b572b2f9d,1697663375595566666
6a69421f-e399-4db8-897a-d8ef21b5e0a7,707b6ccf-c9d9-4c1d-97f4-516b572b2f9d,1697663375631233333
6a69421f-e399-4db8-897a-d8ef21b5e0a7,707b6ccf-c9d9-4c1d-97f4-516b572b2f9d,1697663375687366666
6a69421f-e399-4db8-897a-d8ef21b5e0a7,707b6ccf-c9d9-4c1d-97f4-516b572b2f9d,1697663375703711111
6a69421f-e399-4db8-897a-d8ef21b5e0a7,707b6ccf-c9d9-4c1d-97f4-516b572b2f9d,1697663375739733333
6a69421f-e399-4db8-897a-d8ef21b5e0a7,707b6ccf-c9d9-4c1d-97f4-516b572b2f9d,1697663375775833333
6a69421f-e399-4db8-897a-d8ef21b5e0a7,707b6ccf-c9d9-4c1d-97f4-516b572b2f9d,1697663375797011111
6a69421f-e399-4db8-897a-d8ef21b5e0a7,707b6ccf-c9d9-4c1d-97f4-516b572b2f9d,1697663375829011111
6a69421f-e399-4db8-897a-d8ef21b5e0a7,707b6ccf-c9d9-4c1d-97f4-516b572b2f9d,1697663375866188888
6a69421f-e399-4db8-897a-d8ef21b5e0a7,707b6ccf-c9d9-4c1d-97f4-516b572b2f9d,1697663375893288888
6a69421f-e399-4db8-897a-d8ef21b5e0a7,707b6ccf-c9d9-4c1d-97f4-516b572b2f9d,1697663375958833333
6a69421f-e399-4db8-897a-d8ef21b5e0a7,707b6ccf-c9d9-4c1d-97f4-516b572b2f9d,1697663375982800000
6a69421f-e399-4db8-897a-d8ef21b5e0a7,707b6ccf-c9d9-4c1d-97f4-516b572b2f9d,1697663376001388888
6a69421f-e399-4db8-897a-d8ef21b5e0a7,707b6ccf-c9d9-4c1d-97f4-516b572b2f9d,1697663376043433333
6a69421f-e399-4db8-897a-d8ef21b5e0a7,707b6ccf-c9d9-4c1d-97f4-516b572b2f9d,1697663376071055555
6a69421f-e399-4db8-897a-d8ef21b5e0a7,707b6ccf-c9d9-4c1d-97f4-516b572b2f9d,1697663376099122222
6a69421f-e399-4db8-897a-d8ef21b5e0a7,707b6ccf-c9d9-4c1d-97f4-516b572b2f9d,1697663376129044444
6a69421f-e399-4db8-897a-d8ef21b5e0a7,707b6ccf-c9d9-4c1d-97f4-516b572b2f9d,1697663376178377777
6a69421f-e399-4db8-897a-d8ef21b5e0a7,707b6ccf-c9d9-4c1d-97f4-516b572b2f9d,1697663376200055555
6a69421f-e399-4db8-897a-d8ef21b5e0a7,707b6ccf-c9d9-4c1d-97f4-516b572b2f9d,1697663376239722222
6a69421f-e399-4db8-897a-d8ef21b5e0a7,707b6ccf-c9d9-4c1d-97f4-516b572b2f9d,1697663376265811111
6a69421f-e399-4db8-897a-d8ef21b5e0a7,707b6ccf-c9d9-4c1d-97f4-516b572b2f9d,1697663376314722222
6a69421f-e399-4db8-897a-d8ef21b5e0a7,707b6ccf-c9d9-4c1d-97f4-516b572b2f9d,1697663376328022222
6a69421f-e399-4db8-897a-d8ef21b5e0a7,707b6ccf-c9d9-4c1d-97f4-516b572b2f9d,1697663376376066666
6a69421f-e399-4db8-897a-d8ef21b5e0a7,707b6ccf-c9d9-4c1d-97f4-516b572b2f9d,1697663376399022222
6a69421f-e399-4db8-897a-d8ef21b5e0a7,707b6ccf-c9d9-4c1d-97f4-516b572b2f9d,1697663376431588888
6a69421f-e399-4db8-897a-d8ef21b5e0a7,707b6ccf-c9d9-4c1d-97f4-516b572b2f9d,1697663376471588888
6a69421f-e399-4db8-897a-d8ef21b5e0a7,707b6ccf-c9d9-4c1d-97f4-516b572b2f9d,1697663376497944444
6a69421f-e399-4db8-897a-d8ef21b5e0a7,707b6ccf-c9d9-4c1d-97f4-516b572b2f9d,1697663376524644444
6a69421f-e399-4db8-897a-d8ef21b5e0a7,707b6ccf-c9d9-4c1d-97f4-516b572b2f9d,1697663376585911111
6a69421f-e399-4db8-897a-d8ef21b5e0a7,707b6ccf-c9d9-4c1d-97f4-516b572b2f9d,1697663376605866666
6a69421f-e399-4db8-897a-d8ef21b5e0a7,707b6ccf-c9d9-4c1d-97f4-516b572b2f9d,1697663376634600000
6a69421f-e399-4db8-897a-d8ef21b5e0a7,707b6ccf-c9d9-4c1d-97f4-516b572b2f9d,1697663376664644444
6a69421f-e399-4db8-897a-d8ef21b5e0a7,707b6ccf-c9d9-4c1d-97f4-516b572b2f9d,1697663376693977777
6a69421f-e399-4db8-897a-d8ef21b5e0a7,707b6ccf-c9d9-4c1d-97f4-516b572b2f9d,1697663376738411111
6a69421f-e399-4db8-897a-d8ef21b5e0a7,707b6ccf-c9d9-4c1d-97f4-516b572b2f9d,1697663376772333333
6a69421f-e399-4db8-897a-d8ef21b5e0a7,707b6ccf-c9d9-4c1d-97f4-516b572b2f9d,1697663376794877777
6a69421f-e399-4db8-897a-d8ef21b5e0a7,707b6ccf-c9d9-4c1d-97f4-516b572b2f9d,1697663376825555555
6a69421f-e399-4db8-897a-d8ef21b5e0a7,707b6ccf-c9d9-4c1d-97f4-516b572b2f9d,1697663376863044444
6a69421f-e399-4db8-897a-d8ef21b5e0a7,707b6ccf-c9d9-4c1d-97f4-516b572b2f9d,1697663376895422222
6a69421f-e399-4db8-897a-d8ef21b5e0a7,707b6ccf-c9d9-4c1d-97f4-516b572b2f9d,1697663376931522222
6a69421f-e399-4db8-897a-d8ef21b5e0a7,707b6ccf-c9d9-4c1d-97f4-516b572b2f9d,1697663376969088888
6a69421f-e399-4db8-897a-d8ef21b5e0a7,707b6ccf-c9d9-4c1d-97f4-516b572b2f9d,1697663377014077777
6a69421f-e399-4db8-897a-d8ef21b5e0a7,707b6ccf-c9d9-4c1d-97f4-516b572b2f9d,1697663377026788888
6a69421f-e399-4db8-897a-d8ef21b5e0a7,707b6ccf-c9d9-4c1d-97f4-516b572b2f9d,1697663377063955555
6a69421f-e399-4db8-897a-d8ef21b5e0a7,707b6ccf-c9d9-4c1d-97f4-516b572b2f9d,1697663377107711111
6a69421f-e399-4db8-897a-d8ef21b5e0a7,707b6ccf-c9d9-4c1d-97f4-516b572b2f9d,1697663377127077777
6a69421f-e399-4db8-897a-d8ef21b5e0a7,707b6ccf-c9d9-4c1d-97f4-516b572b2f9d,1697663377175955555
6a69421f-e399-4db8-897a-d8ef21b5e0a7,707b6ccf-c9d9-4c1d-97f4-516b572b2f9d,1697663377193333333
6a69421f-e399-4db8-897a-d8ef21b5e0a7,707b6ccf-c9d9-4c1d-97f4-516b572b2f9d,1697663377230422222
6a69421f-e399-4db8-897a-d8ef21b5e0a7,707b6ccf-c9d9-4c1d-97f4-516b572b2f9d,1697663377263000000
6a69421f-e399-4db8-897a-d8ef21b5e0a7,707b6ccf-c9d9-4c1d-97f4-516b572b2f9d,1697663377321988888
6a69421f-e399-4db8-897a-d8ef21b5e0a7,707b6ccf-c9d9-4c1d-97f4-516b572b2f9d,1697663377333166666
6a69421f-e399-4db8-897a-d8ef21b5e0a7,707b6ccf-c9d9-4c1d-97f4-516b572b2f9d,1697663377364066666
6a69421f-e399-4db8-897a-d8ef21b5e0a7,707b6ccf-c9d9-4c1d-97f4-516b572b2f9d,1697663377401888888
6a69421f-e399-4db8-897a-d8ef21b5e0a7,707b6ccf-c9d9-4c1d-97f4-516b572b2f9d,1697663377444655555
6a69421f-e399-4db8-897a-d8ef21b5e0a7,707b6ccf-c9d9-4c1d-97f4-516b572b2f9d,1697663377464055555
6a69421f-e399-4db8-897a-d8ef21b5e0a7,707b6ccf-c9d9-4c1d-97f4-516b572b2f9d,1697663377494177777
6a69421f-e399-4db8-897a-d8ef21b5e0a7,707b6ccf-c9d9-4c1d-97f4-516b572b2f9d,1697663377535477777
6a69421f-e399-4db8-897a-d8ef21b5e0a7,707b6ccf-c9d9-4c1d-97f4-516b572b2f9d,1697663377574355555
6a69421f-e399-4db8-897a-d8ef21b5e0a7,707b6ccf-c9d9-4c1d-97f4-516b572b2f9d,1697663377596566666
6a69421f-e399-4db8-897a-d8ef21b5e0a7,707b6ccf-c9d9-4c1d-97f4-516b572b2f9d,1697663377639955555
6a69421f-e399-4db8-897a-d8ef21b5e0a7,707b6ccf-c9d9-4c1d-97f4-516b572b2f9d,1697663377672488888
6a69421f-e399-4db8-897a-d8ef21b5e0a7,707b6ccf-c9d9-4c1d-97f4-516b572b2f9d,1697663377702111111
6a69421f-e399-4db8-897a-d8ef21b5e0a7,707b6ccf-c9d9-4c1d-97f4-516b572b2f9d,1697663377734733333
6a69421f-e399-4db8-897a-d8ef21b5e0a7,707b6ccf-c9d9-4c1d-97f4-516b572b2f9d,1697663377774666666
6a69421f-e399-4db8-897a-d8ef21b5e0a7,707b6ccf-c9d9-4c1d-97f4-516b572b2f9d,1697663377798344444
6a69421f-e399-4db8-897a-d8ef21b5e0a7,707b6ccf-c9d9-4c1d-97f4-516b572b2f9d,1697663377834533333
6a69421f-e399-4db8-897a-d8ef21b5e0a7,707b6ccf-c9d9-4c1d-97f4-516b572b2f9d,1697663377874888888
6a69421f-e399-4db8-897a-d8ef21b5e0a7,707b6ccf-c9d9-4c1d-97f4-516b572b2f9d,1697663377901111111
6a69421f-e399-4db8-897a-d8ef21b5e0a7,707b6ccf-c9d9-4c1d-97f4-516b572b2f9d,1697663377935933333
6a69421f-e399-4db8-897a-d8ef21b5e0a7,707b6ccf-c9d9-4c1d-97f4-516b572b2f9d,1697663377976288888
6a69421f-e399-4db8-897a-d8ef21b5e0a7,707b6ccf-c9d9-4c1d-97f4-516b572b2f9d,1697663378012977777
6a69421f-e399-4db8-897a-d8ef21b5e0a7,707b6ccf-c9d9-4c1d-97f4-516b572b2f9d,1697663378026911111
6a69421f-e399-4db8-897a-d8ef21b5e0a7,707b6ccf-c9d9-4c1d-97f4-516b572b2f9d,1697663378063322222
6a69421f-e399-4db8-897a-d8ef21b5e0a7,707b6ccf-c9d9-4c1d-97f4-516b572b2f9d,1697663378093866666
6a69421f-e399-4db8-897a-d8ef21b5e0a7,707b6ccf-c9d9-4c1d-97f4-516b572b2f9d,1697663378141277777
6a69421f-e399-4db8-897a-d8ef21b5e0a7,707b6ccf-c9d9-4c1d-97f4-516b572b2f9d,1697663378168988888
6a69421f-e399-4db8-897a-d8ef21b5e0a7,707b6ccf-c9d9-4c1d-97f4-516b572b2f9d,1697663378203600000
6a69421f-e399-4db8-897a-d8ef21b5e0a7,707b6ccf-c9d9-4c1d-97f4-516b572b2f9d,1697663378233944444
6a69421f-e399-4db8-897a-d8ef21b5e0a7,707b6ccf-c9d9-4c1d-97f4-516b572b2f9d,1697663378271022222
6a69421f-e399-4db8-897a-d8ef21b5e0a7,707b6ccf-c9d9-4c1d-97f4-516b572b2f9d,1697663378304422222
6a69421f-e399-4db8-897a-d8ef21b5e0a7,707b6ccf-c9d9-4c1d-97f4-516b572b2f9d,1697663378335433333
6a69421f-e399-4db8-897a-d8ef21b5e0a7,707b6ccf-c9d9-4c1d-97f4-516b572b2f9d,1697663378374555555
6a69421f-e399-4db8-897a-d8ef21b5e0a7,707b6ccf-c9d9-4c1d-97f4-516b572b2f9d,1697663378399977777
6a69421f-e399-4db8-897a-d8ef21b5e0a7,707b6ccf-c9d9-4c1d-97f4-516b572b2f9d,1697663378438433333
6a69421f-e399-4db8-897a-d8ef21b5e0a7,707b6ccf-c9d9-4c1d-97f4-516b572b2f9d,1697663378472422222
6a69421f-e399-4db8-897a-d8ef21b5e0a7,707b6ccf-c9d9-4c1d-97f4-516b572b2f9d,1697663378502655555
6a69421f-e399-4db8-897a-d8ef21b5e0a7,707b6ccf-c9d9-4c1d-97f4-516b572b2f9d,1697663378535700000
6a69421f-e399-4db8-897a-d8ef21b5e0a7,707b6ccf-c9d9-4c1d-97f4-516b572b2f9d,1697663378575677777
6a69421f-e399-4db8-897a-d8ef21b5e0a7,707b6ccf-c9d9-4c1d-97f4-516b572b2f9d,1697663378602733333
6a69421f-e399-4db8-897a-d8ef21b5e0a7,707b6ccf-c9d9-4c1d-97f4-516b572b2f9d,1697663378635755555
6a69421f-e399-4db8-897a-d8ef21b5e0a7,707b6ccf-c9d9-4c1d-97f4-516b572b2f9d,1697663378675000000
6a69421f-e399-4db8-897a-d8ef21b5e0a7,707b6ccf-c9d9-4c1d-97f4-516b572b2f9d,1697663378698088888
6a69421f-e399-4db8-897a-d8ef21b5e0a7,707b6ccf-c9d9-4c1d-97f4-516b572b2f9d,1697663378726900000
6a69421f-e399-4db8-897a-d8ef21b5e0a7,707b6ccf-c9d9-4c1d-97f4-516b572b2f9d,1697663378768177777
6a69421f-e399-4db8-897a-d8ef21b5e0a7,707b6ccf-c9d9-4c1d-97f4-516b572b2f9d,1697663378794355555
6a69421f-e399-4db8-897a-d8ef21b5e0a7,707b6ccf-c9d9-4c1d-97f4-516b572b2f9d,1697663378842166666
6a69421f-e399-4db8-897a-d8ef21b5e0a7,707b6ccf-c9d9-4c1d-97f4-516b572b2f9d,1697663378868466666
6a69421f-e399-4db8-897a-d8ef21b5e0a7,707b6ccf-c9d9-4c1d-97f4-516b572b2f9d,1697663378907966666
6a69421f-e399-4db8-897a-d8ef21b5e0a7,707b6ccf-c9d9-4c1d-97f4-516b572b2f9d,1697663378928900000
6a69421f-e399-4db8-897a-d8ef21b5e0a7,707b6ccf-c9d9-4c1d-97f4-516b572b2f9d,1697663378975600000
6a69421f-e399-4db8-897a-d8ef21b5e0a7,707b6ccf-c9d9-4c1d-97f4-516b572b2f9d,1697663378995388888
6a69421f-e399-4db8-897a-d8ef21b5e0a7,707b6ccf-c9d9-4c1d-97f4-516b572b2f9d,1697663379043833333
6a69421f-e399-4db8-897a-d8ef21b5e0a7,707b6ccf-c9d9-4c1d-97f4-516b572b2f9d,1697663379069255555
6a69421f-e399-4db8-897a-d8ef21b5e0a7,707b6ccf-c9d9-4c1d-97f4-516b572b2f9d,1697663379100577777
6a69421f-e399-4db8-897a-d8ef21b5e0a7,707b6ccf-c9d9-4c1d-97f4-516b572b2f9d,1697663379132677777
6a69421f-e399-4db8-897a-d8ef21b5e0a7,707b6ccf-c9d9-4c1d-97f4-516b572b2f9d,1697663379160011111
6a69421f-e399-4db8-897a-d8ef21b5e0a7,707b6ccf-c9d9-4c1d-97f4-516b572b2f9d,1697663379206777777
6a69421f-e399-4db8-897a-d8ef21b5e0a7,707b6ccf-c9d9-4c1d-97f4-516b572b2f9d,1697663379236833333
6a69421f-e399-4db8-897a-d8ef21b5e0a7,707b6ccf-c9d9-4c1d-97f4-516b572b2f9d,1697663379262833333
6a69421f-e399-4db8-897a-d8ef21b5e0a7,707b6ccf-c9d9-4c1d-97f4-516b572b2f9d,1697663379320466666
6a69421f-e399-4db8-897a-d8ef21b5e0a7,707b6ccf-c9d9-4c1d-97f4-516b572b2f9d,1697663379333088888
6a69421f-e399-4db8-897a-d8ef21b5e0a7,707b6ccf-c9d9-4c1d-97f4-516b572b2f9d,1697663379363177777
6a69421f-e399-4db8-897a-d8ef21b5e0a7,707b6ccf-c9d9-4c1d-97f4-516b572b2f9d,1697663379395422222
6a69421f-e399-4db8-897a-d8ef21b5e0a7,707b6ccf-c9d9-4c1d-97f4-516b572b2f9d,1697663379448766666
6a69421f-e399-4db8-897a-d8ef21b5e0a7,707b6ccf-c9d9-4c1d-97f4-516b572b2f9d,1697663379469188888
6a69421f-e399-4db8-897a-d8ef21b5e0a7,707b6ccf-c9d9-4c1d-97f4-516b572b2f9d,1697663379501133333
6a69421f-e399-4db8-897a-d8ef21b5e0a7,707b6ccf-c9d9-4c1d-97f4-516b572b2f9d,1697663379537055555
6a69421f-e399-4db8-897a-d8ef21b5e0a7,707b6ccf-c9d9-4c1d-97f4-516b572b2f9d,1697663379560188888
6a69421f-e399-4db8-897a-d8ef21b5e0a7,707b6ccf-c9d9-4c1d-97f4-516b572b2f9d,1697663379598477777
6a69421f-e399-4db8-897a-d8ef21b5e0a7,707b6ccf-c9d9-4c1d-97f4-516b572b2f9d,1697663379639000000
6a69421f-e399-4db8-897a-d8ef21b5e0a7,707b6ccf-c9d9-4c1d-97f4-516b572b2f9d,1697663379666944444
6a69421f-e399-4db8-897a-d8ef21b5e0a7,707b6ccf-c9d9-4c1d-97f4-516b572b2f9d,1697663379713622222
6a69421f-e399-4db8-897a-d8ef21b5e0a7,707b6ccf-c9d9-4c1d-97f4-516b572b2f9d,1697663379737166666
6a69421f-e399-4db8-897a-d8ef21b5e0a7,707b6ccf-c9d9-4c1d-97f4-516b572b2f9d,1697663379771022222
6a69421f-e399-4db8-897a-d8ef21b5e0a7,707b6ccf-c9d9-4c1d-97f4-516b572b2f9d,1697663379803355555
6a69421f-e399-4db8-897a-d8ef21b5e0a7,707b6ccf-c9d9-4c1d-97f4-516b572b2f9d,1697663379836411111
6a69421f-e399-4db8-897a-d8ef21b5e0a7,707b6ccf-c9d9-4c1d-97f4-516b572b2f9d,1697663379860100000
6a69421f-e399-4db8-897a-d8ef21b5e0a7,707b6ccf-c9d9-4c1d-97f4-516b572b2f9d,1697663379899155555
6a69421f-e399-4db8-897a-d8ef21b5e0a7,707b6ccf-c9d9-4c1d-97f4-516b572b2f9d,1697663379931566666
6a69421f-e399-4db8-897a-d8ef21b5e0a7,707b6ccf-c9d9-4c1d-97f4-516b572b2f9d,1697663379975477777
6a69421f-e399-4db8-897a-d8ef21b5e0a7,707b6ccf-c9d9-4c1d-97f4-516b572b2f9d,1697663380007222222
6a69421f-e399-4db8-897a-d8ef21b5e0a7,707b6ccf-c9d9-4c1d-97f4-516b572b2f9d,1697663380036377777
6a69421f-e399-4db8-897a-d8ef21b5e0a7,707b6ccf-c9d9-4c1d-97f4-516b572b2f9d,1697663380085588888
6a69421f-e399-4db8-897a-d8ef21b5e0a7,707b6ccf-c9d9-4c1d-97f4-516b572b2f9d,1697663380103977777
6a69421f-e399-4db8-897a-d8ef21b5e0a7,707b6ccf-c9d9-4c1d-97f4-516b572b2f9d,1697663380150777777
6a69421f-e399-4db8-897a-d8ef21b5e0a7,707b6ccf-c9d9-4c1d-97f4-516b572b2f9d,1697663380173788888
6a69421f-e399-4db8-897a-d8ef21b5e0a7,707b6ccf-c9d9-4c1d-97f4-516b572b2f9d,1697663380204433333
6a69421f-e399-4db8-897a-d8ef21b5e0a7,707b6ccf-c9d9-4c1d-97f4-516b572b2f9d,1697663380228988888
6a69421f-e399-4db8-897a-d8ef21b5e0a7,707b6ccf-c9d9-4c1d-97f4-516b572b2f9d,1697663380269144444
6a69421f-e399-4db8-897a-d8ef21b5e0a7,707b6ccf-c9d9-4c1d-97f4-516b572b2f9d,1697663380306166666
6a69421f-e399-4db8-897a-d8ef21b5e0a7,707b6ccf-c9d9-4c1d-97f4-516b572b2f9d,1697663380331588888
6a69421f-e399-4db8-897a-d8ef21b5e0a7,707b6ccf-c9d9-4c1d-97f4-516b572b2f9d,1697663380367577777
6a69421f-e399-4db8-897a-d8ef21b5e0a7,707b6ccf-c9d9-4c1d-97f4-516b572b2f9d,1697663380402244444
6a69421f-e399-4db8-897a-d8ef21b5e0a7,707b6ccf-c9d9-4c1d-97f4-516b572b2f9d,1697663380438733333
6a69421f-e399-4db8-897a-d8ef21b5e0a7,707b6ccf-c9d9-4c1d-97f4-516b572b2f9d,1697663380458600000
6a69421f-e399-4db8-897a-d8ef21b5e0a7,707b6ccf-c9d9-4c1d-97f4-516b572b2f9d,1697663380507833333
6a69421f-e399-4db8-897a-d8ef21b5e0a7,707b6ccf-c9d9-4c1d-97f4-516b572b2f9d,1697663380541400000
6a69421f-e399-4db8-897a-d8ef21b5e0a7,707b6ccf-c9d9-4c1d-97f4-516b572b2f9d,1697663380558533333
6a69421f-e399-4db8-897a-d8ef21b5e0a7,707b6ccf-c9d9-4c1d-97f4-516b572b2f9d,1697663380609322222
6a69421f-e399-4db8-897a-d8ef21b5e0a7,707b6ccf-c9d9-4c1d-97f4-516b572b2f9d,1697663380637022222
6a69421f-e399-4db8-897a-d8ef21b5e0a7,707b6ccf-c9d9-4c1d-97f4-516b572b2f9d,1697663380670088888
6a69421f-e399-4db8-897a-d8ef21b5e0a7,707b6ccf-c9d9-4c1d-97f4-516b572b2f9d,1697663380705988888
6a69421f-e399-4db8-897a-d8ef21b5e0a7,707b6ccf-c9d9-4c1d-97f4-516b572b2f9d,1697663380732755555
6a69421f-e399-4db8-897a-d8ef21b5e0a7,707b6ccf-c9d9-4c1d-97f4-516b572b2f9d,1697663380763977777
6a69421f-e399-4db8-897a-d8ef21b5e0a7,707b6ccf-c9d9-4c1d-97f4-516b572b2f9d,1697663380823033333
6a69421f-e399-4db8-897a-d8ef21b5e0a7,707b6ccf-c9d9-4c1d-97f4-516b572b2f9d,1697663380833977777
6a69421f-e399-4db8-897a-d8ef21b5e0a7,707b6ccf-c9d9-4c1d-97f4-516b572b2f9d,1697663380876844444
6a69421f-e399-4db8-897a-d8ef21b5e0a7,707b6ccf-c9d9-4c1d-97f4-516b572b2f9d,1697663380897233333
6a69421f-e399-4db8-897a-d8ef21b5e0a7,707b6ccf-c9d9-4c1d-97f4-516b572b2f9d,1697663380926922222
6a69421f-e399-4db8-897a-d8ef21b5e0a7,707b6ccf-c9d9-4c1d-97f4-516b572b2f9d,1697663380969133333
6a69421f-e399-4db8-897a-d8ef21b5e0a7,707b6ccf-c9d9-4c1d-97f4-516b572b2f9d,1697663381003488888
6a69421f-e399-4db8-897a-d8ef21b5e0a7,707b6ccf-c9d9-4c1d-97f4-516b572b2f9d,1697663381038966666
6a69421f-e399-4db8-897a-d8ef21b5e0a7,707b6ccf-c9d9-4c1d-97f4-516b572b2f9d,1697663381065777777
6a69421f-e399-4db8-897a-d8ef21b5e0a7,707b6ccf-c9d9-4c1d-97f4-516b572b2f9d,1697663381110133333
6a69421f-e399-4db8-897a-d8ef21b5e0a7,707b6ccf-c9d9-4c1d-97f4-516b572b2f9d,1697663381136266666
6a69421f-e399-4db8-897a-d8ef21b5e0a7,707b6ccf-c9d9-4c1d-97f4-516b572b2f9d,1697663381167633333
6a69421f-e399-4db8-897a-d8ef21b5e0a7,707b6ccf-c9d9-4c1d-97f4-516b572b2f9d,1697663381204400000
6a69421f-e399-4db8-897a-d8ef21b5e0a7,707b6ccf-c9d9-4c1d-97f4-516b572b2f9d,1697663381234900000
6a69421f-e399-4db8-897a-d8ef21b5e0a7,707b6ccf-c9d9-4c1d-97f4-516b572b2f9d,1697663381266177777
6a69421f-e399-4db8-897a-d8ef21b5e0a7,707b6ccf-c9d9-4c1d-97f4-516b572b2f9d,1697663381309622222
6a69421f-e399-4db8-897a-d8ef21b5e0a7,707b6ccf-c9d9-4c1d-97f4-516b572b2f9d,1697663381337055555
6a69421f-e399-4db8-897a-d8ef21b5e0a7,707b6ccf-c9d9-4c1d-97f4-516b572b2f9d,1697663381370155555
6a69421f-e399-4db8-897a-d8ef21b5e0a7,707b6ccf-c9d9-4c1d-97f4-516b572b2f9d,1697663381408900000
6a69421f-e399-4db8-897a-d8ef21b5e0a7,707b6ccf-c9d9-4c1d-97f4-516b572b2f9d,1697663381449455555
6a69421f-e399-4db8-897a-d8ef21b5e0a7,707b6ccf-c9d9-4c1d-97f4-516b572b2f9d,1697663381464377777
6a69421f-e399-4db8-897a-d8ef21b5e0a7,707b6ccf-c9d9-4c1d-97f4-516b572b2f9d,1697663381497055555
6a69421f-e399-4db8-897a-d8ef21b5e0a7,707b6ccf-c9d9-4c1d-97f4-516b572b2f9d,1697663381542688888
6a69421f-e399-4db8-897a-d8ef21b5e0a7,707b6ccf-c9d9-4c1d-97f4-516b572b2f9d,1697663381562833333
6a69421f-e399-4db8-897a-d8ef21b5e0a7,707b6ccf-c9d9-4c1d-97f4-516b572b2f9d,1697663381596300000
6a69421f-e399-4db8-897a-d8ef21b5e0a7,707b6ccf-c9d9-4c1d-97f4-516b572b2f9d,1697663381634477777
6a69421f-e399-4db8-897a-d8ef21b5e0a7,707b6ccf-c9d9-4c1d-97f4-516b572b2f9d,1697663381666511111
6a69421f-e399-4db8-897a-d8ef21b5e0a7,707b6ccf-c9d9-4c1d-97f4-516b572b2f9d,1697663381702477777
6a69421f-e399-4db8-897a-d8ef21b5e0a7,707b6ccf-c9d9-4c1d-97f4-516b572b2f9d,1697663381735700000
6a69421f-e399-4db8-897a-d8ef21b5e0a7,707b6ccf-c9d9-4c1d-97f4-516b572b2f9d,1697663381767588888
6a69421f-e399-4db8-897a-d8ef21b5e0a7,707b6ccf-c9d9-4c1d-97f4-516b572b2f9d,1697663381804822222
6a69421f-e399-4db8-897a-d8ef21b5e0a7,707b6ccf-c9d9-4c1d-97f4-516b572b2f9d,1697663381837300000
6a69421f-e399-4db8-897a-d8ef21b5e0a7,707b6ccf-c9d9-4c1d-97f4-516b572b2f9d,1697663381866966666
6a69421f-e399-4db8-897a-d8ef21b5e0a7,707b6ccf-c9d9-4c1d-97f4-516b572b2f9d,1697663381908177777
6a69421f-e399-4db8-897a-d8ef21b5e0a7,707b6ccf-c9d9-4c1d-97f4-516b572b2f9d,1697663381935411111
6a69421f-e399-4db8-897a-d8ef21b5e0a7,707b6ccf-c9d9-4c1d-97f4-516b572b2f9d,1697663381965911111
6a69421f-e399-4db8-897a-d8ef21b5e0a7,707b6ccf-c9d9-4c1d-97f4-516b572b2f9d,1697663382006066666
6a69421f-e399-4db8-897a-d8ef21b5e0a7,707b6ccf-c9d9-4c1d-97f4-516b572b2f9d,1697663382035277777
6a69421f-e399-4db8-897a-d8ef21b5e0a7,707b6ccf-c9d9-4c1d-97f4-516b572b2f9d,1697663382069177777
6a69421f-e399-4db8-897a-d8ef21b5e0a7,707b6ccf-c9d9-4c1d-97f4-516b572b2f9d,1697663382102833333
6a69421f-e399-4db8-897a-d8ef21b5e0a7,707b6ccf-c9d9-4c1d-97f4-516b572b2f9d,1697663382124744444
6a69421f-e399-4db8-897a-d8ef21b5e0a7,707b6ccf-c9d9-4c1d-97f4-516b572b2f9d,1697663382176222222
6a69421f-e399-4db8-897a-d8ef21b5e0a7,707b6ccf-c9d9-4c1d-97f4-516b572b2f9d,1697663382204122222
6a69421f-e399-4db8-897a-d8ef21b5e0a7,707b6ccf-c9d9-4c1d-97f4-516b572b2f9d,1697663382240622222
6a69421f-e399-4db8-897a-d8ef21b5e0a7,707b6ccf-c9d9-4c1d-97f4-516b572b2f9d,1697663382263566666
6a69421f-e399-4db8-897a-d8ef21b5e0a7,707b6ccf-c9d9-4c1d-97f4-516b572b2f9d,1697663382293033333
6a69421f-e399-4db8-897a-d8ef21b5e0a7,707b6ccf-c9d9-4c1d-97f4-516b572b2f9d,1697663382334388888
6a69421f-e399-4db8-897a-d8ef21b5e0a7,707b6ccf-c9d9-4c1d-97f4-516b572b2f9d,1697663382366944444
6a69421f-e399-4db8-897a-d8ef21b5e0a7,707b6ccf-c9d9-4c1d-97f4-516b572b2f9d,1697663382402333333
6a69421f-e399-4db8-897a-d8ef21b5e0a7,707b6ccf-c9d9-4c1d-97f4-516b572b2f9d,1697663382427800000
6a69421f-e399-4db8-897a-d8ef21b5e0a7,707b6ccf-c9d9-4c1d-97f4-516b572b2f9d,1697663382467111111
6a69421f-e399-4db8-897a-d8ef21b5e0a7,707b6ccf-c9d9-4c1d-97f4-516b572b2f9d,1697663382501600000
6a69421f-e399-4db8-897a-d8ef21b5e0a7,707b6ccf-c9d9-4c1d-97f4-516b572b2f9d,1697663382537133333
6a69421f-e399-4db8-897a-d8ef21b5e0a7,707b6ccf-c9d9-4c1d-97f4-516b572b2f9d,1697663382568422222
6a69421f-e399-4db8-897a-d8ef21b5e0a7,707b6ccf-c9d9-4c1d-97f4-516b572b2f9d,1697663382599411111
6a69421f-e399-4db8-897a-d8ef21b5e0a7,707b6ccf-c9d9-4c1d-97f4-516b572b2f9d,1697663382634566666
6a69421f-e399-4db8-897a-d8ef21b5e0a7,707b6ccf-c9d9-4c1d-97f4-516b572b2f9d,1697663382669088888
6a69421f-e399-4db8-897a-d8ef21b5e0a7,707b6ccf-c9d9-4c1d-97f4-516b572b2f9d,1697663382702322222
6a69421f-e399-4db8-897a-d8ef21b5e0a7,707b6ccf-c9d9-4c1d-97f4-516b572b2f9d,1697663382735500000
6a69421f-e399-4db8-897a-d8ef21b5e0a7,707b6ccf-c9d9-4c1d-97f4-516b572b2f9d,1697663382766311111
6a69421f-e399-4db8-897a-d8ef21b5e0a7,707b6ccf-c9d9-4c1d-97f4-516b572b2f9d,1697663382802822222
6a69421f-e399-4db8-897a-d8ef21b5e0a7,707b6ccf-c9d9-4c1d-97f4-516b572b2f9d,1697663382830877777
6a69421f-e399-4db8-897a-d8ef21b5e0a7,707b6ccf-c9d9-4c1d-97f4-516b572b2f9d,1697663382861533333
6a69421f-e399-4db8-897a-d8ef21b5e0a7,707b6ccf-c9d9-4c1d-97f4-516b572b2f9d,1697663382890977777
6a69421f-e399-4db8-897a-d8ef21b5e0a7,707b6ccf-c9d9-4c1d-97f4-516b572b2f9d,1697663382926622222
6a69421f-e399-4db8-897a-d8ef21b5e0a7,707b6ccf-c9d9-4c1d-97f4-516b572b2f9d,1697663382960677777
6a69421f-e399-4db8-897a-d8ef21b5e0a7,707b6ccf-c9d9-4c1d-97f4-516b572b2f9d,1697663382990700000
6a69421f-e399-4db8-897a-d8ef21b5e0a7,707b6ccf-c9d9-4c1d-97f4-516b572b2f9d,1697663383036811111
6a69421f-e399-4db8-897a-d8ef21b5e0a7,707b6ccf-c9d9-4c1d-97f4-516b572b2f9d,1697663383067811111
6a69421f-e399-4db8-897a-d8ef21b5e0a7,707b6ccf-c9d9-4c1d-97f4-516b572b2f9d,1697663383101622222
6a69421f-e399-4db8-897a-d8ef21b5e0a7,707b6ccf-c9d9-4c1d-97f4-516b572b2f9d,1697663383127355555
6a69421f-e399-4db8-897a-d8ef21b5e0a7,707b6ccf-c9d9-4c1d-97f4-516b572b2f9d,1697663383165700000
6a69421f-e399-4db8-897a-d8ef21b5e0a7,707b6ccf-c9d9-4c1d-97f4-516b572b2f9d,1697663383199744444
6a69421f-e399-4db8-897a-d8ef21b5e0a7,707b6ccf-c9d9-4c1d-97f4-516b572b2f9d,1697663383234100000
6a69421f-e399-4db8-897a-d8ef21b5e0a7,707b6ccf-c9d9-4c1d-97f4-516b572b2f9d,1697663383268355555
6a69421f-e399-4db8-897a-d8ef21b5e0a7,707b6ccf-c9d9-4c1d-97f4-516b572b2f9d,1697663383300011111
6a69421f-e399-4db8-897a-d8ef21b5e0a7,707b6ccf-c9d9-4c1d-97f4-516b572b2f9d,1697663383334100000
6a69421f-e399-4db8-897a-d8ef21b5e0a7,707b6ccf-c9d9-4c1d-97f4-516b572b2f9d,1697663383366277777
6a69421f-e399-4db8-897a-d8ef21b5e0a7,707b6ccf-c9d9-4c1d-97f4-516b572b2f9d,1697663383398988888
6a69421f-e399-4db8-897a-d8ef21b5e0a7,707b6ccf-c9d9-4c1d-97f4-516b572b2f9d,1697663383434788888
6a69421f-e399-4db8-897a-d8ef21b5e0a7,707b6ccf-c9d9-4c1d-97f4-516b572b2f9d,1697663383466622222
6a69421f-e399-4db8-897a-d8ef21b5e0a7,707b6ccf-c9d9-4c1d-97f4-516b572b2f9d,1697663383501444444
6a69421f-e399-4db8-897a-d8ef21b5e0a7,707b6ccf-c9d9-4c1d-97f4-516b572b2f9d,1697663383542533333
6a69421f-e399-4db8-897a-d8ef21b5e0a7,707b6ccf-c9d9-4c1d-97f4-516b572b2f9d,1697663383557200000
6a69421f-e399-4db8-897a-d8ef21b5e0a7,707b6ccf-c9d9-4c1d-97f4-516b572b2f9d,1697663383591244444
6a69421f-e399-4db8-897a-d8ef21b5e0a7,707b6ccf-c9d9-4c1d-97f4-516b572b2f9d,1697663383625666666
6a69421f-e399-4db8-897a-d8ef21b5e0a7,707b6ccf-c9d9-4c1d-97f4-516b572b2f9d,1697663383681977777
6a69421f-e399-4db8-897a-d8ef21b5e0a7,707b6ccf-c9d9-4c1d-97f4-516b572b2f9d,1697663383690822222
6a69421f-e399-4db8-897a-d8ef21b5e0a7,707b6ccf-c9d9-4c1d-97f4-516b572b2f9d,1697663383741533333
6a69421f-e399-4db8-897a-d8ef21b5e0a7,707b6ccf-c9d9-4c1d-97f4-516b572b2f9d,1697663383761166666
6a69421f-e399-4db8-897a-d8ef21b5e0a7,707b6ccf-c9d9-4c1d-97f4-516b572b2f9d,1697663383792822222
6a69421f-e399-4db8-897a-d8ef21b5e0a7,707b6ccf-c9d9-4c1d-97f4-516b572b2f9d,1697663383836600000
6a69421f-e399-4db8-897a-d8ef21b5e0a7,707b6ccf-c9d9-4c1d-97f4-516b572b2f9d,1697663383868644444
6a69421f-e399-4db8-897a-d8ef21b5e0a7,707b6ccf-c9d9-4c1d-97f4-516b572b2f9d,1697663383902877777
6a69421f-e399-4db8-897a-d8ef21b5e0a7,707b6ccf-c9d9-4c1d-97f4-516b572b2f9d,1697663383925311111
6a69421f-e399-4db8-897a-d8ef21b5e0a7,707b6ccf-c9d9-4c1d-97f4-516b572b2f9d,1697663383966188888
6a69421f-e399-4db8-897a-d8ef21b5e0a7,707b6ccf-c9d9-4c1d-97f4-516b572b2f9d,1697663383999811111
6a69421f-e399-4db8-897a-d8ef21b5e0a7,707b6ccf-c9d9-4c1d-97f4-516b572b2f9d,1697663384035566666
6a69421f-e399-4db8-897a-d8ef21b5e0a7,707b6ccf-c9d9-4c1d-97f4-516b572b2f9d,1697663384066000000
6a69421f-e399-4db8-897a-d8ef21b5e0a7,707b6ccf-c9d9-4c1d-97f4-516b572b2f9d,1697663384099066666
6a69421f-e399-4db8-897a-d8ef21b5e0a7,707b6ccf-c9d9-4c1d-97f4-516b572b2f9d,1697663384136711111
6a69421f-e399-4db8-897a-d8ef21b5e0a7,707b6ccf-c9d9-4c1d-97f4-516b572b2f9d,1697663384175322222
6a69421f-e399-4db8-897a-d8ef21b5e0a7,707b6ccf-c9d9-4c1d-97f4-516b572b2f9d,1697663384202688888
6a69421f-e399-4db8-897a-d8ef21b5e0a7,707b6ccf-c9d9-4c1d-97f4-516b572b2f9d,1697663384226944444
6a69421f-e399-4db8-897a-d8ef21b5e0a7,707b6ccf-c9d9-4c1d-97f4-516b572b2f9d,1697663384271177777
6a69421f-e399-4db8-897a-d8ef21b5e0a7,707b6ccf-c9d9-4c1d-97f4-516b572b2f9d,1697663384299422222
6a69421f-e399-4db8-897a-d8ef21b5e0a7,707b6ccf-c9d9-4c1d-97f4-516b572b2f9d,1697663384331311111
6a69421f-e399-4db8-897a-d8ef21b5e0a7,707b6ccf-c9d9-4c1d-97f4-516b572b2f9d,1697663384372522222
6a69421f-e399-4db8-897a-d8ef21b5e0a7,707b6ccf-c9d9-4c1d-97f4-516b572b2f9d,1697663384403188888
6a69421f-e399-4db8-897a-d8ef21b5e0a7,707b6ccf-c9d9-4c1d-97f4-516b572b2f9d,1697663384429355555
6a69421f-e399-4db8-897a-d8ef21b5e0a7,707b6ccf-c9d9-4c1d-97f4-516b572b2f9d,1697663384464711111
6a69421f-e399-4db8-897a-d8ef21b5e0a7,707b6ccf-c9d9-4c1d-97f4-516b572b2f9d,1697663384498811111
6a69421f-e399-4db8-897a-d8ef21b5e0a7,707b6ccf-c9d9-4c1d-97f4-516b572b2f9d,1697663384540422222
6a69421f-e399-4db8-897a-d8ef21b5e0a7,707b6ccf-c9d9-4c1d-97f4-516b572b2f9d,1697663384568222222
6a69421f-e399-4db8-897a-d8ef21b5e0a7,707b6ccf-c9d9-4c1d-97f4-516b572b2f9d,1697663384599344444
6a69421f-e399-4db8-897a-d8ef21b5e0a7,707b6ccf-c9d9-4c1d-97f4-516b572b2f9d,1697663384637933333
6a69421f-e399-4db8-897a-d8ef21b5e0a7,707b6ccf-c9d9-4c1d-97f4-516b572b2f9d,1697663384670555555
6a69421f-e399-4db8-897a-d8ef21b5e0a7,707b6ccf-c9d9-4c1d-97f4-516b572b2f9d,1697663384700088888
6a69421f-e399-4db8-897a-d8ef21b5e0a7,707b6ccf-c9d9-4c1d-97f4-516b572b2f9d,1697663384732088888
6a69421f-e399-4db8-897a-d8ef21b5e0a7,707b6ccf-c9d9-4c1d-97f4-516b572b2f9d,1697663384768977777
6a69421f-e399-4db8-897a-d8ef21b5e0a7,707b6ccf-c9d9-4c1d-97f4-516b572b2f9d,1697663384809800000
6a69421f-e399-4db8-897a-d8ef21b5e0a7,707b6ccf-c9d9-4c1d-97f4-516b572b2f9d,1697663384827588888
6a69421f-e399-4db8-897a-d8ef21b5e0a7,707b6ccf-c9d9-4c1d-97f4-516b572b2f9d,1697663384869777777
6a69421f-e399-4db8-897a-d8ef21b5e0a7,707b6ccf-c9d9-4c1d-97f4-516b572b2f9d,1697663384902066666
6a69421f-e399-4db8-897a-d8ef21b5e0a7,707b6ccf-c9d9-4c1d-97f4-516b572b2f9d,1697663384928633333
6a69421f-e399-4db8-897a-d8ef21b5e0a7,707b6ccf-c9d9-4c1d-97f4-516b572b2f9d,1697663384963066666
6a69421f-e399-4db8-897a-d8ef21b5e0a7,707b6ccf-c9d9-4c1d-97f4-516b572b2f9d,1697663384996777777
6a69421f-e399-4db8-897a-d8ef21b5e0a7,707b6ccf-c9d9-4c1d-97f4-516b572b2f9d,1697663385027533333
6a69421f-e399-4db8-897a-d8ef21b5e0a7,707b6ccf-c9d9-4c1d-97f4-516b572b2f9d,1697663385061188888
6a69421f-e399-4db8-897a-d8ef21b5e0a7,707b6ccf-c9d9-4c1d-97f4-516b572b2f9d,1697663385103844444
6a69421f-e399-4db8-897a-d8ef21b5e0a7,707b6ccf-c9d9-4c1d-97f4-516b572b2f9d,1697663385129111111
6a69421f-e399-4db8-897a-d8ef21b5e0a7,707b6ccf-c9d9-4c1d-97f4-516b572b2f9d,1697663385170344444
6a69421f-e399-4db8-897a-d8ef21b5e0a7,707b6ccf-c9d9-4c1d-97f4-516b572b2f9d,1697663385198700000
6a69421f-e399-4db8-897a-d8ef21b5e0a7,707b6ccf-c9d9-4c1d-97f4-516b572b2f9d,1697663385230777777
6a69421f-e399-4db8-897a-d8ef21b5e0a7,707b6ccf-c9d9-4c1d-97f4-516b572b2f9d,1697663385268111111
6a69421f-e399-4db8-897a-d8ef21b5e0a7,707b6ccf-c9d9-4c1d-97f4-516b572b2f9d,1697663385299388888
6a69421f-e399-4db8-897a-d8ef21b5e0a7,707b6ccf-c9d9-4c1d-97f4-516b572b2f9d,1697663385331711111
6a69421f-e399-4db8-897a-d8ef21b5e0a7,707b6ccf-c9d9-4c1d-97f4-516b572b2f9d,1697663385366366666
6a69421f-e399-4db8-897a-d8ef21b5e0a7,707b6ccf-c9d9-4c1d-97f4-516b572b2f9d,1697663385399644444
6a69421f-e399-4db8-897a-d8ef21b5e0a7,707b6ccf-c9d9-4c1d-97f4-516b572b2f9d,1697663385431255555
6a69421f-e399-4db8-897a-d8ef21b5e0a7,707b6ccf-c9d9-4c1d-97f4-516b572b2f9d,1697663385478066666
6a69421f-e399-4db8-897a-d8ef21b5e0a7,707b6ccf-c9d9-4c1d-97f4-516b572b2f9d,1697663385491766666
6a69421f-e399-4db8-897a-d8ef21b5e0a7,707b6ccf-c9d9-4c1d-97f4-516b572b2f9d,1697663385522466666
6a69421f-e399-4db8-897a-d8ef21b5e0a7,707b6ccf-c9d9-4c1d-97f4-516b572b2f9d,1697663385568644444
6a69421f-e399-4db8-897a-d8ef21b5e0a7,707b6ccf-c9d9-4c1d-97f4-516b572b2f9d,1697663385601588888
6a69421f-e399-4db8-897a-d8ef21b5e0a7,707b6ccf-c9d9-4c1d-97f4-516b572b2f9d,1697663385620622222
6a69421f-e399-4db8-897a-d8ef21b5e0a7,707b6ccf-c9d9-4c1d-97f4-516b572b2f9d,1697663385666300000
6a69421f-e399-4db8-897a-d8ef21b5e0a7,707b6ccf-c9d9-4c1d-97f4-516b572b2f9d,1697663385697600000
6a69421f-e399-4db8-897a-d8ef21b5e0a7,707b6ccf-c9d9-4c1d-97f4-516b572b2f9d,1697663385741966666
6a69421f-e399-4db8-897a-d8ef21b5e0a7,707b6ccf-c9d9-4c1d-97f4-516b572b2f9d,1697663385758466666
6a69421f-e399-4db8-897a-d8ef21b5e0a7,707b6ccf-c9d9-4c1d-97f4-516b572b2f9d,1697663385802455555
6a69421f-e399-4db8-897a-d8ef21b5e0a7,707b6ccf-c9d9-4c1d-97f4-516b572b2f9d,1697663385824222222
6a69421f-e399-4db8-897a-d8ef21b5e0a7,707b6ccf-c9d9-4c1d-97f4-516b572b2f9d,1697663385870177777
6a69421f-e399-4db8-897a-d8ef21b5e0a7,707b6ccf-c9d9-4c1d-97f4-516b572b2f9d,1697663385901733333
6a69421f-e399-4db8-897a-d8ef21b5e0a7,707b6ccf-c9d9-4c1d-97f4-516b572b2f9d,1697663385932111111
6a69421f-e399-4db8-897a-d8ef21b5e0a7,707b6ccf-c9d9-4c1d-97f4-516b572b2f9d,1697663385968599999
6a69421f-e399-4db8-897a-d8ef21b5e0a7,707b6ccf-c9d9-4c1d-97f4-516b572b2f9d,1697663385999111111
6a69421f-e399-4db8-897a-d8ef21b5e0a7,707b6ccf-c9d9-4c1d-97f4-516b572b2f9d,1697663386031744444
6a69421f-e399-4db8-897a-d8ef21b5e0a7,707b6ccf-c9d9-4c1d-97f4-516b572b2f9d,1697663386071022222
6a69421f-e399-4db8-897a-d8ef21b5e0a7,707b6ccf-c9d9-4c1d-97f4-516b572b2f9d,1697663386099555555
6a69421f-e399-4db8-897a-d8ef21b5e0a7,707b6ccf-c9d9-4c1d-97f4-516b572b2f9d,1697663386130533333
6a69421f-e399-4db8-897a-d8ef21b5e0a7,707b6ccf-c9d9-4c1d-97f4-516b572b2f9d,1697663386165622222
6a69421f-e399-4db8-897a-d8ef21b5e0a7,707b6ccf-c9d9-4c1d-97f4-516b572b2f9d,1697663386197911111
6a69421f-e399-4db8-897a-d8ef21b5e0a7,707b6ccf-c9d9-4c1d-97f4-516b572b2f9d,1697663386235366666
6a69421f-e399-4db8-897a-d8ef21b5e0a7,707b6ccf-c9d9-4c1d-97f4-516b572b2f9d,1697663386270100000
6a69421f-e399-4db8-897a-d8ef21b5e0a7,707b6ccf-c9d9-4c1d-97f4-516b572b2f9d,1697663386293900000
6a69421f-e399-4db8-897a-d8ef21b5e0a7,707b6ccf-c9d9-4c1d-97f4-516b572b2f9d,1697663386337344444
6a69421f-e399-4db8-897a-d8ef21b5e0a7,707b6ccf-c9d9-4c1d-97f4-516b572b2f9d,1697663386359511111
6a69421f-e399-4db8-897a-d8ef21b5e0a7,707b6ccf-c9d9-4c1d-97f4-516b572b2f9d,1697663386392300000
6a69421f-e399-4db8-897a-d8ef21b5e0a7,707b6ccf-c9d9-4c1d-97f4-516b572b2f9d,1697663386437533333
6a69421f-e399-4db8-897a-d8ef21b5e0a7,707b6ccf-c9d9-4c1d-97f4-516b572b2f9d,1697663386461100000
6a69421f-e399-4db8-897a-d8ef21b5e0a7,707b6ccf-c9d9-4c1d-97f4-516b572b2f9d,1697663386498477777
6a69421f-e399-4db8-897a-d8ef21b5e0a7,707b6ccf-c9d9-4c1d-97f4-516b572b2f9d,1697663386526655555
6a69421f-e399-4db8-897a-d8ef21b5e0a7,707b6ccf-c9d9-4c1d-97f4-516b572b2f9d,1697663386571422222
6a69421f-e399-4db8-897a-d8ef21b5e0a7,707b6ccf-c9d9-4c1d-97f4-516b572b2f9d,1697663386599944444
6a69421f-e399-4db8-897a-d8ef21b5e0a7,707b6ccf-c9d9-4c1d-97f4-516b572b2f9d,1697663386631166666
6a69421f-e399-4db8-897a-d8ef21b5e0a7,707b6ccf-c9d9-4c1d-97f4-516b572b2f9d,1697663386667111111
6a69421f-e399-4db8-897a-d8ef21b5e0a7,707b6ccf-c9d9-4c1d-97f4-516b572b2f9d,1697663386698144444
6a69421f-e399-4db8-897a-d8ef21b5e0a7,707b6ccf-c9d9-4c1d-97f4-516b572b2f9d,1697663386728888888
6a69421f-e399-4db8-897a-d8ef21b5e0a7,707b6ccf-c9d9-4c1d-97f4-516b572b2f9d,1697663386770177777
6a69421f-e399-4db8-897a-d8ef21b5e0a7,707b6ccf-c9d9-4c1d-97f4-516b572b2f9d,1697663386800700000
6a69421f-e399-4db8-897a-d8ef21b5e0a7,707b6ccf-c9d9-4c1d-97f4-516b572b2f9d,1697663386831111111
6a69421f-e399-4db8-897a-d8ef21b5e0a7,707b6ccf-c9d9-4c1d-97f4-516b572b2f9d,1697663386869044444
6a69421f-e399-4db8-897a-d8ef21b5e0a7,707b6ccf-c9d9-4c1d-97f4-516b572b2f9d,1697663386895200000
6a69421f-e399-4db8-897a-d8ef21b5e0a7,707b6ccf-c9d9-4c1d-97f4-516b572b2f9d,1697663386928022222
6a69421f-e399-4db8-897a-d8ef21b5e0a7,707b6ccf-c9d9-4c1d-97f4-516b572b2f9d,1697663386964466666
6a69421f-e399-4db8-897a-d8ef21b5e0a7,707b6ccf-c9d9-4c1d-97f4-516b572b2f9d,1697663387002811111
6a69421f-e399-4db8-897a-d8ef21b5e0a7,707b6ccf-c9d9-4c1d-97f4-516b572b2f9d,1697663387021411111
6a69421f-e399-4db8-897a-d8ef21b5e0a7,707b6ccf-c9d9-4c1d-97f4-516b572b2f9d,1697663387071933333
6a69421f-e399-4db8-897a-d8ef21b5e0a7,707b6ccf-c9d9-4c1d-97f4-516b572b2f9d,1697663387102922222
6a69421f-e399-4db8-897a-d8ef21b5e0a7,707b6ccf-c9d9-4c1d-97f4-516b572b2f9d,1697663387122888888
6a69421f-e399-4db8-897a-d8ef21b5e0a7,707b6ccf-c9d9-4c1d-97f4-516b572b2f9d,1697663387160588888
6a69421f-e399-4db8-897a-d8ef21b5e0a7,707b6ccf-c9d9-4c1d-97f4-516b572b2f9d,1697663387192066666
6a69421f-e399-4db8-897a-d8ef21b5e0a7,707b6ccf-c9d9-4c1d-97f4-516b572b2f9d,1697663387235822222
6a69421f-e399-4db8-897a-d8ef21b5e0a7,707b6ccf-c9d9-4c1d-97f4-516b572b2f9d,1697663387258588888
6a69421f-e399-4db8-897a-d8ef21b5e0a7,707b6ccf-c9d9-4c1d-97f4-516b572b2f9d,1697663387301166666
6a69421f-e399-4db8-897a-d8ef21b5e0a7,707b6ccf-c9d9-4c1d-97f4-516b572b2f9d,1697663387330033333
6a69421f-e399-4db8-897a-d8ef21b5e0a7,707b6ccf-c9d9-4c1d-97f4-516b572b2f9d,1697663387370811111
6a69421f-e399-4db8-897a-d8ef21b5e0a7,707b6ccf-c9d9-4c1d-97f4-516b572b2f9d,1697663387402366666
6a69421f-e399-4db8-897a-d8ef21b5e0a7,707b6ccf-c9d9-4c1d-97f4-516b572b2f9d,1697663387434288888
6a69421f-e399-4db8-897a-d8ef21b5e0a7,707b6ccf-c9d9-4c1d-97f4-516b572b2f9d,1697663387473444444
6a69421f-e399-4db8-897a-d8ef21b5e0a7,707b6ccf-c9d9-4c1d-97f4-516b572b2f9d,1697663387499333333
6a69421f-e399-4db8-897a-d8ef21b5e0a7,707b6ccf-c9d9-4c1d-97f4-516b572b2f9d,1697663387531122222
6a69421f-e399-4db8-897a-d8ef21b5e0a7,707b6ccf-c9d9-4c1d-97f4-516b572b2f9d,1697663387572266666
6a69421f-e399-4db8-897a-d8ef21b5e0a7,707b6ccf-c9d9-4c1d-97f4-516b572b2f9d,1697663387595533333
6a69421f-e399-4db8-897a-d8ef21b5e0a7,707b6ccf-c9d9-4c1d-97f4-516b572b2f9d,1697663387642033333
6a69421f-e399-4db8-897a-d8ef21b5e0a7,707b6ccf-c9d9-4c1d-97f4-516b572b2f9d,1697663387658700000
6a69421f-e399-4db8-897a-d8ef21b5e0a7,707b6ccf-c9d9-4c1d-97f4-516b572b2f9d,1697663387703422222
6a69421f-e399-4db8-897a-d8ef21b5e0a7,707b6ccf-c9d9-4c1d-97f4-516b572b2f9d,1697663387721600000
6a69421f-e399-4db8-897a-d8ef21b5e0a7,707b6ccf-c9d9-4c1d-97f4-516b572b2f9d,1697663387760388888
6a69421f-e399-4db8-897a-d8ef21b5e0a7,707b6ccf-c9d9-4c1d-97f4-516b572b2f9d,1697663387794488888
6a69421f-e399-4db8-897a-d8ef21b5e0a7,707b6ccf-c9d9-4c1d-97f4-516b572b2f9d,1697663387835311111
6a69421f-e399-4db8-897a-d8ef21b5e0a7,707b6ccf-c9d9-4c1d-97f4-516b572b2f9d,1697663387873222222
6a69421f-e399-4db8-897a-d8ef21b5e0a7,707b6ccf-c9d9-4c1d-97f4-516b572b2f9d,1697663387898055555
6a69421f-e399-4db8-897a-d8ef21b5e0a7,707b6ccf-c9d9-4c1d-97f4-516b572b2f9d,1697663387931777777
6a69421f-e399-4db8-897a-d8ef21b5e0a7,707b6ccf-c9d9-4c1d-97f4-516b572b2f9d,1697663387968088888
6a69421f-e399-4db8-897a-d8ef21b5e0a7,707b6ccf-c9d9-4c1d-97f4-516b572b2f9d,1697663387997988888
6a69421f-e399-4db8-897a-d8ef21b5e0a7,707b6ccf-c9d9-4c1d-97f4-516b572b2f9d,1697663388034744444
6a69421f-e399-4db8-897a-d8ef21b5e0a7,707b6ccf-c9d9-4c1d-97f4-516b572b2f9d,1697663388065800000
6a69421f-e399-4db8-897a-d8ef21b5e0a7,707b6ccf-c9d9-4c1d-97f4-516b572b2f9d,1697663388099011111
6a69421f-e399-4db8-897a-d8ef21b5e0a7,707b6ccf-c9d9-4c1d-97f4-516b572b2f9d,1697663388131622222
6a69421f-e399-4db8-897a-d8ef21b5e0a7,707b6ccf-c9d9-4c1d-97f4-516b572b2f9d,1697663388170511111
6a69421f-e399-4db8-897a-d8ef21b5e0a7,707b6ccf-c9d9-4c1d-97f4-516b572b2f9d,1697663388199166666
6a69421f-e399-4db8-897a-d8ef21b5e0a7,707b6ccf-c9d9-4c1d-97f4-516b572b2f9d,1697663388231700000
6a69421f-e399-4db8-897a-d8ef21b5e0a7,707b6ccf-c9d9-4c1d-97f4-516b572b2f9d,1697663388272677777
6a69421f-e399-4db8-897a-d8ef21b5e0a7,707b6ccf-c9d9-4c1d-97f4-516b572b2f9d,1697663388302266666
6a69421f-e399-4db8-897a-d8ef21b5e0a7,707b6ccf-c9d9-4c1d-97f4-516b572b2f9d,1697663388321033333
6a69421f-e399-4db8-897a-d8ef21b5e0a7,707b6ccf-c9d9-4c1d-97f4-516b572b2f9d,1697663388360033333
6a69421f-e399-4db8-897a-d8ef21b5e0a7,707b6ccf-c9d9-4c1d-97f4-516b572b2f9d,1697663388391266666
6a69421f-e399-4db8-897a-d8ef21b5e0a7,707b6ccf-c9d9-4c1d-97f4-516b572b2f9d,1697663388431633333
6a69421f-e399-4db8-897a-d8ef21b5e0a7,707b6ccf-c9d9-4c1d-97f4-516b572b2f9d,1697663388460144444
6a69421f-e399-4db8-897a-d8ef21b5e0a7,707b6ccf-c9d9-4c1d-97f4-516b572b2f9d,1697663388501966666
6a69421f-e399-4db8-897a-d8ef21b5e0a7,707b6ccf-c9d9-4c1d-97f4-516b572b2f9d,1697663388521033333
6a69421f-e399-4db8-897a-d8ef21b5e0a7,707b6ccf-c9d9-4c1d-97f4-516b572b2f9d,1697663388566588888
6a69421f-e399-4db8-897a-d8ef21b5e0a7,707b6ccf-c9d9-4c1d-97f4-516b572b2f9d,1697663388596677777
6a69421f-e399-4db8-897a-d8ef21b5e0a7,707b6ccf-c9d9-4c1d-97f4-516b572b2f9d,1697663388629511111
6a69421f-e399-4db8-897a-d8ef21b5e0a7,707b6ccf-c9d9-4c1d-97f4-516b572b2f9d,1697663388662388888
6a69421f-e399-4db8-897a-d8ef21b5e0a7,707b6ccf-c9d9-4c1d-97f4-516b572b2f9d,1697663388700144444
6a69421f-e399-4db8-897a-d8ef21b5e0a7,707b6ccf-c9d9-4c1d-97f4-516b572b2f9d,1697663388728211111
6a69421f-e399-4db8-897a-d8ef21b5e0a7,707b6ccf-c9d9-4c1d-97f4-516b572b2f9d,1697663388763700000
6a69421f-e399-4db8-897a-d8ef21b5e0a7,707b6ccf-c9d9-4c1d-97f4-516b572b2f9d,1697663388801255555
6a69421f-e399-4db8-897a-d8ef21b5e0a7,707b6ccf-c9d9-4c1d-97f4-516b572b2f9d,1697663388835100000
6a69421f-e399-4db8-897a-d8ef21b5e0a7,707b6ccf-c9d9-4c1d-97f4-516b572b2f9d,1697663388863144444
6a69421f-e399-4db8-897a-d8ef21b5e0a7,707b6ccf-c9d9-4c1d-97f4-516b572b2f9d,1697663388900833333
6a69421f-e399-4db8-897a-d8ef21b5e0a7,707b6ccf-c9d9-4c1d-97f4-516b572b2f9d,1697663388928055555
6a69421f-e399-4db8-897a-d8ef21b5e0a7,707b6ccf-c9d9-4c1d-97f4-516b572b2f9d,1697663388973000000
6a69421f-e399-4db8-897a-d8ef21b5e0a7,707b6ccf-c9d9-4c1d-97f4-516b572b2f9d,1697663389001622222
6a69421f-e399-4db8-897a-d8ef21b5e0a7,707b6ccf-c9d9-4c1d-97f4-516b572b2f9d,1697663389022133333
6a69421f-e399-4db8-897a-d8ef21b5e0a7,707b6ccf-c9d9-4c1d-97f4-516b572b2f9d,1697663389072444444
6a69421f-e399-4db8-897a-d8ef21b5e0a7,707b6ccf-c9d9-4c1d-97f4-516b572b2f9d,1697663389102933333
6a69421f-e399-4db8-897a-d8ef21b5e0a7,707b6ccf-c9d9-4c1d-97f4-516b572b2f9d,1697663389121433333
6a69421f-e399-4db8-897a-d8ef21b5e0a7,707b6ccf-c9d9-4c1d-97f4-516b572b2f9d,1697663389156333333
6a69421f-e399-4db8-897a-d8ef21b5e0a7,707b6ccf-c9d9-4c1d-97f4-516b572b2f9d,1697663389206522222
6a69421f-e399-4db8-897a-d8ef21b5e0a7,707b6ccf-c9d9-4c1d-97f4-516b572b2f9d,1697663389224144444
6a69421f-e399-4db8-897a-d8ef21b5e0a7,707b6ccf-c9d9-4c1d-97f4-516b572b2f9d,1697663389268666666
6a69421f-e399-4db8-897a-d8ef21b5e0a7,707b6ccf-c9d9-4c1d-97f4-516b572b2f9d,1697663389302522222
6a69421f-e399-4db8-897a-d8ef21b5e0a7,707b6ccf-c9d9-4c1d-97f4-516b572b2f9d,1697663389333511111
6a69421f-e399-4db8-897a-d8ef21b5e0a7,707b6ccf-c9d9-4c1d-97f4-516b572b2f9d,1697663389363022222
6a69421f-e399-4db8-897a-d8ef21b5e0a7,707b6ccf-c9d9-4c1d-97f4-516b572b2f9d,1697663389402833333
6a69421f-e399-4db8-897a-d8ef21b5e0a7,707b6ccf-c9d9-4c1d-97f4-516b572b2f9d,1697663389431533333
6a69421f-e399-4db8-897a-d8ef21b5e0a7,707b6ccf-c9d9-4c1d-97f4-516b572b2f9d,1697663389465900000
6a69421f-e399-4db8-897a-d8ef21b5e0a7,707b6ccf-c9d9-4c1d-97f4-516b572b2f9d,1697663389503777777
6a69421f-e399-4db8-897a-d8ef21b5e0a7,707b6ccf-c9d9-4c1d-97f4-516b572b2f9d,1697663389534811111
6a69421f-e399-4db8-897a-d8ef21b5e0a7,707b6ccf-c9d9-4c1d-97f4-516b572b2f9d,1697663389564966666
6a69421f-e399-4db8-897a-d8ef21b5e0a7,707b6ccf-c9d9-4c1d-97f4-516b572b2f9d,1697663389602355555
6a69421f-e399-4db8-897a-d8ef21b5e0a7,707b6ccf-c9d9-4c1d-97f4-516b572b2f9d,1697663389635800000
6a69421f-e399-4db8-897a-d8ef21b5e0a7,707b6ccf-c9d9-4c1d-97f4-516b572b2f9d,1697663389669155555
6a69421f-e399-4db8-897a-d8ef21b5e0a7,707b6ccf-c9d9-4c1d-97f4-516b572b2f9d,1697663389701222222
6a69421f-e399-4db8-897a-d8ef21b5e0a7,707b6ccf-c9d9-4c1d-97f4-516b572b2f9d,1697663389724233333
6a69421f-e399-4db8-897a-d8ef21b5e0a7,707b6ccf-c9d9-4c1d-97f4-516b572b2f9d,1697663389763555555
6a69421f-e399-4db8-897a-d8ef21b5e0a7,707b6ccf-c9d9-4c1d-97f4-516b572b2f9d,1697663389798688888
6a69421f-e399-4db8-897a-d8ef21b5e0a7,707b6ccf-c9d9-4c1d-97f4-516b572b2f9d,1697663389821988888
6a69421f-e399-4db8-897a-d8ef21b5e0a7,707b6ccf-c9d9-4c1d-97f4-516b572b2f9d,1697663389866211111
6a69421f-e399-4db8-897a-d8ef21b5e0a7,707b6ccf-c9d9-4c1d-97f4-516b572b2f9d,1697663389901188888
6a69421f-e399-4db8-897a-d8ef21b5e0a7,707b6ccf-c9d9-4c1d-97f4-516b572b2f9d,1697663389924722222
6a69421f-e399-4db8-897a-d8ef21b5e0a7,707b6ccf-c9d9-4c1d-97f4-516b572b2f9d,1697663389963555555
6a69421f-e399-4db8-897a-d8ef21b5e0a7,707b6ccf-c9d9-4c1d-97f4-516b572b2f9d,1697663389998866666
6a69421f-e399-4db8-897a-d8ef21b5e0a7,707b6ccf-c9d9-4c1d-97f4-516b572b2f9d,1697663390034922222
6a69421f-e399-4db8-897a-d8ef21b5e0a7,707b6ccf-c9d9-4c1d-97f4-516b572b2f9d,1697663390064055555
6a69421f-e399-4db8-897a-d8ef21b5e0a7,707b6ccf-c9d9-4c1d-97f4-516b572b2f9d,1697663390099311111
6a69421f-e399-4db8-897a-d8ef21b5e0a7,707b6ccf-c9d9-4c1d-97f4-516b572b2f9d,1697663390130766666
6a69421f-e399-4db8-897a-d8ef21b5e0a7,707b6ccf-c9d9-4c1d-97f4-516b572b2f9d,1697663390164277777
6a69421f-e399-4db8-897a-d8ef21b5e0a7,707b6ccf-c9d9-4c1d-97f4-516b572b2f9d,1697663390203522222
6a69421f-e399-4db8-897a-d8ef21b5e0a7,707b6ccf-c9d9-4c1d-97f4-516b572b2f9d,1697663390234577777
6a69421f-e399-4db8-897a-d8ef21b5e0a7,707b6ccf-c9d9-4c1d-97f4-516b572b2f9d,1697663390264388888
6a69421f-e399-4db8-897a-d8ef21b5e0a7,707b6ccf-c9d9-4c1d-97f4-516b572b2f9d,1697663390303422222
6a69421f-e399-4db8-897a-d8ef21b5e0a7,707b6ccf-c9d9-4c1d-97f4-516b572b2f9d,1697663390335522222
6a69421f-e399-4db8-897a-d8ef21b5e0a7,707b6ccf-c9d9-4c1d-97f4-516b572b2f9d,1697663390355955555
6a69421f-e399-4db8-897a-d8ef21b5e0a7,707b6ccf-c9d9-4c1d-97f4-516b572b2f9d,1697663390406711111
6a69421f-e399-4db8-897a-d8ef21b5e0a7,707b6ccf-c9d9-4c1d-97f4-516b572b2f9d,1697663390423600000
6a69421f-e399-4db8-897a-d8ef21b5e0a7,707b6ccf-c9d9-4c1d-97f4-516b572b2f9d,1697663390457300000
6a69421f-e399-4db8-897a-d8ef21b5e0a7,707b6ccf-c9d9-4c1d-97f4-516b572b2f9d,1697663390490133333
6a69421f-e399-4db8-897a-d8ef21b5e0a7,707b6ccf-c9d9-4c1d-97f4-516b572b2f9d,1697663390534800000
6a69421f-e399-4db8-897a-d8ef21b5e0a7,707b6ccf-c9d9-4c1d-97f4-516b572b2f9d,1697663390566888888
6a69421f-e399-4db8-897a-d8ef21b5e0a7,707b6ccf-c9d9-4c1d-97f4-516b572b2f9d,1697663390598877777
6a69421f-e399-4db8-897a-d8ef21b5e0a7,707b6ccf-c9d9-4c1d-97f4-516b572b2f9d,1697663390631400000
6a69421f-e399-4db8-897a-d8ef21b5e0a7,707b6ccf-c9d9-4c1d-97f4-516b572b2f9d,1697663390669200000
6a69421f-e399-4db8-897a-d8ef21b5e0a7,707b6ccf-c9d9-4c1d-97f4-516b572b2f9d,1697663390701566666
6a69421f-e399-4db8-897a-d8ef21b5e0a7,707b6ccf-c9d9-4c1d-97f4-516b572b2f9d,1697663390732133333
6a69421f-e399-4db8-897a-d8ef21b5e0a7,707b6ccf-c9d9-4c1d-97f4-516b572b2f9d,1697663390762211111
6a69421f-e399-4db8-897a-d8ef21b5e0a7,707b6ccf-c9d9-4c1d-97f4-516b572b2f9d,1697663390802477777
6a69421f-e399-4db8-897a-d8ef21b5e0a7,707b6ccf-c9d9-4c1d-97f4-516b572b2f9d,1697663390833744444
6a69421f-e399-4db8-897a-d8ef21b5e0a7,707b6ccf-c9d9-4c1d-97f4-516b572b2f9d,1697663390863388888
6a69421f-e399-4db8-897a-d8ef21b5e0a7,707b6ccf-c9d9-4c1d-97f4-516b572b2f9d,1697663390899488888
6a69421f-e399-4db8-897a-d8ef21b5e0a7,707b6ccf-c9d9-4c1d-97f4-516b572b2f9d,1697663390931044444
6a69421f-e399-4db8-897a-d8ef21b5e0a7,707b6ccf-c9d9-4c1d-97f4-516b572b2f9d,1697663390964122222
6a69421f-e399-4db8-897a-d8ef21b5e0a7,707b6ccf-c9d9-4c1d-97f4-516b572b2f9d,1697663391002166666
6a69421f-e399-4db8-897a-d8ef21b5e0a7,707b6ccf-c9d9-4c1d-97f4-516b572b2f9d,1697663391022922222
6a69421f-e399-4db8-897a-d8ef21b5e0a7,707b6ccf-c9d9-4c1d-97f4-516b572b2f9d,1697663391055655555
6a69421f-e399-4db8-897a-d8ef21b5e0a7,707b6ccf-c9d9-4c1d-97f4-516b572b2f9d,1697663391091488888
6a69421f-e399-4db8-897a-d8ef21b5e0a7,707b6ccf-c9d9-4c1d-97f4-516b572b2f9d,1697663391122988888
6a69421f-e399-4db8-897a-d8ef21b5e0a7,707b6ccf-c9d9-4c1d-97f4-516b572b2f9d,1697663391171088888
6a69421f-e399-4db8-897a-d8ef21b5e0a7,707b6ccf-c9d9-4c1d-97f4-516b572b2f9d,1697663391200688888
6a69421f-e399-4db8-897a-d8ef21b5e0a7,707b6ccf-c9d9-4c1d-97f4-516b572b2f9d,1697663391224666666
6a69421f-e399-4db8-897a-d8ef21b5e0a7,707b6ccf-c9d9-4c1d-97f4-516b572b2f9d,1697663391269811111
6a69421f-e399-4db8-897a-d8ef21b5e0a7,707b6ccf-c9d9-4c1d-97f4-516b572b2f9d,1697663391302866666
6a69421f-e399-4db8-897a-d8ef21b5e0a7,707b6ccf-c9d9-4c1d-97f4-516b572b2f9d,1697663391325044444
6a69421f-e399-4db8-897a-d8ef21b5e0a7,707b6ccf-c9d9-4c1d-97f4-516b572b2f9d,1697663391365577777
6a69421f-e399-4db8-897a-d8ef21b5e0a7,707b6ccf-c9d9-4c1d-97f4-516b572b2f9d,1697663391399633333
6a69421f-e399-4db8-897a-d8ef21b5e0a7,707b6ccf-c9d9-4c1d-97f4-516b572b2f9d,1697663391430711111
6a69421f-e399-4db8-897a-d8ef21b5e0a7,707b6ccf-c9d9-4c1d-97f4-516b572b2f9d,1697663391463277777
6a69421f-e399-4db8-897a-d8ef21b5e0a7,707b6ccf-c9d9-4c1d-97f4-516b572b2f9d,1697663391501688888
6a69421f-e399-4db8-897a-d8ef21b5e0a7,707b6ccf-c9d9-4c1d-97f4-516b572b2f9d,1697663391531100000
6a69421f-e399-4db8-897a-d8ef21b5e0a7,707b6ccf-c9d9-4c1d-97f4-516b572b2f9d,1697663391563588888
6a69421f-e399-4db8-897a-d8ef21b5e0a7,707b6ccf-c9d9-4c1d-97f4-516b572b2f9d,1697663391600288888
6a69421f-e399-4db8-897a-d8ef21b5e0a7,707b6ccf-c9d9-4c1d-97f4-516b572b2f9d,1697663391631788888
6a69421f-e399-4db8-897a-d8ef21b5e0a7,707b6ccf-c9d9-4c1d-97f4-516b572b2f9d,1697663391673055555
6a69421f-e399-4db8-897a-d8ef21b5e0a7,707b6ccf-c9d9-4c1d-97f4-516b572b2f9d,1697663391709866666
6a69421f-e399-4db8-897a-d8ef21b5e0a7,707b6ccf-c9d9-4c1d-97f4-516b572b2f9d,1697663391725522222
6a69421f-e399-4db8-897a-d8ef21b5e0a7,707b6ccf-c9d9-4c1d-97f4-516b572b2f9d,1697663391753555555
6a69421f-e399-4db8-897a-d8ef21b5e0a7,707b6ccf-c9d9-4c1d-97f4-516b572b2f9d,1697663391797588888
6a69421f-e399-4db8-897a-d8ef21b5e0a7,707b6ccf-c9d9-4c1d-97f4-516b572b2f9d,1697663391832622222
6a69421f-e399-4db8-897a-d8ef21b5e0a7,707b6ccf-c9d9-4c1d-97f4-516b572b2f9d,1697663391865255555
6a69421f-e399-4db8-897a-d8ef21b5e0a7,707b6ccf-c9d9-4c1d-97f4-516b572b2f9d,1697663391894655555
6a69421f-e399-4db8-897a-d8ef21b5e0a7,707b6ccf-c9d9-4c1d-97f4-516b572b2f9d,1697663391931633333
6a69421f-e399-4db8-897a-d8ef21b5e0a7,707b6ccf-c9d9-4c1d-97f4-516b572b2f9d,1697663391964366666
6a69421f-e399-4db8-897a-d8ef21b5e0a7,707b6ccf-c9d9-4c1d-97f4-516b572b2f9d,1697663391995455555
6a69421f-e399-4db8-897a-d8ef21b5e0a7,707b6ccf-c9d9-4c1d-97f4-516b572b2f9d,1697663392031300000
6a69421f-e399-4db8-897a-d8ef21b5e0a7,707b6ccf-c9d9-4c1d-97f4-516b572b2f9d,1697663392063966666
6a69421f-e399-4db8-897a-d8ef21b5e0a7,707b6ccf-c9d9-4c1d-97f4-516b572b2f9d,1697663392094355555
6a69421f-e399-4db8-897a-d8ef21b5e0a7,707b6ccf-c9d9-4c1d-97f4-516b572b2f9d,1697663392131111111
6a69421f-e399-4db8-897a-d8ef21b5e0a7,707b6ccf-c9d9-4c1d-97f4-516b572b2f9d,1697663392167833333
6a69421f-e399-4db8-897a-d8ef21b5e0a7,707b6ccf-c9d9-4c1d-97f4-516b572b2f9d,1697663392196077777
6a69421f-e399-4db8-897a-d8ef21b5e0a7,707b6ccf-c9d9-4c1d-97f4-516b572b2f9d,1697663392230400000
6a69421f-e399-4db8-897a-d8ef21b5e0a7,707b6ccf-c9d9-4c1d-97f4-516b572b2f9d,1697663392266644444
6a69421f-e399-4db8-897a-d8ef21b5e0a7,707b6ccf-c9d9-4c1d-97f4-516b572b2f9d,1697663392295311111
6a69421f-e399-4db8-897a-d8ef21b5e0a7,707b6ccf-c9d9-4c1d-97f4-516b572b2f9d,1697663392339988888
6a69421f-e399-4db8-897a-d8ef21b5e0a7,707b6ccf-c9d9-4c1d-97f4-516b572b2f9d,1697663392370511111
6a69421f-e399-4db8-897a-d8ef21b5e0a7,707b6ccf-c9d9-4c1d-97f4-516b572b2f9d,1697663392390388888
6a69421f-e399-4db8-897a-d8ef21b5e0a7,707b6ccf-c9d9-4c1d-97f4-516b572b2f9d,1697663392428911111
6a69421f-e399-4db8-897a-d8ef21b5e0a7,707b6ccf-c9d9-4c1d-97f4-516b572b2f9d,1697663392458533333
6a69421f-e399-4db8-897a-d8ef21b5e0a7,707b6ccf-c9d9-4c1d-97f4-516b572b2f9d,1697663392488777777
6a69421f-e399-4db8-897a-d8ef21b5e0a7,707b6ccf-c9d9-4c1d-97f4-516b572b2f9d,1697663392529422222
6a69421f-e399-4db8-897a-d8ef21b5e0a7,707b6ccf-c9d9-4c1d-97f4-516b572b2f9d,1697663392562822222
6a69421f-e399-4db8-897a-d8ef21b5e0a7,707b6ccf-c9d9-4c1d-97f4-516b572b2f9d,1697663392598411111
6a69421f-e399-4db8-897a-d8ef21b5e0a7,707b6ccf-c9d9-4c1d-97f4-516b572b2f9d,1697663392631433333
6a69421f-e399-4db8-897a-d8ef21b5e0a7,707b6ccf-c9d9-4c1d-97f4-516b572b2f9d,1697663392663155555
6a69421f-e399-4db8-897a-d8ef21b5e0a7,707b6ccf-c9d9-4c1d-97f4-516b572b2f9d,1697663392694522222
6a69421f-e399-4db8-897a-d8ef21b5e0a7,707b6ccf-c9d9-4c1d-97f4-516b572b2f9d,1697663392730166666
6a69421f-e399-4db8-897a-d8ef21b5e0a7,707b6ccf-c9d9-4c1d-97f4-516b572b2f9d,1697663392765511111
6a69421f-e399-4db8-897a-d8ef21b5e0a7,707b6ccf-c9d9-4c1d-97f4-516b572b2f9d,1697663392796988888
6a69421f-e399-4db8-897a-d8ef21b5e0a7,707b6ccf-c9d9-4c1d-97f4-516b572b2f9d,1697663392832144444
6a69421f-e399-4db8-897a-d8ef21b5e0a7,707b6ccf-c9d9-4c1d-97f4-516b572b2f9d,1697663392864022222
6a69421f-e399-4db8-897a-d8ef21b5e0a7,707b6ccf-c9d9-4c1d-97f4-516b572b2f9d,1697663392896955555
6a69421f-e399-4db8-897a-d8ef21b5e0a7,707b6ccf-c9d9-4c1d-97f4-516b572b2f9d,1697663392932588888
6a69421f-e399-4db8-897a-d8ef21b5e0a7,707b6ccf-c9d9-4c1d-97f4-516b572b2f9d,1697663392963200000
6a69421f-e399-4db8-897a-d8ef21b5e0a7,707b6ccf-c9d9-4c1d-97f4-516b572b2f9d,1697663392997655555
6a69421f-e399-4db8-897a-d8ef21b5e0a7,707b6ccf-c9d9-4c1d-97f4-516b572b2f9d,1697663393023388888
6a69421f-e399-4db8-897a-d8ef21b5e0a7,707b6ccf-c9d9-4c1d-97f4-516b572b2f9d,1697663393054333333
6a69421f-e399-4db8-897a-d8ef21b5e0a7,707b6ccf-c9d9-4c1d-97f4-516b572b2f9d,1697663393104666666
6a69421f-e399-4db8-897a-d8ef21b5e0a7,707b6ccf-c9d9-4c1d-97f4-516b572b2f9d,1697663393133955555
6a69421f-e399-4db8-897a-d8ef21b5e0a7,707b6ccf-c9d9-4c1d-97f4-516b572b2f9d,1697663393175188888
6a69421f-e399-4db8-897a-d8ef21b5e0a7,707b6ccf-c9d9-4c1d-97f4-516b572b2f9d,1697663393188622222
6a69421f-e399-4db8-897a-d8ef21b5e0a7,707b6ccf-c9d9-4c1d-97f4-516b572b2f9d,1697663393232744444
6a69421f-e399-4db8-897a-d8ef21b5e0a7,707b6ccf-c9d9-4c1d-97f4-516b572b2f9d,1697663393266933333
6a69421f-e399-4db8-897a-d8ef21b5e0a7,707b6ccf-c9d9-4c1d-97f4-516b572b2f9d,1697663393296166666
6a69421f-e399-4db8-897a-d8ef21b5e0a7,707b6ccf-c9d9-4c1d-97f4-516b572b2f9d,1697663393330711111
6a69421f-e399-4db8-897a-d8ef21b5e0a7,707b6ccf-c9d9-4c1d-97f4-516b572b2f9d,1697663393363166666
6a69421f-e399-4db8-897a-d8ef21b5e0a7,707b6ccf-c9d9-4c1d-97f4-516b572b2f9d,1697663393395400000
6a69421f-e399-4db8-897a-d8ef21b5e0a7,707b6ccf-c9d9-4c1d-97f4-516b572b2f9d,1697663393432466666
6a69421f-e399-4db8-897a-d8ef21b5e0a7,707b6ccf-c9d9-4c1d-97f4-516b572b2f9d,1697663393466100000
6a69421f-e399-4db8-897a-d8ef21b5e0a7,707b6ccf-c9d9-4c1d-97f4-516b572b2f9d,1697663393494144444
6a69421f-e399-4db8-897a-d8ef21b5e0a7,707b6ccf-c9d9-4c1d-97f4-516b572b2f9d,1697663393530655555
6a69421f-e399-4db8-897a-d8ef21b5e0a7,707b6ccf-c9d9-4c1d-97f4-516b572b2f9d,1697663393565722222
6a69421f-e399-4db8-897a-d8ef21b5e0a7,707b6ccf-c9d9-4c1d-97f4-516b572b2f9d,1697663393594255555
6a69421f-e399-4db8-897a-d8ef21b5e0a7,707b6ccf-c9d9-4c1d-97f4-516b572b2f9d,1697663393631788888
6a69421f-e399-4db8-897a-d8ef21b5e0a7,707b6ccf-c9d9-4c1d-97f4-516b572b2f9d,1697663393661766666
6a69421f-e399-4db8-897a-d8ef21b5e0a7,707b6ccf-c9d9-4c1d-97f4-516b572b2f9d,1697663393712200000
6a69421f-e399-4db8-897a-d8ef21b5e0a7,707b6ccf-c9d9-4c1d-97f4-516b572b2f9d,1697663393729455555
6a69421f-e399-4db8-897a-d8ef21b5e0a7,707b6ccf-c9d9-4c1d-97f4-516b572b2f9d,1697663393754633333
6a69421f-e399-4db8-897a-d8ef21b5e0a7,707b6ccf-c9d9-4c1d-97f4-516b572b2f9d,1697663393801733333
6a69421f-e399-4db8-897a-d8ef21b5e0a7,707b6ccf-c9d9-4c1d-97f4-516b572b2f9d,1697663393834811111
6a69421f-e399-4db8-897a-d8ef21b5e0a7,707b6ccf-c9d9-4c1d-97f4-516b572b2f9d,1697663393852988888
6a69421f-e399-4db8-897a-d8ef21b5e0a7,707b6ccf-c9d9-4c1d-97f4-516b572b2f9d,1697663393894977777
6a69421f-e399-4db8-897a-d8ef21b5e0a7,707b6ccf-c9d9-4c1d-97f4-516b572b2f9d,1697663393931722222
6a69421f-e399-4db8-897a-d8ef21b5e0a7,707b6ccf-c9d9-4c1d-97f4-516b572b2f9d,1697663393962288888
6a69421f-e399-4db8-897a-d8ef21b5e0a7,707b6ccf-c9d9-4c1d-97f4-516b572b2f9d,1697663393994666666
6a69421f-e399-4db8-897a-d8ef21b5e0a7,707b6ccf-c9d9-4c1d-97f4-516b572b2f9d,1697663394033877777
6a69421f-e399-4db8-897a-d8ef21b5e0a7,707b6ccf-c9d9-4c1d-97f4-516b572b2f9d,1697663394067055555
6a69421f-e399-4db8-897a-d8ef21b5e0a7,707b6ccf-c9d9-4c1d-97f4-516b572b2f9d,1697663394094833333
6a69421f-e399-4db8-897a-d8ef21b5e0a7,707b6ccf-c9d9-4c1d-97f4-516b572b2f9d,1697663394129111111
6a69421f-e399-4db8-897a-d8ef21b5e0a7,707b6ccf-c9d9-4c1d-97f4-516b572b2f9d,1697663394162711111
6a69421f-e399-4db8-897a-d8ef21b5e0a7,707b6ccf-c9d9-4c1d-97f4-516b572b2f9d,1697663394201355555
6a69421f-e399-4db8-897a-d8ef21b5e0a7,707b6ccf-c9d9-4c1d-97f4-516b572b2f9d,1697663394231744444
6a69421f-e399-4db8-897a-d8ef21b5e0a7,707b6ccf-c9d9-4c1d-97f4-516b572b2f9d,1697663394263177777
6a69421f-e399-4db8-897a-d8ef21b5e0a7,707b6ccf-c9d9-4c1d-97f4-516b572b2f9d,1697663394294844444
6a69421f-e399-4db8-897a-d8ef21b5e0a7,707b6ccf-c9d9-4c1d-97f4-516b572b2f9d,1697663394330022222
6a69421f-e399-4db8-897a-d8ef21b5e0a7,707b6ccf-c9d9-4c1d-97f4-516b572b2f9d,1697663394361622222
6a69421f-e399-4db8-897a-d8ef21b5e0a7,707b6ccf-c9d9-4c1d-97f4-516b572b2f9d,1697663394387622222
6a69421f-e399-4db8-897a-d8ef21b5e0a7,707b6ccf-c9d9-4c1d-97f4-516b572b2f9d,1697663394422088888
6a69421f-e399-4db8-897a-d8ef21b5e0a7,707b6ccf-c9d9-4c1d-97f4-516b572b2f9d,1697663394456555555
6a69421f-e399-4db8-897a-d8ef21b5e0a7,707b6ccf-c9d9-4c1d-97f4-516b572b2f9d,1697663394491177777
6a69421f-e399-4db8-897a-d8ef21b5e0a7,707b6ccf-c9d9-4c1d-97f4-516b572b2f9d,1697663394522066666
6a69421f-e399-4db8-897a-d8ef21b5e0a7,707b6ccf-c9d9-4c1d-97f4-516b572b2f9d,1697663394566700000
6a69421f-e399-4db8-897a-d8ef21b5e0a7,707b6ccf-c9d9-4c1d-97f4-516b572b2f9d,1697663394595744444
6a69421f-e399-4db8-897a-d8ef21b5e0a7,707b6ccf-c9d9-4c1d-97f4-516b572b2f9d,1697663394630611111
6a69421f-e399-4db8-897a-d8ef21b5e0a7,707b6ccf-c9d9-4c1d-97f4-516b572b2f9d,1697663394664344444
6a69421f-e399-4db8-897a-d8ef21b5e0a7,707b6ccf-c9d9-4c1d-97f4-516b572b2f9d,1697663394699688888
6a69421f-e399-4db8-897a-d8ef21b5e0a7,707b6ccf-c9d9-4c1d-97f4-516b572b2f9d,1697663394729055555
6a69421f-e399-4db8-897a-d8ef21b5e0a7,707b6ccf-c9d9-4c1d-97f4-516b572b2f9d,1697663394761455555
6a69421f-e399-4db8-897a-d8ef21b5e0a7,707b6ccf-c9d9-4c1d-97f4-516b572b2f9d,1697663394795333333
6a69421f-e399-4db8-897a-d8ef21b5e0a7,707b6ccf-c9d9-4c1d-97f4-516b572b2f9d,1697663394830122222
6a69421f-e399-4db8-897a-d8ef21b5e0a7,707b6ccf-c9d9-4c1d-97f4-516b572b2f9d,1697663394862600000
6a69421f-e399-4db8-897a-d8ef21b5e0a7,707b6ccf-c9d9-4c1d-97f4-516b572b2f9d,1697663394894055555
6a69421f-e399-4db8-897a-d8ef21b5e0a7,707b6ccf-c9d9-4c1d-97f4-516b572b2f9d,1697663394926477777
6a69421f-e399-4db8-897a-d8ef21b5e0a7,707b6ccf-c9d9-4c1d-97f4-516b572b2f9d,1697663394966755555
6a69421f-e399-4db8-897a-d8ef21b5e0a7,707b6ccf-c9d9-4c1d-97f4-516b572b2f9d,1697663394995433333
6a69421f-e399-4db8-897a-d8ef21b5e0a7,707b6ccf-c9d9-4c1d-97f4-516b572b2f9d,1697663395040777777
6a69421f-e399-4db8-897a-d8ef21b5e0a7,707b6ccf-c9d9-4c1d-97f4-516b572b2f9d,1697663395056422222
6a69421f-e399-4db8-897a-d8ef21b5e0a7,707b6ccf-c9d9-4c1d-97f4-516b572b2f9d,1697663395097733333
6a69421f-e399-4db8-897a-d8ef21b5e0a7,707b6ccf-c9d9-4c1d-97f4-516b572b2f9d,1697663395118655555
6a69421f-e399-4db8-897a-d8ef21b5e0a7,707b6ccf-c9d9-4c1d-97f4-516b572b2f9d,1697663395169000000
6a69421f-e399-4db8-897a-d8ef21b5e0a7,707b6ccf-c9d9-4c1d-97f4-516b572b2f9d,1697663395195577777
6a69421f-e399-4db8-897a-d8ef21b5e0a7,707b6ccf-c9d9-4c1d-97f4-516b572b2f9d,1697663395225466666
6a69421f-e399-4db8-897a-d8ef21b5e0a7,707b6ccf-c9d9-4c1d-97f4-516b572b2f9d,1697663395261544444
6a69421f-e399-4db8-897a-d8ef21b5e0a7,707b6ccf-c9d9-4c1d-97f4-516b572b2f9d,1697663395293633333
6a69421f-e399-4db8-897a-d8ef21b5e0a7,707b6ccf-c9d9-4c1d-97f4-516b572b2f9d,1697663395325522222
6a69421f-e399-4db8-897a-d8ef21b5e0a7,707b6ccf-c9d9-4c1d-97f4-516b572b2f9d,1697663395366477777
6a69421f-e399-4db8-897a-d8ef21b5e0a7,707b6ccf-c9d9-4c1d-97f4-516b572b2f9d,1697663395395033333
6a69421f-e399-4db8-897a-d8ef21b5e0a7,707b6ccf-c9d9-4c1d-97f4-516b572b2f9d,1697663395424544444
6a69421f-e399-4db8-897a-d8ef21b5e0a7,707b6ccf-c9d9-4c1d-97f4-516b572b2f9d,1697663395466488888
6a69421f-e399-4db8-897a-d8ef21b5e0a7,707b6ccf-c9d9-4c1d-97f4-516b572b2f9d,1697663395495355555
6a69421f-e399-4db8-897a-d8ef21b5e0a7,707b6ccf-c9d9-4c1d-97f4-516b572b2f9d,1697663395526900000
6a69421f-e399-4db8-897a-d8ef21b5e0a7,707b6ccf-c9d9-4c1d-97f4-516b572b2f9d,1697663395563177777
6a69421f-e399-4db8-897a-d8ef21b5e0a7,707b6ccf-c9d9-4c1d-97f4-516b572b2f9d,1697663395595355555
6a69421f-e399-4db8-897a-d8ef21b5e0a7,707b6ccf-c9d9-4c1d-97f4-516b572b2f9d,1697663395627700000
6a69421f-e399-4db8-897a-d8ef21b5e0a7,707b6ccf-c9d9-4c1d-97f4-516b572b2f9d,1697663395661700000
6a69421f-e399-4db8-897a-d8ef21b5e0a7,707b6ccf-c9d9-4c1d-97f4-516b572b2f9d,1697663395694933333
6a69421f-e399-4db8-897a-d8ef21b5e0a7,707b6ccf-c9d9-4c1d-97f4-516b572b2f9d,1697663395718311111
6a69421f-e399-4db8-897a-d8ef21b5e0a7,707b6ccf-c9d9-4c1d-97f4-516b572b2f9d,1697663395758677777
6a69421f-e399-4db8-897a-d8ef21b5e0a7,707b6ccf-c9d9-4c1d-97f4-516b572b2f9d,1697663395792377777
6a69421f-e399-4db8-897a-d8ef21b5e0a7,707b6ccf-c9d9-4c1d-97f4-516b572b2f9d,1697663395833044444
6a69421f-e399-4db8-897a-d8ef21b5e0a7,707b6ccf-c9d9-4c1d-97f4-516b572b2f9d,1697663395870344444
6a69421f-e399-4db8-897a-d8ef21b5e0a7,707b6ccf-c9d9-4c1d-97f4-516b572b2f9d,1697663395898311111
6a69421f-e399-4db8-897a-d8ef21b5e0a7,707b6ccf-c9d9-4c1d-97f4-516b572b2f9d,1697663395927800000
6a69421f-e399-4db8-897a-d8ef21b5e0a7,707b6ccf-c9d9-4c1d-97f4-516b572b2f9d,1697663395964055555
6a69421f-e399-4db8-897a-d8ef21b5e0a7,707b6ccf-c9d9-4c1d-97f4-516b572b2f9d,1697663395996955555
6a69421f-e399-4db8-897a-d8ef21b5e0a7,707b6ccf-c9d9-4c1d-97f4-516b572b2f9d,1697663396026633333
6a69421f-e399-4db8-897a-d8ef21b5e0a7,707b6ccf-c9d9-4c1d-97f4-516b572b2f9d,1697663396062522222
6a69421f-e399-4db8-897a-d8ef21b5e0a7,707b6ccf-c9d9-4c1d-97f4-516b572b2f9d,1697663396093511111
6a69421f-e399-4db8-897a-d8ef21b5e0a7,707b6ccf-c9d9-4c1d-97f4-516b572b2f9d,1697663396126266666
6a69421f-e399-4db8-897a-d8ef21b5e0a7,707b6ccf-c9d9-4c1d-97f4-516b572b2f9d,1697663396165733333
6a69421f-e399-4db8-897a-d8ef21b5e0a7,707b6ccf-c9d9-4c1d-97f4-516b572b2f9d,1697663396198388888
6a69421f-e399-4db8-897a-d8ef21b5e0a7,707b6ccf-c9d9-4c1d-97f4-516b572b2f9d,1697663396226055555
6a69421f-e399-4db8-897a-d8ef21b5e0a7,707b6ccf-c9d9-4c1d-97f4-516b572b2f9d,1697663396265266666
6a69421f-e399-4db8-897a-d8ef21b5e0a7,707b6ccf-c9d9-4c1d-97f4-516b572b2f9d,1697663396295488888
6a69421f-e399-4db8-897a-d8ef21b5e0a7,707b6ccf-c9d9-4c1d-97f4-516b572b2f9d,1697663396323477777
6a69421f-e399-4db8-897a-d8ef21b5e0a7,707b6ccf-c9d9-4c1d-97f4-516b572b2f9d,1697663396378066666
6a69421f-e399-4db8-897a-d8ef21b5e0a7,707b6ccf-c9d9-4c1d-97f4-516b572b2f9d,1697663396394300000
6a69421f-e399-4db8-897a-d8ef21b5e0a7,707b6ccf-c9d9-4c1d-97f4-516b572b2f9d,1697663396419522222
6a69421f-e399-4db8-897a-d8ef21b5e0a7,707b6ccf-c9d9-4c1d-97f4-516b572b2f9d,1697663396457477777
6a69421f-e399-4db8-897a-d8ef21b5e0a7,707b6ccf-c9d9-4c1d-97f4-516b572b2f9d,1697663396484033333
6a69421f-e399-4db8-897a-d8ef21b5e0a7,707b6ccf-c9d9-4c1d-97f4-516b572b2f9d,1697663396517177777
6a69421f-e399-4db8-897a-d8ef21b5e0a7,707b6ccf-c9d9-4c1d-97f4-516b572b2f9d,1697663396561955555
6a69421f-e399-4db8-897a-d8ef21b5e0a7,707b6ccf-c9d9-4c1d-97f4-516b572b2f9d,1697663396593466666
6a69421f-e399-4db8-897a-d8ef21b5e0a7,707b6ccf-c9d9-4c1d-97f4-516b572b2f9d,1697663396625655555
6a69421f-e399-4db8-897a-d8ef21b5e0a7,707b6ccf-c9d9-4c1d-97f4-516b572b2f9d,1697663396661611111
6a69421f-e399-4db8-897a-d8ef21b5e0a7,707b6ccf-c9d9-4c1d-97f4-516b572b2f9d,1697663396695122222
6a69421f-e399-4db8-897a-d8ef21b5e0a7,707b6ccf-c9d9-4c1d-97f4-516b572b2f9d,1697663396723722222
6a69421f-e399-4db8-897a-d8ef21b5e0a7,707b6ccf-c9d9-4c1d-97f4-516b572b2f9d,1697663396769466666
6a69421f-e399-4db8-897a-d8ef21b5e0a7,707b6ccf-c9d9-4c1d-97f4-516b572b2f9d,1697663396806400000
6a69421f-e399-4db8-897a-d8ef21b5e0a7,707b6ccf-c9d9-4c1d-97f4-516b572b2f9d,1697663396847455555
6a69421f-e399-4db8-897a-d8ef21b5e0a7,707b6ccf-c9d9-4c1d-97f4-516b572b2f9d,1697663396887144444
6a69421f-e399-4db8-897a-d8ef21b5e0a7,707b6ccf-c9d9-4c1d-97f4-516b572b2f9d,1697663396938166666
6a69421f-e399-4db8-897a-d8ef21b5e0a7,707b6ccf-c9d9-4c1d-97f4-516b572b2f9d,1697663396985666666
6a69421f-e399-4db8-897a-d8ef21b5e0a7,707b6ccf-c9d9-4c1d-97f4-516b572b2f9d,1697663397050288888
6a69421f-e399-4db8-897a-d8ef21b5e0a7,707b6ccf-c9d9-4c1d-97f4-516b572b2f9d,1697663397107822222
6a69421f-e399-4db8-897a-d8ef21b5e0a7,707b6ccf-c9d9-4c1d-97f4-516b572b2f9d,1697663397132688888
6a69421f-e399-4db8-897a-d8ef21b5e0a7,707b6ccf-c9d9-4c1d-97f4-516b572b2f9d,1697663397176811111
6a69421f-e399-4db8-897a-d8ef21b5e0a7,707b6ccf-c9d9-4c1d-97f4-516b572b2f9d,1697663397240600000
6a69421f-e399-4db8-897a-d8ef21b5e0a7,707b6ccf-c9d9-4c1d-97f4-516b572b2f9d,1697663397288555555
6a69421f-e399-4db8-897a-d8ef21b5e0a7,707b6ccf-c9d9-4c1d-97f4-516b572b2f9d,1697663397343411111
6a69421f-e399-4db8-897a-d8ef21b5e0a7,707b6ccf-c9d9-4c1d-97f4-516b572b2f9d,1697663397385533333
6a69421f-e399-4db8-897a-d8ef21b5e0a7,707b6ccf-c9d9-4c1d-97f4-516b572b2f9d,1697663397449644444
6a69421f-e399-4db8-897a-d8ef21b5e0a7,707b6ccf-c9d9-4c1d-97f4-516b572b2f9d,1697663397486388888
6a69421f-e399-4db8-897a-d8ef21b5e0a7,707b6ccf-c9d9-4c1d-97f4-516b572b2f9d,1697663397540033333
6a69421f-e399-4db8-897a-d8ef21b5e0a7,707b6ccf-c9d9-4c1d-97f4-516b572b2f9d,1697663397587977777
6a69421f-e399-4db8-897a-d8ef21b5e0a7,707b6ccf-c9d9-4c1d-97f4-516b572b2f9d,1697663397650555555
6a69421f-e399-4db8-897a-d8ef21b5e0a7,707b6ccf-c9d9-4c1d-97f4-516b572b2f9d,1697663397702355555
6a69421f-e399-4db8-897a-d8ef21b5e0a7,707b6ccf-c9d9-4c1d-97f4-516b572b2f9d,1697663397730766666
6a69421f-e399-4db8-897a-d8ef21b5e0a7,707b6ccf-c9d9-4c1d-97f4-516b572b2f9d,1697663397772055555
6a69421f-e399-4db8-897a-d8ef21b5e0a7,707b6ccf-c9d9-4c1d-97f4-516b572b2f9d,1697663397812155555
6a69421f-e399-4db8-897a-d8ef21b5e0a7,707b6ccf-c9d9-4c1d-97f4-516b572b2f9d,1697663397840855555
6a69421f-e399-4db8-897a-d8ef21b5e0a7,707b6ccf-c9d9-4c1d-97f4-516b572b2f9d,1697663397885400000
6a69421f-e399-4db8-897a-d8ef21b5e0a7,707b6ccf-c9d9-4c1d-97f4-516b572b2f9d,1697663397915844444
6a69421f-e399-4db8-897a-d8ef21b5e0a7,707b6ccf-c9d9-4c1d-97f4-516b572b2f9d,1697663397956244444
6a69421f-e399-4db8-897a-d8ef21b5e0a7,707b6ccf-c9d9-4c1d-97f4-516b572b2f9d,1697663397990488888
6a69421f-e399-4db8-897a-d8ef21b5e0a7,707b6ccf-c9d9-4c1d-97f4-516b572b2f9d,1697663398019555555
6a69421f-e399-4db8-897a-d8ef21b5e0a7,707b6ccf-c9d9-4c1d-97f4-516b572b2f9d,1697663398047677777
6a69421f-e399-4db8-897a-d8ef21b5e0a7,707b6ccf-c9d9-4c1d-97f4-516b572b2f9d,1697663398088333333
6a69421f-e399-4db8-897a-d8ef21b5e0a7,707b6ccf-c9d9-4c1d-97f4-516b572b2f9d,1697663398122655555
6a69421f-e399-4db8-897a-d8ef21b5e0a7,707b6ccf-c9d9-4c1d-97f4-516b572b2f9d,1697663398149622222
6a69421f-e399-4db8-897a-d8ef21b5e0a7,707b6ccf-c9d9-4c1d-97f4-516b572b2f9d,1697663398189833333
6a69421f-e399-4db8-897a-d8ef21b5e0a7,707b6ccf-c9d9-4c1d-97f4-516b572b2f9d,1697663398221422222
6a69421f-e399-4db8-897a-d8ef21b5e0a7,707b6ccf-c9d9-4c1d-97f4-516b572b2f9d,1697663398250566666
6a69421f-e399-4db8-897a-d8ef21b5e0a7,707b6ccf-c9d9-4c1d-97f4-516b572b2f9d,1697663398284022222
6a69421f-e399-4db8-897a-d8ef21b5e0a7,707b6ccf-c9d9-4c1d-97f4-516b572b2f9d,1697663398319666666
6a69421f-e399-4db8-897a-d8ef21b5e0a7,707b6ccf-c9d9-4c1d-97f4-516b572b2f9d,1697663398362588888
6a69421f-e399-4db8-897a-d8ef21b5e0a7,707b6ccf-c9d9-4c1d-97f4-516b572b2f9d,1697663398378666666
6a69421f-e399-4db8-897a-d8ef21b5e0a7,707b6ccf-c9d9-4c1d-97f4-516b572b2f9d,1697663398423177777
6a69421f-e399-4db8-897a-d8ef21b5e0a7,707b6ccf-c9d9-4c1d-97f4-516b572b2f9d,1697663398441144444
6a69421f-e399-4db8-897a-d8ef21b5e0a7,707b6ccf-c9d9-4c1d-97f4-516b572b2f9d,1697663398473922222
6a69421f-e399-4db8-897a-d8ef21b5e0a7,707b6ccf-c9d9-4c1d-97f4-516b572b2f9d,1697663398518422222
6a69421f-e399-4db8-897a-d8ef21b5e0a7,707b6ccf-c9d9-4c1d-97f4-516b572b2f9d,1697663398549655555
6a69421f-e399-4db8-897a-d8ef21b5e0a7,707b6ccf-c9d9-4c1d-97f4-516b572b2f9d,1697663398582166666
6a69421f-e399-4db8-897a-d8ef21b5e0a7,707b6ccf-c9d9-4c1d-97f4-516b572b2f9d,1697663398619444444
6a69421f-e399-4db8-897a-d8ef21b5e0a7,707b6ccf-c9d9-4c1d-97f4-516b572b2f9d,1697663398650077777
6a69421f-e399-4db8-897a-d8ef21b5e0a7,707b6ccf-c9d9-4c1d-97f4-516b572b2f9d,1697663398685777777
6a69421f-e399-4db8-897a-d8ef21b5e0a7,707b6ccf-c9d9-4c1d-97f4-516b572b2f9d,1697663398716855555
6a69421f-e399-4db8-897a-d8ef21b5e0a7,707b6ccf-c9d9-4c1d-97f4-516b572b2f9d,1697663398747700000
6a69421f-e399-4db8-897a-d8ef21b5e0a7,707b6ccf-c9d9-4c1d-97f4-516b572b2f9d,1697663398783833333
6a69421f-e399-4db8-897a-d8ef21b5e0a7,707b6ccf-c9d9-4c1d-97f4-516b572b2f9d,1697663398819066666
6a69421f-e399-4db8-897a-d8ef21b5e0a7,707b6ccf-c9d9-4c1d-97f4-516b572b2f9d,1697663398857544444
6a69421f-e399-4db8-897a-d8ef21b5e0a7,707b6ccf-c9d9-4c1d-97f4-516b572b2f9d,1697663398908522222
6a69421f-e399-4db8-897a-d8ef21b5e0a7,707b6ccf-c9d9-4c1d-97f4-516b572b2f9d,1697663398942611111
6a69421f-e399-4db8-897a-d8ef21b5e0a7,707b6ccf-c9d9-4c1d-97f4-516b572b2f9d,1697663398983933333
6a69421f-e399-4db8-897a-d8ef21b5e0a7,707b6ccf-c9d9-4c1d-97f4-516b572b2f9d,1697663399022477777
6a69421f-e399-4db8-897a-d8ef21b5e0a7,707b6ccf-c9d9-4c1d-97f4-516b572b2f9d,1697663399051844444
6a69421f-e399-4db8-897a-d8ef21b5e0a7,707b6ccf-c9d9-4c1d-97f4-516b572b2f9d,1697663399091788888
6a69421f-e399-4db8-897a-d8ef21b5e0a7,707b6ccf-c9d9-4c1d-97f4-516b572b2f9d,1697663399149122222
6a69421f-e399-4db8-897a-d8ef21b5e0a7,707b6ccf-c9d9-4c1d-97f4-516b572b2f9d,1697663399198044444
6a69421f-e399-4db8-897a-d8ef21b5e0a7,707b6ccf-c9d9-4c1d-97f4-516b572b2f9d,1697663399239333333
6a69421f-e399-4db8-897a-d8ef21b5e0a7,707b6ccf-c9d9-4c1d-97f4-516b572b2f9d,1697663399280577777
6a69421f-e399-4db8-897a-d8ef21b5e0a7,707b6ccf-c9d9-4c1d-97f4-516b572b2f9d,1697663399310477777
6a69421f-e399-4db8-897a-d8ef21b5e0a7,707b6ccf-c9d9-4c1d-97f4-516b572b2f9d,1697663399343977777
6a69421f-e399-4db8-897a-d8ef21b5e0a7,707b6ccf-c9d9-4c1d-97f4-516b572b2f9d,1697663399379277777
6a69421f-e399-4db8-897a-d8ef21b5e0a7,707b6ccf-c9d9-4c1d-97f4-516b572b2f9d,1697663399409822222
6a69421f-e399-4db8-897a-d8ef21b5e0a7,707b6ccf-c9d9-4c1d-97f4-516b572b2f9d,1697663399443144444
6a69421f-e399-4db8-897a-d8ef21b5e0a7,707b6ccf-c9d9-4c1d-97f4-516b572b2f9d,1697663399478922222
6a69421f-e399-4db8-897a-d8ef21b5e0a7,707b6ccf-c9d9-4c1d-97f4-516b572b2f9d,1697663399513855555
6a69421f-e399-4db8-897a-d8ef21b5e0a7,707b6ccf-c9d9-4c1d-97f4-516b572b2f9d,1697663399541111111
6a69421f-e399-4db8-897a-d8ef21b5e0a7,707b6ccf-c9d9-4c1d-97f4-516b572b2f9d,1697663399577111111
6a69421f-e399-4db8-897a-d8ef21b5e0a7,707b6ccf-c9d9-4c1d-97f4-516b572b2f9d,1697663399613944444
6a69421f-e399-4db8-897a-d8ef21b5e0a7,707b6ccf-c9d9-4c1d-97f4-516b572b2f9d,1697663399639511111
6a69421f-e399-4db8-897a-d8ef21b5e0a7,707b6ccf-c9d9-4c1d-97f4-516b572b2f9d,1697663399678700000
6a69421f-e399-4db8-897a-d8ef21b5e0a7,707b6ccf-c9d9-4c1d-97f4-516b572b2f9d,1697663399709177777
6a69421f-e399-4db8-897a-d8ef21b5e0a7,707b6ccf-c9d9-4c1d-97f4-516b572b2f9d,1697663399737855555
6a69421f-e399-4db8-897a-d8ef21b5e0a7,707b6ccf-c9d9-4c1d-97f4-516b572b2f9d,1697663399771688888
6a69421f-e399-4db8-897a-d8ef21b5e0a7,707b6ccf-c9d9-4c1d-97f4-516b572b2f9d,1697663399806866666
6a69421f-e399-4db8-897a-d8ef21b5e0a7,707b6ccf-c9d9-4c1d-97f4-516b572b2f9d,1697663399846655555
6a69421f-e399-4db8-897a-d8ef21b5e0a7,707b6ccf-c9d9-4c1d-97f4-516b572b2f9d,1697663399879266666
6a69421f-e399-4db8-897a-d8ef21b5e0a7,707b6ccf-c9d9-4c1d-97f4-516b572b2f9d,1697663399902144444
6a69421f-e399-4db8-897a-d8ef21b5e0a7,707b6ccf-c9d9-4c1d-97f4-516b572b2f9d,1697663399951822222
6a69421f-e399-4db8-897a-d8ef21b5e0a7,707b6ccf-c9d9-4c1d-97f4-516b572b2f9d,1697663399981333333
6a69421f-e399-4db8-897a-d8ef21b5e0a7,707b6ccf-c9d9-4c1d-97f4-516b572b2f9d,1697663400011944444
6a69421f-e399-4db8-897a-d8ef21b5e0a7,707b6ccf-c9d9-4c1d-97f4-516b572b2f9d,1697663400042911111
6a69421f-e399-4db8-897a-d8ef21b5e0a7,707b6ccf-c9d9-4c1d-97f4-516b572b2f9d,1697663400079488888
6a69421f-e399-4db8-897a-d8ef21b5e0a7,707b6ccf-c9d9-4c1d-97f4-516b572b2f9d,1697663400110711111
6a69421f-e399-4db8-897a-d8ef21b5e0a7,707b6ccf-c9d9-4c1d-97f4-516b572b2f9d,1697663400143966666
6a69421f-e399-4db8-897a-d8ef21b5e0a7,707b6ccf-c9d9-4c1d-97f4-516b572b2f9d,1697663400178288888
6a69421f-e399-4db8-897a-d8ef21b5e0a7,707b6ccf-c9d9-4c1d-97f4-516b572b2f9d,1697663400210733333
6a69421f-e399-4db8-897a-d8ef21b5e0a7,707b6ccf-c9d9-4c1d-97f4-516b572b2f9d,1697663400245233333
6a69421f-e399-4db8-897a-d8ef21b5e0a7,707b6ccf-c9d9-4c1d-97f4-516b572b2f9d,1697663400281411111
6a69421f-e399-4db8-897a-d8ef21b5e0a7,707b6ccf-c9d9-4c1d-97f4-516b572b2f9d,1697663400310666666
6a69421f-e399-4db8-897a-d8ef21b5e0a7,707b6ccf-c9d9-4c1d-97f4-516b572b2f9d,1697663400343977777
6a69421f-e399-4db8-897a-d8ef21b5e0a7,707b6ccf-c9d9-4c1d-97f4-516b572b2f9d,1697663400369200000
6a69421f-e399-4db8-897a-d8ef21b5e0a7,707b6ccf-c9d9-4c1d-97f4-516b572b2f9d,1697663400424477777
6a69421f-e399-4db8-897a-d8ef21b5e0a7,707b6ccf-c9d9-4c1d-97f4-516b572b2f9d,1697663400436200000
6a69421f-e399-4db8-897a-d8ef21b5e0a7,707b6ccf-c9d9-4c1d-97f4-516b572b2f9d,1697663400471655555
6a69421f-e399-4db8-897a-d8ef21b5e0a7,707b6ccf-c9d9-4c1d-97f4-516b572b2f9d,1697663400511633333
6a69421f-e399-4db8-897a-d8ef21b5e0a7,707b6ccf-c9d9-4c1d-97f4-516b572b2f9d,1697663400542600000
6a69421f-e399-4db8-897a-d8ef21b5e0a7,707b6ccf-c9d9-4c1d-97f4-516b572b2f9d,1697663400577433333
6a69421f-e399-4db8-897a-d8ef21b5e0a7,707b6ccf-c9d9-4c1d-97f4-516b572b2f9d,1697663400614122222
6a69421f-e399-4db8-897a-d8ef21b5e0a7,707b6ccf-c9d9-4c1d-97f4-516b572b2f9d,1697663400647300000
6a69421f-e399-4db8-897a-d8ef21b5e0a7,707b6ccf-c9d9-4c1d-97f4-516b572b2f9d,1697663400678855555
6a69421f-e399-4db8-897a-d8ef21b5e0a7,707b6ccf-c9d9-4c1d-97f4-516b572b2f9d,1697663400709444444
6a69421f-e399-4db8-897a-d8ef21b5e0a7,707b6ccf-c9d9-4c1d-97f4-516b572b2f9d,1697663400743811111
6a69421f-e399-4db8-897a-d8ef21b5e0a7,707b6ccf-c9d9-4c1d-97f4-516b572b2f9d,1697663400778966666
6a69421f-e399-4db8-897a-d8ef21b5e0a7,707b6ccf-c9d9-4c1d-97f4-516b572b2f9d,1697663400810733333
6a69421f-e399-4db8-897a-d8ef21b5e0a7,707b6ccf-c9d9-4c1d-97f4-516b572b2f9d,1697663400847666666
6a69421f-e399-4db8-897a-d8ef21b5e0a7,707b6ccf-c9d9-4c1d-97f4-516b572b2f9d,1697663400881188888
6a69421f-e399-4db8-897a-d8ef21b5e0a7,707b6ccf-c9d9-4c1d-97f4-516b572b2f9d,1697663400912255555
6a69421f-e399-4db8-897a-d8ef21b5e0a7,707b6ccf-c9d9-4c1d-97f4-516b572b2f9d,1697663400949277777
6a69421f-e399-4db8-897a-d8ef21b5e0a7,707b6ccf-c9d9-4c1d-97f4-516b572b2f9d,1697663400978766666
6a69421f-e399-4db8-897a-d8ef21b5e0a7,707b6ccf-c9d9-4c1d-97f4-516b572b2f9d,1697663401011611111
6a69421f-e399-4db8-897a-d8ef21b5e0a7,707b6ccf-c9d9-4c1d-97f4-516b572b2f9d,1697663401036155555
6a69421f-e399-4db8-897a-d8ef21b5e0a7,707b6ccf-c9d9-4c1d-97f4-516b572b2f9d,1697663401071377777
6a69421f-e399-4db8-897a-d8ef21b5e0a7,707b6ccf-c9d9-4c1d-97f4-516b572b2f9d,1697663401117466666
6a69421f-e399-4db8-897a-d8ef21b5e0a7,707b6ccf-c9d9-4c1d-97f4-516b572b2f9d,1697663401147166666
6a69421f-e399-4db8-897a-d8ef21b5e0a7,707b6ccf-c9d9-4c1d-97f4-516b572b2f9d,1697663401171811111
6a69421f-e399-4db8-897a-d8ef21b5e0a7,707b6ccf-c9d9-4c1d-97f4-516b572b2f9d,1697663401210933333
6a69421f-e399-4db8-897a-d8ef21b5e0a7,707b6ccf-c9d9-4c1d-97f4-516b572b2f9d,1697663401242522222
6a69421f-e399-4db8-897a-d8ef21b5e0a7,707b6ccf-c9d9-4c1d-97f4-516b572b2f9d,1697663401282977777
6a69421f-e399-4db8-897a-d8ef21b5e0a7,707b6ccf-c9d9-4c1d-97f4-516b572b2f9d,1697663401311966666
6a69421f-e399-4db8-897a-d8ef21b5e0a7,707b6ccf-c9d9-4c1d-97f4-516b572b2f9d,1697663401343655555
6a69421f-e399-4db8-897a-d8ef21b5e0a7,707b6ccf-c9d9-4c1d-97f4-516b572b2f9d,1697663401378866666
6a69421f-e399-4db8-897a-d8ef21b5e0a7,707b6ccf-c9d9-4c1d-97f4-516b572b2f9d,1697663401413922222
6a69421f-e399-4db8-897a-d8ef21b5e0a7,707b6ccf-c9d9-4c1d-97f4-516b572b2f9d,1697663401443833333
6a69421f-e399-4db8-897a-d8ef21b5e0a7,707b6ccf-c9d9-4c1d-97f4-516b572b2f9d,1697663401482988888
6a69421f-e399-4db8-897a-d8ef21b5e0a7,707b6ccf-c9d9-4c1d-97f4-516b572b2f9d,1697663401513744444
6a69421f-e399-4db8-897a-d8ef21b5e0a7,707b6ccf-c9d9-4c1d-97f4-516b572b2f9d,1697663401543533333
6a69421f-e399-4db8-897a-d8ef21b5e0a7,707b6ccf-c9d9-4c1d-97f4-516b572b2f9d,1697663401583811111
6a69421f-e399-4db8-897a-d8ef21b5e0a7,707b6ccf-c9d9-4c1d-97f4-516b572b2f9d,1697663401612011111
6a69421f-e399-4db8-897a-d8ef21b5e0a7,707b6ccf-c9d9-4c1d-97f4-516b572b2f9d,1697663401643211111
6a69421f-e399-4db8-897a-d8ef21b5e0a7,707b6ccf-c9d9-4c1d-97f4-516b572b2f9d,1697663401680055555
6a69421f-e399-4db8-897a-d8ef21b5e0a7,707b6ccf-c9d9-4c1d-97f4-516b572b2f9d,1697663401703088888
6a69421f-e399-4db8-897a-d8ef21b5e0a7,707b6ccf-c9d9-4c1d-97f4-516b572b2f9d,1697663401740800000
6a69421f-e399-4db8-897a-d8ef21b5e0a7,707b6ccf-c9d9-4c1d-97f4-516b572b2f9d,1697663401773855555
6a69421f-e399-4db8-897a-d8ef21b5e0a7,707b6ccf-c9d9-4c1d-97f4-516b572b2f9d,1697663401801422222
6a69421f-e399-4db8-897a-d8ef21b5e0a7,707b6ccf-c9d9-4c1d-97f4-516b572b2f9d,1697663401833122222
6a69421f-e399-4db8-897a-d8ef21b5e0a7,707b6ccf-c9d9-4c1d-97f4-516b572b2f9d,1697663401880366666
6a69421f-e399-4db8-897a-d8ef21b5e0a7,707b6ccf-c9d9-4c1d-97f4-516b572b2f9d,1697663401911144444
6a69421f-e399-4db8-897a-d8ef21b5e0a7,707b6ccf-c9d9-4c1d-97f4-516b572b2f9d,1697663401944377777
6a69421f-e399-4db8-897a-d8ef21b5e0a7,707b6ccf-c9d9-4c1d-97f4-516b572b2f9d,1697663401983300000
6a69421f-e399-4db8-897a-d8ef21b5e0a7,707b6ccf-c9d9-4c1d-97f4-516b572b2f9d,1697663402010322222
6a69421f-e399-4db8-897a-d8ef21b5e0a7,707b6ccf-c9d9-4c1d-97f4-516b572b2f9d,1697663402042588888
6a69421f-e399-4db8-897a-d8ef21b5e0a7,707b6ccf-c9d9-4c1d-97f4-516b572b2f9d,1697663402076900000
6a69421f-e399-4db8-897a-d8ef21b5e0a7,707b6ccf-c9d9-4c1d-97f4-516b572b2f9d,1697663402110144444
6a69421f-e399-4db8-897a-d8ef21b5e0a7,707b6ccf-c9d9-4c1d-97f4-516b572b2f9d,1697663402144611111
6a69421f-e399-4db8-897a-d8ef21b5e0a7,707b6ccf-c9d9-4c1d-97f4-516b572b2f9d,1697663402178788888
6a69421f-e399-4db8-897a-d8ef21b5e0a7,707b6ccf-c9d9-4c1d-97f4-516b572b2f9d,1697663402210133333
6a69421f-e399-4db8-897a-d8ef21b5e0a7,707b6ccf-c9d9-4c1d-97f4-516b572b2f9d,1697663402241500000
6a69421f-e399-4db8-897a-d8ef21b5e0a7,707b6ccf-c9d9-4c1d-97f4-516b572b2f9d,1697663402281722222
6a69421f-e399-4db8-897a-d8ef21b5e0a7,707b6ccf-c9d9-4c1d-97f4-516b572b2f9d,1697663402310944444
6a69421f-e399-4db8-897a-d8ef21b5e0a7,707b6ccf-c9d9-4c1d-97f4-516b572b2f9d,1697663402339744444
6a69421f-e399-4db8-897a-d8ef21b5e0a7,707b6ccf-c9d9-4c1d-97f4-516b572b2f9d,1697663402387244444
6a69421f-e399-4db8-897a-d8ef21b5e0a7,707b6ccf-c9d9-4c1d-97f4-516b572b2f9d,1697663402402088888
6a69421f-e399-4db8-897a-d8ef21b5e0a7,707b6ccf-c9d9-4c1d-97f4-516b572b2f9d,1697663402434155555
6a69421f-e399-4db8-897a-d8ef21b5e0a7,707b6ccf-c9d9-4c1d-97f4-516b572b2f9d,1697663402478333333
6a69421f-e399-4db8-897a-d8ef21b5e0a7,707b6ccf-c9d9-4c1d-97f4-516b572b2f9d,1697663402502122222
6a69421f-e399-4db8-897a-d8ef21b5e0a7,707b6ccf-c9d9-4c1d-97f4-516b572b2f9d,1697663402542200000
6a69421f-e399-4db8-897a-d8ef21b5e0a7,707b6ccf-c9d9-4c1d-97f4-516b572b2f9d,1697663402573922222
6a69421f-e399-4db8-897a-d8ef21b5e0a7,707b6ccf-c9d9-4c1d-97f4-516b572b2f9d,1697663402610211111
6a69421f-e399-4db8-897a-d8ef21b5e0a7,707b6ccf-c9d9-4c1d-97f4-516b572b2f9d,1697663402642022222
6a69421f-e399-4db8-897a-d8ef21b5e0a7,707b6ccf-c9d9-4c1d-97f4-516b572b2f9d,1697663402672922222
6a69421f-e399-4db8-897a-d8ef21b5e0a7,707b6ccf-c9d9-4c1d-97f4-516b572b2f9d,1697663402710555555
6a69421f-e399-4db8-897a-d8ef21b5e0a7,707b6ccf-c9d9-4c1d-97f4-516b572b2f9d,1697663402741988888
6a69421f-e399-4db8-897a-d8ef21b5e0a7,707b6ccf-c9d9-4c1d-97f4-516b572b2f9d,1697663402773555555
6a69421f-e399-4db8-897a-d8ef21b5e0a7,707b6ccf-c9d9-4c1d-97f4-516b572b2f9d,1697663402813300000
6a69421f-e399-4db8-897a-d8ef21b5e0a7,707b6ccf-c9d9-4c1d-97f4-516b572b2f9d,1697663402849033333
6a69421f-e399-4db8-897a-d8ef21b5e0a7,707b6ccf-c9d9-4c1d-97f4-516b572b2f9d,1697663402874377777
6a69421f-e399-4db8-897a-d8ef21b5e0a7,707b6ccf-c9d9-4c1d-97f4-516b572b2f9d,1697663402911166666
6a69421f-e399-4db8-897a-d8ef21b5e0a7,707b6ccf-c9d9-4c1d-97f4-516b572b2f9d,1697663402946611111
6a69421f-e399-4db8-897a-d8ef21b5e0a7,707b6ccf-c9d9-4c1d-97f4-516b572b2f9d,1697663402974822222
6a69421f-e399-4db8-897a-d8ef21b5e0a7,707b6ccf-c9d9-4c1d-97f4-516b572b2f9d,1697663403016444444
6a69421f-e399-4db8-897a-d8ef21b5e0a7,707b6ccf-c9d9-4c1d-97f4-516b572b2f9d,1697663403042466666
6a69421f-e399-4db8-897a-d8ef21b5e0a7,707b6ccf-c9d9-4c1d-97f4-516b572b2f9d,1697663403087455555
6a69421f-e399-4db8-897a-d8ef21b5e0a7,707b6ccf-c9d9-4c1d-97f4-516b572b2f9d,1697663403121933333
6a69421f-e399-4db8-897a-d8ef21b5e0a7,707b6ccf-c9d9-4c1d-97f4-516b572b2f9d,1697663403175566666
6a69421f-e399-4db8-897a-d8ef21b5e0a7,707b6ccf-c9d9-4c1d-97f4-516b572b2f9d,1697663403201966666
6a69421f-e399-4db8-897a-d8ef21b5e0a7,707b6ccf-c9d9-4c1d-97f4-516b572b2f9d,1697663403234100000
6a69421f-e399-4db8-897a-d8ef21b5e0a7,707b6ccf-c9d9-4c1d-97f4-516b572b2f9d,1697663403270322222
6a69421f-e399-4db8-897a-d8ef21b5e0a7,707b6ccf-c9d9-4c1d-97f4-516b572b2f9d,1697663403303300000
6a69421f-e399-4db8-897a-d8ef21b5e0a7,707b6ccf-c9d9-4c1d-97f4-516b572b2f9d,1697663403336599999
6a69421f-e399-4db8-897a-d8ef21b5e0a7,707b6ccf-c9d9-4c1d-97f4-516b572b2f9d,1697663403373255555
6a69421f-e399-4db8-897a-d8ef21b5e0a7,707b6ccf-c9d9-4c1d-97f4-516b572b2f9d,1697663403403544444
6a69421f-e399-4db8-897a-d8ef21b5e0a7,707b6ccf-c9d9-4c1d-97f4-516b572b2f9d,1697663403439911111
6a69421f-e399-4db8-897a-d8ef21b5e0a7,707b6ccf-c9d9-4c1d-97f4-516b572b2f9d,1697663403473188888
6a69421f-e399-4db8-897a-d8ef21b5e0a7,707b6ccf-c9d9-4c1d-97f4-516b572b2f9d,1697663403501777777
6a69421f-e399-4db8-897a-d8ef21b5e0a7,707b6ccf-c9d9-4c1d-97f4-516b572b2f9d,1697663403536877777
6a69421f-e399-4db8-897a-d8ef21b5e0a7,707b6ccf-c9d9-4c1d-97f4-516b572b2f9d,1697663403572933333
6a69421f-e399-4db8-897a-d8ef21b5e0a7,707b6ccf-c9d9-4c1d-97f4-516b572b2f9d,1697663403602900000
6a69421f-e399-4db8-897a-d8ef21b5e0a7,707b6ccf-c9d9-4c1d-97f4-516b572b2f9d,1697663403637222222
6a69421f-e399-4db8-897a-d8ef21b5e0a7,707b6ccf-c9d9-4c1d-97f4-516b572b2f9d,1697663403681022222
6a69421f-e399-4db8-897a-d8ef21b5e0a7,707b6ccf-c9d9-4c1d-97f4-516b572b2f9d,1697663403710111111
6a69421f-e399-4db8-897a-d8ef21b5e0a7,707b6ccf-c9d9-4c1d-97f4-516b572b2f9d,1697663403729600000
6a69421f-e399-4db8-897a-d8ef21b5e0a7,707b6ccf-c9d9-4c1d-97f4-516b572b2f9d,1697663403762788888
6a69421f-e399-4db8-897a-d8ef21b5e0a7,707b6ccf-c9d9-4c1d-97f4-516b572b2f9d,1697663403804044444
6a69421f-e399-4db8-897a-d8ef21b5e0a7,707b6ccf-c9d9-4c1d-97f4-516b572b2f9d,1697663403838966666
6a69421f-e399-4db8-897a-d8ef21b5e0a7,707b6ccf-c9d9-4c1d-97f4-516b572b2f9d,1697663403871133333
6a69421f-e399-4db8-897a-d8ef21b5e0a7,707b6ccf-c9d9-4c1d-97f4-516b572b2f9d,1697663403901444444
6a69421f-e399-4db8-897a-d8ef21b5e0a7,707b6ccf-c9d9-4c1d-97f4-516b572b2f9d,1697663403935000000
6a69421f-e399-4db8-897a-d8ef21b5e0a7,707b6ccf-c9d9-4c1d-97f4-516b572b2f9d,1697663403971544444
6a69421f-e399-4db8-897a-d8ef21b5e0a7,707b6ccf-c9d9-4c1d-97f4-516b572b2f9d,1697663404003377777
6a69421f-e399-4db8-897a-d8ef21b5e0a7,707b6ccf-c9d9-4c1d-97f4-516b572b2f9d,1697663404037577777
6a69421f-e399-4db8-897a-d8ef21b5e0a7,707b6ccf-c9d9-4c1d-97f4-516b572b2f9d,1697663404072455555
6a69421f-e399-4db8-897a-d8ef21b5e0a7,707b6ccf-c9d9-4c1d-97f4-516b572b2f9d,1697663404100877777
6a69421f-e399-4db8-897a-d8ef21b5e0a7,707b6ccf-c9d9-4c1d-97f4-516b572b2f9d,1697663404136922222
6a69421f-e399-4db8-897a-d8ef21b5e0a7,707b6ccf-c9d9-4c1d-97f4-516b572b2f9d,1697663404173544444
6a69421f-e399-4db8-897a-d8ef21b5e0a7,707b6ccf-c9d9-4c1d-97f4-516b572b2f9d,1697663404203433333
6a69421f-e399-4db8-897a-d8ef21b5e0a7,707b6ccf-c9d9-4c1d-97f4-516b572b2f9d,1697663404234311111
6a69421f-e399-4db8-897a-d8ef21b5e0a7,707b6ccf-c9d9-4c1d-97f4-516b572b2f9d,1697663404270100000
6a69421f-e399-4db8-897a-d8ef21b5e0a7,707b6ccf-c9d9-4c1d-97f4-516b572b2f9d,1697663404304477777
6a69421f-e399-4db8-897a-d8ef21b5e0a7,707b6ccf-c9d9-4c1d-97f4-516b572b2f9d,1697663404338433333
6a69421f-e399-4db8-897a-d8ef21b5e0a7,707b6ccf-c9d9-4c1d-97f4-516b572b2f9d,1697663404375333333
6a69421f-e399-4db8-897a-d8ef21b5e0a7,707b6ccf-c9d9-4c1d-97f4-516b572b2f9d,1697663404395744444
6a69421f-e399-4db8-897a-d8ef21b5e0a7,707b6ccf-c9d9-4c1d-97f4-516b572b2f9d,1697663404427500000
6a69421f-e399-4db8-897a-d8ef21b5e0a7,707b6ccf-c9d9-4c1d-97f4-516b572b2f9d,1697663404482333333
6a69421f-e399-4db8-897a-d8ef21b5e0a7,707b6ccf-c9d9-4c1d-97f4-516b572b2f9d,1697663404496588888
6a69421f-e399-4db8-897a-d8ef21b5e0a7,707b6ccf-c9d9-4c1d-97f4-516b572b2f9d,1697663404529177777
6a69421f-e399-4db8-897a-d8ef21b5e0a7,707b6ccf-c9d9-4c1d-97f4-516b572b2f9d,1697663404574988888
6a69421f-e399-4db8-897a-d8ef21b5e0a7,707b6ccf-c9d9-4c1d-97f4-516b572b2f9d,1697663404604166666
6a69421f-e399-4db8-897a-d8ef21b5e0a7,707b6ccf-c9d9-4c1d-97f4-516b572b2f9d,1697663404638822222
6a69421f-e399-4db8-897a-d8ef21b5e0a7,707b6ccf-c9d9-4c1d-97f4-516b572b2f9d,1697663404670111111
6a69421f-e399-4db8-897a-d8ef21b5e0a7,707b6ccf-c9d9-4c1d-97f4-516b572b2f9d,1697663404711811111
6a69421f-e399-4db8-897a-d8ef21b5e0a7,707b6ccf-c9d9-4c1d-97f4-516b572b2f9d,1697663404737277777
6a69421f-e399-4db8-897a-d8ef21b5e0a7,707b6ccf-c9d9-4c1d-97f4-516b572b2f9d,1697663404773477777
6a69421f-e399-4db8-897a-d8ef21b5e0a7,707b6ccf-c9d9-4c1d-97f4-516b572b2f9d,1697663404806455555
6a69421f-e399-4db8-897a-d8ef21b5e0a7,707b6ccf-c9d9-4c1d-97f4-516b572b2f9d,1697663404837355555
6a69421f-e399-4db8-897a-d8ef21b5e0a7,707b6ccf-c9d9-4c1d-97f4-516b572b2f9d,1697663404871366666
6a69421f-e399-4db8-897a-d8ef21b5e0a7,707b6ccf-c9d9-4c1d-97f4-516b572b2f9d,1697663404904222222
6a69421f-e399-4db8-897a-d8ef21b5e0a7,707b6ccf-c9d9-4c1d-97f4-516b572b2f9d,1697663404936688888
6a69421f-e399-4db8-897a-d8ef21b5e0a7,707b6ccf-c9d9-4c1d-97f4-516b572b2f9d,1697663404970522222
6a69421f-e399-4db8-897a-d8ef21b5e0a7,707b6ccf-c9d9-4c1d-97f4-516b572b2f9d,1697663405004422222
6a69421f-e399-4db8-897a-d8ef21b5e0a7,707b6ccf-c9d9-4c1d-97f4-516b572b2f9d,1697663405030344444
6a69421f-e399-4db8-897a-d8ef21b5e0a7,707b6ccf-c9d9-4c1d-97f4-516b572b2f9d,1697663405062600000
6a69421f-e399-4db8-897a-d8ef21b5e0a7,707b6ccf-c9d9-4c1d-97f4-516b572b2f9d,1697663405096366666
6a69421f-e399-4db8-897a-d8ef21b5e0a7,707b6ccf-c9d9-4c1d-97f4-516b572b2f9d,1697663405133144444
6a69421f-e399-4db8-897a-d8ef21b5e0a7,707b6ccf-c9d9-4c1d-97f4-516b572b2f9d,1697663405163988888
6a69421f-e399-4db8-897a-d8ef21b5e0a7,707b6ccf-c9d9-4c1d-97f4-516b572b2f9d,1697663405205411111
6a69421f-e399-4db8-897a-d8ef21b5e0a7,707b6ccf-c9d9-4c1d-97f4-516b572b2f9d,1697663405234800000
6a69421f-e399-4db8-897a-d8ef21b5e0a7,707b6ccf-c9d9-4c1d-97f4-516b572b2f9d,1697663405271822222
6a69421f-e399-4db8-897a-d8ef21b5e0a7,707b6ccf-c9d9-4c1d-97f4-516b572b2f9d,1697663405302177777
6a69421f-e399-4db8-897a-d8ef21b5e0a7,707b6ccf-c9d9-4c1d-97f4-516b572b2f9d,1697663405335177777
6a69421f-e399-4db8-897a-d8ef21b5e0a7,707b6ccf-c9d9-4c1d-97f4-516b572b2f9d,1697663405370200000
6a69421f-e399-4db8-897a-d8ef21b5e0a7,707b6ccf-c9d9-4c1d-97f4-516b572b2f9d,1697663405405622222
6a69421f-e399-4db8-897a-d8ef21b5e0a7,707b6ccf-c9d9-4c1d-97f4-516b572b2f9d,1697663405435822222
6a69421f-e399-4db8-897a-d8ef21b5e0a7,707b6ccf-c9d9-4c1d-97f4-516b572b2f9d,1697663405470966666
6a69421f-e399-4db8-897a-d8ef21b5e0a7,707b6ccf-c9d9-4c1d-97f4-516b572b2f9d,1697663405501577777
6a69421f-e399-4db8-897a-d8ef21b5e0a7,707b6ccf-c9d9-4c1d-97f4-516b572b2f9d,1697663405534411111
6a69421f-e399-4db8-897a-d8ef21b5e0a7,707b6ccf-c9d9-4c1d-97f4-516b572b2f9d,1697663405570155555
6a69421f-e399-4db8-897a-d8ef21b5e0a7,707b6ccf-c9d9-4c1d-97f4-516b572b2f9d,1697663405606233333
6a69421f-e399-4db8-897a-d8ef21b5e0a7,707b6ccf-c9d9-4c1d-97f4-516b572b2f9d,1697663405634388888
6a69421f-e399-4db8-897a-d8ef21b5e0a7,707b6ccf-c9d9-4c1d-97f4-516b572b2f9d,1697663405672122222
6a69421f-e399-4db8-897a-d8ef21b5e0a7,707b6ccf-c9d9-4c1d-97f4-516b572b2f9d,1697663405722522222
6a69421f-e399-4db8-897a-d8ef21b5e0a7,707b6ccf-c9d9-4c1d-97f4-516b572b2f9d,1697663405734433333
6a69421f-e399-4db8-897a-d8ef21b5e0a7,707b6ccf-c9d9-4c1d-97f4-516b572b2f9d,1697663405762111111
6a69421f-e399-4db8-897a-d8ef21b5e0a7,707b6ccf-c9d9-4c1d-97f4-516b572b2f9d,1697663405799744444
6a69421f-e399-4db8-897a-d8ef21b5e0a7,707b6ccf-c9d9-4c1d-97f4-516b572b2f9d,1697663405826555555
6a69421f-e399-4db8-897a-d8ef21b5e0a7,707b6ccf-c9d9-4c1d-97f4-516b572b2f9d,1697663405870933333
6a69421f-e399-4db8-897a-d8ef21b5e0a7,707b6ccf-c9d9-4c1d-97f4-516b572b2f9d,1697663405902600000
6a69421f-e399-4db8-897a-d8ef21b5e0a7,707b6ccf-c9d9-4c1d-97f4-516b572b2f9d,1697663405935644444
6a69421f-e399-4db8-897a-d8ef21b5e0a7,707b6ccf-c9d9-4c1d-97f4-516b572b2f9d,1697663405970122222
6a69421f-e399-4db8-897a-d8ef21b5e0a7,707b6ccf-c9d9-4c1d-97f4-516b572b2f9d,1697663406003500000
6a69421f-e399-4db8-897a-d8ef21b5e0a7,707b6ccf-c9d9-4c1d-97f4-516b572b2f9d,1697663406036066666
6a69421f-e399-4db8-897a-d8ef21b5e0a7,707b6ccf-c9d9-4c1d-97f4-516b572b2f9d,1697663406070177777
6a69421f-e399-4db8-897a-d8ef21b5e0a7,707b6ccf-c9d9-4c1d-97f4-516b572b2f9d,1697663406103033333
6a69421f-e399-4db8-897a-d8ef21b5e0a7,707b6ccf-c9d9-4c1d-97f4-516b572b2f9d,1697663406134788888
6a69421f-e399-4db8-897a-d8ef21b5e0a7,707b6ccf-c9d9-4c1d-97f4-516b572b2f9d,1697663406166755555
6a69421f-e399-4db8-897a-d8ef21b5e0a7,707b6ccf-c9d9-4c1d-97f4-516b572b2f9d,1697663406209111111
6a69421f-e399-4db8-897a-d8ef21b5e0a7,707b6ccf-c9d9-4c1d-97f4-516b572b2f9d,1697663406234766666
6a69421f-e399-4db8-897a-d8ef21b5e0a7,707b6ccf-c9d9-4c1d-97f4-516b572b2f9d,1697663406266644444
6a69421f-e399-4db8-897a-d8ef21b5e0a7,707b6ccf-c9d9-4c1d-97f4-516b572b2f9d,1697663406303188888
6a69421f-e399-4db8-897a-d8ef21b5e0a7,707b6ccf-c9d9-4c1d-97f4-516b572b2f9d,1697663406333566666
6a69421f-e399-4db8-897a-d8ef21b5e0a7,707b6ccf-c9d9-4c1d-97f4-516b572b2f9d,1697663406374211111
6a69421f-e399-4db8-897a-d8ef21b5e0a7,707b6ccf-c9d9-4c1d-97f4-516b572b2f9d,1697663406393488888
6a69421f-e399-4db8-897a-d8ef21b5e0a7,707b6ccf-c9d9-4c1d-97f4-516b572b2f9d,1697663406429622222
6a69421f-e399-4db8-897a-d8ef21b5e0a7,707b6ccf-c9d9-4c1d-97f4-516b572b2f9d,1697663406480788888
6a69421f-e399-4db8-897a-d8ef21b5e0a7,707b6ccf-c9d9-4c1d-97f4-516b572b2f9d,1697663406495388888
6a69421f-e399-4db8-897a-d8ef21b5e0a7,707b6ccf-c9d9-4c1d-97f4-516b572b2f9d,1697663406525666666
6a69421f-e399-4db8-897a-d8ef21b5e0a7,707b6ccf-c9d9-4c1d-97f4-516b572b2f9d,1697663406569933333
6a69421f-e399-4db8-897a-d8ef21b5e0a7,707b6ccf-c9d9-4c1d-97f4-516b572b2f9d,1697663406607200000
6a69421f-e399-4db8-897a-d8ef21b5e0a7,707b6ccf-c9d9-4c1d-97f4-516b572b2f9d,1697663406634911111
6a69421f-e399-4db8-897a-d8ef21b5e0a7,707b6ccf-c9d9-4c1d-97f4-516b572b2f9d,1697663406670977777
6a69421f-e399-4db8-897a-d8ef21b5e0a7,707b6ccf-c9d9-4c1d-97f4-516b572b2f9d,1697663406702111111
6a69421f-e399-4db8-897a-d8ef21b5e0a7,707b6ccf-c9d9-4c1d-97f4-516b572b2f9d,1697663406735277777
6a69421f-e399-4db8-897a-d8ef21b5e0a7,707b6ccf-c9d9-4c1d-97f4-516b572b2f9d,1697663406765466666
6a69421f-e399-4db8-897a-d8ef21b5e0a7,707b6ccf-c9d9-4c1d-97f4-516b572b2f9d,1697663406807111111
6a69421f-e399-4db8-897a-d8ef21b5e0a7,707b6ccf-c9d9-4c1d-97f4-516b572b2f9d,1697663406837444444
6a69421f-e399-4db8-897a-d8ef21b5e0a7,707b6ccf-c9d9-4c1d-97f4-516b572b2f9d,1697663406867033333
6a69421f-e399-4db8-897a-d8ef21b5e0a7,707b6ccf-c9d9-4c1d-97f4-516b572b2f9d,1697663406907177777
6a69421f-e399-4db8-897a-d8ef21b5e0a7,707b6ccf-c9d9-4c1d-97f4-516b572b2f9d,1697663406935077777
6a69421f-e399-4db8-897a-d8ef21b5e0a7,707b6ccf-c9d9-4c1d-97f4-516b572b2f9d,1697663406967022222
6a69421f-e399-4db8-897a-d8ef21b5e0a7,707b6ccf-c9d9-4c1d-97f4-516b572b2f9d,1697663407003477777
6a69421f-e399-4db8-897a-d8ef21b5e0a7,707b6ccf-c9d9-4c1d-97f4-516b572b2f9d,1697663407039200000
6a69421f-e399-4db8-897a-d8ef21b5e0a7,707b6ccf-c9d9-4c1d-97f4-516b572b2f9d,1697663407057988888
6a69421f-e399-4db8-897a-d8ef21b5e0a7,707b6ccf-c9d9-4c1d-97f4-516b572b2f9d,1697663407096655555
6a69421f-e399-4db8-897a-d8ef21b5e0a7,707b6ccf-c9d9-4c1d-97f4-516b572b2f9d,1697663407124911111
6a69421f-e399-4db8-897a-d8ef21b5e0a7,707b6ccf-c9d9-4c1d-97f4-516b572b2f9d,1697663407162422222
6a69421f-e399-4db8-897a-d8ef21b5e0a7,707b6ccf-c9d9-4c1d-97f4-516b572b2f9d,1697663407202722222
6a69421f-e399-4db8-897a-d8ef21b5e0a7,707b6ccf-c9d9-4c1d-97f4-516b572b2f9d,1697663407237211111
6a69421f-e399-4db8-897a-d8ef21b5e0a7,707b6ccf-c9d9-4c1d-97f4-516b572b2f9d,1697663407269511111
6a69421f-e399-4db8-897a-d8ef21b5e0a7,707b6ccf-c9d9-4c1d-97f4-516b572b2f9d,1697663407308666666
6a69421f-e399-4db8-897a-d8ef21b5e0a7,707b6ccf-c9d9-4c1d-97f4-516b572b2f9d,1697663407333322222
6a69421f-e399-4db8-897a-d8ef21b5e0a7,707b6ccf-c9d9-4c1d-97f4-516b572b2f9d,1697663407366500000
6a69421f-e399-4db8-897a-d8ef21b5e0a7,707b6ccf-c9d9-4c1d-97f4-516b572b2f9d,1697663407404077777
6a69421f-e399-4db8-897a-d8ef21b5e0a7,707b6ccf-c9d9-4c1d-97f4-516b572b2f9d,1697663407436188888
6a69421f-e399-4db8-897a-d8ef21b5e0a7,707b6ccf-c9d9-4c1d-97f4-516b572b2f9d,1697663407464988888
6a69421f-e399-4db8-897a-d8ef21b5e0a7,707b6ccf-c9d9-4c1d-97f4-516b572b2f9d,1697663407502211111
6a69421f-e399-4db8-897a-d8ef21b5e0a7,707b6ccf-c9d9-4c1d-97f4-516b572b2f9d,1697663407532755555
6a69421f-e399-4db8-897a-d8ef21b5e0a7,707b6ccf-c9d9-4c1d-97f4-516b572b2f9d,1697663407578744444
6a69421f-e399-4db8-897a-d8ef21b5e0a7,707b6ccf-c9d9-4c1d-97f4-516b572b2f9d,1697663407619522222
6a69421f-e399-4db8-897a-d8ef21b5e0a7,707b6ccf-c9d9-4c1d-97f4-516b572b2f9d,1697663407657288888
6a69421f-e399-4db8-897a-d8ef21b5e0a7,707b6ccf-c9d9-4c1d-97f4-516b572b2f9d,1697663407710444444
6a69421f-e399-4db8-897a-d8ef21b5e0a7,707b6ccf-c9d9-4c1d-97f4-516b572b2f9d,1697663407728077777
6a69421f-e399-4db8-897a-d8ef21b5e0a7,707b6ccf-c9d9-4c1d-97f4-516b572b2f9d,1697663407771311111
6a69421f-e399-4db8-897a-d8ef21b5e0a7,707b6ccf-c9d9-4c1d-97f4-516b572b2f9d,1697663407812977777
6a69421f-e399-4db8-897a-d8ef21b5e0a7,707b6ccf-c9d9-4c1d-97f4-516b572b2f9d,1697663407860000000
6a69421f-e399-4db8-897a-d8ef21b5e0a7,707b6ccf-c9d9-4c1d-97f4-516b572b2f9d,1697663407889644444
6a69421f-e399-4db8-897a-d8ef21b5e0a7,707b6ccf-c9d9-4c1d-97f4-516b572b2f9d,1697663407935100000
6a69421f-e399-4db8-897a-d8ef21b5e0a7,707b6ccf-c9d9-4c1d-97f4-516b572b2f9d,1697663407975500000
6a69421f-e399-4db8-897a-d8ef21b5e0a7,707b6ccf-c9d9-4c1d-97f4-516b572b2f9d,1697663408017188888
6a69421f-e399-4db8-897a-d8ef21b5e0a7,707b6ccf-c9d9-4c1d-97f4-516b572b2f9d,1697663408054755555
6a69421f-e399-4db8-897a-d8ef21b5e0a7,707b6ccf-c9d9-4c1d-97f4-516b572b2f9d,1697663408093088888
6a69421f-e399-4db8-897a-d8ef21b5e0a7,707b6ccf-c9d9-4c1d-97f4-516b572b2f9d,1697663408136044444
6a69421f-e399-4db8-897a-d8ef21b5e0a7,707b6ccf-c9d9-4c1d-97f4-516b572b2f9d,1697663408174388888
6a69421f-e399-4db8-897a-d8ef21b5e0a7,707b6ccf-c9d9-4c1d-97f4-516b572b2f9d,1697663408216444444
6a69421f-e399-4db8-897a-d8ef21b5e0a7,707b6ccf-c9d9-4c1d-97f4-516b572b2f9d,1697663408257766666
6a69421f-e399-4db8-897a-d8ef21b5e0a7,707b6ccf-c9d9-4c1d-97f4-516b572b2f9d,1697663408295688888
6a69421f-e399-4db8-897a-d8ef21b5e0a7,707b6ccf-c9d9-4c1d-97f4-516b572b2f9d,1697663408341000000
6a69421f-e399-4db8-897a-d8ef21b5e0a7,707b6ccf-c9d9-4c1d-97f4-516b572b2f9d,1697663408373877777
6a69421f-e399-4db8-897a-d8ef21b5e0a7,707b6ccf-c9d9-4c1d-97f4-516b572b2f9d,1697663408411266666
6a69421f-e399-4db8-897a-d8ef21b5e0a7,707b6ccf-c9d9-4c1d-97f4-516b572b2f9d,1697663408429511111
6a69421f-e399-4db8-897a-d8ef21b5e0a7,707b6ccf-c9d9-4c1d-97f4-516b572b2f9d,1697663408469255555
6a69421f-e399-4db8-897a-d8ef21b5e0a7,707b6ccf-c9d9-4c1d-97f4-516b572b2f9d,1697663408497822222
6a69421f-e399-4db8-897a-d8ef21b5e0a7,707b6ccf-c9d9-4c1d-97f4-516b572b2f9d,1697663408525911111
6a69421f-e399-4db8-897a-d8ef21b5e0a7,707b6ccf-c9d9-4c1d-97f4-516b572b2f9d,1697663408565211111
6a69421f-e399-4db8-897a-d8ef21b5e0a7,707b6ccf-c9d9-4c1d-97f4-516b572b2f9d,1697663408603844444
6a69421f-e399-4db8-897a-d8ef21b5e0a7,707b6ccf-c9d9-4c1d-97f4-516b572b2f9d,1697663408637855555
6a69421f-e399-4db8-897a-d8ef21b5e0a7,707b6ccf-c9d9-4c1d-97f4-516b572b2f9d,1697663408664288888
6a69421f-e399-4db8-897a-d8ef21b5e0a7,707b6ccf-c9d9-4c1d-97f4-516b572b2f9d,1697663408706422222
6a69421f-e399-4db8-897a-d8ef21b5e0a7,707b6ccf-c9d9-4c1d-97f4-516b572b2f9d,1697663408735122222
6a69421f-e399-4db8-897a-d8ef21b5e0a7,707b6ccf-c9d9-4c1d-97f4-516b572b2f9d,1697663408773544444
6a69421f-e399-4db8-897a-d8ef21b5e0a7,707b6ccf-c9d9-4c1d-97f4-516b572b2f9d,1697663408814488888
6a69421f-e399-4db8-897a-d8ef21b5e0a7,707b6ccf-c9d9-4c1d-97f4-516b572b2f9d,1697663408857522222
6a69421f-e399-4db8-897a-d8ef21b5e0a7,707b6ccf-c9d9-4c1d-97f4-516b572b2f9d,1697663408887944444
6a69421f-e399-4db8-897a-d8ef21b5e0a7,707b6ccf-c9d9-4c1d-97f4-516b572b2f9d,1697663408926555555
6a69421f-e399-4db8-897a-d8ef21b5e0a7,707b6ccf-c9d9-4c1d-97f4-516b572b2f9d,1697663408953511111
6a69421f-e399-4db8-897a-d8ef21b5e0a7,707b6ccf-c9d9-4c1d-97f4-516b572b2f9d,1697663408984166666
6a69421f-e399-4db8-897a-d8ef21b5e0a7,707b6ccf-c9d9-4c1d-97f4-516b572b2f9d,1697663409031466666
6a69421f-e399-4db8-897a-d8ef21b5e0a7,707b6ccf-c9d9-4c1d-97f4-516b572b2f9d,1697663409049088888
6a69421f-e399-4db8-897a-d8ef21b5e0a7,707b6ccf-c9d9-4c1d-97f4-516b572b2f9d,1697663409079411111
6a69421f-e399-4db8-897a-d8ef21b5e0a7,707b6ccf-c9d9-4c1d-97f4-516b572b2f9d,1697663409117533333
6a69421f-e399-4db8-897a-d8ef21b5e0a7,707b6ccf-c9d9-4c1d-97f4-516b572b2f9d,1697663409166900000
6a69421f-e399-4db8-897a-d8ef21b5e0a7,707b6ccf-c9d9-4c1d-97f4-516b572b2f9d,1697663409180377777
6a69421f-e399-4db8-897a-d8ef21b5e0a7,707b6ccf-c9d9-4c1d-97f4-516b572b2f9d,1697663409214766666
6a69421f-e399-4db8-897a-d8ef21b5e0a7,707b6ccf-c9d9-4c1d-97f4-516b572b2f9d,1697663409255600000
6a69421f-e399-4db8-897a-d8ef21b5e0a7,707b6ccf-c9d9-4c1d-97f4-516b572b2f9d,1697663409286344444
6a69421f-e399-4db8-897a-d8ef21b5e0a7,707b6ccf-c9d9-4c1d-97f4-516b572b2f9d,1697663409321133333
6a69421f-e399-4db8-897a-d8ef21b5e0a7,707b6ccf-c9d9-4c1d-97f4-516b572b2f9d,1697663409354055555
6a69421f-e399-4db8-897a-d8ef21b5e0a7,707b6ccf-c9d9-4c1d-97f4-516b572b2f9d,1697663409385911111
6a69421f-e399-4db8-897a-d8ef21b5e0a7,707b6ccf-c9d9-4c1d-97f4-516b572b2f9d,1697663409427066666
6a69421f-e399-4db8-897a-d8ef21b5e0a7,707b6ccf-c9d9-4c1d-97f4-516b572b2f9d,1697663409454177777
6a69421f-e399-4db8-897a-d8ef21b5e0a7,707b6ccf-c9d9-4c1d-97f4-516b572b2f9d,1697663409487344444
6a69421f-e399-4db8-897a-d8ef21b5e0a7,707b6ccf-c9d9-4c1d-97f4-516b572b2f9d,1697663409523522222
6a69421f-e399-4db8-897a-d8ef21b5e0a7,707b6ccf-c9d9-4c1d-97f4-516b572b2f9d,1697663409556722222
6a69421f-e399-4db8-897a-d8ef21b5e0a7,707b6ccf-c9d9-4c1d-97f4-516b572b2f9d,1697663409586088888
6a69421f-e399-4db8-897a-d8ef21b5e0a7,707b6ccf-c9d9-4c1d-97f4-516b572b2f9d,1697663409621611111
6a69421f-e399-4db8-897a-d8ef21b5e0a7,707b6ccf-c9d9-4c1d-97f4-516b572b2f9d,1697663409655844444
6a69421f-e399-4db8-897a-d8ef21b5e0a7,707b6ccf-c9d9-4c1d-97f4-516b572b2f9d,1697663409690622222
6a69421f-e399-4db8-897a-d8ef21b5e0a7,707b6ccf-c9d9-4c1d-97f4-516b572b2f9d,1697663409714644444
6a69421f-e399-4db8-897a-d8ef21b5e0a7,707b6ccf-c9d9-4c1d-97f4-516b572b2f9d,1697663409749088888
6a69421f-e399-4db8-897a-d8ef21b5e0a7,707b6ccf-c9d9-4c1d-97f4-516b572b2f9d,1697663409797866666
6a69421f-e399-4db8-897a-d8ef21b5e0a7,707b6ccf-c9d9-4c1d-97f4-516b572b2f9d,1697663409831211111
6a69421f-e399-4db8-897a-d8ef21b5e0a7,707b6ccf-c9d9-4c1d-97f4-516b572b2f9d,1697663409869088888
6a69421f-e399-4db8-897a-d8ef21b5e0a7,707b6ccf-c9d9-4c1d-97f4-516b572b2f9d,1697663409921188888
6a69421f-e399-4db8-897a-d8ef21b5e0a7,707b6ccf-c9d9-4c1d-97f4-516b572b2f9d,1697663409955955555
6a69421f-e399-4db8-897a-d8ef21b5e0a7,707b6ccf-c9d9-4c1d-97f4-516b572b2f9d,1697663409993455555
6a69421f-e399-4db8-897a-d8ef21b5e0a7,707b6ccf-c9d9-4c1d-97f4-516b572b2f9d,1697663410037211111
6a69421f-e399-4db8-897a-d8ef21b5e0a7,707b6ccf-c9d9-4c1d-97f4-516b572b2f9d,1697663410079455555
6a69421f-e399-4db8-897a-d8ef21b5e0a7,707b6ccf-c9d9-4c1d-97f4-516b572b2f9d,1697663410115466666
6a69421f-e399-4db8-897a-d8ef21b5e0a7,707b6ccf-c9d9-4c1d-97f4-516b572b2f9d,1697663410154955555
6a69421f-e399-4db8-897a-d8ef21b5e0a7,707b6ccf-c9d9-4c1d-97f4-516b572b2f9d,1697663410199611111
6a69421f-e399-4db8-897a-d8ef21b5e0a7,707b6ccf-c9d9-4c1d-97f4-516b572b2f9d,1697663410235700000
6a69421f-e399-4db8-897a-d8ef21b5e0a7,707b6ccf-c9d9-4c1d-97f4-516b572b2f9d,1697663410279222222
6a69421f-e399-4db8-897a-d8ef21b5e0a7,707b6ccf-c9d9-4c1d-97f4-516b572b2f9d,1697663410315711111
6a69421f-e399-4db8-897a-d8ef21b5e0a7,707b6ccf-c9d9-4c1d-97f4-516b572b2f9d,1697663410358433333
6a69421f-e399-4db8-897a-d8ef21b5e0a7,707b6ccf-c9d9-4c1d-97f4-516b572b2f9d,1697663410394533333
6a69421f-e399-4db8-897a-d8ef21b5e0a7,707b6ccf-c9d9-4c1d-97f4-516b572b2f9d,1697663410436833333
6a69421f-e399-4db8-897a-d8ef21b5e0a7,707b6ccf-c9d9-4c1d-97f4-516b572b2f9d,1697663410488400000
6a69421f-e399-4db8-897a-d8ef21b5e0a7,707b6ccf-c9d9-4c1d-97f4-516b572b2f9d,1697663410516822222
6a69421f-e399-4db8-897a-d8ef21b5e0a7,707b6ccf-c9d9-4c1d-97f4-516b572b2f9d,1697663410554533333
6a69421f-e399-4db8-897a-d8ef21b5e0a7,707b6ccf-c9d9-4c1d-97f4-516b572b2f9d,1697663410595333333
6a69421f-e399-4db8-897a-d8ef21b5e0a7,707b6ccf-c9d9-4c1d-97f4-516b572b2f9d,1697663410634555555
6a69421f-e399-4db8-897a-d8ef21b5e0a7,707b6ccf-c9d9-4c1d-97f4-516b572b2f9d,1697663410675577777
6a69421f-e399-4db8-897a-d8ef21b5e0a7,707b6ccf-c9d9-4c1d-97f4-516b572b2f9d,1697663410715766666
6a69421f-e399-4db8-897a-d8ef21b5e0a7,707b6ccf-c9d9-4c1d-97f4-516b572b2f9d,1697663410758022222
6a69421f-e399-4db8-897a-d8ef21b5e0a7,707b6ccf-c9d9-4c1d-97f4-516b572b2f9d,1697663410799577777
6a69421f-e399-4db8-897a-d8ef21b5e0a7,707b6ccf-c9d9-4c1d-97f4-516b572b2f9d,1697663410835966666
6a69421f-e399-4db8-897a-d8ef21b5e0a7,707b6ccf-c9d9-4c1d-97f4-516b572b2f9d,1697663410878488888
6a69421f-e399-4db8-897a-d8ef21b5e0a7,707b6ccf-c9d9-4c1d-97f4-516b572b2f9d,1697663410914988888
6a69421f-e399-4db8-897a-d8ef21b5e0a7,707b6ccf-c9d9-4c1d-97f4-516b572b2f9d,1697663410954077777
6a69421f-e399-4db8-897a-d8ef21b5e0a7,707b6ccf-c9d9-4c1d-97f4-516b572b2f9d,1697663410997455555
6a69421f-e399-4db8-897a-d8ef21b5e0a7,707b6ccf-c9d9-4c1d-97f4-516b572b2f9d,1697663411051255555
6a69421f-e399-4db8-897a-d8ef21b5e0a7,707b6ccf-c9d9-4c1d-97f4-516b572b2f9d,1697663411068100000
6a69421f-e399-4db8-897a-d8ef21b5e0a7,707b6ccf-c9d9-4c1d-97f4-516b572b2f9d,1697663411105244444
6a69421f-e399-4db8-897a-d8ef21b5e0a7,707b6ccf-c9d9-4c1d-97f4-516b572b2f9d,1697663411156688888
6a69421f-e399-4db8-897a-d8ef21b5e0a7,707b6ccf-c9d9-4c1d-97f4-516b572b2f9d,1697663411201155555
6a69421f-e399-4db8-897a-d8ef21b5e0a7,707b6ccf-c9d9-4c1d-97f4-516b572b2f9d,1697663411232144444
6a69421f-e399-4db8-897a-d8ef21b5e0a7,707b6ccf-c9d9-4c1d-97f4-516b572b2f9d,1697663411274522222
6a69421f-e399-4db8-897a-d8ef21b5e0a7,707b6ccf-c9d9-4c1d-97f4-516b572b2f9d,1697663411319166666
6a69421f-e399-4db8-897a-d8ef21b5e0a7,707b6ccf-c9d9-4c1d-97f4-516b572b2f9d,1697663411354500000
6a69421f-e399-4db8-897a-d8ef21b5e0a7,707b6ccf-c9d9-4c1d-97f4-516b572b2f9d,1697663411395844444
6a69421f-e399-4db8-897a-d8ef21b5e0a7,707b6ccf-c9d9-4c1d-97f4-516b572b2f9d,1697663411434600000
6a69421f-e399-4db8-897a-d8ef21b5e0a7,707b6ccf-c9d9-4c1d-97f4-516b572b2f9d,1697663411474011111
6a69421f-e399-4db8-897a-d8ef21b5e0a7,707b6ccf-c9d9-4c1d-97f4-516b572b2f9d,1697663411518322222
6a69421f-e399-4db8-897a-d8ef21b5e0a7,707b6ccf-c9d9-4c1d-97f4-516b572b2f9d,1697663411555711111
6a69421f-e399-4db8-897a-d8ef21b5e0a7,707b6ccf-c9d9-4c1d-97f4-516b572b2f9d,1697663411595088888
6a69421f-e399-4db8-897a-d8ef21b5e0a7,707b6ccf-c9d9-4c1d-97f4-516b572b2f9d,1697663411634544444
6a69421f-e399-4db8-897a-d8ef21b5e0a7,707b6ccf-c9d9-4c1d-97f4-516b572b2f9d,1697663411681244444
6a69421f-e399-4db8-897a-d8ef21b5e0a7,707b6ccf-c9d9-4c1d-97f4-516b572b2f9d,1697663411707977777
6a69421f-e399-4db8-897a-d8ef21b5e0a7,707b6ccf-c9d9-4c1d-97f4-516b572b2f9d,1697663411754688888
6a69421f-e399-4db8-897a-d8ef21b5e0a7,707b6ccf-c9d9-4c1d-97f4-516b572b2f9d,1697663411797311111
6a69421f-e399-4db8-897a-d8ef21b5e0a7,707b6ccf-c9d9-4c1d-97f4-516b572b2f9d,1697663411819811111
6a69421f-e399-4db8-897a-d8ef21b5e0a7,707b6ccf-c9d9-4c1d-97f4-516b572b2f9d,1697663411842011111
6a69421f-e399-4db8-897a-d8ef21b5e0a7,707b6ccf-c9d9-4c1d-97f4-516b572b2f9d,1697663411882733333
6a69421f-e399-4db8-897a-d8ef21b5e0a7,707b6ccf-c9d9-4c1d-97f4-516b572b2f9d,1697663411913844444
6a69421f-e399-4db8-897a-d8ef21b5e0a7,707b6ccf-c9d9-4c1d-97f4-516b572b2f9d,1697663411951077777
6a69421f-e399-4db8-897a-d8ef21b5e0a7,707b6ccf-c9d9-4c1d-97f4-516b572b2f9d,1697663411988577777
6a69421f-e399-4db8-897a-d8ef21b5e0a7,707b6ccf-c9d9-4c1d-97f4-516b572b2f9d,1697663412018322222
6a69421f-e399-4db8-897a-d8ef21b5e0a7,707b6ccf-c9d9-4c1d-97f4-516b572b2f9d,1697663412055611111
6a69421f-e399-4db8-897a-d8ef21b5e0a7,707b6ccf-c9d9-4c1d-97f4-516b572b2f9d,1697663412088100000
6a69421f-e399-4db8-897a-d8ef21b5e0a7,707b6ccf-c9d9-4c1d-97f4-516b572b2f9d,1697663412116088888
6a69421f-e399-4db8-897a-d8ef21b5e0a7,707b6ccf-c9d9-4c1d-97f4-516b572b2f9d,1697663412151633333
6a69421f-e399-4db8-897a-d8ef21b5e0a7,707b6ccf-c9d9-4c1d-97f4-516b572b2f9d,1697663412182588888
6a69421f-e399-4db8-897a-d8ef21b5e0a7,707b6ccf-c9d9-4c1d-97f4-516b572b2f9d,1697663412213277777
6a69421f-e399-4db8-897a-d8ef21b5e0a7,707b6ccf-c9d9-4c1d-97f4-516b572b2f9d,1697663412251911111
6a69421f-e399-4db8-897a-d8ef21b5e0a7,707b6ccf-c9d9-4c1d-97f4-516b572b2f9d,1697663412284188888
6a69421f-e399-4db8-897a-d8ef21b5e0a7,707b6ccf-c9d9-4c1d-97f4-516b572b2f9d,1697663412315077777
6a69421f-e399-4db8-897a-d8ef21b5e0a7,707b6ccf-c9d9-4c1d-97f4-516b572b2f9d,1697663412362811111
6a69421f-e399-4db8-897a-d8ef21b5e0a7,707b6ccf-c9d9-4c1d-97f4-516b572b2f9d,1697663412374077777
6a69421f-e399-4db8-897a-d8ef21b5e0a7,707b6ccf-c9d9-4c1d-97f4-516b572b2f9d,1697663412426422222
6a69421f-e399-4db8-897a-d8ef21b5e0a7,707b6ccf-c9d9-4c1d-97f4-516b572b2f9d,1697663412442744444
6a69421f-e399-4db8-897a-d8ef21b5e0a7,707b6ccf-c9d9-4c1d-97f4-516b572b2f9d,1697663412486488888
6a69421f-e399-4db8-897a-d8ef21b5e0a7,707b6ccf-c9d9-4c1d-97f4-516b572b2f9d,1697663412509766666
6a69421f-e399-4db8-897a-d8ef21b5e0a7,707b6ccf-c9d9-4c1d-97f4-516b572b2f9d,1697663412550333333
6a69421f-e399-4db8-897a-d8ef21b5e0a7,707b6ccf-c9d9-4c1d-97f4-516b572b2f9d,1697663412583844444
6a69421f-e399-4db8-897a-d8ef21b5e0a7,707b6ccf-c9d9-4c1d-97f4-516b572b2f9d,1697663412615566666
6a69421f-e399-4db8-897a-d8ef21b5e0a7,707b6ccf-c9d9-4c1d-97f4-516b572b2f9d,1697663412651777777
6a69421f-e399-4db8-897a-d8ef21b5e0a7,707b6ccf-c9d9-4c1d-97f4-516b572b2f9d,1697663412688222222
6a69421f-e399-4db8-897a-d8ef21b5e0a7,707b6ccf-c9d9-4c1d-97f4-516b572b2f9d,1697663412717722222
6a69421f-e399-4db8-897a-d8ef21b5e0a7,707b6ccf-c9d9-4c1d-97f4-516b572b2f9d,1697663412749166666
6a69421f-e399-4db8-897a-d8ef21b5e0a7,707b6ccf-c9d9-4c1d-97f4-516b572b2f9d,1697663412780411111
6a69421f-e399-4db8-897a-d8ef21b5e0a7,707b6ccf-c9d9-4c1d-97f4-516b572b2f9d,1697663412814955555
6a69421f-e399-4db8-897a-d8ef21b5e0a7,707b6ccf-c9d9-4c1d-97f4-516b572b2f9d,1697663412852833333
6a69421f-e399-4db8-897a-d8ef21b5e0a7,707b6ccf-c9d9-4c1d-97f4-516b572b2f9d,1697663412886222222
6a69421f-e399-4db8-897a-d8ef21b5e0a7,707b6ccf-c9d9-4c1d-97f4-516b572b2f9d,1697663412919655555
6a69421f-e399-4db8-897a-d8ef21b5e0a7,707b6ccf-c9d9-4c1d-97f4-516b572b2f9d,1697663412952155555
6a69421f-e399-4db8-897a-d8ef21b5e0a7,707b6ccf-c9d9-4c1d-97f4-516b572b2f9d,1697663412981522222
6a69421f-e399-4db8-897a-d8ef21b5e0a7,707b6ccf-c9d9-4c1d-97f4-516b572b2f9d,1697663413017555555
6a69421f-e399-4db8-897a-d8ef21b5e0a7,707b6ccf-c9d9-4c1d-97f4-516b572b2f9d,1697663413068055555
6a69421f-e399-4db8-897a-d8ef21b5e0a7,707b6ccf-c9d9-4c1d-97f4-516b572b2f9d,1697663413080266666
6a69421f-e399-4db8-897a-d8ef21b5e0a7,707b6ccf-c9d9-4c1d-97f4-516b572b2f9d,1697663413108155555
6a69421f-e399-4db8-897a-d8ef21b5e0a7,707b6ccf-c9d9-4c1d-97f4-516b572b2f9d,1697663413151255555
6a69421f-e399-4db8-897a-d8ef21b5e0a7,707b6ccf-c9d9-4c1d-97f4-516b572b2f9d,1697663413178555555
6a69421f-e399-4db8-897a-d8ef21b5e0a7,707b6ccf-c9d9-4c1d-97f4-516b572b2f9d,1697663413211277777
6a69421f-e399-4db8-897a-d8ef21b5e0a7,707b6ccf-c9d9-4c1d-97f4-516b572b2f9d,1697663413251633333
6a69421f-e399-4db8-897a-d8ef21b5e0a7,707b6ccf-c9d9-4c1d-97f4-516b572b2f9d,1697663413282633333
6a69421f-e399-4db8-897a-d8ef21b5e0a7,707b6ccf-c9d9-4c1d-97f4-516b572b2f9d,1697663413316077777
6a69421f-e399-4db8-897a-d8ef21b5e0a7,707b6ccf-c9d9-4c1d-97f4-516b572b2f9d,1697663413346566666
6a69421f-e399-4db8-897a-d8ef21b5e0a7,707b6ccf-c9d9-4c1d-97f4-516b572b2f9d,1697663413387988888
6a69421f-e399-4db8-897a-d8ef21b5e0a7,707b6ccf-c9d9-4c1d-97f4-516b572b2f9d,1697663413416666666
6a69421f-e399-4db8-897a-d8ef21b5e0a7,707b6ccf-c9d9-4c1d-97f4-516b572b2f9d,1697663413445888888
6a69421f-e399-4db8-897a-d8ef21b5e0a7,707b6ccf-c9d9-4c1d-97f4-516b572b2f9d,1697663413483988888
6a69421f-e399-4db8-897a-d8ef21b5e0a7,707b6ccf-c9d9-4c1d-97f4-516b572b2f9d,1697663413513966666
6a69421f-e399-4db8-897a-d8ef21b5e0a7,707b6ccf-c9d9-4c1d-97f4-516b572b2f9d,1697663413545744444
6a69421f-e399-4db8-897a-d8ef21b5e0a7,707b6ccf-c9d9-4c1d-97f4-516b572b2f9d,1697663413582477777
6a69421f-e399-4db8-897a-d8ef21b5e0a7,707b6ccf-c9d9-4c1d-97f4-516b572b2f9d,1697663413613966666
6a69421f-e399-4db8-897a-d8ef21b5e0a7,707b6ccf-c9d9-4c1d-97f4-516b572b2f9d,1697663413646822222
6a69421f-e399-4db8-897a-d8ef21b5e0a7,707b6ccf-c9d9-4c1d-97f4-516b572b2f9d,1697663413688722222
6a69421f-e399-4db8-897a-d8ef21b5e0a7,707b6ccf-c9d9-4c1d-97f4-516b572b2f9d,1697663413708200000
6a69421f-e399-4db8-897a-d8ef21b5e0a7,707b6ccf-c9d9-4c1d-97f4-516b572b2f9d,1697663413752100000
6a69421f-e399-4db8-897a-d8ef21b5e0a7,707b6ccf-c9d9-4c1d-97f4-516b572b2f9d,1697663413784233333
6a69421f-e399-4db8-897a-d8ef21b5e0a7,707b6ccf-c9d9-4c1d-97f4-516b572b2f9d,1697663413811522222
6a69421f-e399-4db8-897a-d8ef21b5e0a7,707b6ccf-c9d9-4c1d-97f4-516b572b2f9d,1697663413838011111
6a69421f-e399-4db8-897a-d8ef21b5e0a7,707b6ccf-c9d9-4c1d-97f4-516b572b2f9d,1697663413883444444
6a69421f-e399-4db8-897a-d8ef21b5e0a7,707b6ccf-c9d9-4c1d-97f4-516b572b2f9d,1697663413916133333
6a69421f-e399-4db8-897a-d8ef21b5e0a7,707b6ccf-c9d9-4c1d-97f4-516b572b2f9d,1697663413947222222
6a69421f-e399-4db8-897a-d8ef21b5e0a7,707b6ccf-c9d9-4c1d-97f4-516b572b2f9d,1697663413984000000
6a69421f-e399-4db8-897a-d8ef21b5e0a7,707b6ccf-c9d9-4c1d-97f4-516b572b2f9d,1697663414016644444
6a69421f-e399-4db8-897a-d8ef21b5e0a7,707b6ccf-c9d9-4c1d-97f4-516b572b2f9d,1697663414048611111
6a69421f-e399-4db8-897a-d8ef21b5e0a7,707b6ccf-c9d9-4c1d-97f4-516b572b2f9d,1697663414090188888
6a69421f-e399-4db8-897a-d8ef21b5e0a7,707b6ccf-c9d9-4c1d-97f4-516b572b2f9d,1697663414118166666
6a69421f-e399-4db8-897a-d8ef21b5e0a7,707b6ccf-c9d9-4c1d-97f4-516b572b2f9d,1697663414147122222
6a69421f-e399-4db8-897a-d8ef21b5e0a7,707b6ccf-c9d9-4c1d-97f4-516b572b2f9d,1697663414182822222
6a69421f-e399-4db8-897a-d8ef21b5e0a7,707b6ccf-c9d9-4c1d-97f4-516b572b2f9d,1697663414215566666
6a69421f-e399-4db8-897a-d8ef21b5e0a7,707b6ccf-c9d9-4c1d-97f4-516b572b2f9d,1697663414247022222
6a69421f-e399-4db8-897a-d8ef21b5e0a7,707b6ccf-c9d9-4c1d-97f4-516b572b2f9d,1697663414284500000
6a69421f-e399-4db8-897a-d8ef21b5e0a7,707b6ccf-c9d9-4c1d-97f4-516b572b2f9d,1697663414315233333
6a69421f-e399-4db8-897a-d8ef21b5e0a7,707b6ccf-c9d9-4c1d-97f4-516b572b2f9d,1697663414347688888
6a69421f-e399-4db8-897a-d8ef21b5e0a7,707b6ccf-c9d9-4c1d-97f4-516b572b2f9d,1697663414394466666
6a69421f-e399-4db8-897a-d8ef21b5e0a7,707b6ccf-c9d9-4c1d-97f4-516b572b2f9d,1697663414419844444
6a69421f-e399-4db8-897a-d8ef21b5e0a7,707b6ccf-c9d9-4c1d-97f4-516b572b2f9d,1697663414458655555
6a69421f-e399-4db8-897a-d8ef21b5e0a7,707b6ccf-c9d9-4c1d-97f4-516b572b2f9d,1697663414474577777
6a69421f-e399-4db8-897a-d8ef21b5e0a7,707b6ccf-c9d9-4c1d-97f4-516b572b2f9d,1697663414506222222
6a69421f-e399-4db8-897a-d8ef21b5e0a7,707b6ccf-c9d9-4c1d-97f4-516b572b2f9d,1697663414549544444
6a69421f-e399-4db8-897a-d8ef21b5e0a7,707b6ccf-c9d9-4c1d-97f4-516b572b2f9d,1697663414582477777
6a69421f-e399-4db8-897a-d8ef21b5e0a7,707b6ccf-c9d9-4c1d-97f4-516b572b2f9d,1697663414615644444
6a69421f-e399-4db8-897a-d8ef21b5e0a7,707b6ccf-c9d9-4c1d-97f4-516b572b2f9d,1697663414646000000
6a69421f-e399-4db8-897a-d8ef21b5e0a7,707b6ccf-c9d9-4c1d-97f4-516b572b2f9d,1697663414682400000
6a69421f-e399-4db8-897a-d8ef21b5e0a7,707b6ccf-c9d9-4c1d-97f4-516b572b2f9d,1697663414718700000
6a69421f-e399-4db8-897a-d8ef21b5e0a7,707b6ccf-c9d9-4c1d-97f4-516b572b2f9d,1697663414748122222
6a69421f-e399-4db8-897a-d8ef21b5e0a7,707b6ccf-c9d9-4c1d-97f4-516b572b2f9d,1697663414783100000
6a69421f-e399-4db8-897a-d8ef21b5e0a7,707b6ccf-c9d9-4c1d-97f4-516b572b2f9d,1697663414816277777
6a69421f-e399-4db8-897a-d8ef21b5e0a7,707b6ccf-c9d9-4c1d-97f4-516b572b2f9d,1697663414845633333
6a69421f-e399-4db8-897a-d8ef21b5e0a7,707b6ccf-c9d9-4c1d-97f4-516b572b2f9d,1697663414884188888
6a69421f-e399-4db8-897a-d8ef21b5e0a7,707b6ccf-c9d9-4c1d-97f4-516b572b2f9d,1697663414914266666
6a69421f-e399-4db8-897a-d8ef21b5e0a7,707b6ccf-c9d9-4c1d-97f4-516b572b2f9d,1697663414945900000
6a69421f-e399-4db8-897a-d8ef21b5e0a7,707b6ccf-c9d9-4c1d-97f4-516b572b2f9d,1697663414985877777
6a69421f-e399-4db8-897a-d8ef21b5e0a7,707b6ccf-c9d9-4c1d-97f4-516b572b2f9d,1697663415015366666
6a69421f-e399-4db8-897a-d8ef21b5e0a7,707b6ccf-c9d9-4c1d-97f4-516b572b2f9d,1697663415067377777
6a69421f-e399-4db8-897a-d8ef21b5e0a7,707b6ccf-c9d9-4c1d-97f4-516b572b2f9d,1697663415083688888
6a69421f-e399-4db8-897a-d8ef21b5e0a7,707b6ccf-c9d9-4c1d-97f4-516b572b2f9d,1697663415108466666
6a69421f-e399-4db8-897a-d8ef21b5e0a7,707b6ccf-c9d9-4c1d-97f4-516b572b2f9d,1697663415145766666
6a69421f-e399-4db8-897a-d8ef21b5e0a7,707b6ccf-c9d9-4c1d-97f4-516b572b2f9d,1697663415180355555
6a69421f-e399-4db8-897a-d8ef21b5e0a7,707b6ccf-c9d9-4c1d-97f4-516b572b2f9d,1697663415207611111
6a69421f-e399-4db8-897a-d8ef21b5e0a7,707b6ccf-c9d9-4c1d-97f4-516b572b2f9d,1697663415248755555
6a69421f-e399-4db8-897a-d8ef21b5e0a7,707b6ccf-c9d9-4c1d-97f4-516b572b2f9d,1697663415282866666
6a69421f-e399-4db8-897a-d8ef21b5e0a7,707b6ccf-c9d9-4c1d-97f4-516b572b2f9d,1697663415315977777
6a69421f-e399-4db8-897a-d8ef21b5e0a7,707b6ccf-c9d9-4c1d-97f4-516b572b2f9d,1697663415354866666
6a69421f-e399-4db8-897a-d8ef21b5e0a7,707b6ccf-c9d9-4c1d-97f4-516b572b2f9d,1697663415383777777
6a69421f-e399-4db8-897a-d8ef21b5e0a7,707b6ccf-c9d9-4c1d-97f4-516b572b2f9d,1697663415415688888
6a69421f-e399-4db8-897a-d8ef21b5e0a7,707b6ccf-c9d9-4c1d-97f4-516b572b2f9d,1697663415448133333
6a69421f-e399-4db8-897a-d8ef21b5e0a7,707b6ccf-c9d9-4c1d-97f4-516b572b2f9d,1697663415488688888
6a69421f-e399-4db8-897a-d8ef21b5e0a7,707b6ccf-c9d9-4c1d-97f4-516b572b2f9d,1697663415515755555
6a69421f-e399-4db8-897a-d8ef21b5e0a7,707b6ccf-c9d9-4c1d-97f4-516b572b2f9d,1697663415545411111
6a69421f-e399-4db8-897a-d8ef21b5e0a7,707b6ccf-c9d9-4c1d-97f4-516b572b2f9d,1697663415582633333
6a69421f-e399-4db8-897a-d8ef21b5e0a7,707b6ccf-c9d9-4c1d-97f4-516b572b2f9d,1697663415614622222
6a69421f-e399-4db8-897a-d8ef21b5e0a7,707b6ccf-c9d9-4c1d-97f4-516b572b2f9d,1697663415646133333
6a69421f-e399-4db8-897a-d8ef21b5e0a7,707b6ccf-c9d9-4c1d-97f4-516b572b2f9d,1697663415690133333
6a69421f-e399-4db8-897a-d8ef21b5e0a7,707b6ccf-c9d9-4c1d-97f4-516b572b2f9d,1697663415714044444
6a69421f-e399-4db8-897a-d8ef21b5e0a7,707b6ccf-c9d9-4c1d-97f4-516b572b2f9d,1697663415738477777
6a69421f-e399-4db8-897a-d8ef21b5e0a7,707b6ccf-c9d9-4c1d-97f4-516b572b2f9d,1697663415773511111
6a69421f-e399-4db8-897a-d8ef21b5e0a7,707b6ccf-c9d9-4c1d-97f4-516b572b2f9d,1697663415811033333
6a69421f-e399-4db8-897a-d8ef21b5e0a7,707b6ccf-c9d9-4c1d-97f4-516b572b2f9d,1697663415840444444
6a69421f-e399-4db8-897a-d8ef21b5e0a7,707b6ccf-c9d9-4c1d-97f4-516b572b2f9d,1697663415873722222
6a69421f-e399-4db8-897a-d8ef21b5e0a7,707b6ccf-c9d9-4c1d-97f4-516b572b2f9d,1697663415918366666
6a69421f-e399-4db8-897a-d8ef21b5e0a7,707b6ccf-c9d9-4c1d-97f4-516b572b2f9d,1697663415947533333
6a69421f-e399-4db8-897a-d8ef21b5e0a7,707b6ccf-c9d9-4c1d-97f4-516b572b2f9d,1697663415982788888
6a69421f-e399-4db8-897a-d8ef21b5e0a7,707b6ccf-c9d9-4c1d-97f4-516b572b2f9d,1697663416014700000
6a69421f-e399-4db8-897a-d8ef21b5e0a7,707b6ccf-c9d9-4c1d-97f4-516b572b2f9d,1697663416048477777
6a69421f-e399-4db8-897a-d8ef21b5e0a7,707b6ccf-c9d9-4c1d-97f4-516b572b2f9d,1697663416082766666
6a69421f-e399-4db8-897a-d8ef21b5e0a7,707b6ccf-c9d9-4c1d-97f4-516b572b2f9d,1697663416116722222
6a69421f-e399-4db8-897a-d8ef21b5e0a7,707b6ccf-c9d9-4c1d-97f4-516b572b2f9d,1697663416146455555
6a69421f-e399-4db8-897a-d8ef21b5e0a7,707b6ccf-c9d9-4c1d-97f4-516b572b2f9d,1697663416185544444
6a69421f-e399-4db8-897a-d8ef21b5e0a7,707b6ccf-c9d9-4c1d-97f4-516b572b2f9d,1697663416215833333
6a69421f-e399-4db8-897a-d8ef21b5e0a7,707b6ccf-c9d9-4c1d-97f4-516b572b2f9d,1697663416245044444
6a69421f-e399-4db8-897a-d8ef21b5e0a7,707b6ccf-c9d9-4c1d-97f4-516b572b2f9d,1697663416288144444
6a69421f-e399-4db8-897a-d8ef21b5e0a7,707b6ccf-c9d9-4c1d-97f4-516b572b2f9d,1697663416314844444
6a69421f-e399-4db8-897a-d8ef21b5e0a7,707b6ccf-c9d9-4c1d-97f4-516b572b2f9d,1697663416347011111
6a69421f-e399-4db8-897a-d8ef21b5e0a7,707b6ccf-c9d9-4c1d-97f4-516b572b2f9d,1697663416381866666
6a69421f-e399-4db8-897a-d8ef21b5e0a7,707b6ccf-c9d9-4c1d-97f4-516b572b2f9d,1697663416408000000
6a69421f-e399-4db8-897a-d8ef21b5e0a7,707b6ccf-c9d9-4c1d-97f4-516b572b2f9d,1697663416440600000
6a69421f-e399-4db8-897a-d8ef21b5e0a7,707b6ccf-c9d9-4c1d-97f4-516b572b2f9d,1697663416480188888
6a69421f-e399-4db8-897a-d8ef21b5e0a7,707b6ccf-c9d9-4c1d-97f4-516b572b2f9d,1697663416506900000
6a69421f-e399-4db8-897a-d8ef21b5e0a7,707b6ccf-c9d9-4c1d-97f4-516b572b2f9d,1697663416552433333
6a69421f-e399-4db8-897a-d8ef21b5e0a7,707b6ccf-c9d9-4c1d-97f4-516b572b2f9d,1697663416579722222
6a69421f-e399-4db8-897a-d8ef21b5e0a7,707b6ccf-c9d9-4c1d-97f4-516b572b2f9d,1697663416616877777
6a69421f-e399-4db8-897a-d8ef21b5e0a7,707b6ccf-c9d9-4c1d-97f4-516b572b2f9d,1697663416646922222
6a69421f-e399-4db8-897a-d8ef21b5e0a7,707b6ccf-c9d9-4c1d-97f4-516b572b2f9d,1697663416681611111
6a69421f-e399-4db8-897a-d8ef21b5e0a7,707b6ccf-c9d9-4c1d-97f4-516b572b2f9d,1697663416716044444
6a69421f-e399-4db8-897a-d8ef21b5e0a7,707b6ccf-c9d9-4c1d-97f4-516b572b2f9d,1697663416748788888
6a69421f-e399-4db8-897a-d8ef21b5e0a7,707b6ccf-c9d9-4c1d-97f4-516b572b2f9d,1697663416782000000
6a69421f-e399-4db8-897a-d8ef21b5e0a7,707b6ccf-c9d9-4c1d-97f4-516b572b2f9d,1697663416815822222
6a69421f-e399-4db8-897a-d8ef21b5e0a7,707b6ccf-c9d9-4c1d-97f4-516b572b2f9d,1697663416844900000
6a69421f-e399-4db8-897a-d8ef21b5e0a7,707b6ccf-c9d9-4c1d-97f4-516b572b2f9d,1697663416879400000
6a69421f-e399-4db8-897a-d8ef21b5e0a7,707b6ccf-c9d9-4c1d-97f4-516b572b2f9d,1697663416914433333
6a69421f-e399-4db8-897a-d8ef21b5e0a7,707b6ccf-c9d9-4c1d-97f4-516b572b2f9d,1697663416947311111
6a69421f-e399-4db8-897a-d8ef21b5e0a7,707b6ccf-c9d9-4c1d-97f4-516b572b2f9d,1697663416981677777
6a69421f-e399-4db8-897a-d8ef21b5e0a7,707b6ccf-c9d9-4c1d-97f4-516b572b2f9d,1697663417014555555
6a69421f-e399-4db8-897a-d8ef21b5e0a7,707b6ccf-c9d9-4c1d-97f4-516b572b2f9d,1697663417053088888
6a69421f-e399-4db8-897a-d8ef21b5e0a7,707b6ccf-c9d9-4c1d-97f4-516b572b2f9d,1697663417071111111
6a69421f-e399-4db8-897a-d8ef21b5e0a7,707b6ccf-c9d9-4c1d-97f4-516b572b2f9d,1697663417113122222
6a69421f-e399-4db8-897a-d8ef21b5e0a7,707b6ccf-c9d9-4c1d-97f4-516b572b2f9d,1697663417141244444
6a69421f-e399-4db8-897a-d8ef21b5e0a7,707b6ccf-c9d9-4c1d-97f4-516b572b2f9d,1697663417188300000
6a69421f-e399-4db8-897a-d8ef21b5e0a7,707b6ccf-c9d9-4c1d-97f4-516b572b2f9d,1697663417205400000
6a69421f-e399-4db8-897a-d8ef21b5e0a7,707b6ccf-c9d9-4c1d-97f4-516b572b2f9d,1697663417249955555
6a69421f-e399-4db8-897a-d8ef21b5e0a7,707b6ccf-c9d9-4c1d-97f4-516b572b2f9d,1697663417280166666
6a69421f-e399-4db8-897a-d8ef21b5e0a7,707b6ccf-c9d9-4c1d-97f4-516b572b2f9d,1697663417316022222
6a69421f-e399-4db8-897a-d8ef21b5e0a7,707b6ccf-c9d9-4c1d-97f4-516b572b2f9d,1697663417345388888
6a69421f-e399-4db8-897a-d8ef21b5e0a7,707b6ccf-c9d9-4c1d-97f4-516b572b2f9d,1697663417378544444
6a69421f-e399-4db8-897a-d8ef21b5e0a7,707b6ccf-c9d9-4c1d-97f4-516b572b2f9d,1697663417414255555
6a69421f-e399-4db8-897a-d8ef21b5e0a7,707b6ccf-c9d9-4c1d-97f4-516b572b2f9d,1697663417447066666
6a69421f-e399-4db8-897a-d8ef21b5e0a7,707b6ccf-c9d9-4c1d-97f4-516b572b2f9d,1697663417479677777
6a69421f-e399-4db8-897a-d8ef21b5e0a7,707b6ccf-c9d9-4c1d-97f4-516b572b2f9d,1697663417516722222
6a69421f-e399-4db8-897a-d8ef21b5e0a7,707b6ccf-c9d9-4c1d-97f4-516b572b2f9d,1697663417545911111
6a69421f-e399-4db8-897a-d8ef21b5e0a7,707b6ccf-c9d9-4c1d-97f4-516b572b2f9d,1697663417579822222
6a69421f-e399-4db8-897a-d8ef21b5e0a7,707b6ccf-c9d9-4c1d-97f4-516b572b2f9d,1697663417614966666
6a69421f-e399-4db8-897a-d8ef21b5e0a7,707b6ccf-c9d9-4c1d-97f4-516b572b2f9d,1697663417648800000
6a69421f-e399-4db8-897a-d8ef21b5e0a7,707b6ccf-c9d9-4c1d-97f4-516b572b2f9d,1697663417678300000
6a69421f-e399-4db8-897a-d8ef21b5e0a7,707b6ccf-c9d9-4c1d-97f4-516b572b2f9d,1697663417718244444
6a69421f-e399-4db8-897a-d8ef21b5e0a7,707b6ccf-c9d9-4c1d-97f4-516b572b2f9d,1697663417738555555
6a69421f-e399-4db8-897a-d8ef21b5e0a7,707b6ccf-c9d9-4c1d-97f4-516b572b2f9d,1697663417781200000
6a69421f-e399-4db8-897a-d8ef21b5e0a7,707b6ccf-c9d9-4c1d-97f4-516b572b2f9d,1697663417806244444
6a69421f-e399-4db8-897a-d8ef21b5e0a7,707b6ccf-c9d9-4c1d-97f4-516b572b2f9d,1697663417841433333
6a69421f-e399-4db8-897a-d8ef21b5e0a7,707b6ccf-c9d9-4c1d-97f4-516b572b2f9d,1697663417871688888
6a69421f-e399-4db8-897a-d8ef21b5e0a7,707b6ccf-c9d9-4c1d-97f4-516b572b2f9d,1697663417914744444
6a69421f-e399-4db8-897a-d8ef21b5e0a7,707b6ccf-c9d9-4c1d-97f4-516b572b2f9d,1697663417944977777
6a69421f-e399-4db8-897a-d8ef21b5e0a7,707b6ccf-c9d9-4c1d-97f4-516b572b2f9d,1697663417979777777
6a69421f-e399-4db8-897a-d8ef21b5e0a7,707b6ccf-c9d9-4c1d-97f4-516b572b2f9d,1697663418011111111
6a69421f-e399-4db8-897a-d8ef21b5e0a7,707b6ccf-c9d9-4c1d-97f4-516b572b2f9d,1697663418050244444
6a69421f-e399-4db8-897a-d8ef21b5e0a7,707b6ccf-c9d9-4c1d-97f4-516b572b2f9d,1697663418081766666
6a69421f-e399-4db8-897a-d8ef21b5e0a7,707b6ccf-c9d9-4c1d-97f4-516b572b2f9d,1697663418115611111
6a69421f-e399-4db8-897a-d8ef21b5e0a7,707b6ccf-c9d9-4c1d-97f4-516b572b2f9d,1697663418147200000
6a69421f-e399-4db8-897a-d8ef21b5e0a7,707b6ccf-c9d9-4c1d-97f4-516b572b2f9d,1697663418183333333
6a69421f-e399-4db8-897a-d8ef21b5e0a7,707b6ccf-c9d9-4c1d-97f4-516b572b2f9d,1697663418213822222
6a69421f-e399-4db8-897a-d8ef21b5e0a7,707b6ccf-c9d9-4c1d-97f4-516b572b2f9d,1697663418250344444
6a69421f-e399-4db8-897a-d8ef21b5e0a7,707b6ccf-c9d9-4c1d-97f4-516b572b2f9d,1697663418279533333
6a69421f-e399-4db8-897a-d8ef21b5e0a7,707b6ccf-c9d9-4c1d-97f4-516b572b2f9d,1697663418315766666
6a69421f-e399-4db8-897a-d8ef21b5e0a7,707b6ccf-c9d9-4c1d-97f4-516b572b2f9d,1697663418347711111
6a69421f-e399-4db8-897a-d8ef21b5e0a7,707b6ccf-c9d9-4c1d-97f4-516b572b2f9d,1697663418385566666
6a69421f-e399-4db8-897a-d8ef21b5e0a7,707b6ccf-c9d9-4c1d-97f4-516b572b2f9d,1697663418412977777
6a69421f-e399-4db8-897a-d8ef21b5e0a7,707b6ccf-c9d9-4c1d-97f4-516b572b2f9d,1697663418455077777
6a69421f-e399-4db8-897a-d8ef21b5e0a7,707b6ccf-c9d9-4c1d-97f4-516b572b2f9d,1697663418473844444
6a69421f-e399-4db8-897a-d8ef21b5e0a7,707b6ccf-c9d9-4c1d-97f4-516b572b2f9d,1697663418508433333
6a69421f-e399-4db8-897a-d8ef21b5e0a7,707b6ccf-c9d9-4c1d-97f4-516b572b2f9d,1697663418542166666
6a69421f-e399-4db8-897a-d8ef21b5e0a7,707b6ccf-c9d9-4c1d-97f4-516b572b2f9d,1697663418579666666
6a69421f-e399-4db8-897a-d8ef21b5e0a7,707b6ccf-c9d9-4c1d-97f4-516b572b2f9d,1697663418612811111
6a69421f-e399-4db8-897a-d8ef21b5e0a7,707b6ccf-c9d9-4c1d-97f4-516b572b2f9d,1697663418647666666
6a69421f-e399-4db8-897a-d8ef21b5e0a7,707b6ccf-c9d9-4c1d-97f4-516b572b2f9d,1697663418681088888
6a69421f-e399-4db8-897a-d8ef21b5e0a7,707b6ccf-c9d9-4c1d-97f4-516b572b2f9d,1697663418717155555
6a69421f-e399-4db8-897a-d8ef21b5e0a7,707b6ccf-c9d9-4c1d-97f4-516b572b2f9d,1697663418745444444
6a69421f-e399-4db8-897a-d8ef21b5e0a7,707b6ccf-c9d9-4c1d-97f4-516b572b2f9d,1697663418778244444
6a69421f-e399-4db8-897a-d8ef21b5e0a7,707b6ccf-c9d9-4c1d-97f4-516b572b2f9d,1697663418817777777
6a69421f-e399-4db8-897a-d8ef21b5e0a7,707b6ccf-c9d9-4c1d-97f4-516b572b2f9d,1697663418849544444
6a69421f-e399-4db8-897a-d8ef21b5e0a7,707b6ccf-c9d9-4c1d-97f4-516b572b2f9d,1697663418879700000
6a69421f-e399-4db8-897a-d8ef21b5e0a7,707b6ccf-c9d9-4c1d-97f4-516b572b2f9d,1697663418910800000
6a69421f-e399-4db8-897a-d8ef21b5e0a7,707b6ccf-c9d9-4c1d-97f4-516b572b2f9d,1697663418949566666
6a69421f-e399-4db8-897a-d8ef21b5e0a7,707b6ccf-c9d9-4c1d-97f4-516b572b2f9d,1697663418982166666
6a69421f-e399-4db8-897a-d8ef21b5e0a7,707b6ccf-c9d9-4c1d-97f4-516b572b2f9d,1697663419010633333
6a69421f-e399-4db8-897a-d8ef21b5e0a7,707b6ccf-c9d9-4c1d-97f4-516b572b2f9d,1697663419052388888
6a69421f-e399-4db8-897a-d8ef21b5e0a7,707b6ccf-c9d9-4c1d-97f4-516b572b2f9d,1697663419090588888
6a69421f-e399-4db8-897a-d8ef21b5e0a7,707b6ccf-c9d9-4c1d-97f4-516b572b2f9d,1697663419107288888
6a69421f-e399-4db8-897a-d8ef21b5e0a7,707b6ccf-c9d9-4c1d-97f4-516b572b2f9d,1697663419141900000
6a69421f-e399-4db8-897a-d8ef21b5e0a7,707b6ccf-c9d9-4c1d-97f4-516b572b2f9d,1697663419169888888
6a69421f-e399-4db8-897a-d8ef21b5e0a7,707b6ccf-c9d9-4c1d-97f4-516b572b2f9d,1697663419210688888
6a69421f-e399-4db8-897a-d8ef21b5e0a7,707b6ccf-c9d9-4c1d-97f4-516b572b2f9d,1697663419247100000
6a69421f-e399-4db8-897a-d8ef21b5e0a7,707b6ccf-c9d9-4c1d-97f4-516b572b2f9d,1697663419279777777
6a69421f-e399-4db8-897a-d8ef21b5e0a7,707b6ccf-c9d9-4c1d-97f4-516b572b2f9d,1697663419318000000
6a69421f-e399-4db8-897a-d8ef21b5e0a7,707b6ccf-c9d9-4c1d-97f4-516b572b2f9d,1697663419349022222
6a69421f-e399-4db8-897a-d8ef21b5e0a7,707b6ccf-c9d9-4c1d-97f4-516b572b2f9d,1697663419382466666
6a69421f-e399-4db8-897a-d8ef21b5e0a7,707b6ccf-c9d9-4c1d-97f4-516b572b2f9d,1697663419415766666
6a69421f-e399-4db8-897a-d8ef21b5e0a7,707b6ccf-c9d9-4c1d-97f4-516b572b2f9d,1697663419447788888
6a69421f-e399-4db8-897a-d8ef21b5e0a7,707b6ccf-c9d9-4c1d-97f4-516b572b2f9d,1697663419485044444
6a69421f-e399-4db8-897a-d8ef21b5e0a7,707b6ccf-c9d9-4c1d-97f4-516b572b2f9d,1697663419514611111
6a69421f-e399-4db8-897a-d8ef21b5e0a7,707b6ccf-c9d9-4c1d-97f4-516b572b2f9d,1697663419548400000
6a69421f-e399-4db8-897a-d8ef21b5e0a7,707b6ccf-c9d9-4c1d-97f4-516b572b2f9d,1697663419578911111
6a69421f-e399-4db8-897a-d8ef21b5e0a7,707b6ccf-c9d9-4c1d-97f4-516b572b2f9d,1697663419614700000
6a69421f-e399-4db8-897a-d8ef21b5e0a7,707b6ccf-c9d9-4c1d-97f4-516b572b2f9d,1697663419644622222
6a69421f-e399-4db8-897a-d8ef21b5e0a7,707b6ccf-c9d9-4c1d-97f4-516b572b2f9d,1697663419682800000
6a69421f-e399-4db8-897a-d8ef21b5e0a7,707b6ccf-c9d9-4c1d-97f4-516b572b2f9d,1697663419717033333
6a69421f-e399-4db8-897a-d8ef21b5e0a7,707b6ccf-c9d9-4c1d-97f4-516b572b2f9d,1697663419762400000
6a69421f-e399-4db8-897a-d8ef21b5e0a7,707b6ccf-c9d9-4c1d-97f4-516b572b2f9d,1697663419777444444
6a69421f-e399-4db8-897a-d8ef21b5e0a7,707b6ccf-c9d9-4c1d-97f4-516b572b2f9d,1697663419802200000
6a69421f-e399-4db8-897a-d8ef21b5e0a7,707b6ccf-c9d9-4c1d-97f4-516b572b2f9d,1697663419861433333
6a69421f-e399-4db8-897a-d8ef21b5e0a7,707b6ccf-c9d9-4c1d-97f4-516b572b2f9d,1697663419875844444
6a69421f-e399-4db8-897a-d8ef21b5e0a7,707b6ccf-c9d9-4c1d-97f4-516b572b2f9d,1697663419901422222
6a69421f-e399-4db8-897a-d8ef21b5e0a7,707b6ccf-c9d9-4c1d-97f4-516b572b2f9d,1697663419945255555
6a69421f-e399-4db8-897a-d8ef21b5e0a7,707b6ccf-c9d9-4c1d-97f4-516b572b2f9d,1697663419978400000
6a69421f-e399-4db8-897a-d8ef21b5e0a7,707b6ccf-c9d9-4c1d-97f4-516b572b2f9d,1697663420012822222
6a69421f-e399-4db8-897a-d8ef21b5e0a7,707b6ccf-c9d9-4c1d-97f4-516b572b2f9d,1697663420049144444
6a69421f-e399-4db8-897a-d8ef21b5e0a7,707b6ccf-c9d9-4c1d-97f4-516b572b2f9d,1697663420078877777
6a69421f-e399-4db8-897a-d8ef21b5e0a7,707b6ccf-c9d9-4c1d-97f4-516b572b2f9d,1697663420111566666
6a69421f-e399-4db8-897a-d8ef21b5e0a7,707b6ccf-c9d9-4c1d-97f4-516b572b2f9d,1697663420146622222
6a69421f-e399-4db8-897a-d8ef21b5e0a7,707b6ccf-c9d9-4c1d-97f4-516b572b2f9d,1697663420178600000
6a69421f-e399-4db8-897a-d8ef21b5e0a7,707b6ccf-c9d9-4c1d-97f4-516b572b2f9d,1697663420213722222
6a69421f-e399-4db8-897a-d8ef21b5e0a7,707b6ccf-c9d9-4c1d-97f4-516b572b2f9d,1697663420243966666
6a69421f-e399-4db8-897a-d8ef21b5e0a7,707b6ccf-c9d9-4c1d-97f4-516b572b2f9d,1697663420280977777
6a69421f-e399-4db8-897a-d8ef21b5e0a7,707b6ccf-c9d9-4c1d-97f4-516b572b2f9d,1697663420309944444
6a69421f-e399-4db8-897a-d8ef21b5e0a7,707b6ccf-c9d9-4c1d-97f4-516b572b2f9d,1697663420350122222
6a69421f-e399-4db8-897a-d8ef21b5e0a7,707b6ccf-c9d9-4c1d-97f4-516b572b2f9d,1697663420379622222
6a69421f-e399-4db8-897a-d8ef21b5e0a7,707b6ccf-c9d9-4c1d-97f4-516b572b2f9d,1697663420404644444
6a69421f-e399-4db8-897a-d8ef21b5e0a7,707b6ccf-c9d9-4c1d-97f4-516b572b2f9d,1697663420439188888
6a69421f-e399-4db8-897a-d8ef21b5e0a7,707b6ccf-c9d9-4c1d-97f4-516b572b2f9d,1697663420471722222
6a69421f-e399-4db8-897a-d8ef21b5e0a7,707b6ccf-c9d9-4c1d-97f4-516b572b2f9d,1697663420505411111
6a69421f-e399-4db8-897a-d8ef21b5e0a7,707b6ccf-c9d9-4c1d-97f4-516b572b2f9d,1697663420546355555
6a69421f-e399-4db8-897a-d8ef21b5e0a7,707b6ccf-c9d9-4c1d-97f4-516b572b2f9d,1697663420570411111
6a69421f-e399-4db8-897a-d8ef21b5e0a7,707b6ccf-c9d9-4c1d-97f4-516b572b2f9d,1697663420612277777
6a69421f-e399-4db8-897a-d8ef21b5e0a7,707b6ccf-c9d9-4c1d-97f4-516b572b2f9d,1697663420647600000
6a69421f-e399-4db8-897a-d8ef21b5e0a7,707b6ccf-c9d9-4c1d-97f4-516b572b2f9d,1697663420679777777
6a69421f-e399-4db8-897a-d8ef21b5e0a7,707b6ccf-c9d9-4c1d-97f4-516b572b2f9d,1697663420711455555
6a69421f-e399-4db8-897a-d8ef21b5e0a7,707b6ccf-c9d9-4c1d-97f4-516b572b2f9d,1697663420747666666
6a69421f-e399-4db8-897a-d8ef21b5e0a7,707b6ccf-c9d9-4c1d-97f4-516b572b2f9d,1697663420778722222
6a69421f-e399-4db8-897a-d8ef21b5e0a7,707b6ccf-c9d9-4c1d-97f4-516b572b2f9d,1697663420810700000
6a69421f-e399-4db8-897a-d8ef21b5e0a7,707b6ccf-c9d9-4c1d-97f4-516b572b2f9d,1697663420852677777
6a69421f-e399-4db8-897a-d8ef21b5e0a7,707b6ccf-c9d9-4c1d-97f4-516b572b2f9d,1697663420876933333
6a69421f-e399-4db8-897a-d8ef21b5e0a7,707b6ccf-c9d9-4c1d-97f4-516b572b2f9d,1697663420913333333
6a69421f-e399-4db8-897a-d8ef21b5e0a7,707b6ccf-c9d9-4c1d-97f4-516b572b2f9d,1697663420949555555
6a69421f-e399-4db8-897a-d8ef21b5e0a7,707b6ccf-c9d9-4c1d-97f4-516b572b2f9d,1697663420983977777
6a69421f-e399-4db8-897a-d8ef21b5e0a7,707b6ccf-c9d9-4c1d-97f4-516b572b2f9d,1697663421011033333
6a69421f-e399-4db8-897a-d8ef21b5e0a7,707b6ccf-c9d9-4c1d-97f4-516b572b2f9d,1697663421049544444
6a69421f-e399-4db8-897a-d8ef21b5e0a7,707b6ccf-c9d9-4c1d-97f4-516b572b2f9d,1697663421077511111
6a69421f-e399-4db8-897a-d8ef21b5e0a7,707b6ccf-c9d9-4c1d-97f4-516b572b2f9d,1697663421107755555
6a69421f-e399-4db8-897a-d8ef21b5e0a7,707b6ccf-c9d9-4c1d-97f4-516b572b2f9d,1697663421141066666
6a69421f-e399-4db8-897a-d8ef21b5e0a7,707b6ccf-c9d9-4c1d-97f4-516b572b2f9d,1697663421174955555
6a69421f-e399-4db8-897a-d8ef21b5e0a7,707b6ccf-c9d9-4c1d-97f4-516b572b2f9d,1697663421204166666
6a69421f-e399-4db8-897a-d8ef21b5e0a7,707b6ccf-c9d9-4c1d-97f4-516b572b2f9d,1697663421238000000
6a69421f-e399-4db8-897a-d8ef21b5e0a7,707b6ccf-c9d9-4c1d-97f4-516b572b2f9d,1697663421280033333
6a69421f-e399-4db8-897a-d8ef21b5e0a7,707b6ccf-c9d9-4c1d-97f4-516b572b2f9d,1697663421311966666
6a69421f-e399-4db8-897a-d8ef21b5e0a7,707b6ccf-c9d9-4c1d-97f4-516b572b2f9d,1697663421346644444
6a69421f-e399-4db8-897a-d8ef21b5e0a7,707b6ccf-c9d9-4c1d-97f4-516b572b2f9d,1697663421376566666
6a69421f-e399-4db8-897a-d8ef21b5e0a7,707b6ccf-c9d9-4c1d-97f4-516b572b2f9d,1697663421410533333
6a69421f-e399-4db8-897a-d8ef21b5e0a7,707b6ccf-c9d9-4c1d-97f4-516b572b2f9d,1697663421446222222
6a69421f-e399-4db8-897a-d8ef21b5e0a7,707b6ccf-c9d9-4c1d-97f4-516b572b2f9d,1697663421487344444
6a69421f-e399-4db8-897a-d8ef21b5e0a7,707b6ccf-c9d9-4c1d-97f4-516b572b2f9d,1697663421509855555
6a69421f-e399-4db8-897a-d8ef21b5e0a7,707b6ccf-c9d9-4c1d-97f4-516b572b2f9d,1697663421547033333
6a69421f-e399-4db8-897a-d8ef21b5e0a7,707b6ccf-c9d9-4c1d-97f4-516b572b2f9d,1697663421583166666
6a69421f-e399-4db8-897a-d8ef21b5e0a7,707b6ccf-c9d9-4c1d-97f4-516b572b2f9d,1697663421611088888
6a69421f-e399-4db8-897a-d8ef21b5e0a7,707b6ccf-c9d9-4c1d-97f4-516b572b2f9d,1697663421649888888
6a69421f-e399-4db8-897a-d8ef21b5e0a7,707b6ccf-c9d9-4c1d-97f4-516b572b2f9d,1697663421679611111
6a69421f-e399-4db8-897a-d8ef21b5e0a7,707b6ccf-c9d9-4c1d-97f4-516b572b2f9d,1697663421711800000
6a69421f-e399-4db8-897a-d8ef21b5e0a7,707b6ccf-c9d9-4c1d-97f4-516b572b2f9d,1697663421754455555
6a69421f-e399-4db8-897a-d8ef21b5e0a7,707b6ccf-c9d9-4c1d-97f4-516b572b2f9d,1697663421791611111
6a69421f-e399-4db8-897a-d8ef21b5e0a7,707b6ccf-c9d9-4c1d-97f4-516b572b2f9d,1697663421802077777
6a69421f-e399-4db8-897a-d8ef21b5e0a7,707b6ccf-c9d9-4c1d-97f4-516b572b2f9d,1697663421842244444
6a69421f-e399-4db8-897a-d8ef21b5e0a7,707b6ccf-c9d9-4c1d-97f4-516b572b2f9d,1697663421874866666
6a69421f-e399-4db8-897a-d8ef21b5e0a7,707b6ccf-c9d9-4c1d-97f4-516b572b2f9d,1697663421910422222
6a69421f-e399-4db8-897a-d8ef21b5e0a7,707b6ccf-c9d9-4c1d-97f4-516b572b2f9d,1697663421946066666
6a69421f-e399-4db8-897a-d8ef21b5e0a7,707b6ccf-c9d9-4c1d-97f4-516b572b2f9d,1697663421977155555
6a69421f-e399-4db8-897a-d8ef21b5e0a7,707b6ccf-c9d9-4c1d-97f4-516b572b2f9d,1697663422012211111
6a69421f-e399-4db8-897a-d8ef21b5e0a7,707b6ccf-c9d9-4c1d-97f4-516b572b2f9d,1697663422046666666
6a69421f-e399-4db8-897a-d8ef21b5e0a7,707b6ccf-c9d9-4c1d-97f4-516b572b2f9d,1697663422079811111
6a69421f-e399-4db8-897a-d8ef21b5e0a7,707b6ccf-c9d9-4c1d-97f4-516b572b2f9d,1697663422110411111
6a69421f-e399-4db8-897a-d8ef21b5e0a7,707b6ccf-c9d9-4c1d-97f4-516b572b2f9d,1697663422155255555
6a69421f-e399-4db8-897a-d8ef21b5e0a7,707b6ccf-c9d9-4c1d-97f4-516b572b2f9d,1697663422180288888
6a69421f-e399-4db8-897a-d8ef21b5e0a7,707b6ccf-c9d9-4c1d-97f4-516b572b2f9d,1697663422204100000
6a69421f-e399-4db8-897a-d8ef21b5e0a7,707b6ccf-c9d9-4c1d-97f4-516b572b2f9d,1697663422252788888
6a69421f-e399-4db8-897a-d8ef21b5e0a7,707b6ccf-c9d9-4c1d-97f4-516b572b2f9d,1697663422281400000
6a69421f-e399-4db8-897a-d8ef21b5e0a7,707b6ccf-c9d9-4c1d-97f4-516b572b2f9d,1697663422311300000
6a69421f-e399-4db8-897a-d8ef21b5e0a7,707b6ccf-c9d9-4c1d-97f4-516b572b2f9d,1697663422351011111
6a69421f-e399-4db8-897a-d8ef21b5e0a7,707b6ccf-c9d9-4c1d-97f4-516b572b2f9d,1697663422379555555
6a69421f-e399-4db8-897a-d8ef21b5e0a7,707b6ccf-c9d9-4c1d-97f4-516b572b2f9d,1697663422414255555
6a69421f-e399-4db8-897a-d8ef21b5e0a7,707b6ccf-c9d9-4c1d-97f4-516b572b2f9d,1697663422440155555
6a69421f-e399-4db8-897a-d8ef21b5e0a7,707b6ccf-c9d9-4c1d-97f4-516b572b2f9d,1697663422482311111
6a69421f-e399-4db8-897a-d8ef21b5e0a7,707b6ccf-c9d9-4c1d-97f4-516b572b2f9d,1697663422516555555
6a69421f-e399-4db8-897a-d8ef21b5e0a7,707b6ccf-c9d9-4c1d-97f4-516b572b2f9d,1697663422539522222
6a69421f-e399-4db8-897a-d8ef21b5e0a7,707b6ccf-c9d9-4c1d-97f4-516b572b2f9d,1697663422570800000
6a69421f-e399-4db8-897a-d8ef21b5e0a7,707b6ccf-c9d9-4c1d-97f4-516b572b2f9d,1697663422612244444
6a69421f-e399-4db8-897a-d8ef21b5e0a7,707b6ccf-c9d9-4c1d-97f4-516b572b2f9d,1697663422648722222
6a69421f-e399-4db8-897a-d8ef21b5e0a7,707b6ccf-c9d9-4c1d-97f4-516b572b2f9d,1697663422682055555
6a69421f-e399-4db8-897a-d8ef21b5e0a7,707b6ccf-c9d9-4c1d-97f4-516b572b2f9d,1697663422719088888
6a69421f-e399-4db8-897a-d8ef21b5e0a7,707b6ccf-c9d9-4c1d-97f4-516b572b2f9d,1697663422751622222
6a69421f-e399-4db8-897a-d8ef21b5e0a7,707b6ccf-c9d9-4c1d-97f4-516b572b2f9d,1697663422785944444
6a69421f-e399-4db8-897a-d8ef21b5e0a7,707b6ccf-c9d9-4c1d-97f4-516b572b2f9d,1697663422818044444
6a69421f-e399-4db8-897a-d8ef21b5e0a7,707b6ccf-c9d9-4c1d-97f4-516b572b2f9d,1697663422851588888
6a69421f-e399-4db8-897a-d8ef21b5e0a7,707b6ccf-c9d9-4c1d-97f4-516b572b2f9d,1697663422886422222
6a69421f-e399-4db8-897a-d8ef21b5e0a7,707b6ccf-c9d9-4c1d-97f4-516b572b2f9d,1697663422922988888
6a69421f-e399-4db8-897a-d8ef21b5e0a7,707b6ccf-c9d9-4c1d-97f4-516b572b2f9d,1697663422951500000
6a69421f-e399-4db8-897a-d8ef21b5e0a7,707b6ccf-c9d9-4c1d-97f4-516b572b2f9d,1697663422990522222
6a69421f-e399-4db8-897a-d8ef21b5e0a7,707b6ccf-c9d9-4c1d-97f4-516b572b2f9d,1697663423019622222
6a69421f-e399-4db8-897a-d8ef21b5e0a7,707b6ccf-c9d9-4c1d-97f4-516b572b2f9d,1697663423050888888
6a69421f-e399-4db8-897a-d8ef21b5e0a7,707b6ccf-c9d9-4c1d-97f4-516b572b2f9d,1697663423081933333
6a69421f-e399-4db8-897a-d8ef21b5e0a7,707b6ccf-c9d9-4c1d-97f4-516b572b2f9d,1697663423124600000
6a69421f-e399-4db8-897a-d8ef21b5e0a7,707b6ccf-c9d9-4c1d-97f4-516b572b2f9d,1697663423143844444
6a69421f-e399-4db8-897a-d8ef21b5e0a7,707b6ccf-c9d9-4c1d-97f4-516b572b2f9d,1697663423175144444
6a69421f-e399-4db8-897a-d8ef21b5e0a7,707b6ccf-c9d9-4c1d-97f4-516b572b2f9d,1697663423213044444
6a69421f-e399-4db8-897a-d8ef21b5e0a7,707b6ccf-c9d9-4c1d-97f4-516b572b2f9d,1697663423241788888
6a69421f-e399-4db8-897a-d8ef21b5e0a7,707b6ccf-c9d9-4c1d-97f4-516b572b2f9d,1697663423289766666
6a69421f-e399-4db8-897a-d8ef21b5e0a7,707b6ccf-c9d9-4c1d-97f4-516b572b2f9d,1697663423321811111
6a69421f-e399-4db8-897a-d8ef21b5e0a7,707b6ccf-c9d9-4c1d-97f4-516b572b2f9d,1697663423342900000
6a69421f-e399-4db8-897a-d8ef21b5e0a7,707b6ccf-c9d9-4c1d-97f4-516b572b2f9d,1697663423388522222
6a69421f-e399-4db8-897a-d8ef21b5e0a7,707b6ccf-c9d9-4c1d-97f4-516b572b2f9d,1697663423419233333
6a69421f-e399-4db8-897a-d8ef21b5e0a7,707b6ccf-c9d9-4c1d-97f4-516b572b2f9d,1697663423451444444
6a69421f-e399-4db8-897a-d8ef21b5e0a7,707b6ccf-c9d9-4c1d-97f4-516b572b2f9d,1697663423485566666
6a69421f-e399-4db8-897a-d8ef21b5e0a7,707b6ccf-c9d9-4c1d-97f4-516b572b2f9d,1697663423519622222
6a69421f-e399-4db8-897a-d8ef21b5e0a7,707b6ccf-c9d9-4c1d-97f4-516b572b2f9d,1697663423553011111
6a69421f-e399-4db8-897a-d8ef21b5e0a7,707b6ccf-c9d9-4c1d-97f4-516b572b2f9d,1697663423582944444
6a69421f-e399-4db8-897a-d8ef21b5e0a7,707b6ccf-c9d9-4c1d-97f4-516b572b2f9d,1697663423627066666
6a69421f-e399-4db8-897a-d8ef21b5e0a7,707b6ccf-c9d9-4c1d-97f4-516b572b2f9d,1697663423649722222
6a69421f-e399-4db8-897a-d8ef21b5e0a7,707b6ccf-c9d9-4c1d-97f4-516b572b2f9d,1697663423686322222
6a69421f-e399-4db8-897a-d8ef21b5e0a7,707b6ccf-c9d9-4c1d-97f4-516b572b2f9d,1697663423723566666
6a69421f-e399-4db8-897a-d8ef21b5e0a7,707b6ccf-c9d9-4c1d-97f4-516b572b2f9d,1697663423753666666
6a69421f-e399-4db8-897a-d8ef21b5e0a7,707b6ccf-c9d9-4c1d-97f4-516b572b2f9d,1697663423775366666
6a69421f-e399-4db8-897a-d8ef21b5e0a7,707b6ccf-c9d9-4c1d-97f4-516b572b2f9d,1697663423820833333
6a69421f-e399-4db8-897a-d8ef21b5e0a7,707b6ccf-c9d9-4c1d-97f4-516b572b2f9d,1697663423843788888
6a69421f-e399-4db8-897a-d8ef21b5e0a7,707b6ccf-c9d9-4c1d-97f4-516b572b2f9d,1697663423880755555
6a69421f-e399-4db8-897a-d8ef21b5e0a7,707b6ccf-c9d9-4c1d-97f4-516b572b2f9d,1697663423912944444
6a69421f-e399-4db8-897a-d8ef21b5e0a7,707b6ccf-c9d9-4c1d-97f4-516b572b2f9d,1697663423957655555
6a69421f-e399-4db8-897a-d8ef21b5e0a7,707b6ccf-c9d9-4c1d-97f4-516b572b2f9d,1697663423989444444
6a69421f-e399-4db8-897a-d8ef21b5e0a7,707b6ccf-c9d9-4c1d-97f4-516b572b2f9d,1697663424017822222
6a69421f-e399-4db8-897a-d8ef21b5e0a7,707b6ccf-c9d9-4c1d-97f4-516b572b2f9d,1697663424050588888
6a69421f-e399-4db8-897a-d8ef21b5e0a7,707b6ccf-c9d9-4c1d-97f4-516b572b2f9d,1697663424082566666
6a69421f-e399-4db8-897a-d8ef21b5e0a7,707b6ccf-c9d9-4c1d-97f4-516b572b2f9d,1697663424122444444
6a69421f-e399-4db8-897a-d8ef21b5e0a7,707b6ccf-c9d9-4c1d-97f4-516b572b2f9d,1697663424155633333
6a69421f-e399-4db8-897a-d8ef21b5e0a7,707b6ccf-c9d9-4c1d-97f4-516b572b2f9d,1697663424181944444
6a69421f-e399-4db8-897a-d8ef21b5e0a7,707b6ccf-c9d9-4c1d-97f4-516b572b2f9d,1697663424218277777
6a69421f-e399-4db8-897a-d8ef21b5e0a7,707b6ccf-c9d9-4c1d-97f4-516b572b2f9d,1697663424249744444
6a69421f-e399-4db8-897a-d8ef21b5e0a7,707b6ccf-c9d9-4c1d-97f4-516b572b2f9d,1697663424285711111
6a69421f-e399-4db8-897a-d8ef21b5e0a7,707b6ccf-c9d9-4c1d-97f4-516b572b2f9d,1697663424321100000
6a69421f-e399-4db8-897a-d8ef21b5e0a7,707b6ccf-c9d9-4c1d-97f4-516b572b2f9d,1697663424351388888
6a69421f-e399-4db8-897a-d8ef21b5e0a7,707b6ccf-c9d9-4c1d-97f4-516b572b2f9d,1697663424388700000
6a69421f-e399-4db8-897a-d8ef21b5e0a7,707b6ccf-c9d9-4c1d-97f4-516b572b2f9d,1697663424417066666
6a69421f-e399-4db8-897a-d8ef21b5e0a7,707b6ccf-c9d9-4c1d-97f4-516b572b2f9d,1697663424445266666
6a69421f-e399-4db8-897a-d8ef21b5e0a7,707b6ccf-c9d9-4c1d-97f4-516b572b2f9d,1697663424483311111
6a69421f-e399-4db8-897a-d8ef21b5e0a7,707b6ccf-c9d9-4c1d-97f4-516b572b2f9d,1697663424527811111
6a69421f-e399-4db8-897a-d8ef21b5e0a7,707b6ccf-c9d9-4c1d-97f4-516b572b2f9d,1697663424544800000
6a69421f-e399-4db8-897a-d8ef21b5e0a7,707b6ccf-c9d9-4c1d-97f4-516b572b2f9d,1697663424580977777
6a69421f-e399-4db8-897a-d8ef21b5e0a7,707b6ccf-c9d9-4c1d-97f4-516b572b2f9d,1697663424617922222
6a69421f-e399-4db8-897a-d8ef21b5e0a7,707b6ccf-c9d9-4c1d-97f4-516b572b2f9d,1697663424652700000
6a69421f-e399-4db8-897a-d8ef21b5e0a7,707b6ccf-c9d9-4c1d-97f4-516b572b2f9d,1697663424683400000
6a69421f-e399-4db8-897a-d8ef21b5e0a7,707b6ccf-c9d9-4c1d-97f4-516b572b2f9d,1697663424718888888
6a69421f-e399-4db8-897a-d8ef21b5e0a7,707b6ccf-c9d9-4c1d-97f4-516b572b2f9d,1697663424750555555
6a69421f-e399-4db8-897a-d8ef21b5e0a7,707b6ccf-c9d9-4c1d-97f4-516b572b2f9d,1697663424783322222
6a69421f-e399-4db8-897a-d8ef21b5e0a7,707b6ccf-c9d9-4c1d-97f4-516b572b2f9d,1697663424822655555
6a69421f-e399-4db8-897a-d8ef21b5e0a7,707b6ccf-c9d9-4c1d-97f4-516b572b2f9d,1697663424842833333
6a69421f-e399-4db8-897a-d8ef21b5e0a7,707b6ccf-c9d9-4c1d-97f4-516b572b2f9d,1697663424883677777
6a69421f-e399-4db8-897a-d8ef21b5e0a7,707b6ccf-c9d9-4c1d-97f4-516b572b2f9d,1697663424925311111
6a69421f-e399-4db8-897a-d8ef21b5e0a7,707b6ccf-c9d9-4c1d-97f4-516b572b2f9d,1697663424951122222
6a69421f-e399-4db8-897a-d8ef21b5e0a7,707b6ccf-c9d9-4c1d-97f4-516b572b2f9d,1697663424982244444
6a69421f-e399-4db8-897a-d8ef21b5e0a7,707b6ccf-c9d9-4c1d-97f4-516b572b2f9d,1697663425024122222
6a69421f-e399-4db8-897a-d8ef21b5e0a7,707b6ccf-c9d9-4c1d-97f4-516b572b2f9d,1697663425051944444
6a69421f-e399-4db8-897a-d8ef21b5e0a7,707b6ccf-c9d9-4c1d-97f4-516b572b2f9d,1697663425084577777
6a69421f-e399-4db8-897a-d8ef21b5e0a7,707b6ccf-c9d9-4c1d-97f4-516b572b2f9d,1697663425113700000
6a69421f-e399-4db8-897a-d8ef21b5e0a7,707b6ccf-c9d9-4c1d-97f4-516b572b2f9d,1697663425143222222
6a69421f-e399-4db8-897a-d8ef21b5e0a7,707b6ccf-c9d9-4c1d-97f4-516b572b2f9d,1697663425190711111
6a69421f-e399-4db8-897a-d8ef21b5e0a7,707b6ccf-c9d9-4c1d-97f4-516b572b2f9d,1697663425212755555
6a69421f-e399-4db8-897a-d8ef21b5e0a7,707b6ccf-c9d9-4c1d-97f4-516b572b2f9d,1697663425241266666
6a69421f-e399-4db8-897a-d8ef21b5e0a7,707b6ccf-c9d9-4c1d-97f4-516b572b2f9d,1697663425284066666
6a69421f-e399-4db8-897a-d8ef21b5e0a7,707b6ccf-c9d9-4c1d-97f4-516b572b2f9d,1697663425321888888
6a69421f-e399-4db8-897a-d8ef21b5e0a7,707b6ccf-c9d9-4c1d-97f4-516b572b2f9d,1697663425349722222
6a69421f-e399-4db8-897a-d8ef21b5e0a7,707b6ccf-c9d9-4c1d-97f4-516b572b2f9d,1697663425388933333
6a69421f-e399-4db8-897a-d8ef21b5e0a7,707b6ccf-c9d9-4c1d-97f4-516b572b2f9d,1697663425417277777
6a69421f-e399-4db8-897a-d8ef21b5e0a7,707b6ccf-c9d9-4c1d-97f4-516b572b2f9d,1697663425450255555
6a69421f-e399-4db8-897a-d8ef21b5e0a7,707b6ccf-c9d9-4c1d-97f4-516b572b2f9d,1697663425488011111
6a69421f-e399-4db8-897a-d8ef21b5e0a7,707b6ccf-c9d9-4c1d-97f4-516b572b2f9d,1697663425519988888
6a69421f-e399-4db8-897a-d8ef21b5e0a7,707b6ccf-c9d9-4c1d-97f4-516b572b2f9d,1697663425552177777
6a69421f-e399-4db8-897a-d8ef21b5e0a7,707b6ccf-c9d9-4c1d-97f4-516b572b2f9d,1697663425581700000
6a69421f-e399-4db8-897a-d8ef21b5e0a7,707b6ccf-c9d9-4c1d-97f4-516b572b2f9d,1697663425621811111
6a69421f-e399-4db8-897a-d8ef21b5e0a7,707b6ccf-c9d9-4c1d-97f4-516b572b2f9d,1697663425648900000
6a69421f-e399-4db8-897a-d8ef21b5e0a7,707b6ccf-c9d9-4c1d-97f4-516b572b2f9d,1697663425682155555
6a69421f-e399-4db8-897a-d8ef21b5e0a7,707b6ccf-c9d9-4c1d-97f4-516b572b2f9d,1697663425720188888
6a69421f-e399-4db8-897a-d8ef21b5e0a7,707b6ccf-c9d9-4c1d-97f4-516b572b2f9d,1697663425742866666
6a69421f-e399-4db8-897a-d8ef21b5e0a7,707b6ccf-c9d9-4c1d-97f4-516b572b2f9d,1697663425776188888
6a69421f-e399-4db8-897a-d8ef21b5e0a7,707b6ccf-c9d9-4c1d-97f4-516b572b2f9d,1697663425813733333
6a69421f-e399-4db8-897a-d8ef21b5e0a7,707b6ccf-c9d9-4c1d-97f4-516b572b2f9d,1697663425841455555
6a69421f-e399-4db8-897a-d8ef21b5e0a7,707b6ccf-c9d9-4c1d-97f4-516b572b2f9d,1697663425879622222
6a69421f-e399-4db8-897a-d8ef21b5e0a7,707b6ccf-c9d9-4c1d-97f4-516b572b2f9d,1697663425915322222
6a69421f-e399-4db8-897a-d8ef21b5e0a7,707b6ccf-c9d9-4c1d-97f4-516b572b2f9d,1697663425951111111
6a69421f-e399-4db8-897a-d8ef21b5e0a7,707b6ccf-c9d9-4c1d-97f4-516b572b2f9d,1697663425981522222
6a69421f-e399-4db8-897a-d8ef21b5e0a7,707b6ccf-c9d9-4c1d-97f4-516b572b2f9d,1697663426019644444
6a69421f-e399-4db8-897a-d8ef21b5e0a7,707b6ccf-c9d9-4c1d-97f4-516b572b2f9d,1697663426050155555
6a69421f-e399-4db8-897a-d8ef21b5e0a7,707b6ccf-c9d9-4c1d-97f4-516b572b2f9d,1697663426082600000
6a69421f-e399-4db8-897a-d8ef21b5e0a7,707b6ccf-c9d9-4c1d-97f4-516b572b2f9d,1697663426121144444
6a69421f-e399-4db8-897a-d8ef21b5e0a7,707b6ccf-c9d9-4c1d-97f4-516b572b2f9d,1697663426150800000
6a69421f-e399-4db8-897a-d8ef21b5e0a7,707b6ccf-c9d9-4c1d-97f4-516b572b2f9d,1697663426180566666
6a69421f-e399-4db8-897a-d8ef21b5e0a7,707b6ccf-c9d9-4c1d-97f4-516b572b2f9d,1697663426217811111
6a69421f-e399-4db8-897a-d8ef21b5e0a7,707b6ccf-c9d9-4c1d-97f4-516b572b2f9d,1697663426251455555
6a69421f-e399-4db8-897a-d8ef21b5e0a7,707b6ccf-c9d9-4c1d-97f4-516b572b2f9d,1697663426285800000
6a69421f-e399-4db8-897a-d8ef21b5e0a7,707b6ccf-c9d9-4c1d-97f4-516b572b2f9d,1697663426317966666
6a69421f-e399-4db8-897a-d8ef21b5e0a7,707b6ccf-c9d9-4c1d-97f4-516b572b2f9d,1697663426351344444
6a69421f-e399-4db8-897a-d8ef21b5e0a7,707b6ccf-c9d9-4c1d-97f4-516b572b2f9d,1697663426386477777
6a69421f-e399-4db8-897a-d8ef21b5e0a7,707b6ccf-c9d9-4c1d-97f4-516b572b2f9d,1697663426408000000
6a69421f-e399-4db8-897a-d8ef21b5e0a7,707b6ccf-c9d9-4c1d-97f4-516b572b2f9d,1697663426455822222
6a69421f-e399-4db8-897a-d8ef21b5e0a7,707b6ccf-c9d9-4c1d-97f4-516b572b2f9d,1697663426477477777
6a69421f-e399-4db8-897a-d8ef21b5e0a7,707b6ccf-c9d9-4c1d-97f4-516b572b2f9d,1697663426507033333
6a69421f-e399-4db8-897a-d8ef21b5e0a7,707b6ccf-c9d9-4c1d-97f4-516b572b2f9d,1697663426553977777
6a69421f-e399-4db8-897a-d8ef21b5e0a7,707b6ccf-c9d9-4c1d-97f4-516b572b2f9d,1697663426582933333
6a69421f-e399-4db8-897a-d8ef21b5e0a7,707b6ccf-c9d9-4c1d-97f4-516b572b2f9d,1697663426616044444
6a69421f-e399-4db8-897a-d8ef21b5e0a7,707b6ccf-c9d9-4c1d-97f4-516b572b2f9d,1697663426653722222
6a69421f-e399-4db8-897a-d8ef21b5e0a7,707b6ccf-c9d9-4c1d-97f4-516b572b2f9d,1697663426687188888
6a69421f-e399-4db8-897a-d8ef21b5e0a7,707b6ccf-c9d9-4c1d-97f4-516b572b2f9d,1697663426718400000
6a69421f-e399-4db8-897a-d8ef21b5e0a7,707b6ccf-c9d9-4c1d-97f4-516b572b2f9d,1697663426751755555
6a69421f-e399-4db8-897a-d8ef21b5e0a7,707b6ccf-c9d9-4c1d-97f4-516b572b2f9d,1697663426781222222
6a69421f-e399-4db8-897a-d8ef21b5e0a7,707b6ccf-c9d9-4c1d-97f4-516b572b2f9d,1697663426812744444
6a69421f-e399-4db8-897a-d8ef21b5e0a7,707b6ccf-c9d9-4c1d-97f4-516b572b2f9d,1697663426848388888
6a69421f-e399-4db8-897a-d8ef21b5e0a7,707b6ccf-c9d9-4c1d-97f4-516b572b2f9d,1697663426881733333
6a69421f-e399-4db8-897a-d8ef21b5e0a7,707b6ccf-c9d9-4c1d-97f4-516b572b2f9d,1697663426914577777
6a69421f-e399-4db8-897a-d8ef21b5e0a7,707b6ccf-c9d9-4c1d-97f4-516b572b2f9d,1697663426949955555
6a69421f-e399-4db8-897a-d8ef21b5e0a7,707b6ccf-c9d9-4c1d-97f4-516b572b2f9d,1697663426980233333
6a69421f-e399-4db8-897a-d8ef21b5e0a7,707b6ccf-c9d9-4c1d-97f4-516b572b2f9d,1697663427014988888
6a69421f-e399-4db8-897a-d8ef21b5e0a7,707b6ccf-c9d9-4c1d-97f4-516b572b2f9d,1697663427067366666
6a69421f-e399-4db8-897a-d8ef21b5e0a7,707b6ccf-c9d9-4c1d-97f4-516b572b2f9d,1697663427080055555
6a69421f-e399-4db8-897a-d8ef21b5e0a7,707b6ccf-c9d9-4c1d-97f4-516b572b2f9d,1697663427115644444
6a69421f-e399-4db8-897a-d8ef21b5e0a7,707b6ccf-c9d9-4c1d-97f4-516b572b2f9d,1697663427151444444
6a69421f-e399-4db8-897a-d8ef21b5e0a7,707b6ccf-c9d9-4c1d-97f4-516b572b2f9d,1697663427180833333
6a69421f-e399-4db8-897a-d8ef21b5e0a7,707b6ccf-c9d9-4c1d-97f4-516b572b2f9d,1697663427215700000
6a69421f-e399-4db8-897a-d8ef21b5e0a7,707b6ccf-c9d9-4c1d-97f4-516b572b2f9d,1697663427250233333
6a69421f-e399-4db8-897a-d8ef21b5e0a7,707b6ccf-c9d9-4c1d-97f4-516b572b2f9d,1697663427288633333
6a69421f-e399-4db8-897a-d8ef21b5e0a7,707b6ccf-c9d9-4c1d-97f4-516b572b2f9d,1697663427318644444
6a69421f-e399-4db8-897a-d8ef21b5e0a7,707b6ccf-c9d9-4c1d-97f4-516b572b2f9d,1697663427351244444
6a69421f-e399-4db8-897a-d8ef21b5e0a7,707b6ccf-c9d9-4c1d-97f4-516b572b2f9d,1697663427383188888
6a69421f-e399-4db8-897a-d8ef21b5e0a7,707b6ccf-c9d9-4c1d-97f4-516b572b2f9d,1697663427416922222
6a69421f-e399-4db8-897a-d8ef21b5e0a7,707b6ccf-c9d9-4c1d-97f4-516b572b2f9d,1697663427449744444
6a69421f-e399-4db8-897a-d8ef21b5e0a7,707b6ccf-c9d9-4c1d-97f4-516b572b2f9d,1697663427482911111
6a69421f-e399-4db8-897a-d8ef21b5e0a7,707b6ccf-c9d9-4c1d-97f4-516b572b2f9d,1697663427516833333
6a69421f-e399-4db8-897a-d8ef21b5e0a7,707b6ccf-c9d9-4c1d-97f4-516b572b2f9d,1697663427550644444
6a69421f-e399-4db8-897a-d8ef21b5e0a7,707b6ccf-c9d9-4c1d-97f4-516b572b2f9d,1697663427583377777
6a69421f-e399-4db8-897a-d8ef21b5e0a7,707b6ccf-c9d9-4c1d-97f4-516b572b2f9d,1697663427619077777
6a69421f-e399-4db8-897a-d8ef21b5e0a7,707b6ccf-c9d9-4c1d-97f4-516b572b2f9d,1697663427652311111
6a69421f-e399-4db8-897a-d8ef21b5e0a7,707b6ccf-c9d9-4c1d-97f4-516b572b2f9d,1697663427681588888
6a69421f-e399-4db8-897a-d8ef21b5e0a7,707b6ccf-c9d9-4c1d-97f4-516b572b2f9d,1697663427715233333
6a69421f-e399-4db8-897a-d8ef21b5e0a7,707b6ccf-c9d9-4c1d-97f4-516b572b2f9d,1697663427741922222
6a69421f-e399-4db8-897a-d8ef21b5e0a7,707b6ccf-c9d9-4c1d-97f4-516b572b2f9d,1697663427777700000
6a69421f-e399-4db8-897a-d8ef21b5e0a7,707b6ccf-c9d9-4c1d-97f4-516b572b2f9d,1697663427804388888
6a69421f-e399-4db8-897a-d8ef21b5e0a7,707b6ccf-c9d9-4c1d-97f4-516b572b2f9d,1697663427843655555
6a69421f-e399-4db8-897a-d8ef21b5e0a7,707b6ccf-c9d9-4c1d-97f4-516b572b2f9d,1697663427882777777
6a69421f-e399-4db8-897a-d8ef21b5e0a7,707b6ccf-c9d9-4c1d-97f4-516b572b2f9d,1697663427914733333
6a69421f-e399-4db8-897a-d8ef21b5e0a7,707b6ccf-c9d9-4c1d-97f4-516b572b2f9d,1697663427949644444
6a69421f-e399-4db8-897a-d8ef21b5e0a7,707b6ccf-c9d9-4c1d-97f4-516b572b2f9d,1697663427983000000
6a69421f-e399-4db8-897a-d8ef21b5e0a7,707b6ccf-c9d9-4c1d-97f4-516b572b2f9d,1697663428014444444
6a69421f-e399-4db8-897a-d8ef21b5e0a7,707b6ccf-c9d9-4c1d-97f4-516b572b2f9d,1697663428051922222
6a69421f-e399-4db8-897a-d8ef21b5e0a7,707b6ccf-c9d9-4c1d-97f4-516b572b2f9d,1697663428083800000
6a69421f-e399-4db8-897a-d8ef21b5e0a7,707b6ccf-c9d9-4c1d-97f4-516b572b2f9d,1697663428113633333
6a69421f-e399-4db8-897a-d8ef21b5e0a7,707b6ccf-c9d9-4c1d-97f4-516b572b2f9d,1697663428149111111
6a69421f-e399-4db8-897a-d8ef21b5e0a7,707b6ccf-c9d9-4c1d-97f4-516b572b2f9d,1697663428181911111
6a69421f-e399-4db8-897a-d8ef21b5e0a7,707b6ccf-c9d9-4c1d-97f4-516b572b2f9d,1697663428216511111
6a69421f-e399-4db8-897a-d8ef21b5e0a7,707b6ccf-c9d9-4c1d-97f4-516b572b2f9d,1697663428250311111
6a69421f-e399-4db8-897a-d8ef21b5e0a7,707b6ccf-c9d9-4c1d-97f4-516b572b2f9d,1697663428282111111
6a69421f-e399-4db8-897a-d8ef21b5e0a7,707b6ccf-c9d9-4c1d-97f4-516b572b2f9d,1697663428315066666
6a69421f-e399-4db8-897a-d8ef21b5e0a7,707b6ccf-c9d9-4c1d-97f4-516b572b2f9d,1697663428351166666
6a69421f-e399-4db8-897a-d8ef21b5e0a7,707b6ccf-c9d9-4c1d-97f4-516b572b2f9d,1697663428388566666
6a69421f-e399-4db8-897a-d8ef21b5e0a7,707b6ccf-c9d9-4c1d-97f4-516b572b2f9d,1697663428406477777
6a69421f-e399-4db8-897a-d8ef21b5e0a7,707b6ccf-c9d9-4c1d-97f4-516b572b2f9d,1697663428455533333
6a69421f-e399-4db8-897a-d8ef21b5e0a7,707b6ccf-c9d9-4c1d-97f4-516b572b2f9d,1697663428475788888
6a69421f-e399-4db8-897a-d8ef21b5e0a7,707b6ccf-c9d9-4c1d-97f4-516b572b2f9d,1697663428506733333
6a69421f-e399-4db8-897a-d8ef21b5e0a7,707b6ccf-c9d9-4c1d-97f4-516b572b2f9d,1697663428550166666
6a69421f-e399-4db8-897a-d8ef21b5e0a7,707b6ccf-c9d9-4c1d-97f4-516b572b2f9d,1697663428581311111
6a69421f-e399-4db8-897a-d8ef21b5e0a7,707b6ccf-c9d9-4c1d-97f4-516b572b2f9d,1697663428613200000
6a69421f-e399-4db8-897a-d8ef21b5e0a7,707b6ccf-c9d9-4c1d-97f4-516b572b2f9d,1697663428650333333
6a69421f-e399-4db8-897a-d8ef21b5e0a7,707b6ccf-c9d9-4c1d-97f4-516b572b2f9d,1697663428681933333
6a69421f-e399-4db8-897a-d8ef21b5e0a7,707b6ccf-c9d9-4c1d-97f4-516b572b2f9d,1697663428714766666
6a69421f-e399-4db8-897a-d8ef21b5e0a7,707b6ccf-c9d9-4c1d-97f4-516b572b2f9d,1697663428748400000
6a69421f-e399-4db8-897a-d8ef21b5e0a7,707b6ccf-c9d9-4c1d-97f4-516b572b2f9d,1697663428791466666
6a69421f-e399-4db8-897a-d8ef21b5e0a7,707b6ccf-c9d9-4c1d-97f4-516b572b2f9d,1697663428813355555
6a69421f-e399-4db8-897a-d8ef21b5e0a7,707b6ccf-c9d9-4c1d-97f4-516b572b2f9d,1697663428848977777
6a69421f-e399-4db8-897a-d8ef21b5e0a7,707b6ccf-c9d9-4c1d-97f4-516b572b2f9d,1697663428889188888
6a69421f-e399-4db8-897a-d8ef21b5e0a7,707b6ccf-c9d9-4c1d-97f4-516b572b2f9d,1697663428914522222
6a69421f-e399-4db8-897a-d8ef21b5e0a7,707b6ccf-c9d9-4c1d-97f4-516b572b2f9d,1697663428951411111
6a69421f-e399-4db8-897a-d8ef21b5e0a7,707b6ccf-c9d9-4c1d-97f4-516b572b2f9d,1697663428982900000
6a69421f-e399-4db8-897a-d8ef21b5e0a7,707b6ccf-c9d9-4c1d-97f4-516b572b2f9d,1697663429013788888
6a69421f-e399-4db8-897a-d8ef21b5e0a7,707b6ccf-c9d9-4c1d-97f4-516b572b2f9d,1697663429065455555
6a69421f-e399-4db8-897a-d8ef21b5e0a7,707b6ccf-c9d9-4c1d-97f4-516b572b2f9d,1697663429080377777
6a69421f-e399-4db8-897a-d8ef21b5e0a7,707b6ccf-c9d9-4c1d-97f4-516b572b2f9d,1697663429107433333
6a69421f-e399-4db8-897a-d8ef21b5e0a7,707b6ccf-c9d9-4c1d-97f4-516b572b2f9d,1697663429143433333
6a69421f-e399-4db8-897a-d8ef21b5e0a7,707b6ccf-c9d9-4c1d-97f4-516b572b2f9d,1697663429180377777
6a69421f-e399-4db8-897a-d8ef21b5e0a7,707b6ccf-c9d9-4c1d-97f4-516b572b2f9d,1697663429206377777
6a69421f-e399-4db8-897a-d8ef21b5e0a7,707b6ccf-c9d9-4c1d-97f4-516b572b2f9d,1697663429254922222
6a69421f-e399-4db8-897a-d8ef21b5e0a7,707b6ccf-c9d9-4c1d-97f4-516b572b2f9d,1697663429281211111
6a69421f-e399-4db8-897a-d8ef21b5e0a7,707b6ccf-c9d9-4c1d-97f4-516b572b2f9d,1697663429317633333
6a69421f-e399-4db8-897a-d8ef21b5e0a7,707b6ccf-c9d9-4c1d-97f4-516b572b2f9d,1697663429350422222
6a69421f-e399-4db8-897a-d8ef21b5e0a7,707b6ccf-c9d9-4c1d-97f4-516b572b2f9d,1697663429382544444
6a69421f-e399-4db8-897a-d8ef21b5e0a7,707b6ccf-c9d9-4c1d-97f4-516b572b2f9d,1697663429412377777
6a69421f-e399-4db8-897a-d8ef21b5e0a7,707b6ccf-c9d9-4c1d-97f4-516b572b2f9d,1697663429450522222
6a69421f-e399-4db8-897a-d8ef21b5e0a7,707b6ccf-c9d9-4c1d-97f4-516b572b2f9d,1697663429486033333
6a69421f-e399-4db8-897a-d8ef21b5e0a7,707b6ccf-c9d9-4c1d-97f4-516b572b2f9d,1697663429516422222
6a69421f-e399-4db8-897a-d8ef21b5e0a7,707b6ccf-c9d9-4c1d-97f4-516b572b2f9d,1697663429546255555
6a69421f-e399-4db8-897a-d8ef21b5e0a7,707b6ccf-c9d9-4c1d-97f4-516b572b2f9d,1697663429582500000
6a69421f-e399-4db8-897a-d8ef21b5e0a7,707b6ccf-c9d9-4c1d-97f4-516b572b2f9d,1697663429612611111
6a69421f-e399-4db8-897a-d8ef21b5e0a7,707b6ccf-c9d9-4c1d-97f4-516b572b2f9d,1697663429649333333
6a69421f-e399-4db8-897a-d8ef21b5e0a7,707b6ccf-c9d9-4c1d-97f4-516b572b2f9d,1697663429682233333
6a69421f-e399-4db8-897a-d8ef21b5e0a7,707b6ccf-c9d9-4c1d-97f4-516b572b2f9d,1697663429724455555
6a69421f-e399-4db8-897a-d8ef21b5e0a7,707b6ccf-c9d9-4c1d-97f4-516b572b2f9d,1697663429741055555
6a69421f-e399-4db8-897a-d8ef21b5e0a7,707b6ccf-c9d9-4c1d-97f4-516b572b2f9d,1697663429776188888
6a69421f-e399-4db8-897a-d8ef21b5e0a7,707b6ccf-c9d9-4c1d-97f4-516b572b2f9d,1697663429817288888
6a69421f-e399-4db8-897a-d8ef21b5e0a7,707b6ccf-c9d9-4c1d-97f4-516b572b2f9d,1697663429850044444
6a69421f-e399-4db8-897a-d8ef21b5e0a7,707b6ccf-c9d9-4c1d-97f4-516b572b2f9d,1697663429874400000
6a69421f-e399-4db8-897a-d8ef21b5e0a7,707b6ccf-c9d9-4c1d-97f4-516b572b2f9d,1697663429913833333
6a69421f-e399-4db8-897a-d8ef21b5e0a7,707b6ccf-c9d9-4c1d-97f4-516b572b2f9d,1697663429946944444
6a69421f-e399-4db8-897a-d8ef21b5e0a7,707b6ccf-c9d9-4c1d-97f4-516b572b2f9d,1697663429982555555
6a69421f-e399-4db8-897a-d8ef21b5e0a7,707b6ccf-c9d9-4c1d-97f4-516b572b2f9d,1697663430013955555
6a69421f-e399-4db8-897a-d8ef21b5e0a7,707b6ccf-c9d9-4c1d-97f4-516b572b2f9d,1697663430046311111
6a69421f-e399-4db8-897a-d8ef21b5e0a7,707b6ccf-c9d9-4c1d-97f4-516b572b2f9d,1697663430082533333
6a69421f-e399-4db8-897a-d8ef21b5e0a7,707b6ccf-c9d9-4c1d-97f4-516b572b2f9d,1697663430115744444
6a69421f-e399-4db8-897a-d8ef21b5e0a7,707b6ccf-c9d9-4c1d-97f4-516b572b2f9d,1697663430147111111
6a69421f-e399-4db8-897a-d8ef21b5e0a7,707b6ccf-c9d9-4c1d-97f4-516b572b2f9d,1697663430188955555
6a69421f-e399-4db8-897a-d8ef21b5e0a7,707b6ccf-c9d9-4c1d-97f4-516b572b2f9d,1697663430215844444
6a69421f-e399-4db8-897a-d8ef21b5e0a7,707b6ccf-c9d9-4c1d-97f4-516b572b2f9d,1697663430244766666
6a69421f-e399-4db8-897a-d8ef21b5e0a7,707b6ccf-c9d9-4c1d-97f4-516b572b2f9d,1697663430285011111
6a69421f-e399-4db8-897a-d8ef21b5e0a7,707b6ccf-c9d9-4c1d-97f4-516b572b2f9d,1697663430316266666
6a69421f-e399-4db8-897a-d8ef21b5e0a7,707b6ccf-c9d9-4c1d-97f4-516b572b2f9d,1697663430345822222
6a69421f-e399-4db8-897a-d8ef21b5e0a7,707b6ccf-c9d9-4c1d-97f4-516b572b2f9d,1697663430392377777
6a69421f-e399-4db8-897a-d8ef21b5e0a7,707b6ccf-c9d9-4c1d-97f4-516b572b2f9d,1697663430422811111
6a69421f-e399-4db8-897a-d8ef21b5e0a7,707b6ccf-c9d9-4c1d-97f4-516b572b2f9d,1697663430439466666
6a69421f-e399-4db8-897a-d8ef21b5e0a7,707b6ccf-c9d9-4c1d-97f4-516b572b2f9d,1697663430473477777
6a69421f-e399-4db8-897a-d8ef21b5e0a7,707b6ccf-c9d9-4c1d-97f4-516b572b2f9d,1697663430507211111
6a69421f-e399-4db8-897a-d8ef21b5e0a7,707b6ccf-c9d9-4c1d-97f4-516b572b2f9d,1697663430537300000
6a69421f-e399-4db8-897a-d8ef21b5e0a7,707b6ccf-c9d9-4c1d-97f4-516b572b2f9d,1697663430582388888
6a69421f-e399-4db8-897a-d8ef21b5e0a7,707b6ccf-c9d9-4c1d-97f4-516b572b2f9d,1697663430615088888
6a69421f-e399-4db8-897a-d8ef21b5e0a7,707b6ccf-c9d9-4c1d-97f4-516b572b2f9d,1697663430644388888
6a69421f-e399-4db8-897a-d8ef21b5e0a7,707b6ccf-c9d9-4c1d-97f4-516b572b2f9d,1697663430689422222
6a69421f-e399-4db8-897a-d8ef21b5e0a7,707b6ccf-c9d9-4c1d-97f4-516b572b2f9d,1697663430715444444
6a69421f-e399-4db8-897a-d8ef21b5e0a7,707b6ccf-c9d9-4c1d-97f4-516b572b2f9d,1697663430743600000
6a69421f-e399-4db8-897a-d8ef21b5e0a7,707b6ccf-c9d9-4c1d-97f4-516b572b2f9d,1697663430782911111
6a69421f-e399-4db8-897a-d8ef21b5e0a7,707b6ccf-c9d9-4c1d-97f4-516b572b2f9d,1697663430815788888
6a69421f-e399-4db8-897a-d8ef21b5e0a7,707b6ccf-c9d9-4c1d-97f4-516b572b2f9d,1697663430846544444
6a69421f-e399-4db8-897a-d8ef21b5e0a7,707b6ccf-c9d9-4c1d-97f4-516b572b2f9d,1697663430882088888
6a69421f-e399-4db8-897a-d8ef21b5e0a7,707b6ccf-c9d9-4c1d-97f4-516b572b2f9d,1697663430915822222
6a69421f-e399-4db8-897a-d8ef21b5e0a7,707b6ccf-c9d9-4c1d-97f4-516b572b2f9d,1697663430945388888
6a69421f-e399-4db8-897a-d8ef21b5e0a7,707b6ccf-c9d9-4c1d-97f4-516b572b2f9d,1697663430984822222
6a69421f-e399-4db8-897a-d8ef21b5e0a7,707b6ccf-c9d9-4c1d-97f4-516b572b2f9d,1697663431015155555
6a69421f-e399-4db8-897a-d8ef21b5e0a7,707b6ccf-c9d9-4c1d-97f4-516b572b2f9d,1697663431046777777
6a69421f-e399-4db8-897a-d8ef21b5e0a7,707b6ccf-c9d9-4c1d-97f4-516b572b2f9d,1697663431098433333
6a69421f-e399-4db8-897a-d8ef21b5e0a7,707b6ccf-c9d9-4c1d-97f4-516b572b2f9d,1697663431110800000
6a69421f-e399-4db8-897a-d8ef21b5e0a7,707b6ccf-c9d9-4c1d-97f4-516b572b2f9d,1697663431149977777
6a69421f-e399-4db8-897a-d8ef21b5e0a7,707b6ccf-c9d9-4c1d-97f4-516b572b2f9d,1697663431175922222
6a69421f-e399-4db8-897a-d8ef21b5e0a7,707b6ccf-c9d9-4c1d-97f4-516b572b2f9d,1697663431208900000
6a69421f-e399-4db8-897a-d8ef21b5e0a7,707b6ccf-c9d9-4c1d-97f4-516b572b2f9d,1697663431247644444
6a69421f-e399-4db8-897a-d8ef21b5e0a7,707b6ccf-c9d9-4c1d-97f4-516b572b2f9d,1697663431283133333
6a69421f-e399-4db8-897a-d8ef21b5e0a7,707b6ccf-c9d9-4c1d-97f4-516b572b2f9d,1697663431314477777
6a69421f-e399-4db8-897a-d8ef21b5e0a7,707b6ccf-c9d9-4c1d-97f4-516b572b2f9d,1697663431349522222
6a69421f-e399-4db8-897a-d8ef21b5e0a7,707b6ccf-c9d9-4c1d-97f4-516b572b2f9d,1697663431384766666
6a69421f-e399-4db8-897a-d8ef21b5e0a7,707b6ccf-c9d9-4c1d-97f4-516b572b2f9d,1697663431413388888
6a69421f-e399-4db8-897a-d8ef21b5e0a7,707b6ccf-c9d9-4c1d-97f4-516b572b2f9d,1697663431448788888
6a69421f-e399-4db8-897a-d8ef21b5e0a7,707b6ccf-c9d9-4c1d-97f4-516b572b2f9d,1697663431485477777
6a69421f-e399-4db8-897a-d8ef21b5e0a7,707b6ccf-c9d9-4c1d-97f4-516b572b2f9d,1697663431515277777
6a69421f-e399-4db8-897a-d8ef21b5e0a7,707b6ccf-c9d9-4c1d-97f4-516b572b2f9d,1697663431544688888
6a69421f-e399-4db8-897a-d8ef21b5e0a7,707b6ccf-c9d9-4c1d-97f4-516b572b2f9d,1697663431590688888
6a69421f-e399-4db8-897a-d8ef21b5e0a7,707b6ccf-c9d9-4c1d-97f4-516b572b2f9d,1697663431613766666
6a69421f-e399-4db8-897a-d8ef21b5e0a7,707b6ccf-c9d9-4c1d-97f4-516b572b2f9d,1697663431646022222
6a69421f-e399-4db8-897a-d8ef21b5e0a7,707b6ccf-c9d9-4c1d-97f4-516b572b2f9d,1697663431686033333
6a69421f-e399-4db8-897a-d8ef21b5e0a7,707b6ccf-c9d9-4c1d-97f4-516b572b2f9d,1697663431717755555
6a69421f-e399-4db8-897a-d8ef21b5e0a7,707b6ccf-c9d9-4c1d-97f4-516b572b2f9d,1697663431767266666
6a69421f-e399-4db8-897a-d8ef21b5e0a7,707b6ccf-c9d9-4c1d-97f4-516b572b2f9d,1697663431777044444
6a69421f-e399-4db8-897a-d8ef21b5e0a7,707b6ccf-c9d9-4c1d-97f4-516b572b2f9d,1697663431822577777
6a69421f-e399-4db8-897a-d8ef21b5e0a7,707b6ccf-c9d9-4c1d-97f4-516b572b2f9d,1697663431840555555
6a69421f-e399-4db8-897a-d8ef21b5e0a7,707b6ccf-c9d9-4c1d-97f4-516b572b2f9d,1697663431875577777
6a69421f-e399-4db8-897a-d8ef21b5e0a7,707b6ccf-c9d9-4c1d-97f4-516b572b2f9d,1697663431918611111
6a69421f-e399-4db8-897a-d8ef21b5e0a7,707b6ccf-c9d9-4c1d-97f4-516b572b2f9d,1697663431945877777
6a69421f-e399-4db8-897a-d8ef21b5e0a7,707b6ccf-c9d9-4c1d-97f4-516b572b2f9d,1697663431983166666
6a69421f-e399-4db8-897a-d8ef21b5e0a7,707b6ccf-c9d9-4c1d-97f4-516b572b2f9d,1697663432014911111
6a69421f-e399-4db8-897a-d8ef21b5e0a7,707b6ccf-c9d9-4c1d-97f4-516b572b2f9d,1697663432049466666
6a69421f-e399-4db8-897a-d8ef21b5e0a7,707b6ccf-c9d9-4c1d-97f4-516b572b2f9d,1697663432082777777
6a69421f-e399-4db8-897a-d8ef21b5e0a7,707b6ccf-c9d9-4c1d-97f4-516b572b2f9d,1697663432114755555
6a69421f-e399-4db8-897a-d8ef21b5e0a7,707b6ccf-c9d9-4c1d-97f4-516b572b2f9d,1697663432146666666
6a69421f-e399-4db8-897a-d8ef21b5e0a7,707b6ccf-c9d9-4c1d-97f4-516b572b2f9d,1697663432184855555
6a69421f-e399-4db8-897a-d8ef21b5e0a7,707b6ccf-c9d9-4c1d-97f4-516b572b2f9d,1697663432214022222
6a69421f-e399-4db8-897a-d8ef21b5e0a7,707b6ccf-c9d9-4c1d-97f4-516b572b2f9d,1697663432249288888
6a69421f-e399-4db8-897a-d8ef21b5e0a7,707b6ccf-c9d9-4c1d-97f4-516b572b2f9d,1697663432288255555
6a69421f-e399-4db8-897a-d8ef21b5e0a7,707b6ccf-c9d9-4c1d-97f4-516b572b2f9d,1697663432312677777
6a69421f-e399-4db8-897a-d8ef21b5e0a7,707b6ccf-c9d9-4c1d-97f4-516b572b2f9d,1697663432344533333
6a69421f-e399-4db8-897a-d8ef21b5e0a7,707b6ccf-c9d9-4c1d-97f4-516b572b2f9d,1697663432385255555
6a69421f-e399-4db8-897a-d8ef21b5e0a7,707b6ccf-c9d9-4c1d-97f4-516b572b2f9d,1697663432426922222
6a69421f-e399-4db8-897a-d8ef21b5e0a7,707b6ccf-c9d9-4c1d-97f4-516b572b2f9d,1697663432439022222
6a69421f-e399-4db8-897a-d8ef21b5e0a7,707b6ccf-c9d9-4c1d-97f4-516b572b2f9d,1697663432492600000
6a69421f-e399-4db8-897a-d8ef21b5e0a7,707b6ccf-c9d9-4c1d-97f4-516b572b2f9d,1697663432509944444
6a69421f-e399-4db8-897a-d8ef21b5e0a7,707b6ccf-c9d9-4c1d-97f4-516b572b2f9d,1697663432538222222
6a69421f-e399-4db8-897a-d8ef21b5e0a7,707b6ccf-c9d9-4c1d-97f4-516b572b2f9d,1697663432583166666
6a69421f-e399-4db8-897a-d8ef21b5e0a7,707b6ccf-c9d9-4c1d-97f4-516b572b2f9d,1697663432615155555
6a69421f-e399-4db8-897a-d8ef21b5e0a7,707b6ccf-c9d9-4c1d-97f4-516b572b2f9d,1697663432646988888
6a69421f-e399-4db8-897a-d8ef21b5e0a7,707b6ccf-c9d9-4c1d-97f4-516b572b2f9d,1697663432681744444
6a69421f-e399-4db8-897a-d8ef21b5e0a7,707b6ccf-c9d9-4c1d-97f4-516b572b2f9d,1697663432715844444
6a69421f-e399-4db8-897a-d8ef21b5e0a7,707b6ccf-c9d9-4c1d-97f4-516b572b2f9d,1697663432745444444
6a69421f-e399-4db8-897a-d8ef21b5e0a7,707b6ccf-c9d9-4c1d-97f4-516b572b2f9d,1697663432780011111
6a69421f-e399-4db8-897a-d8ef21b5e0a7,707b6ccf-c9d9-4c1d-97f4-516b572b2f9d,1697663432815200000
6a69421f-e399-4db8-897a-d8ef21b5e0a7,707b6ccf-c9d9-4c1d-97f4-516b572b2f9d,1697663432845711111
6a69421f-e399-4db8-897a-d8ef21b5e0a7,707b6ccf-c9d9-4c1d-97f4-516b572b2f9d,1697663432878766666
6a69421f-e399-4db8-897a-d8ef21b5e0a7,707b6ccf-c9d9-4c1d-97f4-516b572b2f9d,1697663432917600000
6a69421f-e399-4db8-897a-d8ef21b5e0a7,707b6ccf-c9d9-4c1d-97f4-516b572b2f9d,1697663432948966666
6a69421f-e399-4db8-897a-d8ef21b5e0a7,707b6ccf-c9d9-4c1d-97f4-516b572b2f9d,1697663432977755555
6a69421f-e399-4db8-897a-d8ef21b5e0a7,707b6ccf-c9d9-4c1d-97f4-516b572b2f9d,1697663433013600000
6a69421f-e399-4db8-897a-d8ef21b5e0a7,707b6ccf-c9d9-4c1d-97f4-516b572b2f9d,1697663433043611111
6a69421f-e399-4db8-897a-d8ef21b5e0a7,707b6ccf-c9d9-4c1d-97f4-516b572b2f9d,1697663433088344444
6a69421f-e399-4db8-897a-d8ef21b5e0a7,707b6ccf-c9d9-4c1d-97f4-516b572b2f9d,1697663433107277777
6a69421f-e399-4db8-897a-d8ef21b5e0a7,707b6ccf-c9d9-4c1d-97f4-516b572b2f9d,1697663433140055555
6a69421f-e399-4db8-897a-d8ef21b5e0a7,707b6ccf-c9d9-4c1d-97f4-516b572b2f9d,1697663433181977777
6a69421f-e399-4db8-897a-d8ef21b5e0a7,707b6ccf-c9d9-4c1d-97f4-516b572b2f9d,1697663433207011111
6a69421f-e399-4db8-897a-d8ef21b5e0a7,707b6ccf-c9d9-4c1d-97f4-516b572b2f9d,1697663433238455555
6a69421f-e399-4db8-897a-d8ef21b5e0a7,707b6ccf-c9d9-4c1d-97f4-516b572b2f9d,1697663433282244444
6a69421f-e399-4db8-897a-d8ef21b5e0a7,707b6ccf-c9d9-4c1d-97f4-516b572b2f9d,1697663433310799999
6a69421f-e399-4db8-897a-d8ef21b5e0a7,707b6ccf-c9d9-4c1d-97f4-516b572b2f9d,1697663433348811111
6a69421f-e399-4db8-897a-d8ef21b5e0a7,707b6ccf-c9d9-4c1d-97f4-516b572b2f9d,1697663433380011111
6a69421f-e399-4db8-897a-d8ef21b5e0a7,707b6ccf-c9d9-4c1d-97f4-516b572b2f9d,1697663433418011111
6a69421f-e399-4db8-897a-d8ef21b5e0a7,707b6ccf-c9d9-4c1d-97f4-516b572b2f9d,1697663433450133333
6a69421f-e399-4db8-897a-d8ef21b5e0a7,707b6ccf-c9d9-4c1d-97f4-516b572b2f9d,1697663433480033333
6a69421f-e399-4db8-897a-d8ef21b5e0a7,707b6ccf-c9d9-4c1d-97f4-516b572b2f9d,1697663433517133333
6a69421f-e399-4db8-897a-d8ef21b5e0a7,707b6ccf-c9d9-4c1d-97f4-516b572b2f9d,1697663433549988888
6a69421f-e399-4db8-897a-d8ef21b5e0a7,707b6ccf-c9d9-4c1d-97f4-516b572b2f9d,1697663433582055555
6a69421f-e399-4db8-897a-d8ef21b5e0a7,707b6ccf-c9d9-4c1d-97f4-516b572b2f9d,1697663433616700000
6a69421f-e399-4db8-897a-d8ef21b5e0a7,707b6ccf-c9d9-4c1d-97f4-516b572b2f9d,1697663433651088888
6a69421f-e399-4db8-897a-d8ef21b5e0a7,707b6ccf-c9d9-4c1d-97f4-516b572b2f9d,1697663433682033333
6a69421f-e399-4db8-897a-d8ef21b5e0a7,707b6ccf-c9d9-4c1d-97f4-516b572b2f9d,1697663433716100000
6a69421f-e399-4db8-897a-d8ef21b5e0a7,707b6ccf-c9d9-4c1d-97f4-516b572b2f9d,1697663433764222222
6a69421f-e399-4db8-897a-d8ef21b5e0a7,707b6ccf-c9d9-4c1d-97f4-516b572b2f9d,1697663433777044444
6a69421f-e399-4db8-897a-d8ef21b5e0a7,707b6ccf-c9d9-4c1d-97f4-516b572b2f9d,1697663433806222222
6a69421f-e399-4db8-897a-d8ef21b5e0a7,707b6ccf-c9d9-4c1d-97f4-516b572b2f9d,1697663433839955555
6a69421f-e399-4db8-897a-d8ef21b5e0a7,707b6ccf-c9d9-4c1d-97f4-516b572b2f9d,1697663433869655555
6a69421f-e399-4db8-897a-d8ef21b5e0a7,707b6ccf-c9d9-4c1d-97f4-516b572b2f9d,1697663433918588888
6a69421f-e399-4db8-897a-d8ef21b5e0a7,707b6ccf-c9d9-4c1d-97f4-516b572b2f9d,1697663433943588888
6a69421f-e399-4db8-897a-d8ef21b5e0a7,707b6ccf-c9d9-4c1d-97f4-516b572b2f9d,1697663433978122222
6a69421f-e399-4db8-897a-d8ef21b5e0a7,707b6ccf-c9d9-4c1d-97f4-516b572b2f9d,1697663434014688888
6a69421f-e399-4db8-897a-d8ef21b5e0a7,707b6ccf-c9d9-4c1d-97f4-516b572b2f9d,1697663434047677777
6a69421f-e399-4db8-897a-d8ef21b5e0a7,707b6ccf-c9d9-4c1d-97f4-516b572b2f9d,1697663434078000000
6a69421f-e399-4db8-897a-d8ef21b5e0a7,707b6ccf-c9d9-4c1d-97f4-516b572b2f9d,1697663434118199999
6a69421f-e399-4db8-897a-d8ef21b5e0a7,707b6ccf-c9d9-4c1d-97f4-516b572b2f9d,1697663434150922222
6a69421f-e399-4db8-897a-d8ef21b5e0a7,707b6ccf-c9d9-4c1d-97f4-516b572b2f9d,1697663434178011111
6a69421f-e399-4db8-897a-d8ef21b5e0a7,707b6ccf-c9d9-4c1d-97f4-516b572b2f9d,1697663434214722222
6a69421f-e399-4db8-897a-d8ef21b5e0a7,707b6ccf-c9d9-4c1d-97f4-516b572b2f9d,1697663434249888888
6a69421f-e399-4db8-897a-d8ef21b5e0a7,707b6ccf-c9d9-4c1d-97f4-516b572b2f9d,1697663434279722222
6a69421f-e399-4db8-897a-d8ef21b5e0a7,707b6ccf-c9d9-4c1d-97f4-516b572b2f9d,1697663434318511111
6a69421f-e399-4db8-897a-d8ef21b5e0a7,707b6ccf-c9d9-4c1d-97f4-516b572b2f9d,1697663434346555555
6a69421f-e399-4db8-897a-d8ef21b5e0a7,707b6ccf-c9d9-4c1d-97f4-516b572b2f9d,1697663434380900000
6a69421f-e399-4db8-897a-d8ef21b5e0a7,707b6ccf-c9d9-4c1d-97f4-516b572b2f9d,1697663434410511111
6a69421f-e399-4db8-897a-d8ef21b5e0a7,707b6ccf-c9d9-4c1d-97f4-516b572b2f9d,1697663434439688888
6a69421f-e399-4db8-897a-d8ef21b5e0a7,707b6ccf-c9d9-4c1d-97f4-516b572b2f9d,1697663434480200000
6a69421f-e399-4db8-897a-d8ef21b5e0a7,707b6ccf-c9d9-4c1d-97f4-516b572b2f9d,1697663434514077777
6a69421f-e399-4db8-897a-d8ef21b5e0a7,707b6ccf-c9d9-4c1d-97f4-516b572b2f9d,1697663434539277777
6a69421f-e399-4db8-897a-d8ef21b5e0a7,707b6ccf-c9d9-4c1d-97f4-516b572b2f9d,1697663434580133333
6a69421f-e399-4db8-897a-d8ef21b5e0a7,707b6ccf-c9d9-4c1d-97f4-516b572b2f9d,1697663434611077777
6a69421f-e399-4db8-897a-d8ef21b5e0a7,707b6ccf-c9d9-4c1d-97f4-516b572b2f9d,1697663434648455555
6a69421f-e399-4db8-897a-d8ef21b5e0a7,707b6ccf-c9d9-4c1d-97f4-516b572b2f9d,1697663434680455555
6a69421f-e399-4db8-897a-d8ef21b5e0a7,707b6ccf-c9d9-4c1d-97f4-516b572b2f9d,1697663434714955555
6a69421f-e399-4db8-897a-d8ef21b5e0a7,707b6ccf-c9d9-4c1d-97f4-516b572b2f9d,1697663434748655555
6a69421f-e399-4db8-897a-d8ef21b5e0a7,707b6ccf-c9d9-4c1d-97f4-516b572b2f9d,1697663434778788888
6a69421f-e399-4db8-897a-d8ef21b5e0a7,707b6ccf-c9d9-4c1d-97f4-516b572b2f9d,1697663434816566666
6a69421f-e399-4db8-897a-d8ef21b5e0a7,707b6ccf-c9d9-4c1d-97f4-516b572b2f9d,1697663434849033333
6a69421f-e399-4db8-897a-d8ef21b5e0a7,707b6ccf-c9d9-4c1d-97f4-516b572b2f9d,1697663434880155555
6a69421f-e399-4db8-897a-d8ef21b5e0a7,707b6ccf-c9d9-4c1d-97f4-516b572b2f9d,1697663434915777777
6a69421f-e399-4db8-897a-d8ef21b5e0a7,707b6ccf-c9d9-4c1d-97f4-516b572b2f9d,1697663434945155555
6a69421f-e399-4db8-897a-d8ef21b5e0a7,707b6ccf-c9d9-4c1d-97f4-516b572b2f9d,1697663434976877777
6a69421f-e399-4db8-897a-d8ef21b5e0a7,707b6ccf-c9d9-4c1d-97f4-516b572b2f9d,1697663435018500000
6a69421f-e399-4db8-897a-d8ef21b5e0a7,707b6ccf-c9d9-4c1d-97f4-516b572b2f9d,1697663435045377777
6a69421f-e399-4db8-897a-d8ef21b5e0a7,707b6ccf-c9d9-4c1d-97f4-516b572b2f9d,1697663435096033333
6a69421f-e399-4db8-897a-d8ef21b5e0a7,707b6ccf-c9d9-4c1d-97f4-516b572b2f9d,1697663435118333333
6a69421f-e399-4db8-897a-d8ef21b5e0a7,707b6ccf-c9d9-4c1d-97f4-516b572b2f9d,1697663435138011111
6a69421f-e399-4db8-897a-d8ef21b5e0a7,707b6ccf-c9d9-4c1d-97f4-516b572b2f9d,1697663435173655555
6a69421f-e399-4db8-897a-d8ef21b5e0a7,707b6ccf-c9d9-4c1d-97f4-516b572b2f9d,1697663435214488888
6a69421f-e399-4db8-897a-d8ef21b5e0a7,707b6ccf-c9d9-4c1d-97f4-516b572b2f9d,1697663435238300000
6a69421f-e399-4db8-897a-d8ef21b5e0a7,707b6ccf-c9d9-4c1d-97f4-516b572b2f9d,1697663435286233333
6a69421f-e399-4db8-897a-d8ef21b5e0a7,707b6ccf-c9d9-4c1d-97f4-516b572b2f9d,1697663435313622222
6a69421f-e399-4db8-897a-d8ef21b5e0a7,707b6ccf-c9d9-4c1d-97f4-516b572b2f9d,1697663435347677777
6a69421f-e399-4db8-897a-d8ef21b5e0a7,707b6ccf-c9d9-4c1d-97f4-516b572b2f9d,1697663435377711111
6a69421f-e399-4db8-897a-d8ef21b5e0a7,707b6ccf-c9d9-4c1d-97f4-516b572b2f9d,1697663435418033333
6a69421f-e399-4db8-897a-d8ef21b5e0a7,707b6ccf-c9d9-4c1d-97f4-516b572b2f9d,1697663435445422222
6a69421f-e399-4db8-897a-d8ef21b5e0a7,707b6ccf-c9d9-4c1d-97f4-516b572b2f9d,1697663435483388888
6a69421f-e399-4db8-897a-d8ef21b5e0a7,707b6ccf-c9d9-4c1d-97f4-516b572b2f9d,1697663435516122222
6a69421f-e399-4db8-897a-d8ef21b5e0a7,707b6ccf-c9d9-4c1d-97f4-516b572b2f9d,1697663435547099999
6a69421f-e399-4db8-897a-d8ef21b5e0a7,707b6ccf-c9d9-4c1d-97f4-516b572b2f9d,1697663435579555555
6a69421f-e399-4db8-897a-d8ef21b5e0a7,707b6ccf-c9d9-4c1d-97f4-516b572b2f9d,1697663435614611111
6a69421f-e399-4db8-897a-d8ef21b5e0a7,707b6ccf-c9d9-4c1d-97f4-516b572b2f9d,1697663435648466666
6a69421f-e399-4db8-897a-d8ef21b5e0a7,707b6ccf-c9d9-4c1d-97f4-516b572b2f9d,1697663435680555555
6a69421f-e399-4db8-897a-d8ef21b5e0a7,707b6ccf-c9d9-4c1d-97f4-516b572b2f9d,1697663435716666666
6a69421f-e399-4db8-897a-d8ef21b5e0a7,707b6ccf-c9d9-4c1d-97f4-516b572b2f9d,1697663435755555555
6a69421f-e399-4db8-897a-d8ef21b5e0a7,707b6ccf-c9d9-4c1d-97f4-516b572b2f9d,1697663435769055555
6a69421f-e399-4db8-897a-d8ef21b5e0a7,707b6ccf-c9d9-4c1d-97f4-516b572b2f9d,1697663435816022222
6a69421f-e399-4db8-897a-d8ef21b5e0a7,707b6ccf-c9d9-4c1d-97f4-516b572b2f9d,1697663435851311111
6a69421f-e399-4db8-897a-d8ef21b5e0a7,707b6ccf-c9d9-4c1d-97f4-516b572b2f9d,1697663435889277777
6a69421f-e399-4db8-897a-d8ef21b5e0a7,707b6ccf-c9d9-4c1d-97f4-516b572b2f9d,1697663435905955555
6a69421f-e399-4db8-897a-d8ef21b5e0a7,707b6ccf-c9d9-4c1d-97f4-516b572b2f9d,1697663435944633333
6a69421f-e399-4db8-897a-d8ef21b5e0a7,707b6ccf-c9d9-4c1d-97f4-516b572b2f9d,1697663435976277777
6a69421f-e399-4db8-897a-d8ef21b5e0a7,707b6ccf-c9d9-4c1d-97f4-516b572b2f9d,1697663436011455555
6a69421f-e399-4db8-897a-d8ef21b5e0a7,707b6ccf-c9d9-4c1d-97f4-516b572b2f9d,1697663436047088888
6a69421f-e399-4db8-897a-d8ef21b5e0a7,707b6ccf-c9d9-4c1d-97f4-516b572b2f9d,1697663436080144444
6a69421f-e399-4db8-897a-d8ef21b5e0a7,707b6ccf-c9d9-4c1d-97f4-516b572b2f9d,1697663436111166666
6a69421f-e399-4db8-897a-d8ef21b5e0a7,707b6ccf-c9d9-4c1d-97f4-516b572b2f9d,1697663436145599999
6a69421f-e399-4db8-897a-d8ef21b5e0a7,707b6ccf-c9d9-4c1d-97f4-516b572b2f9d,1697663436179766666
6a69421f-e399-4db8-897a-d8ef21b5e0a7,707b6ccf-c9d9-4c1d-97f4-516b572b2f9d,1697663436211255555
6a69421f-e399-4db8-897a-d8ef21b5e0a7,707b6ccf-c9d9-4c1d-97f4-516b572b2f9d,1697663436248311111
6a69421f-e399-4db8-897a-d8ef21b5e0a7,707b6ccf-c9d9-4c1d-97f4-516b572b2f9d,1697663436279133333
6a69421f-e399-4db8-897a-d8ef21b5e0a7,707b6ccf-c9d9-4c1d-97f4-516b572b2f9d,1697663436311255555
6a69421f-e399-4db8-897a-d8ef21b5e0a7,707b6ccf-c9d9-4c1d-97f4-516b572b2f9d,1697663436346577777
6a69421f-e399-4db8-897a-d8ef21b5e0a7,707b6ccf-c9d9-4c1d-97f4-516b572b2f9d,1697663436380055555
6a69421f-e399-4db8-897a-d8ef21b5e0a7,707b6ccf-c9d9-4c1d-97f4-516b572b2f9d,1697663436423233333
6a69421f-e399-4db8-897a-d8ef21b5e0a7,707b6ccf-c9d9-4c1d-97f4-516b572b2f9d,1697663436439066666
6a69421f-e399-4db8-897a-d8ef21b5e0a7,707b6ccf-c9d9-4c1d-97f4-516b572b2f9d,1697663436472266666
6a69421f-e399-4db8-897a-d8ef21b5e0a7,707b6ccf-c9d9-4c1d-97f4-516b572b2f9d,1697663436501288888
6a69421f-e399-4db8-897a-d8ef21b5e0a7,707b6ccf-c9d9-4c1d-97f4-516b572b2f9d,1697663436542722222
6a69421f-e399-4db8-897a-d8ef21b5e0a7,707b6ccf-c9d9-4c1d-97f4-516b572b2f9d,1697663436582022222
6a69421f-e399-4db8-897a-d8ef21b5e0a7,707b6ccf-c9d9-4c1d-97f4-516b572b2f9d,1697663436608244444
6a69421f-e399-4db8-897a-d8ef21b5e0a7,707b6ccf-c9d9-4c1d-97f4-516b572b2f9d,1697663436651166666
6a69421f-e399-4db8-897a-d8ef21b5e0a7,707b6ccf-c9d9-4c1d-97f4-516b572b2f9d,1697663436680577777
6a69421f-e399-4db8-897a-d8ef21b5e0a7,707b6ccf-c9d9-4c1d-97f4-516b572b2f9d,1697663436703200000
6a69421f-e399-4db8-897a-d8ef21b5e0a7,707b6ccf-c9d9-4c1d-97f4-516b572b2f9d,1697663436752044444
6a69421f-e399-4db8-897a-d8ef21b5e0a7,707b6ccf-c9d9-4c1d-97f4-516b572b2f9d,1697663436778322222
6a69421f-e399-4db8-897a-d8ef21b5e0a7,707b6ccf-c9d9-4c1d-97f4-516b572b2f9d,1697663436812133333
6a69421f-e399-4db8-897a-d8ef21b5e0a7,707b6ccf-c9d9-4c1d-97f4-516b572b2f9d,1697663436848711111
6a69421f-e399-4db8-897a-d8ef21b5e0a7,707b6ccf-c9d9-4c1d-97f4-516b572b2f9d,1697663436880655555
6a69421f-e399-4db8-897a-d8ef21b5e0a7,707b6ccf-c9d9-4c1d-97f4-516b572b2f9d,1697663436911333333
6a69421f-e399-4db8-897a-d8ef21b5e0a7,707b6ccf-c9d9-4c1d-97f4-516b572b2f9d,1697663436945888888
6a69421f-e399-4db8-897a-d8ef21b5e0a7,707b6ccf-c9d9-4c1d-97f4-516b572b2f9d,1697663436979700000
6a69421f-e399-4db8-897a-d8ef21b5e0a7,707b6ccf-c9d9-4c1d-97f4-516b572b2f9d,1697663437009877777
6a69421f-e399-4db8-897a-d8ef21b5e0a7,707b6ccf-c9d9-4c1d-97f4-516b572b2f9d,1697663437051077777
6a69421f-e399-4db8-897a-d8ef21b5e0a7,707b6ccf-c9d9-4c1d-97f4-516b572b2f9d,1697663437082177777
6a69421f-e399-4db8-897a-d8ef21b5e0a7,707b6ccf-c9d9-4c1d-97f4-516b572b2f9d,1697663437102411111
6a69421f-e399-4db8-897a-d8ef21b5e0a7,707b6ccf-c9d9-4c1d-97f4-516b572b2f9d,1697663437143200000
6a69421f-e399-4db8-897a-d8ef21b5e0a7,707b6ccf-c9d9-4c1d-97f4-516b572b2f9d,1697663437174844444
6a69421f-e399-4db8-897a-d8ef21b5e0a7,707b6ccf-c9d9-4c1d-97f4-516b572b2f9d,1697663437203733333
6a69421f-e399-4db8-897a-d8ef21b5e0a7,707b6ccf-c9d9-4c1d-97f4-516b572b2f9d,1697663437237888888
6a69421f-e399-4db8-897a-d8ef21b5e0a7,707b6ccf-c9d9-4c1d-97f4-516b572b2f9d,1697663437279566666
6a69421f-e399-4db8-897a-d8ef21b5e0a7,707b6ccf-c9d9-4c1d-97f4-516b572b2f9d,1697663437310855555
6a69421f-e399-4db8-897a-d8ef21b5e0a7,707b6ccf-c9d9-4c1d-97f4-516b572b2f9d,1697663437345899999
6a69421f-e399-4db8-897a-d8ef21b5e0a7,707b6ccf-c9d9-4c1d-97f4-516b572b2f9d,1697663437377111111
6a69421f-e399-4db8-897a-d8ef21b5e0a7,707b6ccf-c9d9-4c1d-97f4-516b572b2f9d,1697663437414966666
6a69421f-e399-4db8-897a-d8ef21b5e0a7,707b6ccf-c9d9-4c1d-97f4-516b572b2f9d,1697663437445977777
6a69421f-e399-4db8-897a-d8ef21b5e0a7,707b6ccf-c9d9-4c1d-97f4-516b572b2f9d,1697663437481155555
6a69421f-e399-4db8-897a-d8ef21b5e0a7,707b6ccf-c9d9-4c1d-97f4-516b572b2f9d,1697663437511511111
6a69421f-e399-4db8-897a-d8ef21b5e0a7,707b6ccf-c9d9-4c1d-97f4-516b572b2f9d,1697663437549677777
6a69421f-e399-4db8-897a-d8ef21b5e0a7,707b6ccf-c9d9-4c1d-97f4-516b572b2f9d,1697663437579466666
6a69421f-e399-4db8-897a-d8ef21b5e0a7,707b6ccf-c9d9-4c1d-97f4-516b572b2f9d,1697663437611211111
6a69421f-e399-4db8-897a-d8ef21b5e0a7,707b6ccf-c9d9-4c1d-97f4-516b572b2f9d,1697663437647166666
6a69421f-e399-4db8-897a-d8ef21b5e0a7,707b6ccf-c9d9-4c1d-97f4-516b572b2f9d,1697663437679388888
6a69421f-e399-4db8-897a-d8ef21b5e0a7,707b6ccf-c9d9-4c1d-97f4-516b572b2f9d,1697663437711422222
6a69421f-e399-4db8-897a-d8ef21b5e0a7,707b6ccf-c9d9-4c1d-97f4-516b572b2f9d,1697663437762466666
6a69421f-e399-4db8-897a-d8ef21b5e0a7,707b6ccf-c9d9-4c1d-97f4-516b572b2f9d,1697663437775633333
6a69421f-e399-4db8-897a-d8ef21b5e0a7,707b6ccf-c9d9-4c1d-97f4-516b572b2f9d,1697663437801922222
6a69421f-e399-4db8-897a-d8ef21b5e0a7,707b6ccf-c9d9-4c1d-97f4-516b572b2f9d,1697663437839711111
6a69421f-e399-4db8-897a-d8ef21b5e0a7,707b6ccf-c9d9-4c1d-97f4-516b572b2f9d,1697663437874522222
6a69421f-e399-4db8-897a-d8ef21b5e0a7,707b6ccf-c9d9-4c1d-97f4-516b572b2f9d,1697663437900644444
6a69421f-e399-4db8-897a-d8ef21b5e0a7,707b6ccf-c9d9-4c1d-97f4-516b572b2f9d,1697663437948500000
6a69421f-e399-4db8-897a-d8ef21b5e0a7,707b6ccf-c9d9-4c1d-97f4-516b572b2f9d,1697663437982244444
6a69421f-e399-4db8-897a-d8ef21b5e0a7,707b6ccf-c9d9-4c1d-97f4-516b572b2f9d,1697663438011600000
6a69421f-e399-4db8-897a-d8ef21b5e0a7,707b6ccf-c9d9-4c1d-97f4-516b572b2f9d,1697663438047388888
6a69421f-e399-4db8-897a-d8ef21b5e0a7,707b6ccf-c9d9-4c1d-97f4-516b572b2f9d,1697663438078511111
6a69421f-e399-4db8-897a-d8ef21b5e0a7,707b6ccf-c9d9-4c1d-97f4-516b572b2f9d,1697663438113377777
6a69421f-e399-4db8-897a-d8ef21b5e0a7,707b6ccf-c9d9-4c1d-97f4-516b572b2f9d,1697663438148255555
6a69421f-e399-4db8-897a-d8ef21b5e0a7,707b6ccf-c9d9-4c1d-97f4-516b572b2f9d,1697663438179977777
6a69421f-e399-4db8-897a-d8ef21b5e0a7,707b6ccf-c9d9-4c1d-97f4-516b572b2f9d,1697663438211633333
6a69421f-e399-4db8-897a-d8ef21b5e0a7,707b6ccf-c9d9-4c1d-97f4-516b572b2f9d,1697663438245688888
6a69421f-e399-4db8-897a-d8ef21b5e0a7,707b6ccf-c9d9-4c1d-97f4-516b572b2f9d,1697663438278244444
6a69421f-e399-4db8-897a-d8ef21b5e0a7,707b6ccf-c9d9-4c1d-97f4-516b572b2f9d,1697663438309777777
6a69421f-e399-4db8-897a-d8ef21b5e0a7,707b6ccf-c9d9-4c1d-97f4-516b572b2f9d,1697663438349611111
6a69421f-e399-4db8-897a-d8ef21b5e0a7,707b6ccf-c9d9-4c1d-97f4-516b572b2f9d,1697663438379422222
6a69421f-e399-4db8-897a-d8ef21b5e0a7,707b6ccf-c9d9-4c1d-97f4-516b572b2f9d,1697663438409322222
6a69421f-e399-4db8-897a-d8ef21b5e0a7,707b6ccf-c9d9-4c1d-97f4-516b572b2f9d,1697663438439188888
6a69421f-e399-4db8-897a-d8ef21b5e0a7,707b6ccf-c9d9-4c1d-97f4-516b572b2f9d,1697663438474588888
6a69421f-e399-4db8-897a-d8ef21b5e0a7,707b6ccf-c9d9-4c1d-97f4-516b572b2f9d,1697663438504422222
6a69421f-e399-4db8-897a-d8ef21b5e0a7,707b6ccf-c9d9-4c1d-97f4-516b572b2f9d,1697663438536266666
6a69421f-e399-4db8-897a-d8ef21b5e0a7,707b6ccf-c9d9-4c1d-97f4-516b572b2f9d,1697663438584366666
6a69421f-e399-4db8-897a-d8ef21b5e0a7,707b6ccf-c9d9-4c1d-97f4-516b572b2f9d,1697663438601222222
6a69421f-e399-4db8-897a-d8ef21b5e0a7,707b6ccf-c9d9-4c1d-97f4-516b572b2f9d,1697663438647300000
6a69421f-e399-4db8-897a-d8ef21b5e0a7,707b6ccf-c9d9-4c1d-97f4-516b572b2f9d,1697663438678788888
6a69421f-e399-4db8-897a-d8ef21b5e0a7,707b6ccf-c9d9-4c1d-97f4-516b572b2f9d,1697663438710322222
6a69421f-e399-4db8-897a-d8ef21b5e0a7,707b6ccf-c9d9-4c1d-97f4-516b572b2f9d,1697663438746122222
6a69421f-e399-4db8-897a-d8ef21b5e0a7,707b6ccf-c9d9-4c1d-97f4-516b572b2f9d,1697663438776566666
6a69421f-e399-4db8-897a-d8ef21b5e0a7,707b6ccf-c9d9-4c1d-97f4-516b572b2f9d,1697663438810022222
6a69421f-e399-4db8-897a-d8ef21b5e0a7,707b6ccf-c9d9-4c1d-97f4-516b572b2f9d,1697663438848800000
6a69421f-e399-4db8-897a-d8ef21b5e0a7,707b6ccf-c9d9-4c1d-97f4-516b572b2f9d,1697663438878455555
6a69421f-e399-4db8-897a-d8ef21b5e0a7,707b6ccf-c9d9-4c1d-97f4-516b572b2f9d,1697663438908900000
6a69421f-e399-4db8-897a-d8ef21b5e0a7,707b6ccf-c9d9-4c1d-97f4-516b572b2f9d,1697663438946444444
6a69421f-e399-4db8-897a-d8ef21b5e0a7,707b6ccf-c9d9-4c1d-97f4-516b572b2f9d,1697663438978288888
6a69421f-e399-4db8-897a-d8ef21b5e0a7,707b6ccf-c9d9-4c1d-97f4-516b572b2f9d,1697663439010933333
6a69421f-e399-4db8-897a-d8ef21b5e0a7,707b6ccf-c9d9-4c1d-97f4-516b572b2f9d,1697663439053400000
6a69421f-e399-4db8-897a-d8ef21b5e0a7,707b6ccf-c9d9-4c1d-97f4-516b572b2f9d,1697663439080633333
6a69421f-e399-4db8-897a-d8ef21b5e0a7,707b6ccf-c9d9-4c1d-97f4-516b572b2f9d,1697663439106811111
6a69421f-e399-4db8-897a-d8ef21b5e0a7,707b6ccf-c9d9-4c1d-97f4-516b572b2f9d,1697663439144511111
6a69421f-e399-4db8-897a-d8ef21b5e0a7,707b6ccf-c9d9-4c1d-97f4-516b572b2f9d,1697663439171477777
6a69421f-e399-4db8-897a-d8ef21b5e0a7,707b6ccf-c9d9-4c1d-97f4-516b572b2f9d,1697663439201711111
6a69421f-e399-4db8-897a-d8ef21b5e0a7,707b6ccf-c9d9-4c1d-97f4-516b572b2f9d,1697663439237088888
6a69421f-e399-4db8-897a-d8ef21b5e0a7,707b6ccf-c9d9-4c1d-97f4-516b572b2f9d,1697663439271822222
6a69421f-e399-4db8-897a-d8ef21b5e0a7,707b6ccf-c9d9-4c1d-97f4-516b572b2f9d,1697663439310588888
6a69421f-e399-4db8-897a-d8ef21b5e0a7,707b6ccf-c9d9-4c1d-97f4-516b572b2f9d,1697663439344066666
6a69421f-e399-4db8-897a-d8ef21b5e0a7,707b6ccf-c9d9-4c1d-97f4-516b572b2f9d,1697663439378300000
6a69421f-e399-4db8-897a-d8ef21b5e0a7,707b6ccf-c9d9-4c1d-97f4-516b572b2f9d,1697663439411166666
6a69421f-e399-4db8-897a-d8ef21b5e0a7,707b6ccf-c9d9-4c1d-97f4-516b572b2f9d,1697663439441666666
6a69421f-e399-4db8-897a-d8ef21b5e0a7,707b6ccf-c9d9-4c1d-97f4-516b572b2f9d,1697663439479377777
6a69421f-e399-4db8-897a-d8ef21b5e0a7,707b6ccf-c9d9-4c1d-97f4-516b572b2f9d,1697663439511711111
6a69421f-e399-4db8-897a-d8ef21b5e0a7,707b6ccf-c9d9-4c1d-97f4-516b572b2f9d,1697663439541944444
6a69421f-e399-4db8-897a-d8ef21b5e0a7,707b6ccf-c9d9-4c1d-97f4-516b572b2f9d,1697663439581577777
6a69421f-e399-4db8-897a-d8ef21b5e0a7,707b6ccf-c9d9-4c1d-97f4-516b572b2f9d,1697663439609466666
6a69421f-e399-4db8-897a-d8ef21b5e0a7,707b6ccf-c9d9-4c1d-97f4-516b572b2f9d,1697663439643611111
6a69421f-e399-4db8-897a-d8ef21b5e0a7,707b6ccf-c9d9-4c1d-97f4-516b572b2f9d,1697663439681644444
6a69421f-e399-4db8-897a-d8ef21b5e0a7,707b6ccf-c9d9-4c1d-97f4-516b572b2f9d,1697663439713177777
6a69421f-e399-4db8-897a-d8ef21b5e0a7,707b6ccf-c9d9-4c1d-97f4-516b572b2f9d,1697663439745422222
6a69421f-e399-4db8-897a-d8ef21b5e0a7,707b6ccf-c9d9-4c1d-97f4-516b572b2f9d,1697663439772588888
6a69421f-e399-4db8-897a-d8ef21b5e0a7,707b6ccf-c9d9-4c1d-97f4-516b572b2f9d,1697663439803044444
6a69421f-e399-4db8-897a-d8ef21b5e0a7,707b6ccf-c9d9-4c1d-97f4-516b572b2f9d,1697663439854877777
6a69421f-e399-4db8-897a-d8ef21b5e0a7,707b6ccf-c9d9-4c1d-97f4-516b572b2f9d,1697663439875133333
6a69421f-e399-4db8-897a-d8ef21b5e0a7,707b6ccf-c9d9-4c1d-97f4-516b572b2f9d,1697663439912000000
6a69421f-e399-4db8-897a-d8ef21b5e0a7,707b6ccf-c9d9-4c1d-97f4-516b572b2f9d,1697663439932688888
6a69421f-e399-4db8-897a-d8ef21b5e0a7,707b6ccf-c9d9-4c1d-97f4-516b572b2f9d,1697663439979811111
6a69421f-e399-4db8-897a-d8ef21b5e0a7,707b6ccf-c9d9-4c1d-97f4-516b572b2f9d,1697663440008788888
6a69421f-e399-4db8-897a-d8ef21b5e0a7,707b6ccf-c9d9-4c1d-97f4-516b572b2f9d,1697663440042577777
6a69421f-e399-4db8-897a-d8ef21b5e0a7,707b6ccf-c9d9-4c1d-97f4-516b572b2f9d,1697663440078811111
6a69421f-e399-4db8-897a-d8ef21b5e0a7,707b6ccf-c9d9-4c1d-97f4-516b572b2f9d,1697663440110800000
6a69421f-e399-4db8-897a-d8ef21b5e0a7,707b6ccf-c9d9-4c1d-97f4-516b572b2f9d,1697663440141711111
6a69421f-e399-4db8-897a-d8ef21b5e0a7,707b6ccf-c9d9-4c1d-97f4-516b572b2f9d,1697663440181944444
6a69421f-e399-4db8-897a-d8ef21b5e0a7,707b6ccf-c9d9-4c1d-97f4-516b572b2f9d,1697663440211655555
6a69421f-e399-4db8-897a-d8ef21b5e0a7,707b6ccf-c9d9-4c1d-97f4-516b572b2f9d,1697663440248911111
6a69421f-e399-4db8-897a-d8ef21b5e0a7,707b6ccf-c9d9-4c1d-97f4-516b572b2f9d,1697663440281755555
6a69421f-e399-4db8-897a-d8ef21b5e0a7,707b6ccf-c9d9-4c1d-97f4-516b572b2f9d,1697663440311322222
6a69421f-e399-4db8-897a-d8ef21b5e0a7,707b6ccf-c9d9-4c1d-97f4-516b572b2f9d,1697663440341677777
6a69421f-e399-4db8-897a-d8ef21b5e0a7,707b6ccf-c9d9-4c1d-97f4-516b572b2f9d,1697663440380922222
6a69421f-e399-4db8-897a-d8ef21b5e0a7,707b6ccf-c9d9-4c1d-97f4-516b572b2f9d,1697663440414722222
6a69421f-e399-4db8-897a-d8ef21b5e0a7,707b6ccf-c9d9-4c1d-97f4-516b572b2f9d,1697663440441700000
6a69421f-e399-4db8-897a-d8ef21b5e0a7,707b6ccf-c9d9-4c1d-97f4-516b572b2f9d,1697663440469288888
6a69421f-e399-4db8-897a-d8ef21b5e0a7,707b6ccf-c9d9-4c1d-97f4-516b572b2f9d,1697663440508577777
6a69421f-e399-4db8-897a-d8ef21b5e0a7,707b6ccf-c9d9-4c1d-97f4-516b572b2f9d,1697663440534833333
6a69421f-e399-4db8-897a-d8ef21b5e0a7,707b6ccf-c9d9-4c1d-97f4-516b572b2f9d,1697663440573055555
6a69421f-e399-4db8-897a-d8ef21b5e0a7,707b6ccf-c9d9-4c1d-97f4-516b572b2f9d,1697663440600622222
6a69421f-e399-4db8-897a-d8ef21b5e0a7,707b6ccf-c9d9-4c1d-97f4-516b572b2f9d,1697663440646177777
6a69421f-e399-4db8-897a-d8ef21b5e0a7,707b6ccf-c9d9-4c1d-97f4-516b572b2f9d,1697663440680066666
6a69421f-e399-4db8-897a-d8ef21b5e0a7,707b6ccf-c9d9-4c1d-97f4-516b572b2f9d,1697663440709588888
6a69421f-e399-4db8-897a-d8ef21b5e0a7,707b6ccf-c9d9-4c1d-97f4-516b572b2f9d,1697663440743488888
6a69421f-e399-4db8-897a-d8ef21b5e0a7,707b6ccf-c9d9-4c1d-97f4-516b572b2f9d,1697663440781755555
6a69421f-e399-4db8-897a-d8ef21b5e0a7,707b6ccf-c9d9-4c1d-97f4-516b572b2f9d,1697663440813855555
6a69421f-e399-4db8-897a-d8ef21b5e0a7,707b6ccf-c9d9-4c1d-97f4-516b572b2f9d,1697663440841244444
6a69421f-e399-4db8-897a-d8ef21b5e0a7,707b6ccf-c9d9-4c1d-97f4-516b572b2f9d,1697663440879244444
6a69421f-e399-4db8-897a-d8ef21b5e0a7,707b6ccf-c9d9-4c1d-97f4-516b572b2f9d,1697663440910244444
6a69421f-e399-4db8-897a-d8ef21b5e0a7,707b6ccf-c9d9-4c1d-97f4-516b572b2f9d,1697663440941966666
6a69421f-e399-4db8-897a-d8ef21b5e0a7,707b6ccf-c9d9-4c1d-97f4-516b572b2f9d,1697663440980588888
6a69421f-e399-4db8-897a-d8ef21b5e0a7,707b6ccf-c9d9-4c1d-97f4-516b572b2f9d,1697663441013533333
6a69421f-e399-4db8-897a-d8ef21b5e0a7,707b6ccf-c9d9-4c1d-97f4-516b572b2f9d,1697663441040000000
6a69421f-e399-4db8-897a-d8ef21b5e0a7,707b6ccf-c9d9-4c1d-97f4-516b572b2f9d,1697663441085100000
6a69421f-e399-4db8-897a-d8ef21b5e0a7,707b6ccf-c9d9-4c1d-97f4-516b572b2f9d,1697663441126344444
6a69421f-e399-4db8-897a-d8ef21b5e0a7,707b6ccf-c9d9-4c1d-97f4-516b572b2f9d,1697663441138333333
6a69421f-e399-4db8-897a-d8ef21b5e0a7,707b6ccf-c9d9-4c1d-97f4-516b572b2f9d,1697663441171288888
6a69421f-e399-4db8-897a-d8ef21b5e0a7,707b6ccf-c9d9-4c1d-97f4-516b572b2f9d,1697663441203533333
6a69421f-e399-4db8-897a-d8ef21b5e0a7,707b6ccf-c9d9-4c1d-97f4-516b572b2f9d,1697663441236044444
6a69421f-e399-4db8-897a-d8ef21b5e0a7,707b6ccf-c9d9-4c1d-97f4-516b572b2f9d,1697663441282344444
6a69421f-e399-4db8-897a-d8ef21b5e0a7,707b6ccf-c9d9-4c1d-97f4-516b572b2f9d,1697663441303066666
6a69421f-e399-4db8-897a-d8ef21b5e0a7,707b6ccf-c9d9-4c1d-97f4-516b572b2f9d,1697663441342811111
6a69421f-e399-4db8-897a-d8ef21b5e0a7,707b6ccf-c9d9-4c1d-97f4-516b572b2f9d,1697663441377911111
6a69421f-e399-4db8-897a-d8ef21b5e0a7,707b6ccf-c9d9-4c1d-97f4-516b572b2f9d,1697663441411322222
6a69421f-e399-4db8-897a-d8ef21b5e0a7,707b6ccf-c9d9-4c1d-97f4-516b572b2f9d,1697663441441666666
6a69421f-e399-4db8-897a-d8ef21b5e0a7,707b6ccf-c9d9-4c1d-97f4-516b572b2f9d,1697663441483811111
6a69421f-e399-4db8-897a-d8ef21b5e0a7,707b6ccf-c9d9-4c1d-97f4-516b572b2f9d,1697663441510933333
6a69421f-e399-4db8-897a-d8ef21b5e0a7,707b6ccf-c9d9-4c1d-97f4-516b572b2f9d,1697663441540011111
6a69421f-e399-4db8-897a-d8ef21b5e0a7,707b6ccf-c9d9-4c1d-97f4-516b572b2f9d,1697663441582888888
6a69421f-e399-4db8-897a-d8ef21b5e0a7,707b6ccf-c9d9-4c1d-97f4-516b572b2f9d,1697663441609855555
6a69421f-e399-4db8-897a-d8ef21b5e0a7,707b6ccf-c9d9-4c1d-97f4-516b572b2f9d,1697663441644055555
6a69421f-e399-4db8-897a-d8ef21b5e0a7,707b6ccf-c9d9-4c1d-97f4-516b572b2f9d,1697663441678988888
6a69421f-e399-4db8-897a-d8ef21b5e0a7,707b6ccf-c9d9-4c1d-97f4-516b572b2f9d,1697663441709566666
6a69421f-e399-4db8-897a-d8ef21b5e0a7,707b6ccf-c9d9-4c1d-97f4-516b572b2f9d,1697663441744377777
6a69421f-e399-4db8-897a-d8ef21b5e0a7,707b6ccf-c9d9-4c1d-97f4-516b572b2f9d,1697663441777922222
6a69421f-e399-4db8-897a-d8ef21b5e0a7,707b6ccf-c9d9-4c1d-97f4-516b572b2f9d,1697663441802400000
6a69421f-e399-4db8-897a-d8ef21b5e0a7,707b6ccf-c9d9-4c1d-97f4-516b572b2f9d,1697663441842255555
6a69421f-e399-4db8-897a-d8ef21b5e0a7,707b6ccf-c9d9-4c1d-97f4-516b572b2f9d,1697663441874844444
6a69421f-e399-4db8-897a-d8ef21b5e0a7,707b6ccf-c9d9-4c1d-97f4-516b572b2f9d,1697663441903555555
6a69421f-e399-4db8-897a-d8ef21b5e0a7,707b6ccf-c9d9-4c1d-97f4-516b572b2f9d,1697663441933500000
6a69421f-e399-4db8-897a-d8ef21b5e0a7,707b6ccf-c9d9-4c1d-97f4-516b572b2f9d,1697663441982522222
6a69421f-e399-4db8-897a-d8ef21b5e0a7,707b6ccf-c9d9-4c1d-97f4-516b572b2f9d,1697663442012977777
6a69421f-e399-4db8-897a-d8ef21b5e0a7,707b6ccf-c9d9-4c1d-97f4-516b572b2f9d,1697663442042700000
6a69421f-e399-4db8-897a-d8ef21b5e0a7,707b6ccf-c9d9-4c1d-97f4-516b572b2f9d,1697663442080977777
6a69421f-e399-4db8-897a-d8ef21b5e0a7,707b6ccf-c9d9-4c1d-97f4-516b572b2f9d,1697663442111233333
6a69421f-e399-4db8-897a-d8ef21b5e0a7,707b6ccf-c9d9-4c1d-97f4-516b572b2f9d,1697663442144011111
6a69421f-e399-4db8-897a-d8ef21b5e0a7,707b6ccf-c9d9-4c1d-97f4-516b572b2f9d,1697663442177922222
6a69421f-e399-4db8-897a-d8ef21b5e0a7,707b6ccf-c9d9-4c1d-97f4-516b572b2f9d,1697663442211522222
6a69421f-e399-4db8-897a-d8ef21b5e0a7,707b6ccf-c9d9-4c1d-97f4-516b572b2f9d,1697663442241955555
6a69421f-e399-4db8-897a-d8ef21b5e0a7,707b6ccf-c9d9-4c1d-97f4-516b572b2f9d,1697663442280522222
6a69421f-e399-4db8-897a-d8ef21b5e0a7,707b6ccf-c9d9-4c1d-97f4-516b572b2f9d,1697663442310200000
6a69421f-e399-4db8-897a-d8ef21b5e0a7,707b6ccf-c9d9-4c1d-97f4-516b572b2f9d,1697663442342055555
6a69421f-e399-4db8-897a-d8ef21b5e0a7,707b6ccf-c9d9-4c1d-97f4-516b572b2f9d,1697663442382822222
6a69421f-e399-4db8-897a-d8ef21b5e0a7,707b6ccf-c9d9-4c1d-97f4-516b572b2f9d,1697663442412277777
6a69421f-e399-4db8-897a-d8ef21b5e0a7,707b6ccf-c9d9-4c1d-97f4-516b572b2f9d,1697663442452877777
6a69421f-e399-4db8-897a-d8ef21b5e0a7,707b6ccf-c9d9-4c1d-97f4-516b572b2f9d,1697663442466800000
6a69421f-e399-4db8-897a-d8ef21b5e0a7,707b6ccf-c9d9-4c1d-97f4-516b572b2f9d,1697663442502866666
6a69421f-e399-4db8-897a-d8ef21b5e0a7,707b6ccf-c9d9-4c1d-97f4-516b572b2f9d,1697663442542044444
6a69421f-e399-4db8-897a-d8ef21b5e0a7,707b6ccf-c9d9-4c1d-97f4-516b572b2f9d,1697663442572877777
6a69421f-e399-4db8-897a-d8ef21b5e0a7,707b6ccf-c9d9-4c1d-97f4-516b572b2f9d,1697663442600922222
6a69421f-e399-4db8-897a-d8ef21b5e0a7,707b6ccf-c9d9-4c1d-97f4-516b572b2f9d,1697663442641444444
6a69421f-e399-4db8-897a-d8ef21b5e0a7,707b6ccf-c9d9-4c1d-97f4-516b572b2f9d,1697663442673855555
6a69421f-e399-4db8-897a-d8ef21b5e0a7,707b6ccf-c9d9-4c1d-97f4-516b572b2f9d,1697663442710288888
6a69421f-e399-4db8-897a-d8ef21b5e0a7,707b6ccf-c9d9-4c1d-97f4-516b572b2f9d,1697663442742366666
6a69421f-e399-4db8-897a-d8ef21b5e0a7,707b6ccf-c9d9-4c1d-97f4-516b572b2f9d,1697663442778311111
6a69421f-e399-4db8-897a-d8ef21b5e0a7,707b6ccf-c9d9-4c1d-97f4-516b572b2f9d,1697663442811488888
6a69421f-e399-4db8-897a-d8ef21b5e0a7,707b6ccf-c9d9-4c1d-97f4-516b572b2f9d,1697663442844377777
6a69421f-e399-4db8-897a-d8ef21b5e0a7,707b6ccf-c9d9-4c1d-97f4-516b572b2f9d,1697663442875200000
6a69421f-e399-4db8-897a-d8ef21b5e0a7,707b6ccf-c9d9-4c1d-97f4-516b572b2f9d,1697663442909944444
6a69421f-e399-4db8-897a-d8ef21b5e0a7,707b6ccf-c9d9-4c1d-97f4-516b572b2f9d,1697663442942088888
6a69421f-e399-4db8-897a-d8ef21b5e0a7,707b6ccf-c9d9-4c1d-97f4-516b572b2f9d,1697663442976588888
6a69421f-e399-4db8-897a-d8ef21b5e0a7,707b6ccf-c9d9-4c1d-97f4-516b572b2f9d,1697663443009233333
6a69421f-e399-4db8-897a-d8ef21b5e0a7,707b6ccf-c9d9-4c1d-97f4-516b572b2f9d,1697663443040955555
6a69421f-e399-4db8-897a-d8ef21b5e0a7,707b6ccf-c9d9-4c1d-97f4-516b572b2f9d,1697663443074888888
6a69421f-e399-4db8-897a-d8ef21b5e0a7,707b6ccf-c9d9-4c1d-97f4-516b572b2f9d,1697663443124600000
6a69421f-e399-4db8-897a-d8ef21b5e0a7,707b6ccf-c9d9-4c1d-97f4-516b572b2f9d,1697663443136355555
6a69421f-e399-4db8-897a-d8ef21b5e0a7,707b6ccf-c9d9-4c1d-97f4-516b572b2f9d,1697663443167288888
6a69421f-e399-4db8-897a-d8ef21b5e0a7,707b6ccf-c9d9-4c1d-97f4-516b572b2f9d,1697663443204222222
6a69421f-e399-4db8-897a-d8ef21b5e0a7,707b6ccf-c9d9-4c1d-97f4-516b572b2f9d,1697663443240588888
6a69421f-e399-4db8-897a-d8ef21b5e0a7,707b6ccf-c9d9-4c1d-97f4-516b572b2f9d,1697663443265777777
6a69421f-e399-4db8-897a-d8ef21b5e0a7,707b6ccf-c9d9-4c1d-97f4-516b572b2f9d,1697663443310566666
6a69421f-e399-4db8-897a-d8ef21b5e0a7,707b6ccf-c9d9-4c1d-97f4-516b572b2f9d,1697663443343488888
6a69421f-e399-4db8-897a-d8ef21b5e0a7,707b6ccf-c9d9-4c1d-97f4-516b572b2f9d,1697663443376122222
6a69421f-e399-4db8-897a-d8ef21b5e0a7,707b6ccf-c9d9-4c1d-97f4-516b572b2f9d,1697663443414388888
6a69421f-e399-4db8-897a-d8ef21b5e0a7,707b6ccf-c9d9-4c1d-97f4-516b572b2f9d,1697663443442711111
6a69421f-e399-4db8-897a-d8ef21b5e0a7,707b6ccf-c9d9-4c1d-97f4-516b572b2f9d,1697663443475577777
6a69421f-e399-4db8-897a-d8ef21b5e0a7,707b6ccf-c9d9-4c1d-97f4-516b572b2f9d,1697663443510000000
6a69421f-e399-4db8-897a-d8ef21b5e0a7,707b6ccf-c9d9-4c1d-97f4-516b572b2f9d,1697663443544777777
6a69421f-e399-4db8-897a-d8ef21b5e0a7,707b6ccf-c9d9-4c1d-97f4-516b572b2f9d,1697663443579677777
6a69421f-e399-4db8-897a-d8ef21b5e0a7,707b6ccf-c9d9-4c1d-97f4-516b572b2f9d,1697663443611011111
6a69421f-e399-4db8-897a-d8ef21b5e0a7,707b6ccf-c9d9-4c1d-97f4-516b572b2f9d,1697663443643533333
6a69421f-e399-4db8-897a-d8ef21b5e0a7,707b6ccf-c9d9-4c1d-97f4-516b572b2f9d,1697663443676922222
6a69421f-e399-4db8-897a-d8ef21b5e0a7,707b6ccf-c9d9-4c1d-97f4-516b572b2f9d,1697663443710477777
6a69421f-e399-4db8-897a-d8ef21b5e0a7,707b6ccf-c9d9-4c1d-97f4-516b572b2f9d,1697663443741411111
6a69421f-e399-4db8-897a-d8ef21b5e0a7,707b6ccf-c9d9-4c1d-97f4-516b572b2f9d,1697663443776266666
6a69421f-e399-4db8-897a-d8ef21b5e0a7,707b6ccf-c9d9-4c1d-97f4-516b572b2f9d,1697663443803355555
6a69421f-e399-4db8-897a-d8ef21b5e0a7,707b6ccf-c9d9-4c1d-97f4-516b572b2f9d,1697663443851422222
6a69421f-e399-4db8-897a-d8ef21b5e0a7,707b6ccf-c9d9-4c1d-97f4-516b572b2f9d,1697663443868811111
6a69421f-e399-4db8-897a-d8ef21b5e0a7,707b6ccf-c9d9-4c1d-97f4-516b572b2f9d,1697663443912144444
6a69421f-e399-4db8-897a-d8ef21b5e0a7,707b6ccf-c9d9-4c1d-97f4-516b572b2f9d,1697663443936300000
6a69421f-e399-4db8-897a-d8ef21b5e0a7,707b6ccf-c9d9-4c1d-97f4-516b572b2f9d,1697663443974677777
6a69421f-e399-4db8-897a-d8ef21b5e0a7,707b6ccf-c9d9-4c1d-97f4-516b572b2f9d,1697663444010100000
6a69421f-e399-4db8-897a-d8ef21b5e0a7,707b6ccf-c9d9-4c1d-97f4-516b572b2f9d,1697663444041300000
6a69421f-e399-4db8-897a-d8ef21b5e0a7,707b6ccf-c9d9-4c1d-97f4-516b572b2f9d,1697663444075400000
6a69421f-e399-4db8-897a-d8ef21b5e0a7,707b6ccf-c9d9-4c1d-97f4-516b572b2f9d,1697663444109311111
6a69421f-e399-4db8-897a-d8ef21b5e0a7,707b6ccf-c9d9-4c1d-97f4-516b572b2f9d,1697663444144166666
6a69421f-e399-4db8-897a-d8ef21b5e0a7,707b6ccf-c9d9-4c1d-97f4-516b572b2f9d,1697663444174988888
6a69421f-e399-4db8-897a-d8ef21b5e0a7,707b6ccf-c9d9-4c1d-97f4-516b572b2f9d,1697663444208222222
6a69421f-e399-4db8-897a-d8ef21b5e0a7,707b6ccf-c9d9-4c1d-97f4-516b572b2f9d,1697663444246400000
6a69421f-e399-4db8-897a-d8ef21b5e0a7,707b6ccf-c9d9-4c1d-97f4-516b572b2f9d,1697663444275055555
6a69421f-e399-4db8-897a-d8ef21b5e0a7,707b6ccf-c9d9-4c1d-97f4-516b572b2f9d,1697663444311944444
6a69421f-e399-4db8-897a-d8ef21b5e0a7,707b6ccf-c9d9-4c1d-97f4-516b572b2f9d,1697663444348377777
6a69421f-e399-4db8-897a-d8ef21b5e0a7,707b6ccf-c9d9-4c1d-97f4-516b572b2f9d,1697663444376066666
6a69421f-e399-4db8-897a-d8ef21b5e0a7,707b6ccf-c9d9-4c1d-97f4-516b572b2f9d,1697663444412277777
6a69421f-e399-4db8-897a-d8ef21b5e0a7,707b6ccf-c9d9-4c1d-97f4-516b572b2f9d,1697663444442722222
6a69421f-e399-4db8-897a-d8ef21b5e0a7,707b6ccf-c9d9-4c1d-97f4-516b572b2f9d,1697663444468655555
6a69421f-e399-4db8-897a-d8ef21b5e0a7,707b6ccf-c9d9-4c1d-97f4-516b572b2f9d,1697663444508244444
6a69421f-e399-4db8-897a-d8ef21b5e0a7,707b6ccf-c9d9-4c1d-97f4-516b572b2f9d,1697663444537144444
6a69421f-e399-4db8-897a-d8ef21b5e0a7,707b6ccf-c9d9-4c1d-97f4-516b572b2f9d,1697663444566855555
6a69421f-e399-4db8-897a-d8ef21b5e0a7,707b6ccf-c9d9-4c1d-97f4-516b572b2f9d,1697663444610611111
6a69421f-e399-4db8-897a-d8ef21b5e0a7,707b6ccf-c9d9-4c1d-97f4-516b572b2f9d,1697663444640544444
6a69421f-e399-4db8-897a-d8ef21b5e0a7,707b6ccf-c9d9-4c1d-97f4-516b572b2f9d,1697663444673233333
6a69421f-e399-4db8-897a-d8ef21b5e0a7,707b6ccf-c9d9-4c1d-97f4-516b572b2f9d,1697663444714211111
6a69421f-e399-4db8-897a-d8ef21b5e0a7,707b6ccf-c9d9-4c1d-97f4-516b572b2f9d,1697663444746355555
6a69421f-e399-4db8-897a-d8ef21b5e0a7,707b6ccf-c9d9-4c1d-97f4-516b572b2f9d,1697663444776433333
6a69421f-e399-4db8-897a-d8ef21b5e0a7,707b6ccf-c9d9-4c1d-97f4-516b572b2f9d,1697663444812055555
6a69421f-e399-4db8-897a-d8ef21b5e0a7,707b6ccf-c9d9-4c1d-97f4-516b572b2f9d,1697663444842922222
6a69421f-e399-4db8-897a-d8ef21b5e0a7,707b6ccf-c9d9-4c1d-97f4-516b572b2f9d,1697663444878511111
6a69421f-e399-4db8-897a-d8ef21b5e0a7,707b6ccf-c9d9-4c1d-97f4-516b572b2f9d,1697663444910866666
6a69421f-e399-4db8-897a-d8ef21b5e0a7,707b6ccf-c9d9-4c1d-97f4-516b572b2f9d,1697663444945533333
6a69421f-e399-4db8-897a-d8ef21b5e0a7,707b6ccf-c9d9-4c1d-97f4-516b572b2f9d,1697663444975744444
6a69421f-e399-4db8-897a-d8ef21b5e0a7,707b6ccf-c9d9-4c1d-97f4-516b572b2f9d,1697663445010700000
6a69421f-e399-4db8-897a-d8ef21b5e0a7,707b6ccf-c9d9-4c1d-97f4-516b572b2f9d,1697663445041000000
6a69421f-e399-4db8-897a-d8ef21b5e0a7,707b6ccf-c9d9-4c1d-97f4-516b572b2f9d,1697663445074833333
6a69421f-e399-4db8-897a-d8ef21b5e0a7,707b6ccf-c9d9-4c1d-97f4-516b572b2f9d,1697663445110377777
6a69421f-e399-4db8-897a-d8ef21b5e0a7,707b6ccf-c9d9-4c1d-97f4-516b572b2f9d,1697663445137055555
6a69421f-e399-4db8-897a-d8ef21b5e0a7,707b6ccf-c9d9-4c1d-97f4-516b572b2f9d,1697663445185244444
6a69421f-e399-4db8-897a-d8ef21b5e0a7,707b6ccf-c9d9-4c1d-97f4-516b572b2f9d,1697663445213866666
6a69421f-e399-4db8-897a-d8ef21b5e0a7,707b6ccf-c9d9-4c1d-97f4-516b572b2f9d,1697663445252822222
6a69421f-e399-4db8-897a-d8ef21b5e0a7,707b6ccf-c9d9-4c1d-97f4-516b572b2f9d,1697663445273600000
6a69421f-e399-4db8-897a-d8ef21b5e0a7,707b6ccf-c9d9-4c1d-97f4-516b572b2f9d,1697663445310288888
6a69421f-e399-4db8-897a-d8ef21b5e0a7,707b6ccf-c9d9-4c1d-97f4-516b572b2f9d,1697663445348144444
6a69421f-e399-4db8-897a-d8ef21b5e0a7,707b6ccf-c9d9-4c1d-97f4-516b572b2f9d,1697663445373822222
6a69421f-e399-4db8-897a-d8ef21b5e0a7,707b6ccf-c9d9-4c1d-97f4-516b572b2f9d,1697663445413688888
6a69421f-e399-4db8-897a-d8ef21b5e0a7,707b6ccf-c9d9-4c1d-97f4-516b572b2f9d,1697663445443488888
6a69421f-e399-4db8-897a-d8ef21b5e0a7,707b6ccf-c9d9-4c1d-97f4-516b572b2f9d,1697663445475211111
6a69421f-e399-4db8-897a-d8ef21b5e0a7,707b6ccf-c9d9-4c1d-97f4-516b572b2f9d,1697663445510133333
6a69421f-e399-4db8-897a-d8ef21b5e0a7,707b6ccf-c9d9-4c1d-97f4-516b572b2f9d,1697663445545066666
6a69421f-e399-4db8-897a-d8ef21b5e0a7,707b6ccf-c9d9-4c1d-97f4-516b572b2f9d,1697663445574655555
6a69421f-e399-4db8-897a-d8ef21b5e0a7,707b6ccf-c9d9-4c1d-97f4-516b572b2f9d,1697663445606200000
6a69421f-e399-4db8-897a-d8ef21b5e0a7,707b6ccf-c9d9-4c1d-97f4-516b572b2f9d,1697663445643055555
6a69421f-e399-4db8-897a-d8ef21b5e0a7,707b6ccf-c9d9-4c1d-97f4-516b572b2f9d,1697663445676400000
6a69421f-e399-4db8-897a-d8ef21b5e0a7,707b6ccf-c9d9-4c1d-97f4-516b572b2f9d,1697663445703644444
6a69421f-e399-4db8-897a-d8ef21b5e0a7,707b6ccf-c9d9-4c1d-97f4-516b572b2f9d,1697663445744088888
6a69421f-e399-4db8-897a-d8ef21b5e0a7,707b6ccf-c9d9-4c1d-97f4-516b572b2f9d,1697663445771988888
6a69421f-e399-4db8-897a-d8ef21b5e0a7,707b6ccf-c9d9-4c1d-97f4-516b572b2f9d,1697663445808733333
6a69421f-e399-4db8-897a-d8ef21b5e0a7,707b6ccf-c9d9-4c1d-97f4-516b572b2f9d,1697663445839400000
6a69421f-e399-4db8-897a-d8ef21b5e0a7,707b6ccf-c9d9-4c1d-97f4-516b572b2f9d,1697663445869444444
6a69421f-e399-4db8-897a-d8ef21b5e0a7,707b6ccf-c9d9-4c1d-97f4-516b572b2f9d,1697663445898977777
6a69421f-e399-4db8-897a-d8ef21b5e0a7,707b6ccf-c9d9-4c1d-97f4-516b572b2f9d,1697663445945288888
6a69421f-e399-4db8-897a-d8ef21b5e0a7,707b6ccf-c9d9-4c1d-97f4-516b572b2f9d,1697663445974922222
6a69421f-e399-4db8-897a-d8ef21b5e0a7,707b6ccf-c9d9-4c1d-97f4-516b572b2f9d,1697663446008322222
6a69421f-e399-4db8-897a-d8ef21b5e0a7,707b6ccf-c9d9-4c1d-97f4-516b572b2f9d,1697663446043411111
6a69421f-e399-4db8-897a-d8ef21b5e0a7,707b6ccf-c9d9-4c1d-97f4-516b572b2f9d,1697663446076522222
6a69421f-e399-4db8-897a-d8ef21b5e0a7,707b6ccf-c9d9-4c1d-97f4-516b572b2f9d,1697663446108522222
6a69421f-e399-4db8-897a-d8ef21b5e0a7,707b6ccf-c9d9-4c1d-97f4-516b572b2f9d,1697663446141033333
6a69421f-e399-4db8-897a-d8ef21b5e0a7,707b6ccf-c9d9-4c1d-97f4-516b572b2f9d,1697663446178733333
6a69421f-e399-4db8-897a-d8ef21b5e0a7,707b6ccf-c9d9-4c1d-97f4-516b572b2f9d,1697663446207644444
6a69421f-e399-4db8-897a-d8ef21b5e0a7,707b6ccf-c9d9-4c1d-97f4-516b572b2f9d,1697663446243466666
6a69421f-e399-4db8-897a-d8ef21b5e0a7,707b6ccf-c9d9-4c1d-97f4-516b572b2f9d,1697663446278922222
6a69421f-e399-4db8-897a-d8ef21b5e0a7,707b6ccf-c9d9-4c1d-97f4-516b572b2f9d,1697663446306011111
6a69421f-e399-4db8-897a-d8ef21b5e0a7,707b6ccf-c9d9-4c1d-97f4-516b572b2f9d,1697663446340388888
6a69421f-e399-4db8-897a-d8ef21b5e0a7,707b6ccf-c9d9-4c1d-97f4-516b572b2f9d,1697663446375011111
6a69421f-e399-4db8-897a-d8ef21b5e0a7,707b6ccf-c9d9-4c1d-97f4-516b572b2f9d,1697663446403777777
6a69421f-e399-4db8-897a-d8ef21b5e0a7,707b6ccf-c9d9-4c1d-97f4-516b572b2f9d,1697663446465933333
6a69421f-e399-4db8-897a-d8ef21b5e0a7,707b6ccf-c9d9-4c1d-97f4-516b572b2f9d,1697663446477566666
6a69421f-e399-4db8-897a-d8ef21b5e0a7,707b6ccf-c9d9-4c1d-97f4-516b572b2f9d,1697663446497855555
6a69421f-e399-4db8-897a-d8ef21b5e0a7,707b6ccf-c9d9-4c1d-97f4-516b572b2f9d,1697663446541888888
6a69421f-e399-4db8-897a-d8ef21b5e0a7,707b6ccf-c9d9-4c1d-97f4-516b572b2f9d,1697663446569511111
6a69421f-e399-4db8-897a-d8ef21b5e0a7,707b6ccf-c9d9-4c1d-97f4-516b572b2f9d,1697663446598444444
6a69421f-e399-4db8-897a-d8ef21b5e0a7,707b6ccf-c9d9-4c1d-97f4-516b572b2f9d,1697663446644255555
6a69421f-e399-4db8-897a-d8ef21b5e0a7,707b6ccf-c9d9-4c1d-97f4-516b572b2f9d,1697663446678055555
6a69421f-e399-4db8-897a-d8ef21b5e0a7,707b6ccf-c9d9-4c1d-97f4-516b572b2f9d,1697663446710744444
6a69421f-e399-4db8-897a-d8ef21b5e0a7,707b6ccf-c9d9-4c1d-97f4-516b572b2f9d,1697663446743088888
6a69421f-e399-4db8-897a-d8ef21b5e0a7,707b6ccf-c9d9-4c1d-97f4-516b572b2f9d,1697663446775366666
6a69421f-e399-4db8-897a-d8ef21b5e0a7,707b6ccf-c9d9-4c1d-97f4-516b572b2f9d,1697663446809200000
6a69421f-e399-4db8-897a-d8ef21b5e0a7,707b6ccf-c9d9-4c1d-97f4-516b572b2f9d,1697663446847144444
6a69421f-e399-4db8-897a-d8ef21b5e0a7,707b6ccf-c9d9-4c1d-97f4-516b572b2f9d,1697663446874133333
6a69421f-e399-4db8-897a-d8ef21b5e0a7,707b6ccf-c9d9-4c1d-97f4-516b572b2f9d,1697663446907744444
6a69421f-e399-4db8-897a-d8ef21b5e0a7,707b6ccf-c9d9-4c1d-97f4-516b572b2f9d,1697663446943533333
6a69421f-e399-4db8-897a-d8ef21b5e0a7,707b6ccf-c9d9-4c1d-97f4-516b572b2f9d,1697663446973855555
6a69421f-e399-4db8-897a-d8ef21b5e0a7,707b6ccf-c9d9-4c1d-97f4-516b572b2f9d,1697663447004611111
6a69421f-e399-4db8-897a-d8ef21b5e0a7,707b6ccf-c9d9-4c1d-97f4-516b572b2f9d,1697663447045600000
6a69421f-e399-4db8-897a-d8ef21b5e0a7,707b6ccf-c9d9-4c1d-97f4-516b572b2f9d,1697663447076011111
6a69421f-e399-4db8-897a-d8ef21b5e0a7,707b6ccf-c9d9-4c1d-97f4-516b572b2f9d,1697663447124922222
6a69421f-e399-4db8-897a-d8ef21b5e0a7,707b6ccf-c9d9-4c1d-97f4-516b572b2f9d,1697663447132877777
6a69421f-e399-4db8-897a-d8ef21b5e0a7,707b6ccf-c9d9-4c1d-97f4-516b572b2f9d,1697663447184611111
6a69421f-e399-4db8-897a-d8ef21b5e0a7,707b6ccf-c9d9-4c1d-97f4-516b572b2f9d,1697663447201566666
6a69421f-e399-4db8-897a-d8ef21b5e0a7,707b6ccf-c9d9-4c1d-97f4-516b572b2f9d,1697663447232666666
6a69421f-e399-4db8-897a-d8ef21b5e0a7,707b6ccf-c9d9-4c1d-97f4-516b572b2f9d,1697663447275477777
6a69421f-e399-4db8-897a-d8ef21b5e0a7,707b6ccf-c9d9-4c1d-97f4-516b572b2f9d,1697663447305688888
6a69421f-e399-4db8-897a-d8ef21b5e0a7,707b6ccf-c9d9-4c1d-97f4-516b572b2f9d,1697663447349977777
6a69421f-e399-4db8-897a-d8ef21b5e0a7,707b6ccf-c9d9-4c1d-97f4-516b572b2f9d,1697663447375844444
6a69421f-e399-4db8-897a-d8ef21b5e0a7,707b6ccf-c9d9-4c1d-97f4-516b572b2f9d,1697663447405977777
6a69421f-e399-4db8-897a-d8ef21b5e0a7,707b6ccf-c9d9-4c1d-97f4-516b572b2f9d,1697663447443988888
6a69421f-e399-4db8-897a-d8ef21b5e0a7,707b6ccf-c9d9-4c1d-97f4-516b572b2f9d,1697663447476933333
6a69421f-e399-4db8-897a-d8ef21b5e0a7,707b6ccf-c9d9-4c1d-97f4-516b572b2f9d,1697663447509644444
6a69421f-e399-4db8-897a-d8ef21b5e0a7,707b6ccf-c9d9-4c1d-97f4-516b572b2f9d,1697663447543000000
6a69421f-e399-4db8-897a-d8ef21b5e0a7,707b6ccf-c9d9-4c1d-97f4-516b572b2f9d,1697663447575022222
6a69421f-e399-4db8-897a-d8ef21b5e0a7,707b6ccf-c9d9-4c1d-97f4-516b572b2f9d,1697663447605511111
6a69421f-e399-4db8-897a-d8ef21b5e0a7,707b6ccf-c9d9-4c1d-97f4-516b572b2f9d,1697663447645488888
6a69421f-e399-4db8-897a-d8ef21b5e0a7,707b6ccf-c9d9-4c1d-97f4-516b572b2f9d,1697663447674522222
6a69421f-e399-4db8-897a-d8ef21b5e0a7,707b6ccf-c9d9-4c1d-97f4-516b572b2f9d,1697663447705655555
6a69421f-e399-4db8-897a-d8ef21b5e0a7,707b6ccf-c9d9-4c1d-97f4-516b572b2f9d,1697663447747044444
6a69421f-e399-4db8-897a-d8ef21b5e0a7,707b6ccf-c9d9-4c1d-97f4-516b572b2f9d,1697663447787666666
6a69421f-e399-4db8-897a-d8ef21b5e0a7,707b6ccf-c9d9-4c1d-97f4-516b572b2f9d,1697663447797566666
6a69421f-e399-4db8-897a-d8ef21b5e0a7,707b6ccf-c9d9-4c1d-97f4-516b572b2f9d,1697663447833622222
6a69421f-e399-4db8-897a-d8ef21b5e0a7,707b6ccf-c9d9-4c1d-97f4-516b572b2f9d,1697663447867066666
6a69421f-e399-4db8-897a-d8ef21b5e0a7,707b6ccf-c9d9-4c1d-97f4-516b572b2f9d,1697663447902577777
6a69421f-e399-4db8-897a-d8ef21b5e0a7,707b6ccf-c9d9-4c1d-97f4-516b572b2f9d,1697663447932766666
6a69421f-e399-4db8-897a-d8ef21b5e0a7,707b6ccf-c9d9-4c1d-97f4-516b572b2f9d,1697663447975244444
6a69421f-e399-4db8-897a-d8ef21b5e0a7,707b6ccf-c9d9-4c1d-97f4-516b572b2f9d,1697663448009744444
6a69421f-e399-4db8-897a-d8ef21b5e0a7,707b6ccf-c9d9-4c1d-97f4-516b572b2f9d,1697663448045466666
6a69421f-e399-4db8-897a-d8ef21b5e0a7,707b6ccf-c9d9-4c1d-97f4-516b572b2f9d,1697663448075377777
6a69421f-e399-4db8-897a-d8ef21b5e0a7,707b6ccf-c9d9-4c1d-97f4-516b572b2f9d,1697663448105144444
6a69421f-e399-4db8-897a-d8ef21b5e0a7,707b6ccf-c9d9-4c1d-97f4-516b572b2f9d,1697663448147455555
6a69421f-e399-4db8-897a-d8ef21b5e0a7,707b6ccf-c9d9-4c1d-97f4-516b572b2f9d,1697663448173522222
6a69421f-e399-4db8-897a-d8ef21b5e0a7,707b6ccf-c9d9-4c1d-97f4-516b572b2f9d,1697663448203944444
6a69421f-e399-4db8-897a-d8ef21b5e0a7,707b6ccf-c9d9-4c1d-97f4-516b572b2f9d,1697663448242700000
6a69421f-e399-4db8-897a-d8ef21b5e0a7,707b6ccf-c9d9-4c1d-97f4-516b572b2f9d,1697663448274688888
6a69421f-e399-4db8-897a-d8ef21b5e0a7,707b6ccf-c9d9-4c1d-97f4-516b572b2f9d,1697663448308611111
6a69421f-e399-4db8-897a-d8ef21b5e0a7,707b6ccf-c9d9-4c1d-97f4-516b572b2f9d,1697663448348722222
6a69421f-e399-4db8-897a-d8ef21b5e0a7,707b6ccf-c9d9-4c1d-97f4-516b572b2f9d,1697663448377633333
6a69421f-e399-4db8-897a-d8ef21b5e0a7,707b6ccf-c9d9-4c1d-97f4-516b572b2f9d,1697663448408044444
6a69421f-e399-4db8-897a-d8ef21b5e0a7,707b6ccf-c9d9-4c1d-97f4-516b572b2f9d,1697663448439822222
6a69421f-e399-4db8-897a-d8ef21b5e0a7,707b6ccf-c9d9-4c1d-97f4-516b572b2f9d,1697663448470877777
6a69421f-e399-4db8-897a-d8ef21b5e0a7,707b6ccf-c9d9-4c1d-97f4-516b572b2f9d,1697663448496966666
6a69421f-e399-4db8-897a-d8ef21b5e0a7,707b6ccf-c9d9-4c1d-97f4-516b572b2f9d,1697663448540588888
6a69421f-e399-4db8-897a-d8ef21b5e0a7,707b6ccf-c9d9-4c1d-97f4-516b572b2f9d,1697663448567988888
6a69421f-e399-4db8-897a-d8ef21b5e0a7,707b6ccf-c9d9-4c1d-97f4-516b572b2f9d,1697663448597100000
6a69421f-e399-4db8-897a-d8ef21b5e0a7,707b6ccf-c9d9-4c1d-97f4-516b572b2f9d,1697663448641211111
6a69421f-e399-4db8-897a-d8ef21b5e0a7,707b6ccf-c9d9-4c1d-97f4-516b572b2f9d,1697663448677377777
6a69421f-e399-4db8-897a-d8ef21b5e0a7,707b6ccf-c9d9-4c1d-97f4-516b572b2f9d,1697663448707022222
6a69421f-e399-4db8-897a-d8ef21b5e0a7,707b6ccf-c9d9-4c1d-97f4-516b572b2f9d,1697663448743366666
6a69421f-e399-4db8-897a-d8ef21b5e0a7,707b6ccf-c9d9-4c1d-97f4-516b572b2f9d,1697663448774022222
6a69421f-e399-4db8-897a-d8ef21b5e0a7,707b6ccf-c9d9-4c1d-97f4-516b572b2f9d,1697663448803722222
6a69421f-e399-4db8-897a-d8ef21b5e0a7,707b6ccf-c9d9-4c1d-97f4-516b572b2f9d,1697663448840211111
6a69421f-e399-4db8-897a-d8ef21b5e0a7,707b6ccf-c9d9-4c1d-97f4-516b572b2f9d,1697663448868155555
6a69421f-e399-4db8-897a-d8ef21b5e0a7,707b6ccf-c9d9-4c1d-97f4-516b572b2f9d,1697663448909611111
6a69421f-e399-4db8-897a-d8ef21b5e0a7,707b6ccf-c9d9-4c1d-97f4-516b572b2f9d,1697663448938577777
6a69421f-e399-4db8-897a-d8ef21b5e0a7,707b6ccf-c9d9-4c1d-97f4-516b572b2f9d,1697663448976022222
6a69421f-e399-4db8-897a-d8ef21b5e0a7,707b6ccf-c9d9-4c1d-97f4-516b572b2f9d,1697663449004888888
6a69421f-e399-4db8-897a-d8ef21b5e0a7,707b6ccf-c9d9-4c1d-97f4-516b572b2f9d,1697663449048977777
6a69421f-e399-4db8-897a-d8ef21b5e0a7,707b6ccf-c9d9-4c1d-97f4-516b572b2f9d,1697663449075555555
6a69421f-e399-4db8-897a-d8ef21b5e0a7,707b6ccf-c9d9-4c1d-97f4-516b572b2f9d,1697663449124966666
6a69421f-e399-4db8-897a-d8ef21b5e0a7,707b6ccf-c9d9-4c1d-97f4-516b572b2f9d,1697663449135655555
6a69421f-e399-4db8-897a-d8ef21b5e0a7,707b6ccf-c9d9-4c1d-97f4-516b572b2f9d,1697663449164122222
6a69421f-e399-4db8-897a-d8ef21b5e0a7,707b6ccf-c9d9-4c1d-97f4-516b572b2f9d,1697663449197388888
6a69421f-e399-4db8-897a-d8ef21b5e0a7,707b6ccf-c9d9-4c1d-97f4-516b572b2f9d,1697663449230977777
6a69421f-e399-4db8-897a-d8ef21b5e0a7,707b6ccf-c9d9-4c1d-97f4-516b572b2f9d,1697663449277566666
6a69421f-e399-4db8-897a-d8ef21b5e0a7,707b6ccf-c9d9-4c1d-97f4-516b572b2f9d,1697663449307988888
6a69421f-e399-4db8-897a-d8ef21b5e0a7,707b6ccf-c9d9-4c1d-97f4-516b572b2f9d,1697663449339133333
6a69421f-e399-4db8-897a-d8ef21b5e0a7,707b6ccf-c9d9-4c1d-97f4-516b572b2f9d,1697663449374877777
6a69421f-e399-4db8-897a-d8ef21b5e0a7,707b6ccf-c9d9-4c1d-97f4-516b572b2f9d,1697663449404255555
6a69421f-e399-4db8-897a-d8ef21b5e0a7,707b6ccf-c9d9-4c1d-97f4-516b572b2f9d,1697663449440411111
6a69421f-e399-4db8-897a-d8ef21b5e0a7,707b6ccf-c9d9-4c1d-97f4-516b572b2f9d,1697663449475822222
6a69421f-e399-4db8-897a-d8ef21b5e0a7,707b6ccf-c9d9-4c1d-97f4-516b572b2f9d,1697663449507333333
6a69421f-e399-4db8-897a-d8ef21b5e0a7,707b6ccf-c9d9-4c1d-97f4-516b572b2f9d,1697663449538311111
6a69421f-e399-4db8-897a-d8ef21b5e0a7,707b6ccf-c9d9-4c1d-97f4-516b572b2f9d,1697663449579222222
6a69421f-e399-4db8-897a-d8ef21b5e0a7,707b6ccf-c9d9-4c1d-97f4-516b572b2f9d,1697663449609677777
6a69421f-e399-4db8-897a-d8ef21b5e0a7,707b6ccf-c9d9-4c1d-97f4-516b572b2f9d,1697663449640388888
6a69421f-e399-4db8-897a-d8ef21b5e0a7,707b6ccf-c9d9-4c1d-97f4-516b572b2f9d,1697663449677944444
6a69421f-e399-4db8-897a-d8ef21b5e0a7,707b6ccf-c9d9-4c1d-97f4-516b572b2f9d,1697663449707833333
6a69421f-e399-4db8-897a-d8ef21b5e0a7,707b6ccf-c9d9-4c1d-97f4-516b572b2f9d,1697663449739166666
6a69421f-e399-4db8-897a-d8ef21b5e0a7,707b6ccf-c9d9-4c1d-97f4-516b572b2f9d,1697663449788466666
6a69421f-e399-4db8-897a-d8ef21b5e0a7,707b6ccf-c9d9-4c1d-97f4-516b572b2f9d,1697663449798611111
6a69421f-e399-4db8-897a-d8ef21b5e0a7,707b6ccf-c9d9-4c1d-97f4-516b572b2f9d,1697663449837922222
6a69421f-e399-4db8-897a-d8ef21b5e0a7,707b6ccf-c9d9-4c1d-97f4-516b572b2f9d,1697663449884655555
6a69421f-e399-4db8-897a-d8ef21b5e0a7,707b6ccf-c9d9-4c1d-97f4-516b572b2f9d,1697663449916211111
6a69421f-e399-4db8-897a-d8ef21b5e0a7,707b6ccf-c9d9-4c1d-97f4-516b572b2f9d,1697663449938288888
6a69421f-e399-4db8-897a-d8ef21b5e0a7,707b6ccf-c9d9-4c1d-97f4-516b572b2f9d,1697663449971333333
6a69421f-e399-4db8-897a-d8ef21b5e0a7,707b6ccf-c9d9-4c1d-97f4-516b572b2f9d,1697663450008122222
6a69421f-e399-4db8-897a-d8ef21b5e0a7,707b6ccf-c9d9-4c1d-97f4-516b572b2f9d,1697663450040644444
6a69421f-e399-4db8-897a-d8ef21b5e0a7,707b6ccf-c9d9-4c1d-97f4-516b572b2f9d,1697663450071166666
6a69421f-e399-4db8-897a-d8ef21b5e0a7,707b6ccf-c9d9-4c1d-97f4-516b572b2f9d,1697663450109755555
6a69421f-e399-4db8-897a-d8ef21b5e0a7,707b6ccf-c9d9-4c1d-97f4-516b572b2f9d,1697663450142266666
6a69421f-e399-4db8-897a-d8ef21b5e0a7,707b6ccf-c9d9-4c1d-97f4-516b572b2f9d,1697663450175755555
6a69421f-e399-4db8-897a-d8ef21b5e0a7,707b6ccf-c9d9-4c1d-97f4-516b572b2f9d,1697663450206866666
6a69421f-e399-4db8-897a-d8ef21b5e0a7,707b6ccf-c9d9-4c1d-97f4-516b572b2f9d,1697663450243533333
6a69421f-e399-4db8-897a-d8ef21b5e0a7,707b6ccf-c9d9-4c1d-97f4-516b572b2f9d,1697663450275122222
6a69421f-e399-4db8-897a-d8ef21b5e0a7,707b6ccf-c9d9-4c1d-97f4-516b572b2f9d,1697663450308900000
6a69421f-e399-4db8-897a-d8ef21b5e0a7,707b6ccf-c9d9-4c1d-97f4-516b572b2f9d,1697663450338844444
6a69421f-e399-4db8-897a-d8ef21b5e0a7,707b6ccf-c9d9-4c1d-97f4-516b572b2f9d,1697663450377166666
6a69421f-e399-4db8-897a-d8ef21b5e0a7,707b6ccf-c9d9-4c1d-97f4-516b572b2f9d,1697663450406211111
6a69421f-e399-4db8-897a-d8ef21b5e0a7,707b6ccf-c9d9-4c1d-97f4-516b572b2f9d,1697663450436166666
6a69421f-e399-4db8-897a-d8ef21b5e0a7,707b6ccf-c9d9-4c1d-97f4-516b572b2f9d,1697663450495166666
6a69421f-e399-4db8-897a-d8ef21b5e0a7,707b6ccf-c9d9-4c1d-97f4-516b572b2f9d,1697663450504633333
6a69421f-e399-4db8-897a-d8ef21b5e0a7,707b6ccf-c9d9-4c1d-97f4-516b572b2f9d,1697663450547411111
6a69421f-e399-4db8-897a-d8ef21b5e0a7,707b6ccf-c9d9-4c1d-97f4-516b572b2f9d,1697663450571777777
6a69421f-e399-4db8-897a-d8ef21b5e0a7,707b6ccf-c9d9-4c1d-97f4-516b572b2f9d,1697663450614744444
6a69421f-e399-4db8-897a-d8ef21b5e0a7,707b6ccf-c9d9-4c1d-97f4-516b572b2f9d,1697663450639177777
6a69421f-e399-4db8-897a-d8ef21b5e0a7,707b6ccf-c9d9-4c1d-97f4-516b572b2f9d,1697663450674677777
6a69421f-e399-4db8-897a-d8ef21b5e0a7,707b6ccf-c9d9-4c1d-97f4-516b572b2f9d,1697663450709077777
6a69421f-e399-4db8-897a-d8ef21b5e0a7,707b6ccf-c9d9-4c1d-97f4-516b572b2f9d,1697663450739811111
6a69421f-e399-4db8-897a-d8ef21b5e0a7,707b6ccf-c9d9-4c1d-97f4-516b572b2f9d,1697663450778733333
6a69421f-e399-4db8-897a-d8ef21b5e0a7,707b6ccf-c9d9-4c1d-97f4-516b572b2f9d,1697663450804333333
6a69421f-e399-4db8-897a-d8ef21b5e0a7,707b6ccf-c9d9-4c1d-97f4-516b572b2f9d,1697663450836966666
6a69421f-e399-4db8-897a-d8ef21b5e0a7,707b6ccf-c9d9-4c1d-97f4-516b572b2f9d,1697663450876544444
6a69421f-e399-4db8-897a-d8ef21b5e0a7,707b6ccf-c9d9-4c1d-97f4-516b572b2f9d,1697663450908177777
6a69421f-e399-4db8-897a-d8ef21b5e0a7,707b6ccf-c9d9-4c1d-97f4-516b572b2f9d,1697663450941388888
6a69421f-e399-4db8-897a-d8ef21b5e0a7,707b6ccf-c9d9-4c1d-97f4-516b572b2f9d,1697663450976322222
6a69421f-e399-4db8-897a-d8ef21b5e0a7,707b6ccf-c9d9-4c1d-97f4-516b572b2f9d,1697663451007355555
6a69421f-e399-4db8-897a-d8ef21b5e0a7,707b6ccf-c9d9-4c1d-97f4-516b572b2f9d,1697663451042588888
6a69421f-e399-4db8-897a-d8ef21b5e0a7,707b6ccf-c9d9-4c1d-97f4-516b572b2f9d,1697663451075177777
6a69421f-e399-4db8-897a-d8ef21b5e0a7,707b6ccf-c9d9-4c1d-97f4-516b572b2f9d,1697663451106966666
6a69421f-e399-4db8-897a-d8ef21b5e0a7,707b6ccf-c9d9-4c1d-97f4-516b572b2f9d,1697663451131466666
6a69421f-e399-4db8-897a-d8ef21b5e0a7,707b6ccf-c9d9-4c1d-97f4-516b572b2f9d,1697663451169055555
6a69421f-e399-4db8-897a-d8ef21b5e0a7,707b6ccf-c9d9-4c1d-97f4-516b572b2f9d,1697663451202088888
6a69421f-e399-4db8-897a-d8ef21b5e0a7,707b6ccf-c9d9-4c1d-97f4-516b572b2f9d,1697663451231788888
6a69421f-e399-4db8-897a-d8ef21b5e0a7,707b6ccf-c9d9-4c1d-97f4-516b572b2f9d,1697663451265977777
6a69421f-e399-4db8-897a-d8ef21b5e0a7,707b6ccf-c9d9-4c1d-97f4-516b572b2f9d,1697663451307577777
6a69421f-e399-4db8-897a-d8ef21b5e0a7,707b6ccf-c9d9-4c1d-97f4-516b572b2f9d,1697663451342755555
6a69421f-e399-4db8-897a-d8ef21b5e0a7,707b6ccf-c9d9-4c1d-97f4-516b572b2f9d,1697663451370900000
6a69421f-e399-4db8-897a-d8ef21b5e0a7,707b6ccf-c9d9-4c1d-97f4-516b572b2f9d,1697663451407033333
6a69421f-e399-4db8-897a-d8ef21b5e0a7,707b6ccf-c9d9-4c1d-97f4-516b572b2f9d,1697663451442122222
6a69421f-e399-4db8-897a-d8ef21b5e0a7,707b6ccf-c9d9-4c1d-97f4-516b572b2f9d,1697663451474744444
6a69421f-e399-4db8-897a-d8ef21b5e0a7,707b6ccf-c9d9-4c1d-97f4-516b572b2f9d,1697663451505200000
6a69421f-e399-4db8-897a-d8ef21b5e0a7,707b6ccf-c9d9-4c1d-97f4-516b572b2f9d,1697663451540933333
6a69421f-e399-4db8-897a-d8ef21b5e0a7,707b6ccf-c9d9-4c1d-97f4-516b572b2f9d,1697663451574400000
6a69421f-e399-4db8-897a-d8ef21b5e0a7,707b6ccf-c9d9-4c1d-97f4-516b572b2f9d,1697663451605022222
6a69421f-e399-4db8-897a-d8ef21b5e0a7,707b6ccf-c9d9-4c1d-97f4-516b572b2f9d,1697663451642644444
6a69421f-e399-4db8-897a-d8ef21b5e0a7,707b6ccf-c9d9-4c1d-97f4-516b572b2f9d,1697663451676044444
6a69421f-e399-4db8-897a-d8ef21b5e0a7,707b6ccf-c9d9-4c1d-97f4-516b572b2f9d,1697663451708866666
6a69421f-e399-4db8-897a-d8ef21b5e0a7,707b6ccf-c9d9-4c1d-97f4-516b572b2f9d,1697663451741333333
6a69421f-e399-4db8-897a-d8ef21b5e0a7,707b6ccf-c9d9-4c1d-97f4-516b572b2f9d,1697663451782211111
6a69421f-e399-4db8-897a-d8ef21b5e0a7,707b6ccf-c9d9-4c1d-97f4-516b572b2f9d,1697663451802566666
6a69421f-e399-4db8-897a-d8ef21b5e0a7,707b6ccf-c9d9-4c1d-97f4-516b572b2f9d,1697663451836788888
6a69421f-e399-4db8-897a-d8ef21b5e0a7,707b6ccf-c9d9-4c1d-97f4-516b572b2f9d,1697663451871966666
6a69421f-e399-4db8-897a-d8ef21b5e0a7,707b6ccf-c9d9-4c1d-97f4-516b572b2f9d,1697663451913122222
6a69421f-e399-4db8-897a-d8ef21b5e0a7,707b6ccf-c9d9-4c1d-97f4-516b572b2f9d,1697663451942244444
6a69421f-e399-4db8-897a-d8ef21b5e0a7,707b6ccf-c9d9-4c1d-97f4-516b572b2f9d,1697663451971655555
6a69421f-e399-4db8-897a-d8ef21b5e0a7,707b6ccf-c9d9-4c1d-97f4-516b572b2f9d,1697663452007566666
6a69421f-e399-4db8-897a-d8ef21b5e0a7,707b6ccf-c9d9-4c1d-97f4-516b572b2f9d,1697663452038800000
6a69421f-e399-4db8-897a-d8ef21b5e0a7,707b6ccf-c9d9-4c1d-97f4-516b572b2f9d,1697663452072477777
6a69421f-e399-4db8-897a-d8ef21b5e0a7,707b6ccf-c9d9-4c1d-97f4-516b572b2f9d,1697663452106822222
6a69421f-e399-4db8-897a-d8ef21b5e0a7,707b6ccf-c9d9-4c1d-97f4-516b572b2f9d,1697663452142955555
6a69421f-e399-4db8-897a-d8ef21b5e0a7,707b6ccf-c9d9-4c1d-97f4-516b572b2f9d,1697663452171944444
6a69421f-e399-4db8-897a-d8ef21b5e0a7,707b6ccf-c9d9-4c1d-97f4-516b572b2f9d,1697663452208433333
6a69421f-e399-4db8-897a-d8ef21b5e0a7,707b6ccf-c9d9-4c1d-97f4-516b572b2f9d,1697663452238055555
6a69421f-e399-4db8-897a-d8ef21b5e0a7,707b6ccf-c9d9-4c1d-97f4-516b572b2f9d,1697663452269611111
6a69421f-e399-4db8-897a-d8ef21b5e0a7,707b6ccf-c9d9-4c1d-97f4-516b572b2f9d,1697663452309844444
6a69421f-e399-4db8-897a-d8ef21b5e0a7,707b6ccf-c9d9-4c1d-97f4-516b572b2f9d,1697663452340322222
6a69421f-e399-4db8-897a-d8ef21b5e0a7,707b6ccf-c9d9-4c1d-97f4-516b572b2f9d,1697663452368866666
6a69421f-e399-4db8-897a-d8ef21b5e0a7,707b6ccf-c9d9-4c1d-97f4-516b572b2f9d,1697663452409955555
6a69421f-e399-4db8-897a-d8ef21b5e0a7,707b6ccf-c9d9-4c1d-97f4-516b572b2f9d,1697663452448755555
6a69421f-e399-4db8-897a-d8ef21b5e0a7,707b6ccf-c9d9-4c1d-97f4-516b572b2f9d,1697663452463177777
6a69421f-e399-4db8-897a-d8ef21b5e0a7,707b6ccf-c9d9-4c1d-97f4-516b572b2f9d,1697663452501922222
6a69421f-e399-4db8-897a-d8ef21b5e0a7,707b6ccf-c9d9-4c1d-97f4-516b572b2f9d,1697663452530488888
6a69421f-e399-4db8-897a-d8ef21b5e0a7,707b6ccf-c9d9-4c1d-97f4-516b572b2f9d,1697663452560866666
6a69421f-e399-4db8-897a-d8ef21b5e0a7,707b6ccf-c9d9-4c1d-97f4-516b572b2f9d,1697663452609177777
6a69421f-e399-4db8-897a-d8ef21b5e0a7,707b6ccf-c9d9-4c1d-97f4-516b572b2f9d,1697663452639288888
6a69421f-e399-4db8-897a-d8ef21b5e0a7,707b6ccf-c9d9-4c1d-97f4-516b572b2f9d,1697663452669000000
6a69421f-e399-4db8-897a-d8ef21b5e0a7,707b6ccf-c9d9-4c1d-97f4-516b572b2f9d,1697663452709755555
6a69421f-e399-4db8-897a-d8ef21b5e0a7,707b6ccf-c9d9-4c1d-97f4-516b572b2f9d,1697663452737288888
6a69421f-e399-4db8-897a-d8ef21b5e0a7,707b6ccf-c9d9-4c1d-97f4-516b572b2f9d,1697663452773366666
6a69421f-e399-4db8-897a-d8ef21b5e0a7,707b6ccf-c9d9-4c1d-97f4-516b572b2f9d,1697663452807300000
6a69421f-e399-4db8-897a-d8ef21b5e0a7,707b6ccf-c9d9-4c1d-97f4-516b572b2f9d,1697663452840266666
6a69421f-e399-4db8-897a-d8ef21b5e0a7,707b6ccf-c9d9-4c1d-97f4-516b572b2f9d,1697663452869566666
6a69421f-e399-4db8-897a-d8ef21b5e0a7,707b6ccf-c9d9-4c1d-97f4-516b572b2f9d,1697663452905611111
6a69421f-e399-4db8-897a-d8ef21b5e0a7,707b6ccf-c9d9-4c1d-97f4-516b572b2f9d,1697663452942933333
6a69421f-e399-4db8-897a-d8ef21b5e0a7,707b6ccf-c9d9-4c1d-97f4-516b572b2f9d,1697663452971422222
6a69421f-e399-4db8-897a-d8ef21b5e0a7,707b6ccf-c9d9-4c1d-97f4-516b572b2f9d,1697663453008255555
6a69421f-e399-4db8-897a-d8ef21b5e0a7,707b6ccf-c9d9-4c1d-97f4-516b572b2f9d,1697663453041744444
6a69421f-e399-4db8-897a-d8ef21b5e0a7,707b6ccf-c9d9-4c1d-97f4-516b572b2f9d,1697663453075255555
6a69421f-e399-4db8-897a-d8ef21b5e0a7,707b6ccf-c9d9-4c1d-97f4-516b572b2f9d,1697663453102744444
6a69421f-e399-4db8-897a-d8ef21b5e0a7,707b6ccf-c9d9-4c1d-97f4-516b572b2f9d,1697663453153944444
6a69421f-e399-4db8-897a-d8ef21b5e0a7,707b6ccf-c9d9-4c1d-97f4-516b572b2f9d,1697663453165855555
6a69421f-e399-4db8-897a-d8ef21b5e0a7,707b6ccf-c9d9-4c1d-97f4-516b572b2f9d,1697663453199588888
6a69421f-e399-4db8-897a-d8ef21b5e0a7,707b6ccf-c9d9-4c1d-97f4-516b572b2f9d,1697663453233244444
6a69421f-e399-4db8-897a-d8ef21b5e0a7,707b6ccf-c9d9-4c1d-97f4-516b572b2f9d,1697663453260766666
6a69421f-e399-4db8-897a-d8ef21b5e0a7,707b6ccf-c9d9-4c1d-97f4-516b572b2f9d,1697663453309600000
6a69421f-e399-4db8-897a-d8ef21b5e0a7,707b6ccf-c9d9-4c1d-97f4-516b572b2f9d,1697663453341922222
6a69421f-e399-4db8-897a-d8ef21b5e0a7,707b6ccf-c9d9-4c1d-97f4-516b572b2f9d,1697663453369700000
6a69421f-e399-4db8-897a-d8ef21b5e0a7,707b6ccf-c9d9-4c1d-97f4-516b572b2f9d,1697663453411466666
6a69421f-e399-4db8-897a-d8ef21b5e0a7,707b6ccf-c9d9-4c1d-97f4-516b572b2f9d,1697663453437777777
6a69421f-e399-4db8-897a-d8ef21b5e0a7,707b6ccf-c9d9-4c1d-97f4-516b572b2f9d,1697663453471300000
6a69421f-e399-4db8-897a-d8ef21b5e0a7,707b6ccf-c9d9-4c1d-97f4-516b572b2f9d,1697663453508722222
6a69421f-e399-4db8-897a-d8ef21b5e0a7,707b6ccf-c9d9-4c1d-97f4-516b572b2f9d,1697663453538988888
6a69421f-e399-4db8-897a-d8ef21b5e0a7,707b6ccf-c9d9-4c1d-97f4-516b572b2f9d,1697663453570688888
6a69421f-e399-4db8-897a-d8ef21b5e0a7,707b6ccf-c9d9-4c1d-97f4-516b572b2f9d,1697663453608277777
6a69421f-e399-4db8-897a-d8ef21b5e0a7,707b6ccf-c9d9-4c1d-97f4-516b572b2f9d,1697663453640844444
6a69421f-e399-4db8-897a-d8ef21b5e0a7,707b6ccf-c9d9-4c1d-97f4-516b572b2f9d,1697663453672044444
6a69421f-e399-4db8-897a-d8ef21b5e0a7,707b6ccf-c9d9-4c1d-97f4-516b572b2f9d,1697663453708522222
6a69421f-e399-4db8-897a-d8ef21b5e0a7,707b6ccf-c9d9-4c1d-97f4-516b572b2f9d,1697663453739311111
6a69421f-e399-4db8-897a-d8ef21b5e0a7,707b6ccf-c9d9-4c1d-97f4-516b572b2f9d,1697663453791133333
6a69421f-e399-4db8-897a-d8ef21b5e0a7,707b6ccf-c9d9-4c1d-97f4-516b572b2f9d,1697663453801800000
6a69421f-e399-4db8-897a-d8ef21b5e0a7,707b6ccf-c9d9-4c1d-97f4-516b572b2f9d,1697663453829577777
6a69421f-e399-4db8-897a-d8ef21b5e0a7,707b6ccf-c9d9-4c1d-97f4-516b572b2f9d,1697663453888777777
6a69421f-e399-4db8-897a-d8ef21b5e0a7,707b6ccf-c9d9-4c1d-97f4-516b572b2f9d,1697663453905311111
6a69421f-e399-4db8-897a-d8ef21b5e0a7,707b6ccf-c9d9-4c1d-97f4-516b572b2f9d,1697663453928900000
6a69421f-e399-4db8-897a-d8ef21b5e0a7,707b6ccf-c9d9-4c1d-97f4-516b572b2f9d,1697663453970566666
6a69421f-e399-4db8-897a-d8ef21b5e0a7,707b6ccf-c9d9-4c1d-97f4-516b572b2f9d,1697663454007122222
6a69421f-e399-4db8-897a-d8ef21b5e0a7,707b6ccf-c9d9-4c1d-97f4-516b572b2f9d,1697663454039122222
6a69421f-e399-4db8-897a-d8ef21b5e0a7,707b6ccf-c9d9-4c1d-97f4-516b572b2f9d,1697663454072877777
6a69421f-e399-4db8-897a-d8ef21b5e0a7,707b6ccf-c9d9-4c1d-97f4-516b572b2f9d,1697663454108900000
6a69421f-e399-4db8-897a-d8ef21b5e0a7,707b6ccf-c9d9-4c1d-97f4-516b572b2f9d,1697663454138866666
6a69421f-e399-4db8-897a-d8ef21b5e0a7,707b6ccf-c9d9-4c1d-97f4-516b572b2f9d,1697663454171311111
6a69421f-e399-4db8-897a-d8ef21b5e0a7,707b6ccf-c9d9-4c1d-97f4-516b572b2f9d,1697663454210422222
6a69421f-e399-4db8-897a-d8ef21b5e0a7,707b6ccf-c9d9-4c1d-97f4-516b572b2f9d,1697663454238533333
6a69421f-e399-4db8-897a-d8ef21b5e0a7,707b6ccf-c9d9-4c1d-97f4-516b572b2f9d,1697663454274877777
6a69421f-e399-4db8-897a-d8ef21b5e0a7,707b6ccf-c9d9-4c1d-97f4-516b572b2f9d,1697663454307488888
6a69421f-e399-4db8-897a-d8ef21b5e0a7,707b6ccf-c9d9-4c1d-97f4-516b572b2f9d,1697663454339666666
6a69421f-e399-4db8-897a-d8ef21b5e0a7,707b6ccf-c9d9-4c1d-97f4-516b572b2f9d,1697663454369866666
6a69421f-e399-4db8-897a-d8ef21b5e0a7,707b6ccf-c9d9-4c1d-97f4-516b572b2f9d,1697663454408733333
6a69421f-e399-4db8-897a-d8ef21b5e0a7,707b6ccf-c9d9-4c1d-97f4-516b572b2f9d,1697663454441622222
6a69421f-e399-4db8-897a-d8ef21b5e0a7,707b6ccf-c9d9-4c1d-97f4-516b572b2f9d,1697663454464755555
6a69421f-e399-4db8-897a-d8ef21b5e0a7,707b6ccf-c9d9-4c1d-97f4-516b572b2f9d,1697663454497966666
6a69421f-e399-4db8-897a-d8ef21b5e0a7,707b6ccf-c9d9-4c1d-97f4-516b572b2f9d,1697663454531077777
6a69421f-e399-4db8-897a-d8ef21b5e0a7,707b6ccf-c9d9-4c1d-97f4-516b572b2f9d,1697663454561577777
6a69421f-e399-4db8-897a-d8ef21b5e0a7,707b6ccf-c9d9-4c1d-97f4-516b572b2f9d,1697663454610422222
6a69421f-e399-4db8-897a-d8ef21b5e0a7,707b6ccf-c9d9-4c1d-97f4-516b572b2f9d,1697663454641077777
6a69421f-e399-4db8-897a-d8ef21b5e0a7,707b6ccf-c9d9-4c1d-97f4-516b572b2f9d,1697663454671377777
6a69421f-e399-4db8-897a-d8ef21b5e0a7,707b6ccf-c9d9-4c1d-97f4-516b572b2f9d,1697663454708677777
6a69421f-e399-4db8-897a-d8ef21b5e0a7,707b6ccf-c9d9-4c1d-97f4-516b572b2f9d,1697663454741288888
6a69421f-e399-4db8-897a-d8ef21b5e0a7,707b6ccf-c9d9-4c1d-97f4-516b572b2f9d,1697663454771111111
6a69421f-e399-4db8-897a-d8ef21b5e0a7,707b6ccf-c9d9-4c1d-97f4-516b572b2f9d,1697663454810566666
6a69421f-e399-4db8-897a-d8ef21b5e0a7,707b6ccf-c9d9-4c1d-97f4-516b572b2f9d,1697663454843422222
6a69421f-e399-4db8-897a-d8ef21b5e0a7,707b6ccf-c9d9-4c1d-97f4-516b572b2f9d,1697663454872666666
6a69421f-e399-4db8-897a-d8ef21b5e0a7,707b6ccf-c9d9-4c1d-97f4-516b572b2f9d,1697663454904744444
6a69421f-e399-4db8-897a-d8ef21b5e0a7,707b6ccf-c9d9-4c1d-97f4-516b572b2f9d,1697663454938733333
6a69421f-e399-4db8-897a-d8ef21b5e0a7,707b6ccf-c9d9-4c1d-97f4-516b572b2f9d,1697663454974700000
6a69421f-e399-4db8-897a-d8ef21b5e0a7,707b6ccf-c9d9-4c1d-97f4-516b572b2f9d,1697663455006766666
6a69421f-e399-4db8-897a-d8ef21b5e0a7,707b6ccf-c9d9-4c1d-97f4-516b572b2f9d,1697663455041411111
6a69421f-e399-4db8-897a-d8ef21b5e0a7,707b6ccf-c9d9-4c1d-97f4-516b572b2f9d,1697663455072911111
6a69421f-e399-4db8-897a-d8ef21b5e0a7,707b6ccf-c9d9-4c1d-97f4-516b572b2f9d,1697663455100544444
6a69421f-e399-4db8-897a-d8ef21b5e0a7,707b6ccf-c9d9-4c1d-97f4-516b572b2f9d,1697663455132177777
6a69421f-e399-4db8-897a-d8ef21b5e0a7,707b6ccf-c9d9-4c1d-97f4-516b572b2f9d,1697663455161177777
6a69421f-e399-4db8-897a-d8ef21b5e0a7,707b6ccf-c9d9-4c1d-97f4-516b572b2f9d,1697663455206266666
6a69421f-e399-4db8-897a-d8ef21b5e0a7,707b6ccf-c9d9-4c1d-97f4-516b572b2f9d,1697663455228211111
6a69421f-e399-4db8-897a-d8ef21b5e0a7,707b6ccf-c9d9-4c1d-97f4-516b572b2f9d,1697663455271166666
6a69421f-e399-4db8-897a-d8ef21b5e0a7,707b6ccf-c9d9-4c1d-97f4-516b572b2f9d,1697663455302344444
6a69421f-e399-4db8-897a-d8ef21b5e0a7,707b6ccf-c9d9-4c1d-97f4-516b572b2f9d,1697663455342455555
6a69421f-e399-4db8-897a-d8ef21b5e0a7,707b6ccf-c9d9-4c1d-97f4-516b572b2f9d,1697663455373600000
6a69421f-e399-4db8-897a-d8ef21b5e0a7,707b6ccf-c9d9-4c1d-97f4-516b572b2f9d,1697663455402711111
6a69421f-e399-4db8-897a-d8ef21b5e0a7,707b6ccf-c9d9-4c1d-97f4-516b572b2f9d,1697663455444077777
6a69421f-e399-4db8-897a-d8ef21b5e0a7,707b6ccf-c9d9-4c1d-97f4-516b572b2f9d,1697663455471744444
6a69421f-e399-4db8-897a-d8ef21b5e0a7,707b6ccf-c9d9-4c1d-97f4-516b572b2f9d,1697663455501211111
6a69421f-e399-4db8-897a-d8ef21b5e0a7,707b6ccf-c9d9-4c1d-97f4-516b572b2f9d,1697663455538955555
6a69421f-e399-4db8-897a-d8ef21b5e0a7,707b6ccf-c9d9-4c1d-97f4-516b572b2f9d,1697663455569300000
6a69421f-e399-4db8-897a-d8ef21b5e0a7,707b6ccf-c9d9-4c1d-97f4-516b572b2f9d,1697663455608566666
6a69421f-e399-4db8-897a-d8ef21b5e0a7,707b6ccf-c9d9-4c1d-97f4-516b572b2f9d,1697663455641588888
6a69421f-e399-4db8-897a-d8ef21b5e0a7,707b6ccf-c9d9-4c1d-97f4-516b572b2f9d,1697663455670777777
6a69421f-e399-4db8-897a-d8ef21b5e0a7,707b6ccf-c9d9-4c1d-97f4-516b572b2f9d,1697663455701877777
6a69421f-e399-4db8-897a-d8ef21b5e0a7,707b6ccf-c9d9-4c1d-97f4-516b572b2f9d,1697663455741422222
6a69421f-e399-4db8-897a-d8ef21b5e0a7,707b6ccf-c9d9-4c1d-97f4-516b572b2f9d,1697663455761855555
6a69421f-e399-4db8-897a-d8ef21b5e0a7,707b6ccf-c9d9-4c1d-97f4-516b572b2f9d,1697663455796422222
6a69421f-e399-4db8-897a-d8ef21b5e0a7,707b6ccf-c9d9-4c1d-97f4-516b572b2f9d,1697663455834755555
6a69421f-e399-4db8-897a-d8ef21b5e0a7,707b6ccf-c9d9-4c1d-97f4-516b572b2f9d,1697663455863288888
6a69421f-e399-4db8-897a-d8ef21b5e0a7,707b6ccf-c9d9-4c1d-97f4-516b572b2f9d,1697663455907788888
6a69421f-e399-4db8-897a-d8ef21b5e0a7,707b6ccf-c9d9-4c1d-97f4-516b572b2f9d,1697663455938666666
6a69421f-e399-4db8-897a-d8ef21b5e0a7,707b6ccf-c9d9-4c1d-97f4-516b572b2f9d,1697663455976166666
6a69421f-e399-4db8-897a-d8ef21b5e0a7,707b6ccf-c9d9-4c1d-97f4-516b572b2f9d,1697663456005722222
6a69421f-e399-4db8-897a-d8ef21b5e0a7,707b6ccf-c9d9-4c1d-97f4-516b572b2f9d,1697663456038333333
6a69421f-e399-4db8-897a-d8ef21b5e0a7,707b6ccf-c9d9-4c1d-97f4-516b572b2f9d,1697663456071044444
6a69421f-e399-4db8-897a-d8ef21b5e0a7,707b6ccf-c9d9-4c1d-97f4-516b572b2f9d,1697663456101444444
6a69421f-e399-4db8-897a-d8ef21b5e0a7,707b6ccf-c9d9-4c1d-97f4-516b572b2f9d,1697663456140366666
6a69421f-e399-4db8-897a-d8ef21b5e0a7,707b6ccf-c9d9-4c1d-97f4-516b572b2f9d,1697663456169544444
6a69421f-e399-4db8-897a-d8ef21b5e0a7,707b6ccf-c9d9-4c1d-97f4-516b572b2f9d,1697663456203233333
6a69421f-e399-4db8-897a-d8ef21b5e0a7,707b6ccf-c9d9-4c1d-97f4-516b572b2f9d,1697663456243455555
6a69421f-e399-4db8-897a-d8ef21b5e0a7,707b6ccf-c9d9-4c1d-97f4-516b572b2f9d,1697663456270044444
6a69421f-e399-4db8-897a-d8ef21b5e0a7,707b6ccf-c9d9-4c1d-97f4-516b572b2f9d,1697663456304677777
6a69421f-e399-4db8-897a-d8ef21b5e0a7,707b6ccf-c9d9-4c1d-97f4-516b572b2f9d,1697663456343188888
6a69421f-e399-4db8-897a-d8ef21b5e0a7,707b6ccf-c9d9-4c1d-97f4-516b572b2f9d,1697663456371011111
6a69421f-e399-4db8-897a-d8ef21b5e0a7,707b6ccf-c9d9-4c1d-97f4-516b572b2f9d,1697663456407077777
6a69421f-e399-4db8-897a-d8ef21b5e0a7,707b6ccf-c9d9-4c1d-97f4-516b572b2f9d,1697663456431555555
6a69421f-e399-4db8-897a-d8ef21b5e0a7,707b6ccf-c9d9-4c1d-97f4-516b572b2f9d,1697663456466666666
6a69421f-e399-4db8-897a-d8ef21b5e0a7,707b6ccf-c9d9-4c1d-97f4-516b572b2f9d,1697663456509511111
6a69421f-e399-4db8-897a-d8ef21b5e0a7,707b6ccf-c9d9-4c1d-97f4-516b572b2f9d,1697663456535055555
6a69421f-e399-4db8-897a-d8ef21b5e0a7,707b6ccf-c9d9-4c1d-97f4-516b572b2f9d,1697663456561000000
6a69421f-e399-4db8-897a-d8ef21b5e0a7,707b6ccf-c9d9-4c1d-97f4-516b572b2f9d,1697663456601555555
6a69421f-e399-4db8-897a-d8ef21b5e0a7,707b6ccf-c9d9-4c1d-97f4-516b572b2f9d,1697663456637488888
6a69421f-e399-4db8-897a-d8ef21b5e0a7,707b6ccf-c9d9-4c1d-97f4-516b572b2f9d,1697663456671255555
6a69421f-e399-4db8-897a-d8ef21b5e0a7,707b6ccf-c9d9-4c1d-97f4-516b572b2f9d,1697663456710544444
6a69421f-e399-4db8-897a-d8ef21b5e0a7,707b6ccf-c9d9-4c1d-97f4-516b572b2f9d,1697663456736833333
6a69421f-e399-4db8-897a-d8ef21b5e0a7,707b6ccf-c9d9-4c1d-97f4-516b572b2f9d,1697663456768655555
6a69421f-e399-4db8-897a-d8ef21b5e0a7,707b6ccf-c9d9-4c1d-97f4-516b572b2f9d,1697663456803800000
6a69421f-e399-4db8-897a-d8ef21b5e0a7,707b6ccf-c9d9-4c1d-97f4-516b572b2f9d,1697663456838444444
6a69421f-e399-4db8-897a-d8ef21b5e0a7,707b6ccf-c9d9-4c1d-97f4-516b572b2f9d,1697663456870266666
6a69421f-e399-4db8-897a-d8ef21b5e0a7,707b6ccf-c9d9-4c1d-97f4-516b572b2f9d,1697663456904200000
6a69421f-e399-4db8-897a-d8ef21b5e0a7,707b6ccf-c9d9-4c1d-97f4-516b572b2f9d,1697663456941600000
6a69421f-e399-4db8-897a-d8ef21b5e0a7,707b6ccf-c9d9-4c1d-97f4-516b572b2f9d,1697663456972188888
6a69421f-e399-4db8-897a-d8ef21b5e0a7,707b6ccf-c9d9-4c1d-97f4-516b572b2f9d,1697663457002011111
6a69421f-e399-4db8-897a-d8ef21b5e0a7,707b6ccf-c9d9-4c1d-97f4-516b572b2f9d,1697663457038466666
6a69421f-e399-4db8-897a-d8ef21b5e0a7,707b6ccf-c9d9-4c1d-97f4-516b572b2f9d,1697663457068266666
6a69421f-e399-4db8-897a-d8ef21b5e0a7,707b6ccf-c9d9-4c1d-97f4-516b572b2f9d,1697663457095966666
6a69421f-e399-4db8-897a-d8ef21b5e0a7,707b6ccf-c9d9-4c1d-97f4-516b572b2f9d,1697663457132466666
6a69421f-e399-4db8-897a-d8ef21b5e0a7,707b6ccf-c9d9-4c1d-97f4-516b572b2f9d,1697663457162566666
6a69421f-e399-4db8-897a-d8ef21b5e0a7,707b6ccf-c9d9-4c1d-97f4-516b572b2f9d,1697663457194144444
6a69421f-e399-4db8-897a-d8ef21b5e0a7,707b6ccf-c9d9-4c1d-97f4-516b572b2f9d,1697663457242366666
6a69421f-e399-4db8-897a-d8ef21b5e0a7,707b6ccf-c9d9-4c1d-97f4-516b572b2f9d,1697663457266711111
6a69421f-e399-4db8-897a-d8ef21b5e0a7,707b6ccf-c9d9-4c1d-97f4-516b572b2f9d,1697663457305655555
6a69421f-e399-4db8-897a-d8ef21b5e0a7,707b6ccf-c9d9-4c1d-97f4-516b572b2f9d,1697663457342966666
6a69421f-e399-4db8-897a-d8ef21b5e0a7,707b6ccf-c9d9-4c1d-97f4-516b572b2f9d,1697663457370266666
6a69421f-e399-4db8-897a-d8ef21b5e0a7,707b6ccf-c9d9-4c1d-97f4-516b572b2f9d,1697663457402866666
6a69421f-e399-4db8-897a-d8ef21b5e0a7,707b6ccf-c9d9-4c1d-97f4-516b572b2f9d,1697663457436711111
6a69421f-e399-4db8-897a-d8ef21b5e0a7,707b6ccf-c9d9-4c1d-97f4-516b572b2f9d,1697663457468711111
6a69421f-e399-4db8-897a-d8ef21b5e0a7,707b6ccf-c9d9-4c1d-97f4-516b572b2f9d,1697663457502155555
6a69421f-e399-4db8-897a-d8ef21b5e0a7,707b6ccf-c9d9-4c1d-97f4-516b572b2f9d,1697663457541511111
6a69421f-e399-4db8-897a-d8ef21b5e0a7,707b6ccf-c9d9-4c1d-97f4-516b572b2f9d,1697663457570222222
6a69421f-e399-4db8-897a-d8ef21b5e0a7,707b6ccf-c9d9-4c1d-97f4-516b572b2f9d,1697663457602300000
6a69421f-e399-4db8-897a-d8ef21b5e0a7,707b6ccf-c9d9-4c1d-97f4-516b572b2f9d,1697663457639033333
6a69421f-e399-4db8-897a-d8ef21b5e0a7,707b6ccf-c9d9-4c1d-97f4-516b572b2f9d,1697663457671744444
6a69421f-e399-4db8-897a-d8ef21b5e0a7,707b6ccf-c9d9-4c1d-97f4-516b572b2f9d,1697663457704466666
6a69421f-e399-4db8-897a-d8ef21b5e0a7,707b6ccf-c9d9-4c1d-97f4-516b572b2f9d,1697663457736300000
6a69421f-e399-4db8-897a-d8ef21b5e0a7,707b6ccf-c9d9-4c1d-97f4-516b572b2f9d,1697663457765788888
6a69421f-e399-4db8-897a-d8ef21b5e0a7,707b6ccf-c9d9-4c1d-97f4-516b572b2f9d,1697663457799000000
6a69421f-e399-4db8-897a-d8ef21b5e0a7,707b6ccf-c9d9-4c1d-97f4-516b572b2f9d,1697663457834111111
6a69421f-e399-4db8-897a-d8ef21b5e0a7,707b6ccf-c9d9-4c1d-97f4-516b572b2f9d,1697663457863211111
6a69421f-e399-4db8-897a-d8ef21b5e0a7,707b6ccf-c9d9-4c1d-97f4-516b572b2f9d,1697663457902244444
6a69421f-e399-4db8-897a-d8ef21b5e0a7,707b6ccf-c9d9-4c1d-97f4-516b572b2f9d,1697663457938533333
6a69421f-e399-4db8-897a-d8ef21b5e0a7,707b6ccf-c9d9-4c1d-97f4-516b572b2f9d,1697663457970711111
6a69421f-e399-4db8-897a-d8ef21b5e0a7,707b6ccf-c9d9-4c1d-97f4-516b572b2f9d,1697663458001422222
6a69421f-e399-4db8-897a-d8ef21b5e0a7,707b6ccf-c9d9-4c1d-97f4-516b572b2f9d,1697663458039944444
6a69421f-e399-4db8-897a-d8ef21b5e0a7,707b6ccf-c9d9-4c1d-97f4-516b572b2f9d,1697663458070466666
6a69421f-e399-4db8-897a-d8ef21b5e0a7,707b6ccf-c9d9-4c1d-97f4-516b572b2f9d,1697663458102744444
6a69421f-e399-4db8-897a-d8ef21b5e0a7,707b6ccf-c9d9-4c1d-97f4-516b572b2f9d,1697663458140266666
6a69421f-e399-4db8-897a-d8ef21b5e0a7,707b6ccf-c9d9-4c1d-97f4-516b572b2f9d,1697663458169733333
6a69421f-e399-4db8-897a-d8ef21b5e0a7,707b6ccf-c9d9-4c1d-97f4-516b572b2f9d,1697663458203722222
6a69421f-e399-4db8-897a-d8ef21b5e0a7,707b6ccf-c9d9-4c1d-97f4-516b572b2f9d,1697663458237844444
6a69421f-e399-4db8-897a-d8ef21b5e0a7,707b6ccf-c9d9-4c1d-97f4-516b572b2f9d,1697663458271733333
6a69421f-e399-4db8-897a-d8ef21b5e0a7,707b6ccf-c9d9-4c1d-97f4-516b572b2f9d,1697663458301488888
6a69421f-e399-4db8-897a-d8ef21b5e0a7,707b6ccf-c9d9-4c1d-97f4-516b572b2f9d,1697663458340177777
6a69421f-e399-4db8-897a-d8ef21b5e0a7,707b6ccf-c9d9-4c1d-97f4-516b572b2f9d,1697663458370544444
6a69421f-e399-4db8-897a-d8ef21b5e0a7,707b6ccf-c9d9-4c1d-97f4-516b572b2f9d,1697663458424288888
6a69421f-e399-4db8-897a-d8ef21b5e0a7,707b6ccf-c9d9-4c1d-97f4-516b572b2f9d,1697663458433855555
6a69421f-e399-4db8-897a-d8ef21b5e0a7,707b6ccf-c9d9-4c1d-97f4-516b572b2f9d,1697663458479666666
6a69421f-e399-4db8-897a-d8ef21b5e0a7,707b6ccf-c9d9-4c1d-97f4-516b572b2f9d,1697663458501977777
6a69421f-e399-4db8-897a-d8ef21b5e0a7,707b6ccf-c9d9-4c1d-97f4-516b572b2f9d,1697663458530200000
6a69421f-e399-4db8-897a-d8ef21b5e0a7,707b6ccf-c9d9-4c1d-97f4-516b572b2f9d,1697663458571466666
6a69421f-e399-4db8-897a-d8ef21b5e0a7,707b6ccf-c9d9-4c1d-97f4-516b572b2f9d,1697663458608555555
6a69421f-e399-4db8-897a-d8ef21b5e0a7,707b6ccf-c9d9-4c1d-97f4-516b572b2f9d,1697663458636411111
6a69421f-e399-4db8-897a-d8ef21b5e0a7,707b6ccf-c9d9-4c1d-97f4-516b572b2f9d,1697663458668566666
6a69421f-e399-4db8-897a-d8ef21b5e0a7,707b6ccf-c9d9-4c1d-97f4-516b572b2f9d,1697663458710922222
6a69421f-e399-4db8-897a-d8ef21b5e0a7,707b6ccf-c9d9-4c1d-97f4-516b572b2f9d,1697663458735188888
6a69421f-e399-4db8-897a-d8ef21b5e0a7,707b6ccf-c9d9-4c1d-97f4-516b572b2f9d,1697663458771700000
6a69421f-e399-4db8-897a-d8ef21b5e0a7,707b6ccf-c9d9-4c1d-97f4-516b572b2f9d,1697663458802800000
6a69421f-e399-4db8-897a-d8ef21b5e0a7,707b6ccf-c9d9-4c1d-97f4-516b572b2f9d,1697663458836977777
6a69421f-e399-4db8-897a-d8ef21b5e0a7,707b6ccf-c9d9-4c1d-97f4-516b572b2f9d,1697663458872066666
6a69421f-e399-4db8-897a-d8ef21b5e0a7,707b6ccf-c9d9-4c1d-97f4-516b572b2f9d,1697663458903022222
6a69421f-e399-4db8-897a-d8ef21b5e0a7,707b6ccf-c9d9-4c1d-97f4-516b572b2f9d,1697663458935233333
6a69421f-e399-4db8-897a-d8ef21b5e0a7,707b6ccf-c9d9-4c1d-97f4-516b572b2f9d,1697663458969966666
6a69421f-e399-4db8-897a-d8ef21b5e0a7,707b6ccf-c9d9-4c1d-97f4-516b572b2f9d,1697663459001033333
6a69421f-e399-4db8-897a-d8ef21b5e0a7,707b6ccf-c9d9-4c1d-97f4-516b572b2f9d,1697663459041166666
6a69421f-e399-4db8-897a-d8ef21b5e0a7,707b6ccf-c9d9-4c1d-97f4-516b572b2f9d,1697663459062144444
6a69421f-e399-4db8-897a-d8ef21b5e0a7,707b6ccf-c9d9-4c1d-97f4-516b572b2f9d,1697663459099655555
6a69421f-e399-4db8-897a-d8ef21b5e0a7,707b6ccf-c9d9-4c1d-97f4-516b572b2f9d,1697663459146266666
6a69421f-e399-4db8-897a-d8ef21b5e0a7,707b6ccf-c9d9-4c1d-97f4-516b572b2f9d,1697663459163255555
6a69421f-e399-4db8-897a-d8ef21b5e0a7,707b6ccf-c9d9-4c1d-97f4-516b572b2f9d,1697663459194877777
6a69421f-e399-4db8-897a-d8ef21b5e0a7,707b6ccf-c9d9-4c1d-97f4-516b572b2f9d,1697663459235477777
6a69421f-e399-4db8-897a-d8ef21b5e0a7,707b6ccf-c9d9-4c1d-97f4-516b572b2f9d,1697663459273822222
6a69421f-e399-4db8-897a-d8ef21b5e0a7,707b6ccf-c9d9-4c1d-97f4-516b572b2f9d,1697663459302655555
6a69421f-e399-4db8-897a-d8ef21b5e0a7,707b6ccf-c9d9-4c1d-97f4-516b572b2f9d,1697663459335133333
6a69421f-e399-4db8-897a-d8ef21b5e0a7,707b6ccf-c9d9-4c1d-97f4-516b572b2f9d,1697663459370900000
6a69421f-e399-4db8-897a-d8ef21b5e0a7,707b6ccf-c9d9-4c1d-97f4-516b572b2f9d,1697663459412600000
6a69421f-e399-4db8-897a-d8ef21b5e0a7,707b6ccf-c9d9-4c1d-97f4-516b572b2f9d,1697663459435533333
6a69421f-e399-4db8-897a-d8ef21b5e0a7,707b6ccf-c9d9-4c1d-97f4-516b572b2f9d,1697663459472022222
6a69421f-e399-4db8-897a-d8ef21b5e0a7,707b6ccf-c9d9-4c1d-97f4-516b572b2f9d,1697663459503066666
6a69421f-e399-4db8-897a-d8ef21b5e0a7,707b6ccf-c9d9-4c1d-97f4-516b572b2f9d,1697663459536422222
6a69421f-e399-4db8-897a-d8ef21b5e0a7,707b6ccf-c9d9-4c1d-97f4-516b572b2f9d,1697663459571155555
6a69421f-e399-4db8-897a-d8ef21b5e0a7,707b6ccf-c9d9-4c1d-97f4-516b572b2f9d,1697663459601511111
6a69421f-e399-4db8-897a-d8ef21b5e0a7,707b6ccf-c9d9-4c1d-97f4-516b572b2f9d,1697663459634677777
6a69421f-e399-4db8-897a-d8ef21b5e0a7,707b6ccf-c9d9-4c1d-97f4-516b572b2f9d,1697663459670988888
6a69421f-e399-4db8-897a-d8ef21b5e0a7,707b6ccf-c9d9-4c1d-97f4-516b572b2f9d,1697663459709166666
6a69421f-e399-4db8-897a-d8ef21b5e0a7,707b6ccf-c9d9-4c1d-97f4-516b572b2f9d,1697663459728377777
6a69421f-e399-4db8-897a-d8ef21b5e0a7,707b6ccf-c9d9-4c1d-97f4-516b572b2f9d,1697663459764455555
6a69421f-e399-4db8-897a-d8ef21b5e0a7,707b6ccf-c9d9-4c1d-97f4-516b572b2f9d,1697663459795388888
6a69421f-e399-4db8-897a-d8ef21b5e0a7,707b6ccf-c9d9-4c1d-97f4-516b572b2f9d,1697663459826377777
6a69421f-e399-4db8-897a-d8ef21b5e0a7,707b6ccf-c9d9-4c1d-97f4-516b572b2f9d,1697663459863844444
6a69421f-e399-4db8-897a-d8ef21b5e0a7,707b6ccf-c9d9-4c1d-97f4-516b572b2f9d,1697663459908577777
6a69421f-e399-4db8-897a-d8ef21b5e0a7,707b6ccf-c9d9-4c1d-97f4-516b572b2f9d,1697663459936966666
6a69421f-e399-4db8-897a-d8ef21b5e0a7,707b6ccf-c9d9-4c1d-97f4-516b572b2f9d,1697663459971666666
6a69421f-e399-4db8-897a-d8ef21b5e0a7,707b6ccf-c9d9-4c1d-97f4-516b572b2f9d,1697663460003000000
6a69421f-e399-4db8-897a-d8ef21b5e0a7,707b6ccf-c9d9-4c1d-97f4-516b572b2f9d,1697663460035511111
6a69421f-e399-4db8-897a-d8ef21b5e0a7,707b6ccf-c9d9-4c1d-97f4-516b572b2f9d,1697663460069877777
6a69421f-e399-4db8-897a-d8ef21b5e0a7,707b6ccf-c9d9-4c1d-97f4-516b572b2f9d,1697663460105711111
6a69421f-e399-4db8-897a-d8ef21b5e0a7,707b6ccf-c9d9-4c1d-97f4-516b572b2f9d,1697663460134555555
6a69421f-e399-4db8-897a-d8ef21b5e0a7,707b6ccf-c9d9-4c1d-97f4-516b572b2f9d,1697663460171466666
6a69421f-e399-4db8-897a-d8ef21b5e0a7,707b6ccf-c9d9-4c1d-97f4-516b572b2f9d,1697663460203155555
6a69421f-e399-4db8-897a-d8ef21b5e0a7,707b6ccf-c9d9-4c1d-97f4-516b572b2f9d,1697663460235833333
6a69421f-e399-4db8-897a-d8ef21b5e0a7,707b6ccf-c9d9-4c1d-97f4-516b572b2f9d,1697663460274722222
6a69421f-e399-4db8-897a-d8ef21b5e0a7,707b6ccf-c9d9-4c1d-97f4-516b572b2f9d,1697663460303911111
6a69421f-e399-4db8-897a-d8ef21b5e0a7,707b6ccf-c9d9-4c1d-97f4-516b572b2f9d,1697663460338611111
6a69421f-e399-4db8-897a-d8ef21b5e0a7,707b6ccf-c9d9-4c1d-97f4-516b572b2f9d,1697663460374300000
6a69421f-e399-4db8-897a-d8ef21b5e0a7,707b6ccf-c9d9-4c1d-97f4-516b572b2f9d,1697663460419733333
6a69421f-e399-4db8-897a-d8ef21b5e0a7,707b6ccf-c9d9-4c1d-97f4-516b572b2f9d,1697663460436944444
6a69421f-e399-4db8-897a-d8ef21b5e0a7,707b6ccf-c9d9-4c1d-97f4-516b572b2f9d,1697663460461411111
6a69421f-e399-4db8-897a-d8ef21b5e0a7,707b6ccf-c9d9-4c1d-97f4-516b572b2f9d,1697663460504644444
6a69421f-e399-4db8-897a-d8ef21b5e0a7,707b6ccf-c9d9-4c1d-97f4-516b572b2f9d,1697663460547100000
6a69421f-e399-4db8-897a-d8ef21b5e0a7,707b6ccf-c9d9-4c1d-97f4-516b572b2f9d,1697663460561977777
6a69421f-e399-4db8-897a-d8ef21b5e0a7,707b6ccf-c9d9-4c1d-97f4-516b572b2f9d,1697663460595622222
6a69421f-e399-4db8-897a-d8ef21b5e0a7,707b6ccf-c9d9-4c1d-97f4-516b572b2f9d,1697663460635788888
6a69421f-e399-4db8-897a-d8ef21b5e0a7,707b6ccf-c9d9-4c1d-97f4-516b572b2f9d,1697663460672566666
6a69421f-e399-4db8-897a-d8ef21b5e0a7,707b6ccf-c9d9-4c1d-97f4-516b572b2f9d,1697663460704166666
6a69421f-e399-4db8-897a-d8ef21b5e0a7,707b6ccf-c9d9-4c1d-97f4-516b572b2f9d,1697663460739377777
6a69421f-e399-4db8-897a-d8ef21b5e0a7,707b6ccf-c9d9-4c1d-97f4-516b572b2f9d,1697663460774333333
6a69421f-e399-4db8-897a-d8ef21b5e0a7,707b6ccf-c9d9-4c1d-97f4-516b572b2f9d,1697663460803011111
6a69421f-e399-4db8-897a-d8ef21b5e0a7,707b6ccf-c9d9-4c1d-97f4-516b572b2f9d,1697663460834977777
6a69421f-e399-4db8-897a-d8ef21b5e0a7,707b6ccf-c9d9-4c1d-97f4-516b572b2f9d,1697663460870177777
6a69421f-e399-4db8-897a-d8ef21b5e0a7,707b6ccf-c9d9-4c1d-97f4-516b572b2f9d,1697663460905811111
6a69421f-e399-4db8-897a-d8ef21b5e0a7,707b6ccf-c9d9-4c1d-97f4-516b572b2f9d,1697663460936577777
6a69421f-e399-4db8-897a-d8ef21b5e0a7,707b6ccf-c9d9-4c1d-97f4-516b572b2f9d,1697663460973422222
6a69421f-e399-4db8-897a-d8ef21b5e0a7,707b6ccf-c9d9-4c1d-97f4-516b572b2f9d,1697663461001566666
6a69421f-e399-4db8-897a-d8ef21b5e0a7,707b6ccf-c9d9-4c1d-97f4-516b572b2f9d,1697663461034077777
6a69421f-e399-4db8-897a-d8ef21b5e0a7,707b6ccf-c9d9-4c1d-97f4-516b572b2f9d,1697663461084588888
6a69421f-e399-4db8-897a-d8ef21b5e0a7,707b6ccf-c9d9-4c1d-97f4-516b572b2f9d,1697663461095677777
6a69421f-e399-4db8-897a-d8ef21b5e0a7,707b6ccf-c9d9-4c1d-97f4-516b572b2f9d,1697663461132266666
6a69421f-e399-4db8-897a-d8ef21b5e0a7,707b6ccf-c9d9-4c1d-97f4-516b572b2f9d,1697663461186766666
6a69421f-e399-4db8-897a-d8ef21b5e0a7,707b6ccf-c9d9-4c1d-97f4-516b572b2f9d,1697663461197166666
6a69421f-e399-4db8-897a-d8ef21b5e0a7,707b6ccf-c9d9-4c1d-97f4-516b572b2f9d,1697663461225577777
6a69421f-e399-4db8-897a-d8ef21b5e0a7,707b6ccf-c9d9-4c1d-97f4-516b572b2f9d,1697663461278722222
6a69421f-e399-4db8-897a-d8ef21b5e0a7,707b6ccf-c9d9-4c1d-97f4-516b572b2f9d,1697663461305388888
6a69421f-e399-4db8-897a-d8ef21b5e0a7,707b6ccf-c9d9-4c1d-97f4-516b572b2f9d,1697663461333666666
6a69421f-e399-4db8-897a-d8ef21b5e0a7,707b6ccf-c9d9-4c1d-97f4-516b572b2f9d,1697663461371566666
6a69421f-e399-4db8-897a-d8ef21b5e0a7,707b6ccf-c9d9-4c1d-97f4-516b572b2f9d,1697663461401844444
6a69421f-e399-4db8-897a-d8ef21b5e0a7,707b6ccf-c9d9-4c1d-97f4-516b572b2f9d,1697663461433733333
6a69421f-e399-4db8-897a-d8ef21b5e0a7,707b6ccf-c9d9-4c1d-97f4-516b572b2f9d,1697663461472188888
6a69421f-e399-4db8-897a-d8ef21b5e0a7,707b6ccf-c9d9-4c1d-97f4-516b572b2f9d,1697663461507177777
6a69421f-e399-4db8-897a-d8ef21b5e0a7,707b6ccf-c9d9-4c1d-97f4-516b572b2f9d,1697663461535433333
6a69421f-e399-4db8-897a-d8ef21b5e0a7,707b6ccf-c9d9-4c1d-97f4-516b572b2f9d,1697663461570077777
6a69421f-e399-4db8-897a-d8ef21b5e0a7,707b6ccf-c9d9-4c1d-97f4-516b572b2f9d,1697663461605522222
6a69421f-e399-4db8-897a-d8ef21b5e0a7,707b6ccf-c9d9-4c1d-97f4-516b572b2f9d,1697663461635033333
6a69421f-e399-4db8-897a-d8ef21b5e0a7,707b6ccf-c9d9-4c1d-97f4-516b572b2f9d,1697663461671644444
6a69421f-e399-4db8-897a-d8ef21b5e0a7,707b6ccf-c9d9-4c1d-97f4-516b572b2f9d,1697663461706111111
6a69421f-e399-4db8-897a-d8ef21b5e0a7,707b6ccf-c9d9-4c1d-97f4-516b572b2f9d,1697663461747688888
6a69421f-e399-4db8-897a-d8ef21b5e0a7,707b6ccf-c9d9-4c1d-97f4-516b572b2f9d,1697663461758744444
6a69421f-e399-4db8-897a-d8ef21b5e0a7,707b6ccf-c9d9-4c1d-97f4-516b572b2f9d,1697663461800522222
6a69421f-e399-4db8-897a-d8ef21b5e0a7,707b6ccf-c9d9-4c1d-97f4-516b572b2f9d,1697663461829144444
6a69421f-e399-4db8-897a-d8ef21b5e0a7,707b6ccf-c9d9-4c1d-97f4-516b572b2f9d,1697663461861566666
6a69421f-e399-4db8-897a-d8ef21b5e0a7,707b6ccf-c9d9-4c1d-97f4-516b572b2f9d,1697663461902933333
6a69421f-e399-4db8-897a-d8ef21b5e0a7,707b6ccf-c9d9-4c1d-97f4-516b572b2f9d,1697663461937300000
6a69421f-e399-4db8-897a-d8ef21b5e0a7,707b6ccf-c9d9-4c1d-97f4-516b572b2f9d,1697663461965633333
6a69421f-e399-4db8-897a-d8ef21b5e0a7,707b6ccf-c9d9-4c1d-97f4-516b572b2f9d,1697663462003444444
6a69421f-e399-4db8-897a-d8ef21b5e0a7,707b6ccf-c9d9-4c1d-97f4-516b572b2f9d,1697663462036811111
6a69421f-e399-4db8-897a-d8ef21b5e0a7,707b6ccf-c9d9-4c1d-97f4-516b572b2f9d,1697663462068544444
6a69421f-e399-4db8-897a-d8ef21b5e0a7,707b6ccf-c9d9-4c1d-97f4-516b572b2f9d,1697663462108822222
6a69421f-e399-4db8-897a-d8ef21b5e0a7,707b6ccf-c9d9-4c1d-97f4-516b572b2f9d,1697663462135822222
6a69421f-e399-4db8-897a-d8ef21b5e0a7,707b6ccf-c9d9-4c1d-97f4-516b572b2f9d,1697663462165933333
6a69421f-e399-4db8-897a-d8ef21b5e0a7,707b6ccf-c9d9-4c1d-97f4-516b572b2f9d,1697663462200888888
6a69421f-e399-4db8-897a-d8ef21b5e0a7,707b6ccf-c9d9-4c1d-97f4-516b572b2f9d,1697663462235066666
6a69421f-e399-4db8-897a-d8ef21b5e0a7,707b6ccf-c9d9-4c1d-97f4-516b572b2f9d,1697663462269033333
6a69421f-e399-4db8-897a-d8ef21b5e0a7,707b6ccf-c9d9-4c1d-97f4-516b572b2f9d,1697663462305211111
6a69421f-e399-4db8-897a-d8ef21b5e0a7,707b6ccf-c9d9-4c1d-97f4-516b572b2f9d,1697663462335455555
6a69421f-e399-4db8-897a-d8ef21b5e0a7,707b6ccf-c9d9-4c1d-97f4-516b572b2f9d,1697663462365288888
6a69421f-e399-4db8-897a-d8ef21b5e0a7,707b6ccf-c9d9-4c1d-97f4-516b572b2f9d,1697663462410066666
6a69421f-e399-4db8-897a-d8ef21b5e0a7,707b6ccf-c9d9-4c1d-97f4-516b572b2f9d,1697663462424688888
6a69421f-e399-4db8-897a-d8ef21b5e0a7,707b6ccf-c9d9-4c1d-97f4-516b572b2f9d,1697663462461533333
6a69421f-e399-4db8-897a-d8ef21b5e0a7,707b6ccf-c9d9-4c1d-97f4-516b572b2f9d,1697663462496277777
6a69421f-e399-4db8-897a-d8ef21b5e0a7,707b6ccf-c9d9-4c1d-97f4-516b572b2f9d,1697663462528922222
6a69421f-e399-4db8-897a-d8ef21b5e0a7,707b6ccf-c9d9-4c1d-97f4-516b572b2f9d,1697663462556911111
6a69421f-e399-4db8-897a-d8ef21b5e0a7,707b6ccf-c9d9-4c1d-97f4-516b572b2f9d,1697663462602600000
6a69421f-e399-4db8-897a-d8ef21b5e0a7,707b6ccf-c9d9-4c1d-97f4-516b572b2f9d,1697663462634633333
6a69421f-e399-4db8-897a-d8ef21b5e0a7,707b6ccf-c9d9-4c1d-97f4-516b572b2f9d,1697663462664211111
6a69421f-e399-4db8-897a-d8ef21b5e0a7,707b6ccf-c9d9-4c1d-97f4-516b572b2f9d,1697663462704277777
6a69421f-e399-4db8-897a-d8ef21b5e0a7,707b6ccf-c9d9-4c1d-97f4-516b572b2f9d,1697663462735700000
6a69421f-e399-4db8-897a-d8ef21b5e0a7,707b6ccf-c9d9-4c1d-97f4-516b572b2f9d,1697663462765288888
6a69421f-e399-4db8-897a-d8ef21b5e0a7,707b6ccf-c9d9-4c1d-97f4-516b572b2f9d,1697663462802533333
6a69421f-e399-4db8-897a-d8ef21b5e0a7,707b6ccf-c9d9-4c1d-97f4-516b572b2f9d,1697663462834000000
6a69421f-e399-4db8-897a-d8ef21b5e0a7,707b6ccf-c9d9-4c1d-97f4-516b572b2f9d,1697663462868777777
6a69421f-e399-4db8-897a-d8ef21b5e0a7,707b6ccf-c9d9-4c1d-97f4-516b572b2f9d,1697663462907333333
6a69421f-e399-4db8-897a-d8ef21b5e0a7,707b6ccf-c9d9-4c1d-97f4-516b572b2f9d,1697663462936366666
6a69421f-e399-4db8-897a-d8ef21b5e0a7,707b6ccf-c9d9-4c1d-97f4-516b572b2f9d,1697663462966766666
6a69421f-e399-4db8-897a-d8ef21b5e0a7,707b6ccf-c9d9-4c1d-97f4-516b572b2f9d,1697663463007844444
6a69421f-e399-4db8-897a-d8ef21b5e0a7,707b6ccf-c9d9-4c1d-97f4-516b572b2f9d,1697663463035255555
6a69421f-e399-4db8-897a-d8ef21b5e0a7,707b6ccf-c9d9-4c1d-97f4-516b572b2f9d,1697663463071011111
6a69421f-e399-4db8-897a-d8ef21b5e0a7,707b6ccf-c9d9-4c1d-97f4-516b572b2f9d,1697663463094033333
6a69421f-e399-4db8-897a-d8ef21b5e0a7,707b6ccf-c9d9-4c1d-97f4-516b572b2f9d,1697663463123777777
6a69421f-e399-4db8-897a-d8ef21b5e0a7,707b6ccf-c9d9-4c1d-97f4-516b572b2f9d,1697663463170755555
6a69421f-e399-4db8-897a-d8ef21b5e0a7,707b6ccf-c9d9-4c1d-97f4-516b572b2f9d,1697663463194744444
6a69421f-e399-4db8-897a-d8ef21b5e0a7,707b6ccf-c9d9-4c1d-97f4-516b572b2f9d,1697663463238077777
6a69421f-e399-4db8-897a-d8ef21b5e0a7,707b6ccf-c9d9-4c1d-97f4-516b572b2f9d,1697663463268466666
6a69421f-e399-4db8-897a-d8ef21b5e0a7,707b6ccf-c9d9-4c1d-97f4-516b572b2f9d,1697663463304466666
6a69421f-e399-4db8-897a-d8ef21b5e0a7,707b6ccf-c9d9-4c1d-97f4-516b572b2f9d,1697663463335177777
6a69421f-e399-4db8-897a-d8ef21b5e0a7,707b6ccf-c9d9-4c1d-97f4-516b572b2f9d,1697663463366455555
6a69421f-e399-4db8-897a-d8ef21b5e0a7,707b6ccf-c9d9-4c1d-97f4-516b572b2f9d,1697663463404033333
6a69421f-e399-4db8-897a-d8ef21b5e0a7,707b6ccf-c9d9-4c1d-97f4-516b572b2f9d,1697663463434533333
6a69421f-e399-4db8-897a-d8ef21b5e0a7,707b6ccf-c9d9-4c1d-97f4-516b572b2f9d,1697663463464466666
6a69421f-e399-4db8-897a-d8ef21b5e0a7,707b6ccf-c9d9-4c1d-97f4-516b572b2f9d,1697663463503511111
6a69421f-e399-4db8-897a-d8ef21b5e0a7,707b6ccf-c9d9-4c1d-97f4-516b572b2f9d,1697663463532800000
6a69421f-e399-4db8-897a-d8ef21b5e0a7,707b6ccf-c9d9-4c1d-97f4-516b572b2f9d,1697663463566522222
6a69421f-e399-4db8-897a-d8ef21b5e0a7,707b6ccf-c9d9-4c1d-97f4-516b572b2f9d,1697663463605744444
6a69421f-e399-4db8-897a-d8ef21b5e0a7,707b6ccf-c9d9-4c1d-97f4-516b572b2f9d,1697663463633355555
6a69421f-e399-4db8-897a-d8ef21b5e0a7,707b6ccf-c9d9-4c1d-97f4-516b572b2f9d,1697663463666400000
6a69421f-e399-4db8-897a-d8ef21b5e0a7,707b6ccf-c9d9-4c1d-97f4-516b572b2f9d,1697663463708866666
6a69421f-e399-4db8-897a-d8ef21b5e0a7,707b6ccf-c9d9-4c1d-97f4-516b572b2f9d,1697663463750555555
6a69421f-e399-4db8-897a-d8ef21b5e0a7,707b6ccf-c9d9-4c1d-97f4-516b572b2f9d,1697663463772400000
6a69421f-e399-4db8-897a-d8ef21b5e0a7,707b6ccf-c9d9-4c1d-97f4-516b572b2f9d,1697663463805166666
6a69421f-e399-4db8-897a-d8ef21b5e0a7,707b6ccf-c9d9-4c1d-97f4-516b572b2f9d,1697663463828544444
6a69421f-e399-4db8-897a-d8ef21b5e0a7,707b6ccf-c9d9-4c1d-97f4-516b572b2f9d,1697663463864122222
6a69421f-e399-4db8-897a-d8ef21b5e0a7,707b6ccf-c9d9-4c1d-97f4-516b572b2f9d,1697663463902666666
6a69421f-e399-4db8-897a-d8ef21b5e0a7,707b6ccf-c9d9-4c1d-97f4-516b572b2f9d,1697663463938055555
6a69421f-e399-4db8-897a-d8ef21b5e0a7,707b6ccf-c9d9-4c1d-97f4-516b572b2f9d,1697663463966288888
6a69421f-e399-4db8-897a-d8ef21b5e0a7,707b6ccf-c9d9-4c1d-97f4-516b572b2f9d,1697663464003944444
6a69421f-e399-4db8-897a-d8ef21b5e0a7,707b6ccf-c9d9-4c1d-97f4-516b572b2f9d,1697663464035288888
6a69421f-e399-4db8-897a-d8ef21b5e0a7,707b6ccf-c9d9-4c1d-97f4-516b572b2f9d,1697663464068022222
6a69421f-e399-4db8-897a-d8ef21b5e0a7,707b6ccf-c9d9-4c1d-97f4-516b572b2f9d,1697663464106811111
6a69421f-e399-4db8-897a-d8ef21b5e0a7,707b6ccf-c9d9-4c1d-97f4-516b572b2f9d,1697663464135600000
6a69421f-e399-4db8-897a-d8ef21b5e0a7,707b6ccf-c9d9-4c1d-97f4-516b572b2f9d,1697663464167300000
6a69421f-e399-4db8-897a-d8ef21b5e0a7,707b6ccf-c9d9-4c1d-97f4-516b572b2f9d,1697663464207511111
6a69421f-e399-4db8-897a-d8ef21b5e0a7,707b6ccf-c9d9-4c1d-97f4-516b572b2f9d,1697663464234933333
6a69421f-e399-4db8-897a-d8ef21b5e0a7,707b6ccf-c9d9-4c1d-97f4-516b572b2f9d,1697663464266866666
6a69421f-e399-4db8-897a-d8ef21b5e0a7,707b6ccf-c9d9-4c1d-97f4-516b572b2f9d,1697663464306677777
6a69421f-e399-4db8-897a-d8ef21b5e0a7,707b6ccf-c9d9-4c1d-97f4-516b572b2f9d,1697663464334788888
6a69421f-e399-4db8-897a-d8ef21b5e0a7,707b6ccf-c9d9-4c1d-97f4-516b572b2f9d,1697663464369822222
6a69421f-e399-4db8-897a-d8ef21b5e0a7,707b6ccf-c9d9-4c1d-97f4-516b572b2f9d,1697663464399044444
6a69421f-e399-4db8-897a-d8ef21b5e0a7,707b6ccf-c9d9-4c1d-97f4-516b572b2f9d,1697663464433611111
6a69421f-e399-4db8-897a-d8ef21b5e0a7,707b6ccf-c9d9-4c1d-97f4-516b572b2f9d,1697663464459500000
6a69421f-e399-4db8-897a-d8ef21b5e0a7,707b6ccf-c9d9-4c1d-97f4-516b572b2f9d,1697663464494600000
6a69421f-e399-4db8-897a-d8ef21b5e0a7,707b6ccf-c9d9-4c1d-97f4-516b572b2f9d,1697663464525866666
6a69421f-e399-4db8-897a-d8ef21b5e0a7,707b6ccf-c9d9-4c1d-97f4-516b572b2f9d,1697663464566011111
6a69421f-e399-4db8-897a-d8ef21b5e0a7,707b6ccf-c9d9-4c1d-97f4-516b572b2f9d,1697663464602566666
6a69421f-e399-4db8-897a-d8ef21b5e0a7,707b6ccf-c9d9-4c1d-97f4-516b572b2f9d,1697663464635500000
6a69421f-e399-4db8-897a-d8ef21b5e0a7,707b6ccf-c9d9-4c1d-97f4-516b572b2f9d,1697663464666166666
6a69421f-e399-4db8-897a-d8ef21b5e0a7,707b6ccf-c9d9-4c1d-97f4-516b572b2f9d,1697663464701855555
6a69421f-e399-4db8-897a-d8ef21b5e0a7,707b6ccf-c9d9-4c1d-97f4-516b572b2f9d,1697663464733833333
6a69421f-e399-4db8-897a-d8ef21b5e0a7,707b6ccf-c9d9-4c1d-97f4-516b572b2f9d,1697663464766177777
6a69421f-e399-4db8-897a-d8ef21b5e0a7,707b6ccf-c9d9-4c1d-97f4-516b572b2f9d,1697663464803711111
6a69421f-e399-4db8-897a-d8ef21b5e0a7,707b6ccf-c9d9-4c1d-97f4-516b572b2f9d,1697663464833555555
6a69421f-e399-4db8-897a-d8ef21b5e0a7,707b6ccf-c9d9-4c1d-97f4-516b572b2f9d,1697663464864077777
6a69421f-e399-4db8-897a-d8ef21b5e0a7,707b6ccf-c9d9-4c1d-97f4-516b572b2f9d,1697663464905644444
6a69421f-e399-4db8-897a-d8ef21b5e0a7,707b6ccf-c9d9-4c1d-97f4-516b572b2f9d,1697663464933811111
6a69421f-e399-4db8-897a-d8ef21b5e0a7,707b6ccf-c9d9-4c1d-97f4-516b572b2f9d,1697663464965911111
6a69421f-e399-4db8-897a-d8ef21b5e0a7,707b6ccf-c9d9-4c1d-97f4-516b572b2f9d,1697663464998033333
6a69421f-e399-4db8-897a-d8ef21b5e0a7,707b6ccf-c9d9-4c1d-97f4-516b572b2f9d,1697663465036011111
6a69421f-e399-4db8-897a-d8ef21b5e0a7,707b6ccf-c9d9-4c1d-97f4-516b572b2f9d,1697663465079366666
6a69421f-e399-4db8-897a-d8ef21b5e0a7,707b6ccf-c9d9-4c1d-97f4-516b572b2f9d,1697663465105088888
6a69421f-e399-4db8-897a-d8ef21b5e0a7,707b6ccf-c9d9-4c1d-97f4-516b572b2f9d,1697663465126933333
6a69421f-e399-4db8-897a-d8ef21b5e0a7,707b6ccf-c9d9-4c1d-97f4-516b572b2f9d,1697663465160277777
6a69421f-e399-4db8-897a-d8ef21b5e0a7,707b6ccf-c9d9-4c1d-97f4-516b572b2f9d,1697663465205077777
6a69421f-e399-4db8-897a-d8ef21b5e0a7,707b6ccf-c9d9-4c1d-97f4-516b572b2f9d,1697663465231011111
6a69421f-e399-4db8-897a-d8ef21b5e0a7,707b6ccf-c9d9-4c1d-97f4-516b572b2f9d,1697663465268522222
6a69421f-e399-4db8-897a-d8ef21b5e0a7,707b6ccf-c9d9-4c1d-97f4-516b572b2f9d,1697663465298966666
6a69421f-e399-4db8-897a-d8ef21b5e0a7,707b6ccf-c9d9-4c1d-97f4-516b572b2f9d,1697663465334577777
6a69421f-e399-4db8-897a-d8ef21b5e0a7,707b6ccf-c9d9-4c1d-97f4-516b572b2f9d,1697663465367555555
6a69421f-e399-4db8-897a-d8ef21b5e0a7,707b6ccf-c9d9-4c1d-97f4-516b572b2f9d,1697663465399500000
6a69421f-e399-4db8-897a-d8ef21b5e0a7,707b6ccf-c9d9-4c1d-97f4-516b572b2f9d,1697663465438955555
6a69421f-e399-4db8-897a-d8ef21b5e0a7,707b6ccf-c9d9-4c1d-97f4-516b572b2f9d,1697663465467555555
6a69421f-e399-4db8-897a-d8ef21b5e0a7,707b6ccf-c9d9-4c1d-97f4-516b572b2f9d,1697663465498922222
6a69421f-e399-4db8-897a-d8ef21b5e0a7,707b6ccf-c9d9-4c1d-97f4-516b572b2f9d,1697663465534977777
6a69421f-e399-4db8-897a-d8ef21b5e0a7,707b6ccf-c9d9-4c1d-97f4-516b572b2f9d,1697663465567333333
6a69421f-e399-4db8-897a-d8ef21b5e0a7,707b6ccf-c9d9-4c1d-97f4-516b572b2f9d,1697663465601522222
6a69421f-e399-4db8-897a-d8ef21b5e0a7,707b6ccf-c9d9-4c1d-97f4-516b572b2f9d,1697663465637222222
6a69421f-e399-4db8-897a-d8ef21b5e0a7,707b6ccf-c9d9-4c1d-97f4-516b572b2f9d,1697663465666844444
6a69421f-e399-4db8-897a-d8ef21b5e0a7,707b6ccf-c9d9-4c1d-97f4-516b572b2f9d,1697663465699500000
6a69421f-e399-4db8-897a-d8ef21b5e0a7,707b6ccf-c9d9-4c1d-97f4-516b572b2f9d,1697663465729777777
6a69421f-e399-4db8-897a-d8ef21b5e0a7,707b6ccf-c9d9-4c1d-97f4-516b572b2f9d,1697663465763533333
6a69421f-e399-4db8-897a-d8ef21b5e0a7,707b6ccf-c9d9-4c1d-97f4-516b572b2f9d,1697663465810711111
6a69421f-e399-4db8-897a-d8ef21b5e0a7,707b6ccf-c9d9-4c1d-97f4-516b572b2f9d,1697663465830433333
6a69421f-e399-4db8-897a-d8ef21b5e0a7,707b6ccf-c9d9-4c1d-97f4-516b572b2f9d,1697663465858255555
6a69421f-e399-4db8-897a-d8ef21b5e0a7,707b6ccf-c9d9-4c1d-97f4-516b572b2f9d,1697663465896688888
6a69421f-e399-4db8-897a-d8ef21b5e0a7,707b6ccf-c9d9-4c1d-97f4-516b572b2f9d,1697663465934777777
6a69421f-e399-4db8-897a-d8ef21b5e0a7,707b6ccf-c9d9-4c1d-97f4-516b572b2f9d,1697663465965844444
6a69421f-e399-4db8-897a-d8ef21b5e0a7,707b6ccf-c9d9-4c1d-97f4-516b572b2f9d,1697663465999811111
6a69421f-e399-4db8-897a-d8ef21b5e0a7,707b6ccf-c9d9-4c1d-97f4-516b572b2f9d,1697663466036100000
6a69421f-e399-4db8-897a-d8ef21b5e0a7,707b6ccf-c9d9-4c1d-97f4-516b572b2f9d,1697663466067266666
6a69421f-e399-4db8-897a-d8ef21b5e0a7,707b6ccf-c9d9-4c1d-97f4-516b572b2f9d,1697663466100888888
6a69421f-e399-4db8-897a-d8ef21b5e0a7,707b6ccf-c9d9-4c1d-97f4-516b572b2f9d,1697663466134422222
6a69421f-e399-4db8-897a-d8ef21b5e0a7,707b6ccf-c9d9-4c1d-97f4-516b572b2f9d,1697663466165322222
6a69421f-e399-4db8-897a-d8ef21b5e0a7,707b6ccf-c9d9-4c1d-97f4-516b572b2f9d,1697663466198866666
6a69421f-e399-4db8-897a-d8ef21b5e0a7,707b6ccf-c9d9-4c1d-97f4-516b572b2f9d,1697663466235711111
6a69421f-e399-4db8-897a-d8ef21b5e0a7,707b6ccf-c9d9-4c1d-97f4-516b572b2f9d,1697663466265466666
6a69421f-e399-4db8-897a-d8ef21b5e0a7,707b6ccf-c9d9-4c1d-97f4-516b572b2f9d,1697663466301644444
6a69421f-e399-4db8-897a-d8ef21b5e0a7,707b6ccf-c9d9-4c1d-97f4-516b572b2f9d,1697663466337000000
6a69421f-e399-4db8-897a-d8ef21b5e0a7,707b6ccf-c9d9-4c1d-97f4-516b572b2f9d,1697663466367588888
6a69421f-e399-4db8-897a-d8ef21b5e0a7,707b6ccf-c9d9-4c1d-97f4-516b572b2f9d,1697663466411733333
6a69421f-e399-4db8-897a-d8ef21b5e0a7,707b6ccf-c9d9-4c1d-97f4-516b572b2f9d,1697663466426377777
6a69421f-e399-4db8-897a-d8ef21b5e0a7,707b6ccf-c9d9-4c1d-97f4-516b572b2f9d,1697663466467044444
6a69421f-e399-4db8-897a-d8ef21b5e0a7,707b6ccf-c9d9-4c1d-97f4-516b572b2f9d,1697663466503322222
6a69421f-e399-4db8-897a-d8ef21b5e0a7,707b6ccf-c9d9-4c1d-97f4-516b572b2f9d,1697663466528111111
6a69421f-e399-4db8-897a-d8ef21b5e0a7,707b6ccf-c9d9-4c1d-97f4-516b572b2f9d,1697663466565866666
6a69421f-e399-4db8-897a-d8ef21b5e0a7,707b6ccf-c9d9-4c1d-97f4-516b572b2f9d,1697663466599300000
6a69421f-e399-4db8-897a-d8ef21b5e0a7,707b6ccf-c9d9-4c1d-97f4-516b572b2f9d,1697663466634300000
6a69421f-e399-4db8-897a-d8ef21b5e0a7,707b6ccf-c9d9-4c1d-97f4-516b572b2f9d,1697663466668733333
6a69421f-e399-4db8-897a-d8ef21b5e0a7,707b6ccf-c9d9-4c1d-97f4-516b572b2f9d,1697663466702277777
6a69421f-e399-4db8-897a-d8ef21b5e0a7,707b6ccf-c9d9-4c1d-97f4-516b572b2f9d,1697663466736766666
6a69421f-e399-4db8-897a-d8ef21b5e0a7,707b6ccf-c9d9-4c1d-97f4-516b572b2f9d,1697663466768877777
6a69421f-e399-4db8-897a-d8ef21b5e0a7,707b6ccf-c9d9-4c1d-97f4-516b572b2f9d,1697663466798133333
6a69421f-e399-4db8-897a-d8ef21b5e0a7,707b6ccf-c9d9-4c1d-97f4-516b572b2f9d,1697663466839322222
6a69421f-e399-4db8-897a-d8ef21b5e0a7,707b6ccf-c9d9-4c1d-97f4-516b572b2f9d,1697663466869800000
6a69421f-e399-4db8-897a-d8ef21b5e0a7,707b6ccf-c9d9-4c1d-97f4-516b572b2f9d,1697663466897522222
6a69421f-e399-4db8-897a-d8ef21b5e0a7,707b6ccf-c9d9-4c1d-97f4-516b572b2f9d,1697663466938322222
6a69421f-e399-4db8-897a-d8ef21b5e0a7,707b6ccf-c9d9-4c1d-97f4-516b572b2f9d,1697663466968677777
6a69421f-e399-4db8-897a-d8ef21b5e0a7,707b6ccf-c9d9-4c1d-97f4-516b572b2f9d,1697663466999155555
6a69421f-e399-4db8-897a-d8ef21b5e0a7,707b6ccf-c9d9-4c1d-97f4-516b572b2f9d,1697663467041711111
6a69421f-e399-4db8-897a-d8ef21b5e0a7,707b6ccf-c9d9-4c1d-97f4-516b572b2f9d,1697663467085577777
6a69421f-e399-4db8-897a-d8ef21b5e0a7,707b6ccf-c9d9-4c1d-97f4-516b572b2f9d,1697663467100711111
6a69421f-e399-4db8-897a-d8ef21b5e0a7,707b6ccf-c9d9-4c1d-97f4-516b572b2f9d,1697663467130766666
6a69421f-e399-4db8-897a-d8ef21b5e0a7,707b6ccf-c9d9-4c1d-97f4-516b572b2f9d,1697663467161022222
6a69421f-e399-4db8-897a-d8ef21b5e0a7,707b6ccf-c9d9-4c1d-97f4-516b572b2f9d,1697663467196055555
6a69421f-e399-4db8-897a-d8ef21b5e0a7,707b6ccf-c9d9-4c1d-97f4-516b572b2f9d,1697663467226911111
6a69421f-e399-4db8-897a-d8ef21b5e0a7,707b6ccf-c9d9-4c1d-97f4-516b572b2f9d,1697663467268944444
6a69421f-e399-4db8-897a-d8ef21b5e0a7,707b6ccf-c9d9-4c1d-97f4-516b572b2f9d,1697663467300122222
6a69421f-e399-4db8-897a-d8ef21b5e0a7,707b6ccf-c9d9-4c1d-97f4-516b572b2f9d,1697663467331522222
6a69421f-e399-4db8-897a-d8ef21b5e0a7,707b6ccf-c9d9-4c1d-97f4-516b572b2f9d,1697663467366800000
6a69421f-e399-4db8-897a-d8ef21b5e0a7,707b6ccf-c9d9-4c1d-97f4-516b572b2f9d,1697663467398477777
6a69421f-e399-4db8-897a-d8ef21b5e0a7,707b6ccf-c9d9-4c1d-97f4-516b572b2f9d,1697663467434766666
6a69421f-e399-4db8-897a-d8ef21b5e0a7,707b6ccf-c9d9-4c1d-97f4-516b572b2f9d,1697663467468455555
6a69421f-e399-4db8-897a-d8ef21b5e0a7,707b6ccf-c9d9-4c1d-97f4-516b572b2f9d,1697663467502611111
6a69421f-e399-4db8-897a-d8ef21b5e0a7,707b6ccf-c9d9-4c1d-97f4-516b572b2f9d,1697663467536666666
6a69421f-e399-4db8-897a-d8ef21b5e0a7,707b6ccf-c9d9-4c1d-97f4-516b572b2f9d,1697663467564922222
6a69421f-e399-4db8-897a-d8ef21b5e0a7,707b6ccf-c9d9-4c1d-97f4-516b572b2f9d,1697663467599488888
6a69421f-e399-4db8-897a-d8ef21b5e0a7,707b6ccf-c9d9-4c1d-97f4-516b572b2f9d,1697663467635255555
6a69421f-e399-4db8-897a-d8ef21b5e0a7,707b6ccf-c9d9-4c1d-97f4-516b572b2f9d,1697663467668177777
6a69421f-e399-4db8-897a-d8ef21b5e0a7,707b6ccf-c9d9-4c1d-97f4-516b572b2f9d,1697663467702288888
6a69421f-e399-4db8-897a-d8ef21b5e0a7,707b6ccf-c9d9-4c1d-97f4-516b572b2f9d,1697663467746611111
6a69421f-e399-4db8-897a-d8ef21b5e0a7,707b6ccf-c9d9-4c1d-97f4-516b572b2f9d,1697663467757833333
6a69421f-e399-4db8-897a-d8ef21b5e0a7,707b6ccf-c9d9-4c1d-97f4-516b572b2f9d,1697663467790833333
6a69421f-e399-4db8-897a-d8ef21b5e0a7,707b6ccf-c9d9-4c1d-97f4-516b572b2f9d,1697663467828788888
6a69421f-e399-4db8-897a-d8ef21b5e0a7,707b6ccf-c9d9-4c1d-97f4-516b572b2f9d,1697663467859700000
6a69421f-e399-4db8-897a-d8ef21b5e0a7,707b6ccf-c9d9-4c1d-97f4-516b572b2f9d,1697663467890400000
6a69421f-e399-4db8-897a-d8ef21b5e0a7,707b6ccf-c9d9-4c1d-97f4-516b572b2f9d,1697663467934666666
6a69421f-e399-4db8-897a-d8ef21b5e0a7,707b6ccf-c9d9-4c1d-97f4-516b572b2f9d,1697663467966400000
6a69421f-e399-4db8-897a-d8ef21b5e0a7,707b6ccf-c9d9-4c1d-97f4-516b572b2f9d,1697663467998666666
6a69421f-e399-4db8-897a-d8ef21b5e0a7,707b6ccf-c9d9-4c1d-97f4-516b572b2f9d,1697663468035788888
6a69421f-e399-4db8-897a-d8ef21b5e0a7,707b6ccf-c9d9-4c1d-97f4-516b572b2f9d,1697663468067477777
6a69421f-e399-4db8-897a-d8ef21b5e0a7,707b6ccf-c9d9-4c1d-97f4-516b572b2f9d,1697663468100800000
6a69421f-e399-4db8-897a-d8ef21b5e0a7,707b6ccf-c9d9-4c1d-97f4-516b572b2f9d,1697663468136566666
6a69421f-e399-4db8-897a-d8ef21b5e0a7,707b6ccf-c9d9-4c1d-97f4-516b572b2f9d,1697663468166811111
6a69421f-e399-4db8-897a-d8ef21b5e0a7,707b6ccf-c9d9-4c1d-97f4-516b572b2f9d,1697663468200711111
6a69421f-e399-4db8-897a-d8ef21b5e0a7,707b6ccf-c9d9-4c1d-97f4-516b572b2f9d,1697663468230411111
6a69421f-e399-4db8-897a-d8ef21b5e0a7,707b6ccf-c9d9-4c1d-97f4-516b572b2f9d,1697663468268966666
6a69421f-e399-4db8-897a-d8ef21b5e0a7,707b6ccf-c9d9-4c1d-97f4-516b572b2f9d,1697663468300822222
6a69421f-e399-4db8-897a-d8ef21b5e0a7,707b6ccf-c9d9-4c1d-97f4-516b572b2f9d,1697663468332055555
6a69421f-e399-4db8-897a-d8ef21b5e0a7,707b6ccf-c9d9-4c1d-97f4-516b572b2f9d,1697663468369311111
6a69421f-e399-4db8-897a-d8ef21b5e0a7,707b6ccf-c9d9-4c1d-97f4-516b572b2f9d,1697663468401377777
6a69421f-e399-4db8-897a-d8ef21b5e0a7,707b6ccf-c9d9-4c1d-97f4-516b572b2f9d,1697663468422366666
6a69421f-e399-4db8-897a-d8ef21b5e0a7,707b6ccf-c9d9-4c1d-97f4-516b572b2f9d,1697663468462933333
6a69421f-e399-4db8-897a-d8ef21b5e0a7,707b6ccf-c9d9-4c1d-97f4-516b572b2f9d,1697663468492011111
6a69421f-e399-4db8-897a-d8ef21b5e0a7,707b6ccf-c9d9-4c1d-97f4-516b572b2f9d,1697663468524888888
6a69421f-e399-4db8-897a-d8ef21b5e0a7,707b6ccf-c9d9-4c1d-97f4-516b572b2f9d,1697663468567944444
6a69421f-e399-4db8-897a-d8ef21b5e0a7,707b6ccf-c9d9-4c1d-97f4-516b572b2f9d,1697663468597944444
6a69421f-e399-4db8-897a-d8ef21b5e0a7,707b6ccf-c9d9-4c1d-97f4-516b572b2f9d,1697663468630611111
6a69421f-e399-4db8-897a-d8ef21b5e0a7,707b6ccf-c9d9-4c1d-97f4-516b572b2f9d,1697663468673566666
6a69421f-e399-4db8-897a-d8ef21b5e0a7,707b6ccf-c9d9-4c1d-97f4-516b572b2f9d,1697663468700177777
6a69421f-e399-4db8-897a-d8ef21b5e0a7,707b6ccf-c9d9-4c1d-97f4-516b572b2f9d,1697663468723977777
6a69421f-e399-4db8-897a-d8ef21b5e0a7,707b6ccf-c9d9-4c1d-97f4-516b572b2f9d,1697663468766522222
6a69421f-e399-4db8-897a-d8ef21b5e0a7,707b6ccf-c9d9-4c1d-97f4-516b572b2f9d,1697663468801800000
6a69421f-e399-4db8-897a-d8ef21b5e0a7,707b6ccf-c9d9-4c1d-97f4-516b572b2f9d,1697663468822233333
6a69421f-e399-4db8-897a-d8ef21b5e0a7,707b6ccf-c9d9-4c1d-97f4-516b572b2f9d,1697663468870522222
6a69421f-e399-4db8-897a-d8ef21b5e0a7,707b6ccf-c9d9-4c1d-97f4-516b572b2f9d,1697663468898022222
6a69421f-e399-4db8-897a-d8ef21b5e0a7,707b6ccf-c9d9-4c1d-97f4-516b572b2f9d,1697663468932000000
6a69421f-e399-4db8-897a-d8ef21b5e0a7,707b6ccf-c9d9-4c1d-97f4-516b572b2f9d,1697663468968288888
6a69421f-e399-4db8-897a-d8ef21b5e0a7,707b6ccf-c9d9-4c1d-97f4-516b572b2f9d,1697663468997588888
6a69421f-e399-4db8-897a-d8ef21b5e0a7,707b6ccf-c9d9-4c1d-97f4-516b572b2f9d,1697663469030422222
6a69421f-e399-4db8-897a-d8ef21b5e0a7,707b6ccf-c9d9-4c1d-97f4-516b572b2f9d,1697663469086188888
6a69421f-e399-4db8-897a-d8ef21b5e0a7,707b6ccf-c9d9-4c1d-97f4-516b572b2f9d,1697663469100822222
6a69421f-e399-4db8-897a-d8ef21b5e0a7,707b6ccf-c9d9-4c1d-97f4-516b572b2f9d,1697663469123644444
6a69421f-e399-4db8-897a-d8ef21b5e0a7,707b6ccf-c9d9-4c1d-97f4-516b572b2f9d,1697663469159255555
6a69421f-e399-4db8-897a-d8ef21b5e0a7,707b6ccf-c9d9-4c1d-97f4-516b572b2f9d,1697663469192600000
6a69421f-e399-4db8-897a-d8ef21b5e0a7,707b6ccf-c9d9-4c1d-97f4-516b572b2f9d,1697663469229511111
6a69421f-e399-4db8-897a-d8ef21b5e0a7,707b6ccf-c9d9-4c1d-97f4-516b572b2f9d,1697663469265355555
6a69421f-e399-4db8-897a-d8ef21b5e0a7,707b6ccf-c9d9-4c1d-97f4-516b572b2f9d,1697663469297311111
6a69421f-e399-4db8-897a-d8ef21b5e0a7,707b6ccf-c9d9-4c1d-97f4-516b572b2f9d,1697663469330188888
6a69421f-e399-4db8-897a-d8ef21b5e0a7,707b6ccf-c9d9-4c1d-97f4-516b572b2f9d,1697663469366444444
6a69421f-e399-4db8-897a-d8ef21b5e0a7,707b6ccf-c9d9-4c1d-97f4-516b572b2f9d,1697663469401311111
6a69421f-e399-4db8-897a-d8ef21b5e0a7,707b6ccf-c9d9-4c1d-97f4-516b572b2f9d,1697663469433088888
6a69421f-e399-4db8-897a-d8ef21b5e0a7,707b6ccf-c9d9-4c1d-97f4-516b572b2f9d,1697663469471233333
6a69421f-e399-4db8-897a-d8ef21b5e0a7,707b6ccf-c9d9-4c1d-97f4-516b572b2f9d,1697663469496444444
6a69421f-e399-4db8-897a-d8ef21b5e0a7,707b6ccf-c9d9-4c1d-97f4-516b572b2f9d,1697663469529988888
6a69421f-e399-4db8-897a-d8ef21b5e0a7,707b6ccf-c9d9-4c1d-97f4-516b572b2f9d,1697663469565211111
6a69421f-e399-4db8-897a-d8ef21b5e0a7,707b6ccf-c9d9-4c1d-97f4-516b572b2f9d,1697663469601933333
6a69421f-e399-4db8-897a-d8ef21b5e0a7,707b6ccf-c9d9-4c1d-97f4-516b572b2f9d,1697663469631955555
6a69421f-e399-4db8-897a-d8ef21b5e0a7,707b6ccf-c9d9-4c1d-97f4-516b572b2f9d,1697663469664500000
6a69421f-e399-4db8-897a-d8ef21b5e0a7,707b6ccf-c9d9-4c1d-97f4-516b572b2f9d,1697663469699844444
6a69421f-e399-4db8-897a-d8ef21b5e0a7,707b6ccf-c9d9-4c1d-97f4-516b572b2f9d,1697663469732244444
6a69421f-e399-4db8-897a-d8ef21b5e0a7,707b6ccf-c9d9-4c1d-97f4-516b572b2f9d,1697663469786066666
6a69421f-e399-4db8-897a-d8ef21b5e0a7,707b6ccf-c9d9-4c1d-97f4-516b572b2f9d,1697663469799588888
6a69421f-e399-4db8-897a-d8ef21b5e0a7,707b6ccf-c9d9-4c1d-97f4-516b572b2f9d,1697663469823322222
6a69421f-e399-4db8-897a-d8ef21b5e0a7,707b6ccf-c9d9-4c1d-97f4-516b572b2f9d,1697663469869722222
6a69421f-e399-4db8-897a-d8ef21b5e0a7,707b6ccf-c9d9-4c1d-97f4-516b572b2f9d,1697663469894644444
6a69421f-e399-4db8-897a-d8ef21b5e0a7,707b6ccf-c9d9-4c1d-97f4-516b572b2f9d,1697663469921633333
6a69421f-e399-4db8-897a-d8ef21b5e0a7,707b6ccf-c9d9-4c1d-97f4-516b572b2f9d,1697663469970977777
6a69421f-e399-4db8-897a-d8ef21b5e0a7,707b6ccf-c9d9-4c1d-97f4-516b572b2f9d,1697663470000211111
6a69421f-e399-4db8-897a-d8ef21b5e0a7,707b6ccf-c9d9-4c1d-97f4-516b572b2f9d,1697663470034522222
6a69421f-e399-4db8-897a-d8ef21b5e0a7,707b6ccf-c9d9-4c1d-97f4-516b572b2f9d,1697663470067155555
6a69421f-e399-4db8-897a-d8ef21b5e0a7,707b6ccf-c9d9-4c1d-97f4-516b572b2f9d,1697663470097611111
6a69421f-e399-4db8-897a-d8ef21b5e0a7,707b6ccf-c9d9-4c1d-97f4-516b572b2f9d,1697663470131100000
6a69421f-e399-4db8-897a-d8ef21b5e0a7,707b6ccf-c9d9-4c1d-97f4-516b572b2f9d,1697663470169888888
6a69421f-e399-4db8-897a-d8ef21b5e0a7,707b6ccf-c9d9-4c1d-97f4-516b572b2f9d,1697663470202111111
6a69421f-e399-4db8-897a-d8ef21b5e0a7,707b6ccf-c9d9-4c1d-97f4-516b572b2f9d,1697663470231766666
6a69421f-e399-4db8-897a-d8ef21b5e0a7,707b6ccf-c9d9-4c1d-97f4-516b572b2f9d,1697663470272433333
6a69421f-e399-4db8-897a-d8ef21b5e0a7,707b6ccf-c9d9-4c1d-97f4-516b572b2f9d,1697663470299266666
6a69421f-e399-4db8-897a-d8ef21b5e0a7,707b6ccf-c9d9-4c1d-97f4-516b572b2f9d,1697663470330211111
6a69421f-e399-4db8-897a-d8ef21b5e0a7,707b6ccf-c9d9-4c1d-97f4-516b572b2f9d,1697663470368155555
6a69421f-e399-4db8-897a-d8ef21b5e0a7,707b6ccf-c9d9-4c1d-97f4-516b572b2f9d,1697663470403533333
6a69421f-e399-4db8-897a-d8ef21b5e0a7,707b6ccf-c9d9-4c1d-97f4-516b572b2f9d,1697663470446155555
6a69421f-e399-4db8-897a-d8ef21b5e0a7,707b6ccf-c9d9-4c1d-97f4-516b572b2f9d,1697663470458333333
6a69421f-e399-4db8-897a-d8ef21b5e0a7,707b6ccf-c9d9-4c1d-97f4-516b572b2f9d,1697663470503555555
6a69421f-e399-4db8-897a-d8ef21b5e0a7,707b6ccf-c9d9-4c1d-97f4-516b572b2f9d,1697663470523244444
6a69421f-e399-4db8-897a-d8ef21b5e0a7,707b6ccf-c9d9-4c1d-97f4-516b572b2f9d,1697663470574722222
6a69421f-e399-4db8-897a-d8ef21b5e0a7,707b6ccf-c9d9-4c1d-97f4-516b572b2f9d,1697663470598944444
6a69421f-e399-4db8-897a-d8ef21b5e0a7,707b6ccf-c9d9-4c1d-97f4-516b572b2f9d,1697663470632044444
6a69421f-e399-4db8-897a-d8ef21b5e0a7,707b6ccf-c9d9-4c1d-97f4-516b572b2f9d,1697663470668588888
6a69421f-e399-4db8-897a-d8ef21b5e0a7,707b6ccf-c9d9-4c1d-97f4-516b572b2f9d,1697663470702188888
6a69421f-e399-4db8-897a-d8ef21b5e0a7,707b6ccf-c9d9-4c1d-97f4-516b572b2f9d,1697663470732077777
6a69421f-e399-4db8-897a-d8ef21b5e0a7,707b6ccf-c9d9-4c1d-97f4-516b572b2f9d,1697663470769577777
6a69421f-e399-4db8-897a-d8ef21b5e0a7,707b6ccf-c9d9-4c1d-97f4-516b572b2f9d,1697663470805455555
6a69421f-e399-4db8-897a-d8ef21b5e0a7,707b6ccf-c9d9-4c1d-97f4-516b572b2f9d,1697663470831611111
6a69421f-e399-4db8-897a-d8ef21b5e0a7,707b6ccf-c9d9-4c1d-97f4-516b572b2f9d,1697663470869222222
6a69421f-e399-4db8-897a-d8ef21b5e0a7,707b6ccf-c9d9-4c1d-97f4-516b572b2f9d,1697663470901655555
6a69421f-e399-4db8-897a-d8ef21b5e0a7,707b6ccf-c9d9-4c1d-97f4-516b572b2f9d,1697663470931844444
6a69421f-e399-4db8-897a-d8ef21b5e0a7,707b6ccf-c9d9-4c1d-97f4-516b572b2f9d,1697663470967177777
6a69421f-e399-4db8-897a-d8ef21b5e0a7,707b6ccf-c9d9-4c1d-97f4-516b572b2f9d,1697663471001366666
6a69421f-e399-4db8-897a-d8ef21b5e0a7,707b6ccf-c9d9-4c1d-97f4-516b572b2f9d,1697663471032655555
6a69421f-e399-4db8-897a-d8ef21b5e0a7,707b6ccf-c9d9-4c1d-97f4-516b572b2f9d,1697663471071377777
6a69421f-e399-4db8-897a-d8ef21b5e0a7,707b6ccf-c9d9-4c1d-97f4-516b572b2f9d,1697663471108611111
6a69421f-e399-4db8-897a-d8ef21b5e0a7,707b6ccf-c9d9-4c1d-97f4-516b572b2f9d,1697663471137488888
6a69421f-e399-4db8-897a-d8ef21b5e0a7,707b6ccf-c9d9-4c1d-97f4-516b572b2f9d,1697663471157811111
6a69421f-e399-4db8-897a-d8ef21b5e0a7,707b6ccf-c9d9-4c1d-97f4-516b572b2f9d,1697663471194633333
6a69421f-e399-4db8-897a-d8ef21b5e0a7,707b6ccf-c9d9-4c1d-97f4-516b572b2f9d,1697663471225800000
6a69421f-e399-4db8-897a-d8ef21b5e0a7,707b6ccf-c9d9-4c1d-97f4-516b572b2f9d,1697663471268888888
6a69421f-e399-4db8-897a-d8ef21b5e0a7,707b6ccf-c9d9-4c1d-97f4-516b572b2f9d,1697663471301300000
6a69421f-e399-4db8-897a-d8ef21b5e0a7,707b6ccf-c9d9-4c1d-97f4-516b572b2f9d,1697663471323733333
6a69421f-e399-4db8-897a-d8ef21b5e0a7,707b6ccf-c9d9-4c1d-97f4-516b572b2f9d,1697663471362566666
6a69421f-e399-4db8-897a-d8ef21b5e0a7,707b6ccf-c9d9-4c1d-97f4-516b572b2f9d,1697663471400177777
6a69421f-e399-4db8-897a-d8ef21b5e0a7,707b6ccf-c9d9-4c1d-97f4-516b572b2f9d,1697663471427266666
6a69421f-e399-4db8-897a-d8ef21b5e0a7,707b6ccf-c9d9-4c1d-97f4-516b572b2f9d,1697663471466311111
6a69421f-e399-4db8-897a-d8ef21b5e0a7,707b6ccf-c9d9-4c1d-97f4-516b572b2f9d,1697663471498100000
6a69421f-e399-4db8-897a-d8ef21b5e0a7,707b6ccf-c9d9-4c1d-97f4-516b572b2f9d,1697663471531600000
6a69421f-e399-4db8-897a-d8ef21b5e0a7,707b6ccf-c9d9-4c1d-97f4-516b572b2f9d,1697663471563233333
6a69421f-e399-4db8-897a-d8ef21b5e0a7,707b6ccf-c9d9-4c1d-97f4-516b572b2f9d,1697663471599577777
6a69421f-e399-4db8-897a-d8ef21b5e0a7,707b6ccf-c9d9-4c1d-97f4-516b572b2f9d,1697663471635255555
6a69421f-e399-4db8-897a-d8ef21b5e0a7,707b6ccf-c9d9-4c1d-97f4-516b572b2f9d,1697663471664488888
6a69421f-e399-4db8-897a-d8ef21b5e0a7,707b6ccf-c9d9-4c1d-97f4-516b572b2f9d,1697663471706222222
6a69421f-e399-4db8-897a-d8ef21b5e0a7,707b6ccf-c9d9-4c1d-97f4-516b572b2f9d,1697663471733922222
6a69421f-e399-4db8-897a-d8ef21b5e0a7,707b6ccf-c9d9-4c1d-97f4-516b572b2f9d,1697663471783022222
6a69421f-e399-4db8-897a-d8ef21b5e0a7,707b6ccf-c9d9-4c1d-97f4-516b572b2f9d,1697663471792422222
6a69421f-e399-4db8-897a-d8ef21b5e0a7,707b6ccf-c9d9-4c1d-97f4-516b572b2f9d,1697663471827477777
6a69421f-e399-4db8-897a-d8ef21b5e0a7,707b6ccf-c9d9-4c1d-97f4-516b572b2f9d,1697663471868077777
6a69421f-e399-4db8-897a-d8ef21b5e0a7,707b6ccf-c9d9-4c1d-97f4-516b572b2f9d,1697663471890755555
6a69421f-e399-4db8-897a-d8ef21b5e0a7,707b6ccf-c9d9-4c1d-97f4-516b572b2f9d,1697663471930522222
6a69421f-e399-4db8-897a-d8ef21b5e0a7,707b6ccf-c9d9-4c1d-97f4-516b572b2f9d,1697663471963411111
6a69421f-e399-4db8-897a-d8ef21b5e0a7,707b6ccf-c9d9-4c1d-97f4-516b572b2f9d,1697663472003122222
6a69421f-e399-4db8-897a-d8ef21b5e0a7,707b6ccf-c9d9-4c1d-97f4-516b572b2f9d,1697663472030144444
6a69421f-e399-4db8-897a-d8ef21b5e0a7,707b6ccf-c9d9-4c1d-97f4-516b572b2f9d,1697663472064400000
6a69421f-e399-4db8-897a-d8ef21b5e0a7,707b6ccf-c9d9-4c1d-97f4-516b572b2f9d,1697663472098566666
6a69421f-e399-4db8-897a-d8ef21b5e0a7,707b6ccf-c9d9-4c1d-97f4-516b572b2f9d,1697663472130133333
6a69421f-e399-4db8-897a-d8ef21b5e0a7,707b6ccf-c9d9-4c1d-97f4-516b572b2f9d,1697663472164777777
6a69421f-e399-4db8-897a-d8ef21b5e0a7,707b6ccf-c9d9-4c1d-97f4-516b572b2f9d,1697663472202944444
6a69421f-e399-4db8-897a-d8ef21b5e0a7,707b6ccf-c9d9-4c1d-97f4-516b572b2f9d,1697663472232444444
6a69421f-e399-4db8-897a-d8ef21b5e0a7,707b6ccf-c9d9-4c1d-97f4-516b572b2f9d,1697663472262444444
6a69421f-e399-4db8-897a-d8ef21b5e0a7,707b6ccf-c9d9-4c1d-97f4-516b572b2f9d,1697663472300711111
6a69421f-e399-4db8-897a-d8ef21b5e0a7,707b6ccf-c9d9-4c1d-97f4-516b572b2f9d,1697663472331666666
6a69421f-e399-4db8-897a-d8ef21b5e0a7,707b6ccf-c9d9-4c1d-97f4-516b572b2f9d,1697663472361966666
6a69421f-e399-4db8-897a-d8ef21b5e0a7,707b6ccf-c9d9-4c1d-97f4-516b572b2f9d,1697663472406777777
6a69421f-e399-4db8-897a-d8ef21b5e0a7,707b6ccf-c9d9-4c1d-97f4-516b572b2f9d,1697663472421922222
6a69421f-e399-4db8-897a-d8ef21b5e0a7,707b6ccf-c9d9-4c1d-97f4-516b572b2f9d,1697663472455711111
6a69421f-e399-4db8-897a-d8ef21b5e0a7,707b6ccf-c9d9-4c1d-97f4-516b572b2f9d,1697663472493622222
6a69421f-e399-4db8-897a-d8ef21b5e0a7,707b6ccf-c9d9-4c1d-97f4-516b572b2f9d,1697663472529211111
6a69421f-e399-4db8-897a-d8ef21b5e0a7,707b6ccf-c9d9-4c1d-97f4-516b572b2f9d,1697663472553244444
6a69421f-e399-4db8-897a-d8ef21b5e0a7,707b6ccf-c9d9-4c1d-97f4-516b572b2f9d,1697663472598233333
6a69421f-e399-4db8-897a-d8ef21b5e0a7,707b6ccf-c9d9-4c1d-97f4-516b572b2f9d,1697663472629900000
6a69421f-e399-4db8-897a-d8ef21b5e0a7,707b6ccf-c9d9-4c1d-97f4-516b572b2f9d,1697663472661333333
6a69421f-e399-4db8-897a-d8ef21b5e0a7,707b6ccf-c9d9-4c1d-97f4-516b572b2f9d,1697663472698555555
6a69421f-e399-4db8-897a-d8ef21b5e0a7,707b6ccf-c9d9-4c1d-97f4-516b572b2f9d,1697663472730177777
6a69421f-e399-4db8-897a-d8ef21b5e0a7,707b6ccf-c9d9-4c1d-97f4-516b572b2f9d,1697663472762244444
6a69421f-e399-4db8-897a-d8ef21b5e0a7,707b6ccf-c9d9-4c1d-97f4-516b572b2f9d,1697663472798822222
6a69421f-e399-4db8-897a-d8ef21b5e0a7,707b6ccf-c9d9-4c1d-97f4-516b572b2f9d,1697663472832522222
6a69421f-e399-4db8-897a-d8ef21b5e0a7,707b6ccf-c9d9-4c1d-97f4-516b572b2f9d,1697663472862744444
6a69421f-e399-4db8-897a-d8ef21b5e0a7,707b6ccf-c9d9-4c1d-97f4-516b572b2f9d,1697663472902577777
6a69421f-e399-4db8-897a-d8ef21b5e0a7,707b6ccf-c9d9-4c1d-97f4-516b572b2f9d,1697663472933666666
6a69421f-e399-4db8-897a-d8ef21b5e0a7,707b6ccf-c9d9-4c1d-97f4-516b572b2f9d,1697663472968500000
6a69421f-e399-4db8-897a-d8ef21b5e0a7,707b6ccf-c9d9-4c1d-97f4-516b572b2f9d,1697663473002444444
6a69421f-e399-4db8-897a-d8ef21b5e0a7,707b6ccf-c9d9-4c1d-97f4-516b572b2f9d,1697663473032011111
6a69421f-e399-4db8-897a-d8ef21b5e0a7,707b6ccf-c9d9-4c1d-97f4-516b572b2f9d,1697663473070688888
6a69421f-e399-4db8-897a-d8ef21b5e0a7,707b6ccf-c9d9-4c1d-97f4-516b572b2f9d,1697663473104333333
6a69421f-e399-4db8-897a-d8ef21b5e0a7,707b6ccf-c9d9-4c1d-97f4-516b572b2f9d,1697663473123766666
6a69421f-e399-4db8-897a-d8ef21b5e0a7,707b6ccf-c9d9-4c1d-97f4-516b572b2f9d,1697663473163366666
6a69421f-e399-4db8-897a-d8ef21b5e0a7,707b6ccf-c9d9-4c1d-97f4-516b572b2f9d,1697663473207144444
6a69421f-e399-4db8-897a-d8ef21b5e0a7,707b6ccf-c9d9-4c1d-97f4-516b572b2f9d,1697663473228633333
6a69421f-e399-4db8-897a-d8ef21b5e0a7,707b6ccf-c9d9-4c1d-97f4-516b572b2f9d,1697663473262677777
6a69421f-e399-4db8-897a-d8ef21b5e0a7,707b6ccf-c9d9-4c1d-97f4-516b572b2f9d,1697663473298988888
6a69421f-e399-4db8-897a-d8ef21b5e0a7,707b6ccf-c9d9-4c1d-97f4-516b572b2f9d,1697663473330311111
6a69421f-e399-4db8-897a-d8ef21b5e0a7,707b6ccf-c9d9-4c1d-97f4-516b572b2f9d,1697663473363366666
6a69421f-e399-4db8-897a-d8ef21b5e0a7,707b6ccf-c9d9-4c1d-97f4-516b572b2f9d,1697663473400522222
6a69421f-e399-4db8-897a-d8ef21b5e0a7,707b6ccf-c9d9-4c1d-97f4-516b572b2f9d,1697663473431988888
6a69421f-e399-4db8-897a-d8ef21b5e0a7,707b6ccf-c9d9-4c1d-97f4-516b572b2f9d,1697663473466111111
6a69421f-e399-4db8-897a-d8ef21b5e0a7,707b6ccf-c9d9-4c1d-97f4-516b572b2f9d,1697663473501600000
6a69421f-e399-4db8-897a-d8ef21b5e0a7,707b6ccf-c9d9-4c1d-97f4-516b572b2f9d,1697663473531055555
6a69421f-e399-4db8-897a-d8ef21b5e0a7,707b6ccf-c9d9-4c1d-97f4-516b572b2f9d,1697663473564166666
6a69421f-e399-4db8-897a-d8ef21b5e0a7,707b6ccf-c9d9-4c1d-97f4-516b572b2f9d,1697663473603411111
6a69421f-e399-4db8-897a-d8ef21b5e0a7,707b6ccf-c9d9-4c1d-97f4-516b572b2f9d,1697663473631044444
6a69421f-e399-4db8-897a-d8ef21b5e0a7,707b6ccf-c9d9-4c1d-97f4-516b572b2f9d,1697663473660888888
6a69421f-e399-4db8-897a-d8ef21b5e0a7,707b6ccf-c9d9-4c1d-97f4-516b572b2f9d,1697663473700600000
6a69421f-e399-4db8-897a-d8ef21b5e0a7,707b6ccf-c9d9-4c1d-97f4-516b572b2f9d,1697663473733500000
6a69421f-e399-4db8-897a-d8ef21b5e0a7,707b6ccf-c9d9-4c1d-97f4-516b572b2f9d,1697663473760533333
6a69421f-e399-4db8-897a-d8ef21b5e0a7,707b6ccf-c9d9-4c1d-97f4-516b572b2f9d,1697663473792777777
6a69421f-e399-4db8-897a-d8ef21b5e0a7,707b6ccf-c9d9-4c1d-97f4-516b572b2f9d,1697663473833511111
6a69421f-e399-4db8-897a-d8ef21b5e0a7,707b6ccf-c9d9-4c1d-97f4-516b572b2f9d,1697663473856322222
6a69421f-e399-4db8-897a-d8ef21b5e0a7,707b6ccf-c9d9-4c1d-97f4-516b572b2f9d,1697663473902000000
6a69421f-e399-4db8-897a-d8ef21b5e0a7,707b6ccf-c9d9-4c1d-97f4-516b572b2f9d,1697663473921488888
6a69421f-e399-4db8-897a-d8ef21b5e0a7,707b6ccf-c9d9-4c1d-97f4-516b572b2f9d,1697663473970344444
6a69421f-e399-4db8-897a-d8ef21b5e0a7,707b6ccf-c9d9-4c1d-97f4-516b572b2f9d,1697663473999477777
6a69421f-e399-4db8-897a-d8ef21b5e0a7,707b6ccf-c9d9-4c1d-97f4-516b572b2f9d,1697663474025244444
6a69421f-e399-4db8-897a-d8ef21b5e0a7,707b6ccf-c9d9-4c1d-97f4-516b572b2f9d,1697663474062877777
6a69421f-e399-4db8-897a-d8ef21b5e0a7,707b6ccf-c9d9-4c1d-97f4-516b572b2f9d,1697663474101533333
6a69421f-e399-4db8-897a-d8ef21b5e0a7,707b6ccf-c9d9-4c1d-97f4-516b572b2f9d,1697663474130911111
6a69421f-e399-4db8-897a-d8ef21b5e0a7,707b6ccf-c9d9-4c1d-97f4-516b572b2f9d,1697663474164855555
6a69421f-e399-4db8-897a-d8ef21b5e0a7,707b6ccf-c9d9-4c1d-97f4-516b572b2f9d,1697663474199600000
6a69421f-e399-4db8-897a-d8ef21b5e0a7,707b6ccf-c9d9-4c1d-97f4-516b572b2f9d,1697663474234800000
6a69421f-e399-4db8-897a-d8ef21b5e0a7,707b6ccf-c9d9-4c1d-97f4-516b572b2f9d,1697663474261522222
6a69421f-e399-4db8-897a-d8ef21b5e0a7,707b6ccf-c9d9-4c1d-97f4-516b572b2f9d,1697663474299100000
6a69421f-e399-4db8-897a-d8ef21b5e0a7,707b6ccf-c9d9-4c1d-97f4-516b572b2f9d,1697663474331955555
6a69421f-e399-4db8-897a-d8ef21b5e0a7,707b6ccf-c9d9-4c1d-97f4-516b572b2f9d,1697663474364233333
6a69421f-e399-4db8-897a-d8ef21b5e0a7,707b6ccf-c9d9-4c1d-97f4-516b572b2f9d,1697663474403466666
6a69421f-e399-4db8-897a-d8ef21b5e0a7,707b6ccf-c9d9-4c1d-97f4-516b572b2f9d,1697663474424900000
6a69421f-e399-4db8-897a-d8ef21b5e0a7,707b6ccf-c9d9-4c1d-97f4-516b572b2f9d,1697663474466466666
6a69421f-e399-4db8-897a-d8ef21b5e0a7,707b6ccf-c9d9-4c1d-97f4-516b572b2f9d,1697663474490733333
6a69421f-e399-4db8-897a-d8ef21b5e0a7,707b6ccf-c9d9-4c1d-97f4-516b572b2f9d,1697663474524366666
6a69421f-e399-4db8-897a-d8ef21b5e0a7,707b6ccf-c9d9-4c1d-97f4-516b572b2f9d,1697663474568066666
6a69421f-e399-4db8-897a-d8ef21b5e0a7,707b6ccf-c9d9-4c1d-97f4-516b572b2f9d,1697663474594877777
6a69421f-e399-4db8-897a-d8ef21b5e0a7,707b6ccf-c9d9-4c1d-97f4-516b572b2f9d,1697663474631055555
6a69421f-e399-4db8-897a-d8ef21b5e0a7,707b6ccf-c9d9-4c1d-97f4-516b572b2f9d,1697663474662688888
6a69421f-e399-4db8-897a-d8ef21b5e0a7,707b6ccf-c9d9-4c1d-97f4-516b572b2f9d,1697663474697611111
6a69421f-e399-4db8-897a-d8ef21b5e0a7,707b6ccf-c9d9-4c1d-97f4-516b572b2f9d,1697663474732777777
6a69421f-e399-4db8-897a-d8ef21b5e0a7,707b6ccf-c9d9-4c1d-97f4-516b572b2f9d,1697663474762533333
6a69421f-e399-4db8-897a-d8ef21b5e0a7,707b6ccf-c9d9-4c1d-97f4-516b572b2f9d,1697663474798688888
6a69421f-e399-4db8-897a-d8ef21b5e0a7,707b6ccf-c9d9-4c1d-97f4-516b572b2f9d,1697663474832455555
6a69421f-e399-4db8-897a-d8ef21b5e0a7,707b6ccf-c9d9-4c1d-97f4-516b572b2f9d,1697663474863444444
6a69421f-e399-4db8-897a-d8ef21b5e0a7,707b6ccf-c9d9-4c1d-97f4-516b572b2f9d,1697663474898777777
6a69421f-e399-4db8-897a-d8ef21b5e0a7,707b6ccf-c9d9-4c1d-97f4-516b572b2f9d,1697663474931444444
6a69421f-e399-4db8-897a-d8ef21b5e0a7,707b6ccf-c9d9-4c1d-97f4-516b572b2f9d,1697663474963600000
6a69421f-e399-4db8-897a-d8ef21b5e0a7,707b6ccf-c9d9-4c1d-97f4-516b572b2f9d,1697663474995633333
6a69421f-e399-4db8-897a-d8ef21b5e0a7,707b6ccf-c9d9-4c1d-97f4-516b572b2f9d,1697663475032322222
6a69421f-e399-4db8-897a-d8ef21b5e0a7,707b6ccf-c9d9-4c1d-97f4-516b572b2f9d,1697663475069666666
6a69421f-e399-4db8-897a-d8ef21b5e0a7,707b6ccf-c9d9-4c1d-97f4-516b572b2f9d,1697663475106822222
6a69421f-e399-4db8-897a-d8ef21b5e0a7,707b6ccf-c9d9-4c1d-97f4-516b572b2f9d,1697663475127988888
6a69421f-e399-4db8-897a-d8ef21b5e0a7,707b6ccf-c9d9-4c1d-97f4-516b572b2f9d,1697663475154822222
6a69421f-e399-4db8-897a-d8ef21b5e0a7,707b6ccf-c9d9-4c1d-97f4-516b572b2f9d,1697663475193444444
6a69421f-e399-4db8-897a-d8ef21b5e0a7,707b6ccf-c9d9-4c1d-97f4-516b572b2f9d,1697663475223211111
6a69421f-e399-4db8-897a-d8ef21b5e0a7,707b6ccf-c9d9-4c1d-97f4-516b572b2f9d,1697663475257766666
6a69421f-e399-4db8-897a-d8ef21b5e0a7,707b6ccf-c9d9-4c1d-97f4-516b572b2f9d,1697663475297400000
6a69421f-e399-4db8-897a-d8ef21b5e0a7,707b6ccf-c9d9-4c1d-97f4-516b572b2f9d,1697663475330822222
6a69421f-e399-4db8-897a-d8ef21b5e0a7,707b6ccf-c9d9-4c1d-97f4-516b572b2f9d,1697663475361088888
6a69421f-e399-4db8-897a-d8ef21b5e0a7,707b6ccf-c9d9-4c1d-97f4-516b572b2f9d,1697663475396000000
6a69421f-e399-4db8-897a-d8ef21b5e0a7,707b6ccf-c9d9-4c1d-97f4-516b572b2f9d,1697663475434566666
6a69421f-e399-4db8-897a-d8ef21b5e0a7,707b6ccf-c9d9-4c1d-97f4-516b572b2f9d,1697663475462655555
6a69421f-e399-4db8-897a-d8ef21b5e0a7,707b6ccf-c9d9-4c1d-97f4-516b572b2f9d,1697663475495088888
6a69421f-e399-4db8-897a-d8ef21b5e0a7,707b6ccf-c9d9-4c1d-97f4-516b572b2f9d,1697663475530555555
6a69421f-e399-4db8-897a-d8ef21b5e0a7,707b6ccf-c9d9-4c1d-97f4-516b572b2f9d,1697663475562400000
6a69421f-e399-4db8-897a-d8ef21b5e0a7,707b6ccf-c9d9-4c1d-97f4-516b572b2f9d,1697663475596100000
6a69421f-e399-4db8-897a-d8ef21b5e0a7,707b6ccf-c9d9-4c1d-97f4-516b572b2f9d,1697663475629911111
6a69421f-e399-4db8-897a-d8ef21b5e0a7,707b6ccf-c9d9-4c1d-97f4-516b572b2f9d,1697663475664555555
6a69421f-e399-4db8-897a-d8ef21b5e0a7,707b6ccf-c9d9-4c1d-97f4-516b572b2f9d,1697663475699033333
6a69421f-e399-4db8-897a-d8ef21b5e0a7,707b6ccf-c9d9-4c1d-97f4-516b572b2f9d,1697663475733777777
6a69421f-e399-4db8-897a-d8ef21b5e0a7,707b6ccf-c9d9-4c1d-97f4-516b572b2f9d,1697663475772133333
6a69421f-e399-4db8-897a-d8ef21b5e0a7,707b6ccf-c9d9-4c1d-97f4-516b572b2f9d,1697663475794877777
6a69421f-e399-4db8-897a-d8ef21b5e0a7,707b6ccf-c9d9-4c1d-97f4-516b572b2f9d,1697663475834022222
6a69421f-e399-4db8-897a-d8ef21b5e0a7,707b6ccf-c9d9-4c1d-97f4-516b572b2f9d,1697663475857200000
6a69421f-e399-4db8-897a-d8ef21b5e0a7,707b6ccf-c9d9-4c1d-97f4-516b572b2f9d,1697663475892844444
6a69421f-e399-4db8-897a-d8ef21b5e0a7,707b6ccf-c9d9-4c1d-97f4-516b572b2f9d,1697663475930600000
6a69421f-e399-4db8-897a-d8ef21b5e0a7,707b6ccf-c9d9-4c1d-97f4-516b572b2f9d,1697663475963533333
6a69421f-e399-4db8-897a-d8ef21b5e0a7,707b6ccf-c9d9-4c1d-97f4-516b572b2f9d,1697663475994366666
6a69421f-e399-4db8-897a-d8ef21b5e0a7,707b6ccf-c9d9-4c1d-97f4-516b572b2f9d,1697663476030600000
6a69421f-e399-4db8-897a-d8ef21b5e0a7,707b6ccf-c9d9-4c1d-97f4-516b572b2f9d,1697663476061211111
6a69421f-e399-4db8-897a-d8ef21b5e0a7,707b6ccf-c9d9-4c1d-97f4-516b572b2f9d,1697663476094000000
6a69421f-e399-4db8-897a-d8ef21b5e0a7,707b6ccf-c9d9-4c1d-97f4-516b572b2f9d,1697663476131000000
6a69421f-e399-4db8-897a-d8ef21b5e0a7,707b6ccf-c9d9-4c1d-97f4-516b572b2f9d,1697663476162677777
6a69421f-e399-4db8-897a-d8ef21b5e0a7,707b6ccf-c9d9-4c1d-97f4-516b572b2f9d,1697663476194588888
6a69421f-e399-4db8-897a-d8ef21b5e0a7,707b6ccf-c9d9-4c1d-97f4-516b572b2f9d,1697663476231955555
6a69421f-e399-4db8-897a-d8ef21b5e0a7,707b6ccf-c9d9-4c1d-97f4-516b572b2f9d,1697663476270300000
6a69421f-e399-4db8-897a-d8ef21b5e0a7,707b6ccf-c9d9-4c1d-97f4-516b572b2f9d,1697663476295444444
6a69421f-e399-4db8-897a-d8ef21b5e0a7,707b6ccf-c9d9-4c1d-97f4-516b572b2f9d,1697663476330822222
6a69421f-e399-4db8-897a-d8ef21b5e0a7,707b6ccf-c9d9-4c1d-97f4-516b572b2f9d,1697663476363266666
6a69421f-e399-4db8-897a-d8ef21b5e0a7,707b6ccf-c9d9-4c1d-97f4-516b572b2f9d,1697663476394622222
6a69421f-e399-4db8-897a-d8ef21b5e0a7,707b6ccf-c9d9-4c1d-97f4-516b572b2f9d,1697663476430022222
6a69421f-e399-4db8-897a-d8ef21b5e0a7,707b6ccf-c9d9-4c1d-97f4-516b572b2f9d,1697663476456000000
6a69421f-e399-4db8-897a-d8ef21b5e0a7,707b6ccf-c9d9-4c1d-97f4-516b572b2f9d,1697663476488688888
6a69421f-e399-4db8-897a-d8ef21b5e0a7,707b6ccf-c9d9-4c1d-97f4-516b572b2f9d,1697663476523311111
6a69421f-e399-4db8-897a-d8ef21b5e0a7,707b6ccf-c9d9-4c1d-97f4-516b572b2f9d,1697663476554922222
6a69421f-e399-4db8-897a-d8ef21b5e0a7,707b6ccf-c9d9-4c1d-97f4-516b572b2f9d,1697663476595611111
6a69421f-e399-4db8-897a-d8ef21b5e0a7,707b6ccf-c9d9-4c1d-97f4-516b572b2f9d,1697663476629833333
6a69421f-e399-4db8-897a-d8ef21b5e0a7,707b6ccf-c9d9-4c1d-97f4-516b572b2f9d,1697663476662833333
6a69421f-e399-4db8-897a-d8ef21b5e0a7,707b6ccf-c9d9-4c1d-97f4-516b572b2f9d,1697663476696677777
6a69421f-e399-4db8-897a-d8ef21b5e0a7,707b6ccf-c9d9-4c1d-97f4-516b572b2f9d,1697663476731322222
6a69421f-e399-4db8-897a-d8ef21b5e0a7,707b6ccf-c9d9-4c1d-97f4-516b572b2f9d,1697663476760933333
6a69421f-e399-4db8-897a-d8ef21b5e0a7,707b6ccf-c9d9-4c1d-97f4-516b572b2f9d,1697663476794366666
6a69421f-e399-4db8-897a-d8ef21b5e0a7,707b6ccf-c9d9-4c1d-97f4-516b572b2f9d,1697663476831088888
6a69421f-e399-4db8-897a-d8ef21b5e0a7,707b6ccf-c9d9-4c1d-97f4-516b572b2f9d,1697663476863988888
6a69421f-e399-4db8-897a-d8ef21b5e0a7,707b6ccf-c9d9-4c1d-97f4-516b572b2f9d,1697663476895288888
6a69421f-e399-4db8-897a-d8ef21b5e0a7,707b6ccf-c9d9-4c1d-97f4-516b572b2f9d,1697663476931133333
6a69421f-e399-4db8-897a-d8ef21b5e0a7,707b6ccf-c9d9-4c1d-97f4-516b572b2f9d,1697663476962866666
6a69421f-e399-4db8-897a-d8ef21b5e0a7,707b6ccf-c9d9-4c1d-97f4-516b572b2f9d,1697663476998155555
6a69421f-e399-4db8-897a-d8ef21b5e0a7,707b6ccf-c9d9-4c1d-97f4-516b572b2f9d,1697663477031200000
6a69421f-e399-4db8-897a-d8ef21b5e0a7,707b6ccf-c9d9-4c1d-97f4-516b572b2f9d,1697663477062655555
6a69421f-e399-4db8-897a-d8ef21b5e0a7,707b6ccf-c9d9-4c1d-97f4-516b572b2f9d,1697663477097666666
6a69421f-e399-4db8-897a-d8ef21b5e0a7,707b6ccf-c9d9-4c1d-97f4-516b572b2f9d,1697663477123700000
6a69421f-e399-4db8-897a-d8ef21b5e0a7,707b6ccf-c9d9-4c1d-97f4-516b572b2f9d,1697663477164188888
6a69421f-e399-4db8-897a-d8ef21b5e0a7,707b6ccf-c9d9-4c1d-97f4-516b572b2f9d,1697663477197422222
6a69421f-e399-4db8-897a-d8ef21b5e0a7,707b6ccf-c9d9-4c1d-97f4-516b572b2f9d,1697663477222922222
6a69421f-e399-4db8-897a-d8ef21b5e0a7,707b6ccf-c9d9-4c1d-97f4-516b572b2f9d,1697663477262288888
6a69421f-e399-4db8-897a-d8ef21b5e0a7,707b6ccf-c9d9-4c1d-97f4-516b572b2f9d,1697663477296366666
6a69421f-e399-4db8-897a-d8ef21b5e0a7,707b6ccf-c9d9-4c1d-97f4-516b572b2f9d,1697663477332877777
6a69421f-e399-4db8-897a-d8ef21b5e0a7,707b6ccf-c9d9-4c1d-97f4-516b572b2f9d,1697663477364388888
6a69421f-e399-4db8-897a-d8ef21b5e0a7,707b6ccf-c9d9-4c1d-97f4-516b572b2f9d,1697663477397833333
6a69421f-e399-4db8-897a-d8ef21b5e0a7,707b6ccf-c9d9-4c1d-97f4-516b572b2f9d,1697663477429933333
6a69421f-e399-4db8-897a-d8ef21b5e0a7,707b6ccf-c9d9-4c1d-97f4-516b572b2f9d,1697663477463455555
6a69421f-e399-4db8-897a-d8ef21b5e0a7,707b6ccf-c9d9-4c1d-97f4-516b572b2f9d,1697663477496144444
6a69421f-e399-4db8-897a-d8ef21b5e0a7,707b6ccf-c9d9-4c1d-97f4-516b572b2f9d,1697663477530644444
6a69421f-e399-4db8-897a-d8ef21b5e0a7,707b6ccf-c9d9-4c1d-97f4-516b572b2f9d,1697663477561255555
6a69421f-e399-4db8-897a-d8ef21b5e0a7,707b6ccf-c9d9-4c1d-97f4-516b572b2f9d,1697663477595311111
6a69421f-e399-4db8-897a-d8ef21b5e0a7,707b6ccf-c9d9-4c1d-97f4-516b572b2f9d,1697663477630200000
6a69421f-e399-4db8-897a-d8ef21b5e0a7,707b6ccf-c9d9-4c1d-97f4-516b572b2f9d,1697663477662922222
6a69421f-e399-4db8-897a-d8ef21b5e0a7,707b6ccf-c9d9-4c1d-97f4-516b572b2f9d,1697663477697322222
6a69421f-e399-4db8-897a-d8ef21b5e0a7,707b6ccf-c9d9-4c1d-97f4-516b572b2f9d,1697663477730466666
6a69421f-e399-4db8-897a-d8ef21b5e0a7,707b6ccf-c9d9-4c1d-97f4-516b572b2f9d,1697663477782655555
6a69421f-e399-4db8-897a-d8ef21b5e0a7,707b6ccf-c9d9-4c1d-97f4-516b572b2f9d,1697663477792911111
6a69421f-e399-4db8-897a-d8ef21b5e0a7,707b6ccf-c9d9-4c1d-97f4-516b572b2f9d,1697663477833855555
6a69421f-e399-4db8-897a-d8ef21b5e0a7,707b6ccf-c9d9-4c1d-97f4-516b572b2f9d,1697663477853333333
6a69421f-e399-4db8-897a-d8ef21b5e0a7,707b6ccf-c9d9-4c1d-97f4-516b572b2f9d,1697663477885588888
6a69421f-e399-4db8-897a-d8ef21b5e0a7,707b6ccf-c9d9-4c1d-97f4-516b572b2f9d,1697663477930544444
6a69421f-e399-4db8-897a-d8ef21b5e0a7,707b6ccf-c9d9-4c1d-97f4-516b572b2f9d,1697663477966233333
6a69421f-e399-4db8-897a-d8ef21b5e0a7,707b6ccf-c9d9-4c1d-97f4-516b572b2f9d,1697663477996566666
6a69421f-e399-4db8-897a-d8ef21b5e0a7,707b6ccf-c9d9-4c1d-97f4-516b572b2f9d,1697663478026277777
6a69421f-e399-4db8-897a-d8ef21b5e0a7,707b6ccf-c9d9-4c1d-97f4-516b572b2f9d,1697663478062677777
6a69421f-e399-4db8-897a-d8ef21b5e0a7,707b6ccf-c9d9-4c1d-97f4-516b572b2f9d,1697663478095500000
6a69421f-e399-4db8-897a-d8ef21b5e0a7,707b6ccf-c9d9-4c1d-97f4-516b572b2f9d,1697663478127922222
6a69421f-e399-4db8-897a-d8ef21b5e0a7,707b6ccf-c9d9-4c1d-97f4-516b572b2f9d,1697663478161811111
6a69421f-e399-4db8-897a-d8ef21b5e0a7,707b6ccf-c9d9-4c1d-97f4-516b572b2f9d,1697663478194522222
6a69421f-e399-4db8-897a-d8ef21b5e0a7,707b6ccf-c9d9-4c1d-97f4-516b572b2f9d,1697663478227822222
6a69421f-e399-4db8-897a-d8ef21b5e0a7,707b6ccf-c9d9-4c1d-97f4-516b572b2f9d,1697663478263255555
6a69421f-e399-4db8-897a-d8ef21b5e0a7,707b6ccf-c9d9-4c1d-97f4-516b572b2f9d,1697663478294677777
6a69421f-e399-4db8-897a-d8ef21b5e0a7,707b6ccf-c9d9-4c1d-97f4-516b572b2f9d,1697663478326388888
6a69421f-e399-4db8-897a-d8ef21b5e0a7,707b6ccf-c9d9-4c1d-97f4-516b572b2f9d,1697663478368055555
6a69421f-e399-4db8-897a-d8ef21b5e0a7,707b6ccf-c9d9-4c1d-97f4-516b572b2f9d,1697663478398088888
6a69421f-e399-4db8-897a-d8ef21b5e0a7,707b6ccf-c9d9-4c1d-97f4-516b572b2f9d,1697663478442177777
6a69421f-e399-4db8-897a-d8ef21b5e0a7,707b6ccf-c9d9-4c1d-97f4-516b572b2f9d,1697663478460066666
6a69421f-e399-4db8-897a-d8ef21b5e0a7,707b6ccf-c9d9-4c1d-97f4-516b572b2f9d,1697663478488066666
6a69421f-e399-4db8-897a-d8ef21b5e0a7,707b6ccf-c9d9-4c1d-97f4-516b572b2f9d,1697663478517855555
6a69421f-e399-4db8-897a-d8ef21b5e0a7,707b6ccf-c9d9-4c1d-97f4-516b572b2f9d,1697663478563488888
6a69421f-e399-4db8-897a-d8ef21b5e0a7,707b6ccf-c9d9-4c1d-97f4-516b572b2f9d,1697663478585866666
6a69421f-e399-4db8-897a-d8ef21b5e0a7,707b6ccf-c9d9-4c1d-97f4-516b572b2f9d,1697663478627800000
6a69421f-e399-4db8-897a-d8ef21b5e0a7,707b6ccf-c9d9-4c1d-97f4-516b572b2f9d,1697663478669811111
6a69421f-e399-4db8-897a-d8ef21b5e0a7,707b6ccf-c9d9-4c1d-97f4-516b572b2f9d,1697663478695777777
6a69421f-e399-4db8-897a-d8ef21b5e0a7,707b6ccf-c9d9-4c1d-97f4-516b572b2f9d,1697663478726822222
6a69421f-e399-4db8-897a-d8ef21b5e0a7,707b6ccf-c9d9-4c1d-97f4-516b572b2f9d,1697663478767788888
6a69421f-e399-4db8-897a-d8ef21b5e0a7,707b6ccf-c9d9-4c1d-97f4-516b572b2f9d,1697663478794922222
6a69421f-e399-4db8-897a-d8ef21b5e0a7,707b6ccf-c9d9-4c1d-97f4-516b572b2f9d,1697663478828855555
6a69421f-e399-4db8-897a-d8ef21b5e0a7,707b6ccf-c9d9-4c1d-97f4-516b572b2f9d,1697663478867300000
6a69421f-e399-4db8-897a-d8ef21b5e0a7,707b6ccf-c9d9-4c1d-97f4-516b572b2f9d,1697663478896022222
6a69421f-e399-4db8-897a-d8ef21b5e0a7,707b6ccf-c9d9-4c1d-97f4-516b572b2f9d,1697663478928944444
6a69421f-e399-4db8-897a-d8ef21b5e0a7,707b6ccf-c9d9-4c1d-97f4-516b572b2f9d,1697663478964344444
6a69421f-e399-4db8-897a-d8ef21b5e0a7,707b6ccf-c9d9-4c1d-97f4-516b572b2f9d,1697663478994655555
6a69421f-e399-4db8-897a-d8ef21b5e0a7,707b6ccf-c9d9-4c1d-97f4-516b572b2f9d,1697663479027044444
6a69421f-e399-4db8-897a-d8ef21b5e0a7,707b6ccf-c9d9-4c1d-97f4-516b572b2f9d,1697663479063666666
6a69421f-e399-4db8-897a-d8ef21b5e0a7,707b6ccf-c9d9-4c1d-97f4-516b572b2f9d,1697663479106822222
6a69421f-e399-4db8-897a-d8ef21b5e0a7,707b6ccf-c9d9-4c1d-97f4-516b572b2f9d,1697663479120200000
6a69421f-e399-4db8-897a-d8ef21b5e0a7,707b6ccf-c9d9-4c1d-97f4-516b572b2f9d,1697663479153844444
6a69421f-e399-4db8-897a-d8ef21b5e0a7,707b6ccf-c9d9-4c1d-97f4-516b572b2f9d,1697663479190088888
6a69421f-e399-4db8-897a-d8ef21b5e0a7,707b6ccf-c9d9-4c1d-97f4-516b572b2f9d,1697663479223844444
6a69421f-e399-4db8-897a-d8ef21b5e0a7,707b6ccf-c9d9-4c1d-97f4-516b572b2f9d,1697663479266677777
6a69421f-e399-4db8-897a-d8ef21b5e0a7,707b6ccf-c9d9-4c1d-97f4-516b572b2f9d,1697663479295655555
6a69421f-e399-4db8-897a-d8ef21b5e0a7,707b6ccf-c9d9-4c1d-97f4-516b572b2f9d,1697663479325700000
6a69421f-e399-4db8-897a-d8ef21b5e0a7,707b6ccf-c9d9-4c1d-97f4-516b572b2f9d,1697663479363688888
6a69421f-e399-4db8-897a-d8ef21b5e0a7,707b6ccf-c9d9-4c1d-97f4-516b572b2f9d,1697663479397100000
6a69421f-e399-4db8-897a-d8ef21b5e0a7,707b6ccf-c9d9-4c1d-97f4-516b572b2f9d,1697663479428444444
6a69421f-e399-4db8-897a-d8ef21b5e0a7,707b6ccf-c9d9-4c1d-97f4-516b572b2f9d,1697663479464300000
6a69421f-e399-4db8-897a-d8ef21b5e0a7,707b6ccf-c9d9-4c1d-97f4-516b572b2f9d,1697663479497422222
6a69421f-e399-4db8-897a-d8ef21b5e0a7,707b6ccf-c9d9-4c1d-97f4-516b572b2f9d,1697663479529588888
6a69421f-e399-4db8-897a-d8ef21b5e0a7,707b6ccf-c9d9-4c1d-97f4-516b572b2f9d,1697663479563211111
6a69421f-e399-4db8-897a-d8ef21b5e0a7,707b6ccf-c9d9-4c1d-97f4-516b572b2f9d,1697663479596166666
6a69421f-e399-4db8-897a-d8ef21b5e0a7,707b6ccf-c9d9-4c1d-97f4-516b572b2f9d,1697663479627433333
6a69421f-e399-4db8-897a-d8ef21b5e0a7,707b6ccf-c9d9-4c1d-97f4-516b572b2f9d,1697663479666100000
6a69421f-e399-4db8-897a-d8ef21b5e0a7,707b6ccf-c9d9-4c1d-97f4-516b572b2f9d,1697663479695666666
6a69421f-e399-4db8-897a-d8ef21b5e0a7,707b6ccf-c9d9-4c1d-97f4-516b572b2f9d,1697663479725277777
6a69421f-e399-4db8-897a-d8ef21b5e0a7,707b6ccf-c9d9-4c1d-97f4-516b572b2f9d,1697663479776811111
6a69421f-e399-4db8-897a-d8ef21b5e0a7,707b6ccf-c9d9-4c1d-97f4-516b572b2f9d,1697663479795211111
6a69421f-e399-4db8-897a-d8ef21b5e0a7,707b6ccf-c9d9-4c1d-97f4-516b572b2f9d,1697663479818133333
6a69421f-e399-4db8-897a-d8ef21b5e0a7,707b6ccf-c9d9-4c1d-97f4-516b572b2f9d,1697663479854622222
6a69421f-e399-4db8-897a-d8ef21b5e0a7,707b6ccf-c9d9-4c1d-97f4-516b572b2f9d,1697663479889377777
6a69421f-e399-4db8-897a-d8ef21b5e0a7,707b6ccf-c9d9-4c1d-97f4-516b572b2f9d,1697663479925400000
6a69421f-e399-4db8-897a-d8ef21b5e0a7,707b6ccf-c9d9-4c1d-97f4-516b572b2f9d,1697663479962233333
6a69421f-e399-4db8-897a-d8ef21b5e0a7,707b6ccf-c9d9-4c1d-97f4-516b572b2f9d,1697663479997088888
6a69421f-e399-4db8-897a-d8ef21b5e0a7,707b6ccf-c9d9-4c1d-97f4-516b572b2f9d,1697663480028344444
6a69421f-e399-4db8-897a-d8ef21b5e0a7,707b6ccf-c9d9-4c1d-97f4-516b572b2f9d,1697663480070300000
6a69421f-e399-4db8-897a-d8ef21b5e0a7,707b6ccf-c9d9-4c1d-97f4-516b572b2f9d,1697663480096966666
6a69421f-e399-4db8-897a-d8ef21b5e0a7,707b6ccf-c9d9-4c1d-97f4-516b572b2f9d,1697663480129377777
6a69421f-e399-4db8-897a-d8ef21b5e0a7,707b6ccf-c9d9-4c1d-97f4-516b572b2f9d,1697663480161011111
6a69421f-e399-4db8-897a-d8ef21b5e0a7,707b6ccf-c9d9-4c1d-97f4-516b572b2f9d,1697663480195500000
6a69421f-e399-4db8-897a-d8ef21b5e0a7,707b6ccf-c9d9-4c1d-97f4-516b572b2f9d,1697663480228900000
6a69421f-e399-4db8-897a-d8ef21b5e0a7,707b6ccf-c9d9-4c1d-97f4-516b572b2f9d,1697663480263955555
6a69421f-e399-4db8-897a-d8ef21b5e0a7,707b6ccf-c9d9-4c1d-97f4-516b572b2f9d,1697663480297477777
6a69421f-e399-4db8-897a-d8ef21b5e0a7,707b6ccf-c9d9-4c1d-97f4-516b572b2f9d,1697663480330477777
6a69421f-e399-4db8-897a-d8ef21b5e0a7,707b6ccf-c9d9-4c1d-97f4-516b572b2f9d,1697663480363166666
6a69421f-e399-4db8-897a-d8ef21b5e0a7,707b6ccf-c9d9-4c1d-97f4-516b572b2f9d,1697663480395022222
6a69421f-e399-4db8-897a-d8ef21b5e0a7,707b6ccf-c9d9-4c1d-97f4-516b572b2f9d,1697663480443566666
6a69421f-e399-4db8-897a-d8ef21b5e0a7,707b6ccf-c9d9-4c1d-97f4-516b572b2f9d,1697663480456288888
6a69421f-e399-4db8-897a-d8ef21b5e0a7,707b6ccf-c9d9-4c1d-97f4-516b572b2f9d,1697663480490777777
6a69421f-e399-4db8-897a-d8ef21b5e0a7,707b6ccf-c9d9-4c1d-97f4-516b572b2f9d,1697663480523633333
6a69421f-e399-4db8-897a-d8ef21b5e0a7,707b6ccf-c9d9-4c1d-97f4-516b572b2f9d,1697663480556377777
6a69421f-e399-4db8-897a-d8ef21b5e0a7,707b6ccf-c9d9-4c1d-97f4-516b572b2f9d,1697663480587588888
6a69421f-e399-4db8-897a-d8ef21b5e0a7,707b6ccf-c9d9-4c1d-97f4-516b572b2f9d,1697663480628577777
6a69421f-e399-4db8-897a-d8ef21b5e0a7,707b6ccf-c9d9-4c1d-97f4-516b572b2f9d,1697663480663433333
6a69421f-e399-4db8-897a-d8ef21b5e0a7,707b6ccf-c9d9-4c1d-97f4-516b572b2f9d,1697663480695733333
6a69421f-e399-4db8-897a-d8ef21b5e0a7,707b6ccf-c9d9-4c1d-97f4-516b572b2f9d,1697663480729200000
6a69421f-e399-4db8-897a-d8ef21b5e0a7,707b6ccf-c9d9-4c1d-97f4-516b572b2f9d,1697663480766977777
6a69421f-e399-4db8-897a-d8ef21b5e0a7,707b6ccf-c9d9-4c1d-97f4-516b572b2f9d,1697663480796377777
6a69421f-e399-4db8-897a-d8ef21b5e0a7,707b6ccf-c9d9-4c1d-97f4-516b572b2f9d,1697663480829911111
6a69421f-e399-4db8-897a-d8ef21b5e0a7,707b6ccf-c9d9-4c1d-97f4-516b572b2f9d,1697663480866000000
6a69421f-e399-4db8-897a-d8ef21b5e0a7,707b6ccf-c9d9-4c1d-97f4-516b572b2f9d,1697663480894311111
6a69421f-e399-4db8-897a-d8ef21b5e0a7,707b6ccf-c9d9-4c1d-97f4-516b572b2f9d,1697663480929177777
6a69421f-e399-4db8-897a-d8ef21b5e0a7,707b6ccf-c9d9-4c1d-97f4-516b572b2f9d,1697663480964877777
6a69421f-e399-4db8-897a-d8ef21b5e0a7,707b6ccf-c9d9-4c1d-97f4-516b572b2f9d,1697663480997066666
6a69421f-e399-4db8-897a-d8ef21b5e0a7,707b6ccf-c9d9-4c1d-97f4-516b572b2f9d,1697663481025388888
6a69421f-e399-4db8-897a-d8ef21b5e0a7,707b6ccf-c9d9-4c1d-97f4-516b572b2f9d,1697663481058577777
6a69421f-e399-4db8-897a-d8ef21b5e0a7,707b6ccf-c9d9-4c1d-97f4-516b572b2f9d,1697663481113988888
6a69421f-e399-4db8-897a-d8ef21b5e0a7,707b6ccf-c9d9-4c1d-97f4-516b572b2f9d,1697663481131222222
6a69421f-e399-4db8-897a-d8ef21b5e0a7,707b6ccf-c9d9-4c1d-97f4-516b572b2f9d,1697663481154555555
6a69421f-e399-4db8-897a-d8ef21b5e0a7,707b6ccf-c9d9-4c1d-97f4-516b572b2f9d,1697663481190411111
6a69421f-e399-4db8-897a-d8ef21b5e0a7,707b6ccf-c9d9-4c1d-97f4-516b572b2f9d,1697663481224088888
6a69421f-e399-4db8-897a-d8ef21b5e0a7,707b6ccf-c9d9-4c1d-97f4-516b572b2f9d,1697663481250333333
6a69421f-e399-4db8-897a-d8ef21b5e0a7,707b6ccf-c9d9-4c1d-97f4-516b572b2f9d,1697663481298822222
6a69421f-e399-4db8-897a-d8ef21b5e0a7,707b6ccf-c9d9-4c1d-97f4-516b572b2f9d,1697663481327055555
6a69421f-e399-4db8-897a-d8ef21b5e0a7,707b6ccf-c9d9-4c1d-97f4-516b572b2f9d,1697663481358877777
6a69421f-e399-4db8-897a-d8ef21b5e0a7,707b6ccf-c9d9-4c1d-97f4-516b572b2f9d,1697663481394877777
6a69421f-e399-4db8-897a-d8ef21b5e0a7,707b6ccf-c9d9-4c1d-97f4-516b572b2f9d,1697663481424211111
6a69421f-e399-4db8-897a-d8ef21b5e0a7,707b6ccf-c9d9-4c1d-97f4-516b572b2f9d,1697663481459500000
6a69421f-e399-4db8-897a-d8ef21b5e0a7,707b6ccf-c9d9-4c1d-97f4-516b572b2f9d,1697663481494066666
6a69421f-e399-4db8-897a-d8ef21b5e0a7,707b6ccf-c9d9-4c1d-97f4-516b572b2f9d,1697663481524722222
6a69421f-e399-4db8-897a-d8ef21b5e0a7,707b6ccf-c9d9-4c1d-97f4-516b572b2f9d,1697663481562244444
6a69421f-e399-4db8-897a-d8ef21b5e0a7,707b6ccf-c9d9-4c1d-97f4-516b572b2f9d,1697663481597288888
6a69421f-e399-4db8-897a-d8ef21b5e0a7,707b6ccf-c9d9-4c1d-97f4-516b572b2f9d,1697663481626288888
6a69421f-e399-4db8-897a-d8ef21b5e0a7,707b6ccf-c9d9-4c1d-97f4-516b572b2f9d,1697663481664455555
6a69421f-e399-4db8-897a-d8ef21b5e0a7,707b6ccf-c9d9-4c1d-97f4-516b572b2f9d,1697663481696922222
6a69421f-e399-4db8-897a-d8ef21b5e0a7,707b6ccf-c9d9-4c1d-97f4-516b572b2f9d,1697663481728566666
6a69421f-e399-4db8-897a-d8ef21b5e0a7,707b6ccf-c9d9-4c1d-97f4-516b572b2f9d,1697663481761944444
6a69421f-e399-4db8-897a-d8ef21b5e0a7,707b6ccf-c9d9-4c1d-97f4-516b572b2f9d,1697663481790888888
6a69421f-e399-4db8-897a-d8ef21b5e0a7,707b6ccf-c9d9-4c1d-97f4-516b572b2f9d,1697663481822044444
6a69421f-e399-4db8-897a-d8ef21b5e0a7,707b6ccf-c9d9-4c1d-97f4-516b572b2f9d,1697663481848722222
6a69421f-e399-4db8-897a-d8ef21b5e0a7,707b6ccf-c9d9-4c1d-97f4-516b572b2f9d,1697663481902777777
6a69421f-e399-4db8-897a-d8ef21b5e0a7,707b6ccf-c9d9-4c1d-97f4-516b572b2f9d,1697663481916744444
6a69421f-e399-4db8-897a-d8ef21b5e0a7,707b6ccf-c9d9-4c1d-97f4-516b572b2f9d,1697663481958888888
6a69421f-e399-4db8-897a-d8ef21b5e0a7,707b6ccf-c9d9-4c1d-97f4-516b572b2f9d,1697663481995744444
6a69421f-e399-4db8-897a-d8ef21b5e0a7,707b6ccf-c9d9-4c1d-97f4-516b572b2f9d,1697663482023811111
6a69421f-e399-4db8-897a-d8ef21b5e0a7,707b6ccf-c9d9-4c1d-97f4-516b572b2f9d,1697663482060788888
6a69421f-e399-4db8-897a-d8ef21b5e0a7,707b6ccf-c9d9-4c1d-97f4-516b572b2f9d,1697663482095300000
6a69421f-e399-4db8-897a-d8ef21b5e0a7,707b6ccf-c9d9-4c1d-97f4-516b572b2f9d,1697663482126155555
6a69421f-e399-4db8-897a-d8ef21b5e0a7,707b6ccf-c9d9-4c1d-97f4-516b572b2f9d,1697663482159122222
6a69421f-e399-4db8-897a-d8ef21b5e0a7,707b6ccf-c9d9-4c1d-97f4-516b572b2f9d,1697663482197200000
6a69421f-e399-4db8-897a-d8ef21b5e0a7,707b6ccf-c9d9-4c1d-97f4-516b572b2f9d,1697663482227000000
6a69421f-e399-4db8-897a-d8ef21b5e0a7,707b6ccf-c9d9-4c1d-97f4-516b572b2f9d,1697663482262566666
6a69421f-e399-4db8-897a-d8ef21b5e0a7,707b6ccf-c9d9-4c1d-97f4-516b572b2f9d,1697663482295977777
6a69421f-e399-4db8-897a-d8ef21b5e0a7,707b6ccf-c9d9-4c1d-97f4-516b572b2f9d,1697663482326255555
6a69421f-e399-4db8-897a-d8ef21b5e0a7,707b6ccf-c9d9-4c1d-97f4-516b572b2f9d,1697663482361088888
6a69421f-e399-4db8-897a-d8ef21b5e0a7,707b6ccf-c9d9-4c1d-97f4-516b572b2f9d,1697663482393722222
6a69421f-e399-4db8-897a-d8ef21b5e0a7,707b6ccf-c9d9-4c1d-97f4-516b572b2f9d,1697663482424288888
6a69421f-e399-4db8-897a-d8ef21b5e0a7,707b6ccf-c9d9-4c1d-97f4-516b572b2f9d,1697663482464722222
6a69421f-e399-4db8-897a-d8ef21b5e0a7,707b6ccf-c9d9-4c1d-97f4-516b572b2f9d,1697663482489233333
6a69421f-e399-4db8-897a-d8ef21b5e0a7,707b6ccf-c9d9-4c1d-97f4-516b572b2f9d,1697663482528444444
6a69421f-e399-4db8-897a-d8ef21b5e0a7,707b6ccf-c9d9-4c1d-97f4-516b572b2f9d,1697663482554266666
6a69421f-e399-4db8-897a-d8ef21b5e0a7,707b6ccf-c9d9-4c1d-97f4-516b572b2f9d,1697663482585244444
6a69421f-e399-4db8-897a-d8ef21b5e0a7,707b6ccf-c9d9-4c1d-97f4-516b572b2f9d,1697663482627111111
6a69421f-e399-4db8-897a-d8ef21b5e0a7,707b6ccf-c9d9-4c1d-97f4-516b572b2f9d,1697663482659133333
6a69421f-e399-4db8-897a-d8ef21b5e0a7,707b6ccf-c9d9-4c1d-97f4-516b572b2f9d,1697663482694655555
6a69421f-e399-4db8-897a-d8ef21b5e0a7,707b6ccf-c9d9-4c1d-97f4-516b572b2f9d,1697663482728777777
6a69421f-e399-4db8-897a-d8ef21b5e0a7,707b6ccf-c9d9-4c1d-97f4-516b572b2f9d,1697663482758600000
6a69421f-e399-4db8-897a-d8ef21b5e0a7,707b6ccf-c9d9-4c1d-97f4-516b572b2f9d,1697663482795200000
6a69421f-e399-4db8-897a-d8ef21b5e0a7,707b6ccf-c9d9-4c1d-97f4-516b572b2f9d,1697663482827100000
6a69421f-e399-4db8-897a-d8ef21b5e0a7,707b6ccf-c9d9-4c1d-97f4-516b572b2f9d,1697663482858288888
6a69421f-e399-4db8-897a-d8ef21b5e0a7,707b6ccf-c9d9-4c1d-97f4-516b572b2f9d,1697663482897644444
6a69421f-e399-4db8-897a-d8ef21b5e0a7,707b6ccf-c9d9-4c1d-97f4-516b572b2f9d,1697663482925122222
6a69421f-e399-4db8-897a-d8ef21b5e0a7,707b6ccf-c9d9-4c1d-97f4-516b572b2f9d,1697663482959544444
6a69421f-e399-4db8-897a-d8ef21b5e0a7,707b6ccf-c9d9-4c1d-97f4-516b572b2f9d,1697663482994155555
6a69421f-e399-4db8-897a-d8ef21b5e0a7,707b6ccf-c9d9-4c1d-97f4-516b572b2f9d,1697663483026555555
6a69421f-e399-4db8-897a-d8ef21b5e0a7,707b6ccf-c9d9-4c1d-97f4-516b572b2f9d,1697663483061900000
6a69421f-e399-4db8-897a-d8ef21b5e0a7,707b6ccf-c9d9-4c1d-97f4-516b572b2f9d,1697663483090066666
6a69421f-e399-4db8-897a-d8ef21b5e0a7,707b6ccf-c9d9-4c1d-97f4-516b572b2f9d,1697663483139277777
6a69421f-e399-4db8-897a-d8ef21b5e0a7,707b6ccf-c9d9-4c1d-97f4-516b572b2f9d,1697663483162955555
6a69421f-e399-4db8-897a-d8ef21b5e0a7,707b6ccf-c9d9-4c1d-97f4-516b572b2f9d,1697663483190066666
6a69421f-e399-4db8-897a-d8ef21b5e0a7,707b6ccf-c9d9-4c1d-97f4-516b572b2f9d,1697663483218233333
6a69421f-e399-4db8-897a-d8ef21b5e0a7,707b6ccf-c9d9-4c1d-97f4-516b572b2f9d,1697663483249877777
6a69421f-e399-4db8-897a-d8ef21b5e0a7,707b6ccf-c9d9-4c1d-97f4-516b572b2f9d,1697663483295433333
6a69421f-e399-4db8-897a-d8ef21b5e0a7,707b6ccf-c9d9-4c1d-97f4-516b572b2f9d,1697663483324700000
6a69421f-e399-4db8-897a-d8ef21b5e0a7,707b6ccf-c9d9-4c1d-97f4-516b572b2f9d,1697663483361577777
6a69421f-e399-4db8-897a-d8ef21b5e0a7,707b6ccf-c9d9-4c1d-97f4-516b572b2f9d,1697663483391088888
6a69421f-e399-4db8-897a-d8ef21b5e0a7,707b6ccf-c9d9-4c1d-97f4-516b572b2f9d,1697663483429111111
6a69421f-e399-4db8-897a-d8ef21b5e0a7,707b6ccf-c9d9-4c1d-97f4-516b572b2f9d,1697663483463066666
6a69421f-e399-4db8-897a-d8ef21b5e0a7,707b6ccf-c9d9-4c1d-97f4-516b572b2f9d,1697663483497744444
6a69421f-e399-4db8-897a-d8ef21b5e0a7,707b6ccf-c9d9-4c1d-97f4-516b572b2f9d,1697663483528966666
6a69421f-e399-4db8-897a-d8ef21b5e0a7,707b6ccf-c9d9-4c1d-97f4-516b572b2f9d,1697663483560777777
6a69421f-e399-4db8-897a-d8ef21b5e0a7,707b6ccf-c9d9-4c1d-97f4-516b572b2f9d,1697663483597733333
6a69421f-e399-4db8-897a-d8ef21b5e0a7,707b6ccf-c9d9-4c1d-97f4-516b572b2f9d,1697663483628100000
6a69421f-e399-4db8-897a-d8ef21b5e0a7,707b6ccf-c9d9-4c1d-97f4-516b572b2f9d,1697663483659611111
6a69421f-e399-4db8-897a-d8ef21b5e0a7,707b6ccf-c9d9-4c1d-97f4-516b572b2f9d,1697663483695944444
6a69421f-e399-4db8-897a-d8ef21b5e0a7,707b6ccf-c9d9-4c1d-97f4-516b572b2f9d,1697663483724600000
6a69421f-e399-4db8-897a-d8ef21b5e0a7,707b6ccf-c9d9-4c1d-97f4-516b572b2f9d,1697663483761844444
6a69421f-e399-4db8-897a-d8ef21b5e0a7,707b6ccf-c9d9-4c1d-97f4-516b572b2f9d,1697663483788488888
6a69421f-e399-4db8-897a-d8ef21b5e0a7,707b6ccf-c9d9-4c1d-97f4-516b572b2f9d,1697663483843022222
6a69421f-e399-4db8-897a-d8ef21b5e0a7,707b6ccf-c9d9-4c1d-97f4-516b572b2f9d,1697663483864288888
6a69421f-e399-4db8-897a-d8ef21b5e0a7,707b6ccf-c9d9-4c1d-97f4-516b572b2f9d,1697663483888522222
6a69421f-e399-4db8-897a-d8ef21b5e0a7,707b6ccf-c9d9-4c1d-97f4-516b572b2f9d,1697663483919400000
6a69421f-e399-4db8-897a-d8ef21b5e0a7,707b6ccf-c9d9-4c1d-97f4-516b572b2f9d,1697663483962311111
6a69421f-e399-4db8-897a-d8ef21b5e0a7,707b6ccf-c9d9-4c1d-97f4-516b572b2f9d,1697663483989633333
6a69421f-e399-4db8-897a-d8ef21b5e0a7,707b6ccf-c9d9-4c1d-97f4-516b572b2f9d,1697663484029277777
6a69421f-e399-4db8-897a-d8ef21b5e0a7,707b6ccf-c9d9-4c1d-97f4-516b572b2f9d,1697663484062655555
6a69421f-e399-4db8-897a-d8ef21b5e0a7,707b6ccf-c9d9-4c1d-97f4-516b572b2f9d,1697663484096366666
6a69421f-e399-4db8-897a-d8ef21b5e0a7,707b6ccf-c9d9-4c1d-97f4-516b572b2f9d,1697663484126600000
6a69421f-e399-4db8-897a-d8ef21b5e0a7,707b6ccf-c9d9-4c1d-97f4-516b572b2f9d,1697663484158444444
6a69421f-e399-4db8-897a-d8ef21b5e0a7,707b6ccf-c9d9-4c1d-97f4-516b572b2f9d,1697663484195122222
6a69421f-e399-4db8-897a-d8ef21b5e0a7,707b6ccf-c9d9-4c1d-97f4-516b572b2f9d,1697663484227955555
6a69421f-e399-4db8-897a-d8ef21b5e0a7,707b6ccf-c9d9-4c1d-97f4-516b572b2f9d,1697663484257888888
6a69421f-e399-4db8-897a-d8ef21b5e0a7,707b6ccf-c9d9-4c1d-97f4-516b572b2f9d,1697663484293300000
6a69421f-e399-4db8-897a-d8ef21b5e0a7,707b6ccf-c9d9-4c1d-97f4-516b572b2f9d,1697663484331566666
6a69421f-e399-4db8-897a-d8ef21b5e0a7,707b6ccf-c9d9-4c1d-97f4-516b572b2f9d,1697663484360955555
6a69421f-e399-4db8-897a-d8ef21b5e0a7,707b6ccf-c9d9-4c1d-97f4-516b572b2f9d,1697663484392477777
6a69421f-e399-4db8-897a-d8ef21b5e0a7,707b6ccf-c9d9-4c1d-97f4-516b572b2f9d,1697663484430455555
6a69421f-e399-4db8-897a-d8ef21b5e0a7,707b6ccf-c9d9-4c1d-97f4-516b572b2f9d,1697663484470555555
6a69421f-e399-4db8-897a-d8ef21b5e0a7,707b6ccf-c9d9-4c1d-97f4-516b572b2f9d,1697663484483633333
6a69421f-e399-4db8-897a-d8ef21b5e0a7,707b6ccf-c9d9-4c1d-97f4-516b572b2f9d,1697663484518077777
6a69421f-e399-4db8-897a-d8ef21b5e0a7,707b6ccf-c9d9-4c1d-97f4-516b572b2f9d,1697663484552011111
6a69421f-e399-4db8-897a-d8ef21b5e0a7,707b6ccf-c9d9-4c1d-97f4-516b572b2f9d,1697663484587388888
6a69421f-e399-4db8-897a-d8ef21b5e0a7,707b6ccf-c9d9-4c1d-97f4-516b572b2f9d,1697663484629622222
6a69421f-e399-4db8-897a-d8ef21b5e0a7,707b6ccf-c9d9-4c1d-97f4-516b572b2f9d,1697663484660977777
6a69421f-e399-4db8-897a-d8ef21b5e0a7,707b6ccf-c9d9-4c1d-97f4-516b572b2f9d,1697663484680677777
6a69421f-e399-4db8-897a-d8ef21b5e0a7,707b6ccf-c9d9-4c1d-97f4-516b572b2f9d,1697663484731177777
6a69421f-e399-4db8-897a-d8ef21b5e0a7,707b6ccf-c9d9-4c1d-97f4-516b572b2f9d,1697663484758477777
6a69421f-e399-4db8-897a-d8ef21b5e0a7,707b6ccf-c9d9-4c1d-97f4-516b572b2f9d,1697663484802600000
6a69421f-e399-4db8-897a-d8ef21b5e0a7,707b6ccf-c9d9-4c1d-97f4-516b572b2f9d,1697663484823944444
6a69421f-e399-4db8-897a-d8ef21b5e0a7,707b6ccf-c9d9-4c1d-97f4-516b572b2f9d,1697663484858544444
6a69421f-e399-4db8-897a-d8ef21b5e0a7,707b6ccf-c9d9-4c1d-97f4-516b572b2f9d,1697663484888811111
6a69421f-e399-4db8-897a-d8ef21b5e0a7,707b6ccf-c9d9-4c1d-97f4-516b572b2f9d,1697663484929644444
6a69421f-e399-4db8-897a-d8ef21b5e0a7,707b6ccf-c9d9-4c1d-97f4-516b572b2f9d,1697663484957844444
6a69421f-e399-4db8-897a-d8ef21b5e0a7,707b6ccf-c9d9-4c1d-97f4-516b572b2f9d,1697663484994066666
6a69421f-e399-4db8-897a-d8ef21b5e0a7,707b6ccf-c9d9-4c1d-97f4-516b572b2f9d,1697663485025911111
6a69421f-e399-4db8-897a-d8ef21b5e0a7,707b6ccf-c9d9-4c1d-97f4-516b572b2f9d,1697663485058777777
6a69421f-e399-4db8-897a-d8ef21b5e0a7,707b6ccf-c9d9-4c1d-97f4-516b572b2f9d,1697663485089766666
6a69421f-e399-4db8-897a-d8ef21b5e0a7,707b6ccf-c9d9-4c1d-97f4-516b572b2f9d,1697663485123822222
6a69421f-e399-4db8-897a-d8ef21b5e0a7,707b6ccf-c9d9-4c1d-97f4-516b572b2f9d,1697663485155966666
6a69421f-e399-4db8-897a-d8ef21b5e0a7,707b6ccf-c9d9-4c1d-97f4-516b572b2f9d,1697663485182133333
6a69421f-e399-4db8-897a-d8ef21b5e0a7,707b6ccf-c9d9-4c1d-97f4-516b572b2f9d,1697663485225988888
6a69421f-e399-4db8-897a-d8ef21b5e0a7,707b6ccf-c9d9-4c1d-97f4-516b572b2f9d,1697663485251100000
6a69421f-e399-4db8-897a-d8ef21b5e0a7,707b6ccf-c9d9-4c1d-97f4-516b572b2f9d,1697663485291366666
6a69421f-e399-4db8-897a-d8ef21b5e0a7,707b6ccf-c9d9-4c1d-97f4-516b572b2f9d,1697663485331611111
6a69421f-e399-4db8-897a-d8ef21b5e0a7,707b6ccf-c9d9-4c1d-97f4-516b572b2f9d,1697663485358788888
6a69421f-e399-4db8-897a-d8ef21b5e0a7,707b6ccf-c9d9-4c1d-97f4-516b572b2f9d,1697663485392600000
6a69421f-e399-4db8-897a-d8ef21b5e0a7,707b6ccf-c9d9-4c1d-97f4-516b572b2f9d,1697663485428055555
6a69421f-e399-4db8-897a-d8ef21b5e0a7,707b6ccf-c9d9-4c1d-97f4-516b572b2f9d,1697663485463444444
6a69421f-e399-4db8-897a-d8ef21b5e0a7,707b6ccf-c9d9-4c1d-97f4-516b572b2f9d,1697663485491722222
6a69421f-e399-4db8-897a-d8ef21b5e0a7,707b6ccf-c9d9-4c1d-97f4-516b572b2f9d,1697663485529000000
6a69421f-e399-4db8-897a-d8ef21b5e0a7,707b6ccf-c9d9-4c1d-97f4-516b572b2f9d,1697663485557522222
6a69421f-e399-4db8-897a-d8ef21b5e0a7,707b6ccf-c9d9-4c1d-97f4-516b572b2f9d,1697663485589355555
6a69421f-e399-4db8-897a-d8ef21b5e0a7,707b6ccf-c9d9-4c1d-97f4-516b572b2f9d,1697663485631111111
6a69421f-e399-4db8-897a-d8ef21b5e0a7,707b6ccf-c9d9-4c1d-97f4-516b572b2f9d,1697663485663844444
6a69421f-e399-4db8-897a-d8ef21b5e0a7,707b6ccf-c9d9-4c1d-97f4-516b572b2f9d,1697663485693411111
6a69421f-e399-4db8-897a-d8ef21b5e0a7,707b6ccf-c9d9-4c1d-97f4-516b572b2f9d,1697663485731055555
6a69421f-e399-4db8-897a-d8ef21b5e0a7,707b6ccf-c9d9-4c1d-97f4-516b572b2f9d,1697663485758544444
6a69421f-e399-4db8-897a-d8ef21b5e0a7,707b6ccf-c9d9-4c1d-97f4-516b572b2f9d,1697663485801822222
6a69421f-e399-4db8-897a-d8ef21b5e0a7,707b6ccf-c9d9-4c1d-97f4-516b572b2f9d,1697663485822133333
6a69421f-e399-4db8-897a-d8ef21b5e0a7,707b6ccf-c9d9-4c1d-97f4-516b572b2f9d,1697663485866266666
6a69421f-e399-4db8-897a-d8ef21b5e0a7,707b6ccf-c9d9-4c1d-97f4-516b572b2f9d,1697663485887200000
6a69421f-e399-4db8-897a-d8ef21b5e0a7,707b6ccf-c9d9-4c1d-97f4-516b572b2f9d,1697663485942288888
6a69421f-e399-4db8-897a-d8ef21b5e0a7,707b6ccf-c9d9-4c1d-97f4-516b572b2f9d,1697663485951522222
6a69421f-e399-4db8-897a-d8ef21b5e0a7,707b6ccf-c9d9-4c1d-97f4-516b572b2f9d,1697663485992922222
6a69421f-e399-4db8-897a-d8ef21b5e0a7,707b6ccf-c9d9-4c1d-97f4-516b572b2f9d,1697663486029111111
6a69421f-e399-4db8-897a-d8ef21b5e0a7,707b6ccf-c9d9-4c1d-97f4-516b572b2f9d,1697663486062144444
6a69421f-e399-4db8-897a-d8ef21b5e0a7,707b6ccf-c9d9-4c1d-97f4-516b572b2f9d,1697663486085066666
6a69421f-e399-4db8-897a-d8ef21b5e0a7,707b6ccf-c9d9-4c1d-97f4-516b572b2f9d,1697663486134277777
6a69421f-e399-4db8-897a-d8ef21b5e0a7,707b6ccf-c9d9-4c1d-97f4-516b572b2f9d,1697663486160833333
6a69421f-e399-4db8-897a-d8ef21b5e0a7,707b6ccf-c9d9-4c1d-97f4-516b572b2f9d,1697663486191011111
6a69421f-e399-4db8-897a-d8ef21b5e0a7,707b6ccf-c9d9-4c1d-97f4-516b572b2f9d,1697663486229200000
6a69421f-e399-4db8-897a-d8ef21b5e0a7,707b6ccf-c9d9-4c1d-97f4-516b572b2f9d,1697663486259700000
6a69421f-e399-4db8-897a-d8ef21b5e0a7,707b6ccf-c9d9-4c1d-97f4-516b572b2f9d,1697663486293366666
6a69421f-e399-4db8-897a-d8ef21b5e0a7,707b6ccf-c9d9-4c1d-97f4-516b572b2f9d,1697663486328755555
6a69421f-e399-4db8-897a-d8ef21b5e0a7,707b6ccf-c9d9-4c1d-97f4-516b572b2f9d,1697663486362400000
6a69421f-e399-4db8-897a-d8ef21b5e0a7,707b6ccf-c9d9-4c1d-97f4-516b572b2f9d,1697663486393600000
6a69421f-e399-4db8-897a-d8ef21b5e0a7,707b6ccf-c9d9-4c1d-97f4-516b572b2f9d,1697663486426022222
6a69421f-e399-4db8-897a-d8ef21b5e0a7,707b6ccf-c9d9-4c1d-97f4-516b572b2f9d,1697663486456855555
6a69421f-e399-4db8-897a-d8ef21b5e0a7,707b6ccf-c9d9-4c1d-97f4-516b572b2f9d,1697663486490311111
6a69421f-e399-4db8-897a-d8ef21b5e0a7,707b6ccf-c9d9-4c1d-97f4-516b572b2f9d,1697663486518922222
6a69421f-e399-4db8-897a-d8ef21b5e0a7,707b6ccf-c9d9-4c1d-97f4-516b572b2f9d,1697663486551444444
6a69421f-e399-4db8-897a-d8ef21b5e0a7,707b6ccf-c9d9-4c1d-97f4-516b572b2f9d,1697663486584411111
6a69421f-e399-4db8-897a-d8ef21b5e0a7,707b6ccf-c9d9-4c1d-97f4-516b572b2f9d,1697663486627588888
6a69421f-e399-4db8-897a-d8ef21b5e0a7,707b6ccf-c9d9-4c1d-97f4-516b572b2f9d,1697663486657622222
6a69421f-e399-4db8-897a-d8ef21b5e0a7,707b6ccf-c9d9-4c1d-97f4-516b572b2f9d,1697663486691288888
6a69421f-e399-4db8-897a-d8ef21b5e0a7,707b6ccf-c9d9-4c1d-97f4-516b572b2f9d,1697663486726655555
6a69421f-e399-4db8-897a-d8ef21b5e0a7,707b6ccf-c9d9-4c1d-97f4-516b572b2f9d,1697663486758422222
6a69421f-e399-4db8-897a-d8ef21b5e0a7,707b6ccf-c9d9-4c1d-97f4-516b572b2f9d,1697663486792233333
6a69421f-e399-4db8-897a-d8ef21b5e0a7,707b6ccf-c9d9-4c1d-97f4-516b572b2f9d,1697663486824466666
6a69421f-e399-4db8-897a-d8ef21b5e0a7,707b6ccf-c9d9-4c1d-97f4-516b572b2f9d,1697663486857966666
6a69421f-e399-4db8-897a-d8ef21b5e0a7,707b6ccf-c9d9-4c1d-97f4-516b572b2f9d,1697663486889455555
6a69421f-e399-4db8-897a-d8ef21b5e0a7,707b6ccf-c9d9-4c1d-97f4-516b572b2f9d,1697663486929433333
6a69421f-e399-4db8-897a-d8ef21b5e0a7,707b6ccf-c9d9-4c1d-97f4-516b572b2f9d,1697663486959322222
6a69421f-e399-4db8-897a-d8ef21b5e0a7,707b6ccf-c9d9-4c1d-97f4-516b572b2f9d,1697663486991222222
6a69421f-e399-4db8-897a-d8ef21b5e0a7,707b6ccf-c9d9-4c1d-97f4-516b572b2f9d,1697663487026955555
6a69421f-e399-4db8-897a-d8ef21b5e0a7,707b6ccf-c9d9-4c1d-97f4-516b572b2f9d,1697663487059977777
6a69421f-e399-4db8-897a-d8ef21b5e0a7,707b6ccf-c9d9-4c1d-97f4-516b572b2f9d,1697663487091377777
6a69421f-e399-4db8-897a-d8ef21b5e0a7,707b6ccf-c9d9-4c1d-97f4-516b572b2f9d,1697663487126077777
6a69421f-e399-4db8-897a-d8ef21b5e0a7,707b6ccf-c9d9-4c1d-97f4-516b572b2f9d,1697663487151566666
6a69421f-e399-4db8-897a-d8ef21b5e0a7,707b6ccf-c9d9-4c1d-97f4-516b572b2f9d,1697663487181211111
6a69421f-e399-4db8-897a-d8ef21b5e0a7,707b6ccf-c9d9-4c1d-97f4-516b572b2f9d,1697663487219088888
6a69421f-e399-4db8-897a-d8ef21b5e0a7,707b6ccf-c9d9-4c1d-97f4-516b572b2f9d,1697663487250244444
6a69421f-e399-4db8-897a-d8ef21b5e0a7,707b6ccf-c9d9-4c1d-97f4-516b572b2f9d,1697663487288466666
6a69421f-e399-4db8-897a-d8ef21b5e0a7,707b6ccf-c9d9-4c1d-97f4-516b572b2f9d,1697663487325566666
6a69421f-e399-4db8-897a-d8ef21b5e0a7,707b6ccf-c9d9-4c1d-97f4-516b572b2f9d,1697663487356477777
6a69421f-e399-4db8-897a-d8ef21b5e0a7,707b6ccf-c9d9-4c1d-97f4-516b572b2f9d,1697663487388055555
6a69421f-e399-4db8-897a-d8ef21b5e0a7,707b6ccf-c9d9-4c1d-97f4-516b572b2f9d,1697663487428722222
6a69421f-e399-4db8-897a-d8ef21b5e0a7,707b6ccf-c9d9-4c1d-97f4-516b572b2f9d,1697663487460800000
6a69421f-e399-4db8-897a-d8ef21b5e0a7,707b6ccf-c9d9-4c1d-97f4-516b572b2f9d,1697663487490988888
6a69421f-e399-4db8-897a-d8ef21b5e0a7,707b6ccf-c9d9-4c1d-97f4-516b572b2f9d,1697663487522455555
6a69421f-e399-4db8-897a-d8ef21b5e0a7,707b6ccf-c9d9-4c1d-97f4-516b572b2f9d,1697663487563755555
6a69421f-e399-4db8-897a-d8ef21b5e0a7,707b6ccf-c9d9-4c1d-97f4-516b572b2f9d,1697663487590666666
6a69421f-e399-4db8-897a-d8ef21b5e0a7,707b6ccf-c9d9-4c1d-97f4-516b572b2f9d,1697663487621155555
6a69421f-e399-4db8-897a-d8ef21b5e0a7,707b6ccf-c9d9-4c1d-97f4-516b572b2f9d,1697663487658566666
6a69421f-e399-4db8-897a-d8ef21b5e0a7,707b6ccf-c9d9-4c1d-97f4-516b572b2f9d,1697663487690833333
6a69421f-e399-4db8-897a-d8ef21b5e0a7,707b6ccf-c9d9-4c1d-97f4-516b572b2f9d,1697663487721022222
6a69421f-e399-4db8-897a-d8ef21b5e0a7,707b6ccf-c9d9-4c1d-97f4-516b572b2f9d,1697663487760488888
6a69421f-e399-4db8-897a-d8ef21b5e0a7,707b6ccf-c9d9-4c1d-97f4-516b572b2f9d,1697663487786644444
6a69421f-e399-4db8-897a-d8ef21b5e0a7,707b6ccf-c9d9-4c1d-97f4-516b572b2f9d,1697663487814422222
6a69421f-e399-4db8-897a-d8ef21b5e0a7,707b6ccf-c9d9-4c1d-97f4-516b572b2f9d,1697663487868544444
6a69421f-e399-4db8-897a-d8ef21b5e0a7,707b6ccf-c9d9-4c1d-97f4-516b572b2f9d,1697663487886711111
6a69421f-e399-4db8-897a-d8ef21b5e0a7,707b6ccf-c9d9-4c1d-97f4-516b572b2f9d,1697663487915711111
6a69421f-e399-4db8-897a-d8ef21b5e0a7,707b6ccf-c9d9-4c1d-97f4-516b572b2f9d,1697663487955988888
6a69421f-e399-4db8-897a-d8ef21b5e0a7,707b6ccf-c9d9-4c1d-97f4-516b572b2f9d,1697663487989800000
6a69421f-e399-4db8-897a-d8ef21b5e0a7,707b6ccf-c9d9-4c1d-97f4-516b572b2f9d,1697663488024766666
6a69421f-e399-4db8-897a-d8ef21b5e0a7,707b6ccf-c9d9-4c1d-97f4-516b572b2f9d,1697663488061522222
6a69421f-e399-4db8-897a-d8ef21b5e0a7,707b6ccf-c9d9-4c1d-97f4-516b572b2f9d,1697663488083333333
6a69421f-e399-4db8-897a-d8ef21b5e0a7,707b6ccf-c9d9-4c1d-97f4-516b572b2f9d,1697663488130055555
6a69421f-e399-4db8-897a-d8ef21b5e0a7,707b6ccf-c9d9-4c1d-97f4-516b572b2f9d,1697663488159122222
6a69421f-e399-4db8-897a-d8ef21b5e0a7,707b6ccf-c9d9-4c1d-97f4-516b572b2f9d,1697663488189477777
6a69421f-e399-4db8-897a-d8ef21b5e0a7,707b6ccf-c9d9-4c1d-97f4-516b572b2f9d,1697663488223955555
6a69421f-e399-4db8-897a-d8ef21b5e0a7,707b6ccf-c9d9-4c1d-97f4-516b572b2f9d,1697663488262366666
6a69421f-e399-4db8-897a-d8ef21b5e0a7,707b6ccf-c9d9-4c1d-97f4-516b572b2f9d,1697663488289388888
6a69421f-e399-4db8-897a-d8ef21b5e0a7,707b6ccf-c9d9-4c1d-97f4-516b572b2f9d,1697663488321400000
6a69421f-e399-4db8-897a-d8ef21b5e0a7,707b6ccf-c9d9-4c1d-97f4-516b572b2f9d,1697663488358388888
6a69421f-e399-4db8-897a-d8ef21b5e0a7,707b6ccf-c9d9-4c1d-97f4-516b572b2f9d,1697663488389422222
6a69421f-e399-4db8-897a-d8ef21b5e0a7,707b6ccf-c9d9-4c1d-97f4-516b572b2f9d,1697663488422455555
6a69421f-e399-4db8-897a-d8ef21b5e0a7,707b6ccf-c9d9-4c1d-97f4-516b572b2f9d,1697663488463644444
6a69421f-e399-4db8-897a-d8ef21b5e0a7,707b6ccf-c9d9-4c1d-97f4-516b572b2f9d,1697663488481077777
6a69421f-e399-4db8-897a-d8ef21b5e0a7,707b6ccf-c9d9-4c1d-97f4-516b572b2f9d,1697663488515188888
6a69421f-e399-4db8-897a-d8ef21b5e0a7,707b6ccf-c9d9-4c1d-97f4-516b572b2f9d,1697663488551611111
6a69421f-e399-4db8-897a-d8ef21b5e0a7,707b6ccf-c9d9-4c1d-97f4-516b572b2f9d,1697663488597222222
6a69421f-e399-4db8-897a-d8ef21b5e0a7,707b6ccf-c9d9-4c1d-97f4-516b572b2f9d,1697663488622411111
6a69421f-e399-4db8-897a-d8ef21b5e0a7,707b6ccf-c9d9-4c1d-97f4-516b572b2f9d,1697663488658977777
6a69421f-e399-4db8-897a-d8ef21b5e0a7,707b6ccf-c9d9-4c1d-97f4-516b572b2f9d,1697663488690833333
6a69421f-e399-4db8-897a-d8ef21b5e0a7,707b6ccf-c9d9-4c1d-97f4-516b572b2f9d,1697663488722044444
6a69421f-e399-4db8-897a-d8ef21b5e0a7,707b6ccf-c9d9-4c1d-97f4-516b572b2f9d,1697663488758500000
6a69421f-e399-4db8-897a-d8ef21b5e0a7,707b6ccf-c9d9-4c1d-97f4-516b572b2f9d,1697663488791033333
6a69421f-e399-4db8-897a-d8ef21b5e0a7,707b6ccf-c9d9-4c1d-97f4-516b572b2f9d,1697663488826500000
6a69421f-e399-4db8-897a-d8ef21b5e0a7,707b6ccf-c9d9-4c1d-97f4-516b572b2f9d,1697663488863322222
6a69421f-e399-4db8-897a-d8ef21b5e0a7,707b6ccf-c9d9-4c1d-97f4-516b572b2f9d,1697663488890733333
6a69421f-e399-4db8-897a-d8ef21b5e0a7,707b6ccf-c9d9-4c1d-97f4-516b572b2f9d,1697663488921922222
6a69421f-e399-4db8-897a-d8ef21b5e0a7,707b6ccf-c9d9-4c1d-97f4-516b572b2f9d,1697663488959722222
6a69421f-e399-4db8-897a-d8ef21b5e0a7,707b6ccf-c9d9-4c1d-97f4-516b572b2f9d,1697663488994822222
6a69421f-e399-4db8-897a-d8ef21b5e0a7,707b6ccf-c9d9-4c1d-97f4-516b572b2f9d,1697663489028344444
6a69421f-e399-4db8-897a-d8ef21b5e0a7,707b6ccf-c9d9-4c1d-97f4-516b572b2f9d,1697663489058833333
6a69421f-e399-4db8-897a-d8ef21b5e0a7,707b6ccf-c9d9-4c1d-97f4-516b572b2f9d,1697663489093322222
6a69421f-e399-4db8-897a-d8ef21b5e0a7,707b6ccf-c9d9-4c1d-97f4-516b572b2f9d,1697663489136222222
6a69421f-e399-4db8-897a-d8ef21b5e0a7,707b6ccf-c9d9-4c1d-97f4-516b572b2f9d,1697663489151144444
6a69421f-e399-4db8-897a-d8ef21b5e0a7,707b6ccf-c9d9-4c1d-97f4-516b572b2f9d,1697663489181033333
6a69421f-e399-4db8-897a-d8ef21b5e0a7,707b6ccf-c9d9-4c1d-97f4-516b572b2f9d,1697663489213644444
6a69421f-e399-4db8-897a-d8ef21b5e0a7,707b6ccf-c9d9-4c1d-97f4-516b572b2f9d,1697663489249311111
6a69421f-e399-4db8-897a-d8ef21b5e0a7,707b6ccf-c9d9-4c1d-97f4-516b572b2f9d,1697663489290744444
6a69421f-e399-4db8-897a-d8ef21b5e0a7,707b6ccf-c9d9-4c1d-97f4-516b572b2f9d,1697663489321588888
6a69421f-e399-4db8-897a-d8ef21b5e0a7,707b6ccf-c9d9-4c1d-97f4-516b572b2f9d,1697663489362100000
6a69421f-e399-4db8-897a-d8ef21b5e0a7,707b6ccf-c9d9-4c1d-97f4-516b572b2f9d,1697663489390444444
6a69421f-e399-4db8-897a-d8ef21b5e0a7,707b6ccf-c9d9-4c1d-97f4-516b572b2f9d,1697663489429533333
6a69421f-e399-4db8-897a-d8ef21b5e0a7,707b6ccf-c9d9-4c1d-97f4-516b572b2f9d,1697663489458600000
6a69421f-e399-4db8-897a-d8ef21b5e0a7,707b6ccf-c9d9-4c1d-97f4-516b572b2f9d,1697663489491533333
6a69421f-e399-4db8-897a-d8ef21b5e0a7,707b6ccf-c9d9-4c1d-97f4-516b572b2f9d,1697663489519677777
6a69421f-e399-4db8-897a-d8ef21b5e0a7,707b6ccf-c9d9-4c1d-97f4-516b572b2f9d,1697663489560600000
6a69421f-e399-4db8-897a-d8ef21b5e0a7,707b6ccf-c9d9-4c1d-97f4-516b572b2f9d,1697663489590711111
6a69421f-e399-4db8-897a-d8ef21b5e0a7,707b6ccf-c9d9-4c1d-97f4-516b572b2f9d,1697663489623644444
6a69421f-e399-4db8-897a-d8ef21b5e0a7,707b6ccf-c9d9-4c1d-97f4-516b572b2f9d,1697663489658355555
6a69421f-e399-4db8-897a-d8ef21b5e0a7,707b6ccf-c9d9-4c1d-97f4-516b572b2f9d,1697663489689233333
6a69421f-e399-4db8-897a-d8ef21b5e0a7,707b6ccf-c9d9-4c1d-97f4-516b572b2f9d,1697663489723077777
6a69421f-e399-4db8-897a-d8ef21b5e0a7,707b6ccf-c9d9-4c1d-97f4-516b572b2f9d,1697663489772722222
6a69421f-e399-4db8-897a-d8ef21b5e0a7,707b6ccf-c9d9-4c1d-97f4-516b572b2f9d,1697663489785177777
6a69421f-e399-4db8-897a-d8ef21b5e0a7,707b6ccf-c9d9-4c1d-97f4-516b572b2f9d,1697663489833577777
6a69421f-e399-4db8-897a-d8ef21b5e0a7,707b6ccf-c9d9-4c1d-97f4-516b572b2f9d,1697663489856511111
6a69421f-e399-4db8-897a-d8ef21b5e0a7,707b6ccf-c9d9-4c1d-97f4-516b572b2f9d,1697663489897155555
6a69421f-e399-4db8-897a-d8ef21b5e0a7,707b6ccf-c9d9-4c1d-97f4-516b572b2f9d,1697663489927222222
6a69421f-e399-4db8-897a-d8ef21b5e0a7,707b6ccf-c9d9-4c1d-97f4-516b572b2f9d,1697663489958488888
6a69421f-e399-4db8-897a-d8ef21b5e0a7,707b6ccf-c9d9-4c1d-97f4-516b572b2f9d,1697663489990777777
6a69421f-e399-4db8-897a-d8ef21b5e0a7,707b6ccf-c9d9-4c1d-97f4-516b572b2f9d,1697663490021800000
6a69421f-e399-4db8-897a-d8ef21b5e0a7,707b6ccf-c9d9-4c1d-97f4-516b572b2f9d,1697663490060155555
6a69421f-e399-4db8-897a-d8ef21b5e0a7,707b6ccf-c9d9-4c1d-97f4-516b572b2f9d,1697663490092055555
6a69421f-e399-4db8-897a-d8ef21b5e0a7,707b6ccf-c9d9-4c1d-97f4-516b572b2f9d,1697663490121355555
6a69421f-e399-4db8-897a-d8ef21b5e0a7,707b6ccf-c9d9-4c1d-97f4-516b572b2f9d,1697663490157577777
6a69421f-e399-4db8-897a-d8ef21b5e0a7,707b6ccf-c9d9-4c1d-97f4-516b572b2f9d,1697663490191600000
6a69421f-e399-4db8-897a-d8ef21b5e0a7,707b6ccf-c9d9-4c1d-97f4-516b572b2f9d,1697663490222311111
6a69421f-e399-4db8-897a-d8ef21b5e0a7,707b6ccf-c9d9-4c1d-97f4-516b572b2f9d,1697663490262255555
6a69421f-e399-4db8-897a-d8ef21b5e0a7,707b6ccf-c9d9-4c1d-97f4-516b572b2f9d,1697663490291077777
6a69421f-e399-4db8-897a-d8ef21b5e0a7,707b6ccf-c9d9-4c1d-97f4-516b572b2f9d,1697663490321655555
6a69421f-e399-4db8-897a-d8ef21b5e0a7,707b6ccf-c9d9-4c1d-97f4-516b572b2f9d,1697663490358266666
6a69421f-e399-4db8-897a-d8ef21b5e0a7,707b6ccf-c9d9-4c1d-97f4-516b572b2f9d,1697663490395466666
6a69421f-e399-4db8-897a-d8ef21b5e0a7,707b6ccf-c9d9-4c1d-97f4-516b572b2f9d,1697663490422966666
6a69421f-e399-4db8-897a-d8ef21b5e0a7,707b6ccf-c9d9-4c1d-97f4-516b572b2f9d,1697663490454511111
6a69421f-e399-4db8-897a-d8ef21b5e0a7,707b6ccf-c9d9-4c1d-97f4-516b572b2f9d,1697663490488288888
6a69421f-e399-4db8-897a-d8ef21b5e0a7,707b6ccf-c9d9-4c1d-97f4-516b572b2f9d,1697663490516100000
6a69421f-e399-4db8-897a-d8ef21b5e0a7,707b6ccf-c9d9-4c1d-97f4-516b572b2f9d,1697663490552055555
6a69421f-e399-4db8-897a-d8ef21b5e0a7,707b6ccf-c9d9-4c1d-97f4-516b572b2f9d,1697663490581788888
6a69421f-e399-4db8-897a-d8ef21b5e0a7,707b6ccf-c9d9-4c1d-97f4-516b572b2f9d,1697663490628966666
6a69421f-e399-4db8-897a-d8ef21b5e0a7,707b6ccf-c9d9-4c1d-97f4-516b572b2f9d,1697663490669577777
6a69421f-e399-4db8-897a-d8ef21b5e0a7,707b6ccf-c9d9-4c1d-97f4-516b572b2f9d,1697663490684222222
6a69421f-e399-4db8-897a-d8ef21b5e0a7,707b6ccf-c9d9-4c1d-97f4-516b572b2f9d,1697663490723744444
6a69421f-e399-4db8-897a-d8ef21b5e0a7,707b6ccf-c9d9-4c1d-97f4-516b572b2f9d,1697663490754500000
6a69421f-e399-4db8-897a-d8ef21b5e0a7,707b6ccf-c9d9-4c1d-97f4-516b572b2f9d,1697663490790966666
6a69421f-e399-4db8-897a-d8ef21b5e0a7,707b6ccf-c9d9-4c1d-97f4-516b572b2f9d,1697663490821055555
6a69421f-e399-4db8-897a-d8ef21b5e0a7,707b6ccf-c9d9-4c1d-97f4-516b572b2f9d,1697663490857066666
6a69421f-e399-4db8-897a-d8ef21b5e0a7,707b6ccf-c9d9-4c1d-97f4-516b572b2f9d,1697663490889244444
6a69421f-e399-4db8-897a-d8ef21b5e0a7,707b6ccf-c9d9-4c1d-97f4-516b572b2f9d,1697663490924233333
6a69421f-e399-4db8-897a-d8ef21b5e0a7,707b6ccf-c9d9-4c1d-97f4-516b572b2f9d,1697663490960422222
6a69421f-e399-4db8-897a-d8ef21b5e0a7,707b6ccf-c9d9-4c1d-97f4-516b572b2f9d,1697663490995166666
6a69421f-e399-4db8-897a-d8ef21b5e0a7,707b6ccf-c9d9-4c1d-97f4-516b572b2f9d,1697663491022688888
6a69421f-e399-4db8-897a-d8ef21b5e0a7,707b6ccf-c9d9-4c1d-97f4-516b572b2f9d,1697663491054255555
6a69421f-e399-4db8-897a-d8ef21b5e0a7,707b6ccf-c9d9-4c1d-97f4-516b572b2f9d,1697663491110188888
6a69421f-e399-4db8-897a-d8ef21b5e0a7,707b6ccf-c9d9-4c1d-97f4-516b572b2f9d,1697663491122966666
6a69421f-e399-4db8-897a-d8ef21b5e0a7,707b6ccf-c9d9-4c1d-97f4-516b572b2f9d,1697663491159722222
6a69421f-e399-4db8-897a-d8ef21b5e0a7,707b6ccf-c9d9-4c1d-97f4-516b572b2f9d,1697663491195400000
6a69421f-e399-4db8-897a-d8ef21b5e0a7,707b6ccf-c9d9-4c1d-97f4-516b572b2f9d,1697663491213477777
6a69421f-e399-4db8-897a-d8ef21b5e0a7,707b6ccf-c9d9-4c1d-97f4-516b572b2f9d,1697663491249333333
6a69421f-e399-4db8-897a-d8ef21b5e0a7,707b6ccf-c9d9-4c1d-97f4-516b572b2f9d,1697663491293377777
6a69421f-e399-4db8-897a-d8ef21b5e0a7,707b6ccf-c9d9-4c1d-97f4-516b572b2f9d,1697663491322611111
6a69421f-e399-4db8-897a-d8ef21b5e0a7,707b6ccf-c9d9-4c1d-97f4-516b572b2f9d,1697663491356555555
6a69421f-e399-4db8-897a-d8ef21b5e0a7,707b6ccf-c9d9-4c1d-97f4-516b572b2f9d,1697663491388877777
6a69421f-e399-4db8-897a-d8ef21b5e0a7,707b6ccf-c9d9-4c1d-97f4-516b572b2f9d,1697663491420411111
6a69421f-e399-4db8-897a-d8ef21b5e0a7,707b6ccf-c9d9-4c1d-97f4-516b572b2f9d,1697663491454422222
6a69421f-e399-4db8-897a-d8ef21b5e0a7,707b6ccf-c9d9-4c1d-97f4-516b572b2f9d,1697663491491000000
6a69421f-e399-4db8-897a-d8ef21b5e0a7,707b6ccf-c9d9-4c1d-97f4-516b572b2f9d,1697663491521100000
6a69421f-e399-4db8-897a-d8ef21b5e0a7,707b6ccf-c9d9-4c1d-97f4-516b572b2f9d,1697663491553955555
6a69421f-e399-4db8-897a-d8ef21b5e0a7,707b6ccf-c9d9-4c1d-97f4-516b572b2f9d,1697663491590833333
6a69421f-e399-4db8-897a-d8ef21b5e0a7,707b6ccf-c9d9-4c1d-97f4-516b572b2f9d,1697663491624455555
6a69421f-e399-4db8-897a-d8ef21b5e0a7,707b6ccf-c9d9-4c1d-97f4-516b572b2f9d,1697663491654677777
6a69421f-e399-4db8-897a-d8ef21b5e0a7,707b6ccf-c9d9-4c1d-97f4-516b572b2f9d,1697663491690611111
6a69421f-e399-4db8-897a-d8ef21b5e0a7,707b6ccf-c9d9-4c1d-97f4-516b572b2f9d,1697663491721966666
6a69421f-e399-4db8-897a-d8ef21b5e0a7,707b6ccf-c9d9-4c1d-97f4-516b572b2f9d,1697663491757977777
6a69421f-e399-4db8-897a-d8ef21b5e0a7,707b6ccf-c9d9-4c1d-97f4-516b572b2f9d,1697663491783755555
6a69421f-e399-4db8-897a-d8ef21b5e0a7,707b6ccf-c9d9-4c1d-97f4-516b572b2f9d,1697663491816211111
6a69421f-e399-4db8-897a-d8ef21b5e0a7,707b6ccf-c9d9-4c1d-97f4-516b572b2f9d,1697663491846055555
6a69421f-e399-4db8-897a-d8ef21b5e0a7,707b6ccf-c9d9-4c1d-97f4-516b572b2f9d,1697663491898788888
6a69421f-e399-4db8-897a-d8ef21b5e0a7,707b6ccf-c9d9-4c1d-97f4-516b572b2f9d,1697663491915211111
6a69421f-e399-4db8-897a-d8ef21b5e0a7,707b6ccf-c9d9-4c1d-97f4-516b572b2f9d,1697663491958533333
6a69421f-e399-4db8-897a-d8ef21b5e0a7,707b6ccf-c9d9-4c1d-97f4-516b572b2f9d,1697663491988900000
6a69421f-e399-4db8-897a-d8ef21b5e0a7,707b6ccf-c9d9-4c1d-97f4-516b572b2f9d,1697663492027422222
6a69421f-e399-4db8-897a-d8ef21b5e0a7,707b6ccf-c9d9-4c1d-97f4-516b572b2f9d,1697663492054377777
6a69421f-e399-4db8-897a-d8ef21b5e0a7,707b6ccf-c9d9-4c1d-97f4-516b572b2f9d,1697663492088700000
6a69421f-e399-4db8-897a-d8ef21b5e0a7,707b6ccf-c9d9-4c1d-97f4-516b572b2f9d,1697663492125866666
6a69421f-e399-4db8-897a-d8ef21b5e0a7,707b6ccf-c9d9-4c1d-97f4-516b572b2f9d,1697663492154277777
6a69421f-e399-4db8-897a-d8ef21b5e0a7,707b6ccf-c9d9-4c1d-97f4-516b572b2f9d,1697663492191622222
6a69421f-e399-4db8-897a-d8ef21b5e0a7,707b6ccf-c9d9-4c1d-97f4-516b572b2f9d,1697663492223644444
6a69421f-e399-4db8-897a-d8ef21b5e0a7,707b6ccf-c9d9-4c1d-97f4-516b572b2f9d,1697663492256755555
6a69421f-e399-4db8-897a-d8ef21b5e0a7,707b6ccf-c9d9-4c1d-97f4-516b572b2f9d,1697663492291522222
6a69421f-e399-4db8-897a-d8ef21b5e0a7,707b6ccf-c9d9-4c1d-97f4-516b572b2f9d,1697663492322088888
6a69421f-e399-4db8-897a-d8ef21b5e0a7,707b6ccf-c9d9-4c1d-97f4-516b572b2f9d,1697663492370688888
6a69421f-e399-4db8-897a-d8ef21b5e0a7,707b6ccf-c9d9-4c1d-97f4-516b572b2f9d,1697663492403122222
6a69421f-e399-4db8-897a-d8ef21b5e0a7,707b6ccf-c9d9-4c1d-97f4-516b572b2f9d,1697663492458311111
6a69421f-e399-4db8-897a-d8ef21b5e0a7,707b6ccf-c9d9-4c1d-97f4-516b572b2f9d,1697663492493288888
6a69421f-e399-4db8-897a-d8ef21b5e0a7,707b6ccf-c9d9-4c1d-97f4-516b572b2f9d,1697663492535455555
6a69421f-e399-4db8-897a-d8ef21b5e0a7,707b6ccf-c9d9-4c1d-97f4-516b572b2f9d,1697663492555666666
6a69421f-e399-4db8-897a-d8ef21b5e0a7,707b6ccf-c9d9-4c1d-97f4-516b572b2f9d,1697663492582822222
6a69421f-e399-4db8-897a-d8ef21b5e0a7,707b6ccf-c9d9-4c1d-97f4-516b572b2f9d,1697663492625133333
6a69421f-e399-4db8-897a-d8ef21b5e0a7,707b6ccf-c9d9-4c1d-97f4-516b572b2f9d,1697663492657744444
6a69421f-e399-4db8-897a-d8ef21b5e0a7,707b6ccf-c9d9-4c1d-97f4-516b572b2f9d,1697663492693544444
6a69421f-e399-4db8-897a-d8ef21b5e0a7,707b6ccf-c9d9-4c1d-97f4-516b572b2f9d,1697663492726055555
6a69421f-e399-4db8-897a-d8ef21b5e0a7,707b6ccf-c9d9-4c1d-97f4-516b572b2f9d,1697663492755788888
6a69421f-e399-4db8-897a-d8ef21b5e0a7,707b6ccf-c9d9-4c1d-97f4-516b572b2f9d,1697663492791166666
6a69421f-e399-4db8-897a-d8ef21b5e0a7,707b6ccf-c9d9-4c1d-97f4-516b572b2f9d,1697663492823266666
6a69421f-e399-4db8-897a-d8ef21b5e0a7,707b6ccf-c9d9-4c1d-97f4-516b572b2f9d,1697663492858722222
6a69421f-e399-4db8-897a-d8ef21b5e0a7,707b6ccf-c9d9-4c1d-97f4-516b572b2f9d,1697663492891277777
6a69421f-e399-4db8-897a-d8ef21b5e0a7,707b6ccf-c9d9-4c1d-97f4-516b572b2f9d,1697663492922500000
6a69421f-e399-4db8-897a-d8ef21b5e0a7,707b6ccf-c9d9-4c1d-97f4-516b572b2f9d,1697663492956788888
6a69421f-e399-4db8-897a-d8ef21b5e0a7,707b6ccf-c9d9-4c1d-97f4-516b572b2f9d,1697663492990588888
6a69421f-e399-4db8-897a-d8ef21b5e0a7,707b6ccf-c9d9-4c1d-97f4-516b572b2f9d,1697663493021822222
6a69421f-e399-4db8-897a-d8ef21b5e0a7,707b6ccf-c9d9-4c1d-97f4-516b572b2f9d,1697663493054744444
6a69421f-e399-4db8-897a-d8ef21b5e0a7,707b6ccf-c9d9-4c1d-97f4-516b572b2f9d,1697663493094933333
6a69421f-e399-4db8-897a-d8ef21b5e0a7,707b6ccf-c9d9-4c1d-97f4-516b572b2f9d,1697663493115611111
6a69421f-e399-4db8-897a-d8ef21b5e0a7,707b6ccf-c9d9-4c1d-97f4-516b572b2f9d,1697663493146555555
6a69421f-e399-4db8-897a-d8ef21b5e0a7,707b6ccf-c9d9-4c1d-97f4-516b572b2f9d,1697663493181166666
6a69421f-e399-4db8-897a-d8ef21b5e0a7,707b6ccf-c9d9-4c1d-97f4-516b572b2f9d,1697663493216422222
6a69421f-e399-4db8-897a-d8ef21b5e0a7,707b6ccf-c9d9-4c1d-97f4-516b572b2f9d,1697663493261677777
6a69421f-e399-4db8-897a-d8ef21b5e0a7,707b6ccf-c9d9-4c1d-97f4-516b572b2f9d,1697663493281188888
6a69421f-e399-4db8-897a-d8ef21b5e0a7,707b6ccf-c9d9-4c1d-97f4-516b572b2f9d,1697663493321855555
6a69421f-e399-4db8-897a-d8ef21b5e0a7,707b6ccf-c9d9-4c1d-97f4-516b572b2f9d,1697663493354233333
6a69421f-e399-4db8-897a-d8ef21b5e0a7,707b6ccf-c9d9-4c1d-97f4-516b572b2f9d,1697663493388866666
6a69421f-e399-4db8-897a-d8ef21b5e0a7,707b6ccf-c9d9-4c1d-97f4-516b572b2f9d,1697663493422833333
6a69421f-e399-4db8-897a-d8ef21b5e0a7,707b6ccf-c9d9-4c1d-97f4-516b572b2f9d,1697663493453455555
6a69421f-e399-4db8-897a-d8ef21b5e0a7,707b6ccf-c9d9-4c1d-97f4-516b572b2f9d,1697663493489755555
6a69421f-e399-4db8-897a-d8ef21b5e0a7,707b6ccf-c9d9-4c1d-97f4-516b572b2f9d,1697663493522833333
6a69421f-e399-4db8-897a-d8ef21b5e0a7,707b6ccf-c9d9-4c1d-97f4-516b572b2f9d,1697663493556077777
6a69421f-e399-4db8-897a-d8ef21b5e0a7,707b6ccf-c9d9-4c1d-97f4-516b572b2f9d,1697663493590133333
6a69421f-e399-4db8-897a-d8ef21b5e0a7,707b6ccf-c9d9-4c1d-97f4-516b572b2f9d,1697663493623422222
6a69421f-e399-4db8-897a-d8ef21b5e0a7,707b6ccf-c9d9-4c1d-97f4-516b572b2f9d,1697663493654422222
6a69421f-e399-4db8-897a-d8ef21b5e0a7,707b6ccf-c9d9-4c1d-97f4-516b572b2f9d,1697663493689077777
6a69421f-e399-4db8-897a-d8ef21b5e0a7,707b6ccf-c9d9-4c1d-97f4-516b572b2f9d,1697663493723844444
6a69421f-e399-4db8-897a-d8ef21b5e0a7,707b6ccf-c9d9-4c1d-97f4-516b572b2f9d,1697663493757211111
6a69421f-e399-4db8-897a-d8ef21b5e0a7,707b6ccf-c9d9-4c1d-97f4-516b572b2f9d,1697663493784922222
6a69421f-e399-4db8-897a-d8ef21b5e0a7,707b6ccf-c9d9-4c1d-97f4-516b572b2f9d,1697663493832066666
6a69421f-e399-4db8-897a-d8ef21b5e0a7,707b6ccf-c9d9-4c1d-97f4-516b572b2f9d,1697663493863622222
6a69421f-e399-4db8-897a-d8ef21b5e0a7,707b6ccf-c9d9-4c1d-97f4-516b572b2f9d,1697663493885711111
6a69421f-e399-4db8-897a-d8ef21b5e0a7,707b6ccf-c9d9-4c1d-97f4-516b572b2f9d,1697663493919022222
6a69421f-e399-4db8-897a-d8ef21b5e0a7,707b6ccf-c9d9-4c1d-97f4-516b572b2f9d,1697663493948288888
6a69421f-e399-4db8-897a-d8ef21b5e0a7,707b6ccf-c9d9-4c1d-97f4-516b572b2f9d,1697663493993422222
6a69421f-e399-4db8-897a-d8ef21b5e0a7,707b6ccf-c9d9-4c1d-97f4-516b572b2f9d,1697663494023655555
6a69421f-e399-4db8-897a-d8ef21b5e0a7,707b6ccf-c9d9-4c1d-97f4-516b572b2f9d,1697663494053011111
6a69421f-e399-4db8-897a-d8ef21b5e0a7,707b6ccf-c9d9-4c1d-97f4-516b572b2f9d,1697663494090477777
6a69421f-e399-4db8-897a-d8ef21b5e0a7,707b6ccf-c9d9-4c1d-97f4-516b572b2f9d,1697663494129900000
6a69421f-e399-4db8-897a-d8ef21b5e0a7,707b6ccf-c9d9-4c1d-97f4-516b572b2f9d,1697663494155711111
6a69421f-e399-4db8-897a-d8ef21b5e0a7,707b6ccf-c9d9-4c1d-97f4-516b572b2f9d,1697663494189533333
6a69421f-e399-4db8-897a-d8ef21b5e0a7,707b6ccf-c9d9-4c1d-97f4-516b572b2f9d,1697663494222422222
6a69421f-e399-4db8-897a-d8ef21b5e0a7,707b6ccf-c9d9-4c1d-97f4-516b572b2f9d,1697663494255933333
6a69421f-e399-4db8-897a-d8ef21b5e0a7,707b6ccf-c9d9-4c1d-97f4-516b572b2f9d,1697663494290477777
6a69421f-e399-4db8-897a-d8ef21b5e0a7,707b6ccf-c9d9-4c1d-97f4-516b572b2f9d,1697663494323300000
6a69421f-e399-4db8-897a-d8ef21b5e0a7,707b6ccf-c9d9-4c1d-97f4-516b572b2f9d,1697663494355955555
6a69421f-e399-4db8-897a-d8ef21b5e0a7,707b6ccf-c9d9-4c1d-97f4-516b572b2f9d,1697663494390422222
6a69421f-e399-4db8-897a-d8ef21b5e0a7,707b6ccf-c9d9-4c1d-97f4-516b572b2f9d,1697663494420277777
6a69421f-e399-4db8-897a-d8ef21b5e0a7,707b6ccf-c9d9-4c1d-97f4-516b572b2f9d,1697663494465077777
6a69421f-e399-4db8-897a-d8ef21b5e0a7,707b6ccf-c9d9-4c1d-97f4-516b572b2f9d,1697663494485055555
6a69421f-e399-4db8-897a-d8ef21b5e0a7,707b6ccf-c9d9-4c1d-97f4-516b572b2f9d,1697663494518544444
6a69421f-e399-4db8-897a-d8ef21b5e0a7,707b6ccf-c9d9-4c1d-97f4-516b572b2f9d,1697663494545233333
6a69421f-e399-4db8-897a-d8ef21b5e0a7,707b6ccf-c9d9-4c1d-97f4-516b572b2f9d,1697663494578122222
6a69421f-e399-4db8-897a-d8ef21b5e0a7,707b6ccf-c9d9-4c1d-97f4-516b572b2f9d,1697663494623022222
6a69421f-e399-4db8-897a-d8ef21b5e0a7,707b6ccf-c9d9-4c1d-97f4-516b572b2f9d,1697663494653344444
6a69421f-e399-4db8-897a-d8ef21b5e0a7,707b6ccf-c9d9-4c1d-97f4-516b572b2f9d,1697663494686077777
6a69421f-e399-4db8-897a-d8ef21b5e0a7,707b6ccf-c9d9-4c1d-97f4-516b572b2f9d,1697663494728166666
6a69421f-e399-4db8-897a-d8ef21b5e0a7,707b6ccf-c9d9-4c1d-97f4-516b572b2f9d,1697663494755122222
6a69421f-e399-4db8-897a-d8ef21b5e0a7,707b6ccf-c9d9-4c1d-97f4-516b572b2f9d,1697663494787488888
6a69421f-e399-4db8-897a-d8ef21b5e0a7,707b6ccf-c9d9-4c1d-97f4-516b572b2f9d,1697663494823100000
6a69421f-e399-4db8-897a-d8ef21b5e0a7,707b6ccf-c9d9-4c1d-97f4-516b572b2f9d,1697663494855500000
6a69421f-e399-4db8-897a-d8ef21b5e0a7,707b6ccf-c9d9-4c1d-97f4-516b572b2f9d,1697663494888122222
6a69421f-e399-4db8-897a-d8ef21b5e0a7,707b6ccf-c9d9-4c1d-97f4-516b572b2f9d,1697663494923722222
6a69421f-e399-4db8-897a-d8ef21b5e0a7,707b6ccf-c9d9-4c1d-97f4-516b572b2f9d,1697663494960522222
6a69421f-e399-4db8-897a-d8ef21b5e0a7,707b6ccf-c9d9-4c1d-97f4-516b572b2f9d,1697663494988844444
6a69421f-e399-4db8-897a-d8ef21b5e0a7,707b6ccf-c9d9-4c1d-97f4-516b572b2f9d,1697663495027366666
6a69421f-e399-4db8-897a-d8ef21b5e0a7,707b6ccf-c9d9-4c1d-97f4-516b572b2f9d,1697663495054733333
6a69421f-e399-4db8-897a-d8ef21b5e0a7,707b6ccf-c9d9-4c1d-97f4-516b572b2f9d,1697663495087344444
6a69421f-e399-4db8-897a-d8ef21b5e0a7,707b6ccf-c9d9-4c1d-97f4-516b572b2f9d,1697663495121233333
6a69421f-e399-4db8-897a-d8ef21b5e0a7,707b6ccf-c9d9-4c1d-97f4-516b572b2f9d,1697663495146900000
6a69421f-e399-4db8-897a-d8ef21b5e0a7,707b6ccf-c9d9-4c1d-97f4-516b572b2f9d,1697663495192477777
6a69421f-e399-4db8-897a-d8ef21b5e0a7,707b6ccf-c9d9-4c1d-97f4-516b572b2f9d,1697663495221133333
6a69421f-e399-4db8-897a-d8ef21b5e0a7,707b6ccf-c9d9-4c1d-97f4-516b572b2f9d,1697663495249322222
6a69421f-e399-4db8-897a-d8ef21b5e0a7,707b6ccf-c9d9-4c1d-97f4-516b572b2f9d,1697663495288022222
6a69421f-e399-4db8-897a-d8ef21b5e0a7,707b6ccf-c9d9-4c1d-97f4-516b572b2f9d,1697663495323844444
6a69421f-e399-4db8-897a-d8ef21b5e0a7,707b6ccf-c9d9-4c1d-97f4-516b572b2f9d,1697663495357788888
6a69421f-e399-4db8-897a-d8ef21b5e0a7,707b6ccf-c9d9-4c1d-97f4-516b572b2f9d,1697663495390644444
6a69421f-e399-4db8-897a-d8ef21b5e0a7,707b6ccf-c9d9-4c1d-97f4-516b572b2f9d,1697663495421588888
6a69421f-e399-4db8-897a-d8ef21b5e0a7,707b6ccf-c9d9-4c1d-97f4-516b572b2f9d,1697663495455144444
6a69421f-e399-4db8-897a-d8ef21b5e0a7,707b6ccf-c9d9-4c1d-97f4-516b572b2f9d,1697663495491200000
6a69421f-e399-4db8-897a-d8ef21b5e0a7,707b6ccf-c9d9-4c1d-97f4-516b572b2f9d,1697663495525566666
6a69421f-e399-4db8-897a-d8ef21b5e0a7,707b6ccf-c9d9-4c1d-97f4-516b572b2f9d,1697663495553711111
6a69421f-e399-4db8-897a-d8ef21b5e0a7,707b6ccf-c9d9-4c1d-97f4-516b572b2f9d,1697663495587011111
6a69421f-e399-4db8-897a-d8ef21b5e0a7,707b6ccf-c9d9-4c1d-97f4-516b572b2f9d,1697663495623966666
6a69421f-e399-4db8-897a-d8ef21b5e0a7,707b6ccf-c9d9-4c1d-97f4-516b572b2f9d,1697663495655566666
6a69421f-e399-4db8-897a-d8ef21b5e0a7,707b6ccf-c9d9-4c1d-97f4-516b572b2f9d,1697663495684811111
6a69421f-e399-4db8-897a-d8ef21b5e0a7,707b6ccf-c9d9-4c1d-97f4-516b572b2f9d,1697663495723688888
6a69421f-e399-4db8-897a-d8ef21b5e0a7,707b6ccf-c9d9-4c1d-97f4-516b572b2f9d,1697663495760811111
6a69421f-e399-4db8-897a-d8ef21b5e0a7,707b6ccf-c9d9-4c1d-97f4-516b572b2f9d,1697663495780177777
6a69421f-e399-4db8-897a-d8ef21b5e0a7,707b6ccf-c9d9-4c1d-97f4-516b572b2f9d,1697663495816966666
6a69421f-e399-4db8-897a-d8ef21b5e0a7,707b6ccf-c9d9-4c1d-97f4-516b572b2f9d,1697663495846088888
6a69421f-e399-4db8-897a-d8ef21b5e0a7,707b6ccf-c9d9-4c1d-97f4-516b572b2f9d,1697663495893844444
6a69421f-e399-4db8-897a-d8ef21b5e0a7,707b6ccf-c9d9-4c1d-97f4-516b572b2f9d,1697663495916722222
6a69421f-e399-4db8-897a-d8ef21b5e0a7,707b6ccf-c9d9-4c1d-97f4-516b572b2f9d,1697663495947622222
6a69421f-e399-4db8-897a-d8ef21b5e0a7,707b6ccf-c9d9-4c1d-97f4-516b572b2f9d,1697663495986222222
6a69421f-e399-4db8-897a-d8ef21b5e0a7,707b6ccf-c9d9-4c1d-97f4-516b572b2f9d,1697663496022644444
6a69421f-e399-4db8-897a-d8ef21b5e0a7,707b6ccf-c9d9-4c1d-97f4-516b572b2f9d,1697663496052933333
6a69421f-e399-4db8-897a-d8ef21b5e0a7,707b6ccf-c9d9-4c1d-97f4-516b572b2f9d,1697663496089266666
6a69421f-e399-4db8-897a-d8ef21b5e0a7,707b6ccf-c9d9-4c1d-97f4-516b572b2f9d,1697663496124100000
6a69421f-e399-4db8-897a-d8ef21b5e0a7,707b6ccf-c9d9-4c1d-97f4-516b572b2f9d,1697663496158077777
6a69421f-e399-4db8-897a-d8ef21b5e0a7,707b6ccf-c9d9-4c1d-97f4-516b572b2f9d,1697663496187388888
6a69421f-e399-4db8-897a-d8ef21b5e0a7,707b6ccf-c9d9-4c1d-97f4-516b572b2f9d,1697663496222488888
6a69421f-e399-4db8-897a-d8ef21b5e0a7,707b6ccf-c9d9-4c1d-97f4-516b572b2f9d,1697663496254866666
6a69421f-e399-4db8-897a-d8ef21b5e0a7,707b6ccf-c9d9-4c1d-97f4-516b572b2f9d,1697663496286588888
6a69421f-e399-4db8-897a-d8ef21b5e0a7,707b6ccf-c9d9-4c1d-97f4-516b572b2f9d,1697663496324166666
6a69421f-e399-4db8-897a-d8ef21b5e0a7,707b6ccf-c9d9-4c1d-97f4-516b572b2f9d,1697663496354422222
6a69421f-e399-4db8-897a-d8ef21b5e0a7,707b6ccf-c9d9-4c1d-97f4-516b572b2f9d,1697663496388166666
6a69421f-e399-4db8-897a-d8ef21b5e0a7,707b6ccf-c9d9-4c1d-97f4-516b572b2f9d,1697663496437144444
6a69421f-e399-4db8-897a-d8ef21b5e0a7,707b6ccf-c9d9-4c1d-97f4-516b572b2f9d,1697663496448544444
6a69421f-e399-4db8-897a-d8ef21b5e0a7,707b6ccf-c9d9-4c1d-97f4-516b572b2f9d,1697663496482855555
6a69421f-e399-4db8-897a-d8ef21b5e0a7,707b6ccf-c9d9-4c1d-97f4-516b572b2f9d,1697663496516355555
6a69421f-e399-4db8-897a-d8ef21b5e0a7,707b6ccf-c9d9-4c1d-97f4-516b572b2f9d,1697663496549266666
6a69421f-e399-4db8-897a-d8ef21b5e0a7,707b6ccf-c9d9-4c1d-97f4-516b572b2f9d,1697663496580900000
6a69421f-e399-4db8-897a-d8ef21b5e0a7,707b6ccf-c9d9-4c1d-97f4-516b572b2f9d,1697663496614933333
6a69421f-e399-4db8-897a-d8ef21b5e0a7,707b6ccf-c9d9-4c1d-97f4-516b572b2f9d,1697663496657611111
6a69421f-e399-4db8-897a-d8ef21b5e0a7,707b6ccf-c9d9-4c1d-97f4-516b572b2f9d,1697663496690000000
6a69421f-e399-4db8-897a-d8ef21b5e0a7,707b6ccf-c9d9-4c1d-97f4-516b572b2f9d,1697663496727344444
6a69421f-e399-4db8-897a-d8ef21b5e0a7,707b6ccf-c9d9-4c1d-97f4-516b572b2f9d,1697663496757722222
6a69421f-e399-4db8-897a-d8ef21b5e0a7,707b6ccf-c9d9-4c1d-97f4-516b572b2f9d,1697663496787911111
6a69421f-e399-4db8-897a-d8ef21b5e0a7,707b6ccf-c9d9-4c1d-97f4-516b572b2f9d,1697663496821422222
6a69421f-e399-4db8-897a-d8ef21b5e0a7,707b6ccf-c9d9-4c1d-97f4-516b572b2f9d,1697663496855322222
6a69421f-e399-4db8-897a-d8ef21b5e0a7,707b6ccf-c9d9-4c1d-97f4-516b572b2f9d,1697663496892377777
6a69421f-e399-4db8-897a-d8ef21b5e0a7,707b6ccf-c9d9-4c1d-97f4-516b572b2f9d,1697663496923988888
6a69421f-e399-4db8-897a-d8ef21b5e0a7,707b6ccf-c9d9-4c1d-97f4-516b572b2f9d,1697663496955777777
6a69421f-e399-4db8-897a-d8ef21b5e0a7,707b6ccf-c9d9-4c1d-97f4-516b572b2f9d,1697663496983788888
6a69421f-e399-4db8-897a-d8ef21b5e0a7,707b6ccf-c9d9-4c1d-97f4-516b572b2f9d,1697663497026666666
6a69421f-e399-4db8-897a-d8ef21b5e0a7,707b6ccf-c9d9-4c1d-97f4-516b572b2f9d,1697663497055600000
6a69421f-e399-4db8-897a-d8ef21b5e0a7,707b6ccf-c9d9-4c1d-97f4-516b572b2f9d,1697663497087366666
6a69421f-e399-4db8-897a-d8ef21b5e0a7,707b6ccf-c9d9-4c1d-97f4-516b572b2f9d,1697663497117355555
6a69421f-e399-4db8-897a-d8ef21b5e0a7,707b6ccf-c9d9-4c1d-97f4-516b572b2f9d,1697663497155199999
6a69421f-e399-4db8-897a-d8ef21b5e0a7,707b6ccf-c9d9-4c1d-97f4-516b572b2f9d,1697663497177788888
6a69421f-e399-4db8-897a-d8ef21b5e0a7,707b6ccf-c9d9-4c1d-97f4-516b572b2f9d,1697663497220000000
6a69421f-e399-4db8-897a-d8ef21b5e0a7,707b6ccf-c9d9-4c1d-97f4-516b572b2f9d,1697663497257000000
6a69421f-e399-4db8-897a-d8ef21b5e0a7,707b6ccf-c9d9-4c1d-97f4-516b572b2f9d,1697663497286577777
6a69421f-e399-4db8-897a-d8ef21b5e0a7,707b6ccf-c9d9-4c1d-97f4-516b572b2f9d,1697663497322855555
6a69421f-e399-4db8-897a-d8ef21b5e0a7,707b6ccf-c9d9-4c1d-97f4-516b572b2f9d,1697663497357777777
6a69421f-e399-4db8-897a-d8ef21b5e0a7,707b6ccf-c9d9-4c1d-97f4-516b572b2f9d,1697663497386866666
6a69421f-e399-4db8-897a-d8ef21b5e0a7,707b6ccf-c9d9-4c1d-97f4-516b572b2f9d,1697663497427944444
6a69421f-e399-4db8-897a-d8ef21b5e0a7,707b6ccf-c9d9-4c1d-97f4-516b572b2f9d,1697663497457466666
6a69421f-e399-4db8-897a-d8ef21b5e0a7,707b6ccf-c9d9-4c1d-97f4-516b572b2f9d,1697663497488144444
6a69421f-e399-4db8-897a-d8ef21b5e0a7,707b6ccf-c9d9-4c1d-97f4-516b572b2f9d,1697663497525966666
6a69421f-e399-4db8-897a-d8ef21b5e0a7,707b6ccf-c9d9-4c1d-97f4-516b572b2f9d,1697663497555988888
6a69421f-e399-4db8-897a-d8ef21b5e0a7,707b6ccf-c9d9-4c1d-97f4-516b572b2f9d,1697663497589855555
6a69421f-e399-4db8-897a-d8ef21b5e0a7,707b6ccf-c9d9-4c1d-97f4-516b572b2f9d,1697663497620833333
6a69421f-e399-4db8-897a-d8ef21b5e0a7,707b6ccf-c9d9-4c1d-97f4-516b572b2f9d,1697663497660533333
6a69421f-e399-4db8-897a-d8ef21b5e0a7,707b6ccf-c9d9-4c1d-97f4-516b572b2f9d,1697663497685722222
6a69421f-e399-4db8-897a-d8ef21b5e0a7,707b6ccf-c9d9-4c1d-97f4-516b572b2f9d,1697663497721588888
6a69421f-e399-4db8-897a-d8ef21b5e0a7,707b6ccf-c9d9-4c1d-97f4-516b572b2f9d,1697663497766311111
6a69421f-e399-4db8-897a-d8ef21b5e0a7,707b6ccf-c9d9-4c1d-97f4-516b572b2f9d,1697663497776855555
6a69421f-e399-4db8-897a-d8ef21b5e0a7,707b6ccf-c9d9-4c1d-97f4-516b572b2f9d,1697663497824300000
6a69421f-e399-4db8-897a-d8ef21b5e0a7,707b6ccf-c9d9-4c1d-97f4-516b572b2f9d,1697663497849300000
6a69421f-e399-4db8-897a-d8ef21b5e0a7,707b6ccf-c9d9-4c1d-97f4-516b572b2f9d,1697663497892966666
6a69421f-e399-4db8-897a-d8ef21b5e0a7,707b6ccf-c9d9-4c1d-97f4-516b572b2f9d,1697663497922377777
6a69421f-e399-4db8-897a-d8ef21b5e0a7,707b6ccf-c9d9-4c1d-97f4-516b572b2f9d,1697663497944644444
6a69421f-e399-4db8-897a-d8ef21b5e0a7,707b6ccf-c9d9-4c1d-97f4-516b572b2f9d,1697663497985988888
6a69421f-e399-4db8-897a-d8ef21b5e0a7,707b6ccf-c9d9-4c1d-97f4-516b572b2f9d,1697663498016655555
6a69421f-e399-4db8-897a-d8ef21b5e0a7,707b6ccf-c9d9-4c1d-97f4-516b572b2f9d,1697663498055744444
6a69421f-e399-4db8-897a-d8ef21b5e0a7,707b6ccf-c9d9-4c1d-97f4-516b572b2f9d,1697663498085533333
6a69421f-e399-4db8-897a-d8ef21b5e0a7,707b6ccf-c9d9-4c1d-97f4-516b572b2f9d,1697663498118311111
6a69421f-e399-4db8-897a-d8ef21b5e0a7,707b6ccf-c9d9-4c1d-97f4-516b572b2f9d,1697663498156844444
6a69421f-e399-4db8-897a-d8ef21b5e0a7,707b6ccf-c9d9-4c1d-97f4-516b572b2f9d,1697663498187322222
6a69421f-e399-4db8-897a-d8ef21b5e0a7,707b6ccf-c9d9-4c1d-97f4-516b572b2f9d,1697663498222688888
6a69421f-e399-4db8-897a-d8ef21b5e0a7,707b6ccf-c9d9-4c1d-97f4-516b572b2f9d,1697663498255200000
6a69421f-e399-4db8-897a-d8ef21b5e0a7,707b6ccf-c9d9-4c1d-97f4-516b572b2f9d,1697663498287077777
6a69421f-e399-4db8-897a-d8ef21b5e0a7,707b6ccf-c9d9-4c1d-97f4-516b572b2f9d,1697663498321977777
6a69421f-e399-4db8-897a-d8ef21b5e0a7,707b6ccf-c9d9-4c1d-97f4-516b572b2f9d,1697663498356288888
6a69421f-e399-4db8-897a-d8ef21b5e0a7,707b6ccf-c9d9-4c1d-97f4-516b572b2f9d,1697663498389355555
6a69421f-e399-4db8-897a-d8ef21b5e0a7,707b6ccf-c9d9-4c1d-97f4-516b572b2f9d,1697663498419411111
6a69421f-e399-4db8-897a-d8ef21b5e0a7,707b6ccf-c9d9-4c1d-97f4-516b572b2f9d,1697663498451311111
6a69421f-e399-4db8-897a-d8ef21b5e0a7,707b6ccf-c9d9-4c1d-97f4-516b572b2f9d,1697663498479511111
6a69421f-e399-4db8-897a-d8ef21b5e0a7,707b6ccf-c9d9-4c1d-97f4-516b572b2f9d,1697663498522722222
6a69421f-e399-4db8-897a-d8ef21b5e0a7,707b6ccf-c9d9-4c1d-97f4-516b572b2f9d,1697663498547955555
6a69421f-e399-4db8-897a-d8ef21b5e0a7,707b6ccf-c9d9-4c1d-97f4-516b572b2f9d,1697663498592122222
6a69421f-e399-4db8-897a-d8ef21b5e0a7,707b6ccf-c9d9-4c1d-97f4-516b572b2f9d,1697663498620811111
6a69421f-e399-4db8-897a-d8ef21b5e0a7,707b6ccf-c9d9-4c1d-97f4-516b572b2f9d,1697663498651044444
6a69421f-e399-4db8-897a-d8ef21b5e0a7,707b6ccf-c9d9-4c1d-97f4-516b572b2f9d,1697663498686999999
6a69421f-e399-4db8-897a-d8ef21b5e0a7,707b6ccf-c9d9-4c1d-97f4-516b572b2f9d,1697663498717822222
6a69421f-e399-4db8-897a-d8ef21b5e0a7,707b6ccf-c9d9-4c1d-97f4-516b572b2f9d,1697663498755011111
6a69421f-e399-4db8-897a-d8ef21b5e0a7,707b6ccf-c9d9-4c1d-97f4-516b572b2f9d,1697663498786455555
6a69421f-e399-4db8-897a-d8ef21b5e0a7,707b6ccf-c9d9-4c1d-97f4-516b572b2f9d,1697663498818644444
6a69421f-e399-4db8-897a-d8ef21b5e0a7,707b6ccf-c9d9-4c1d-97f4-516b572b2f9d,1697663498854722222
6a69421f-e399-4db8-897a-d8ef21b5e0a7,707b6ccf-c9d9-4c1d-97f4-516b572b2f9d,1697663498884655555
6a69421f-e399-4db8-897a-d8ef21b5e0a7,707b6ccf-c9d9-4c1d-97f4-516b572b2f9d,1697663498918922222
6a69421f-e399-4db8-897a-d8ef21b5e0a7,707b6ccf-c9d9-4c1d-97f4-516b572b2f9d,1697663498956066666
6a69421f-e399-4db8-897a-d8ef21b5e0a7,707b6ccf-c9d9-4c1d-97f4-516b572b2f9d,1697663498988722222
6a69421f-e399-4db8-897a-d8ef21b5e0a7,707b6ccf-c9d9-4c1d-97f4-516b572b2f9d,1697663499022866666
6a69421f-e399-4db8-897a-d8ef21b5e0a7,707b6ccf-c9d9-4c1d-97f4-516b572b2f9d,1697663499059200000
6a69421f-e399-4db8-897a-d8ef21b5e0a7,707b6ccf-c9d9-4c1d-97f4-516b572b2f9d,1697663499083544444
6a69421f-e399-4db8-897a-d8ef21b5e0a7,707b6ccf-c9d9-4c1d-97f4-516b572b2f9d,1697663499133477777
6a69421f-e399-4db8-897a-d8ef21b5e0a7,707b6ccf-c9d9-4c1d-97f4-516b572b2f9d,1697663499147044444
6a69421f-e399-4db8-897a-d8ef21b5e0a7,707b6ccf-c9d9-4c1d-97f4-516b572b2f9d,1697663499178311111
6a69421f-e399-4db8-897a-d8ef21b5e0a7,707b6ccf-c9d9-4c1d-97f4-516b572b2f9d,1697663499211511111
6a69421f-e399-4db8-897a-d8ef21b5e0a7,707b6ccf-c9d9-4c1d-97f4-516b572b2f9d,1697663499247544444
6a69421f-e399-4db8-897a-d8ef21b5e0a7,707b6ccf-c9d9-4c1d-97f4-516b572b2f9d,1697663499286977777
6a69421f-e399-4db8-897a-d8ef21b5e0a7,707b6ccf-c9d9-4c1d-97f4-516b572b2f9d,1697663499322433333
6a69421f-e399-4db8-897a-d8ef21b5e0a7,707b6ccf-c9d9-4c1d-97f4-516b572b2f9d,1697663499350588888
6a69421f-e399-4db8-897a-d8ef21b5e0a7,707b6ccf-c9d9-4c1d-97f4-516b572b2f9d,1697663499386944444
6a69421f-e399-4db8-897a-d8ef21b5e0a7,707b6ccf-c9d9-4c1d-97f4-516b572b2f9d,1697663499420811111
6a69421f-e399-4db8-897a-d8ef21b5e0a7,707b6ccf-c9d9-4c1d-97f4-516b572b2f9d,1697663499447177777
6a69421f-e399-4db8-897a-d8ef21b5e0a7,707b6ccf-c9d9-4c1d-97f4-516b572b2f9d,1697663499490322222
6a69421f-e399-4db8-897a-d8ef21b5e0a7,707b6ccf-c9d9-4c1d-97f4-516b572b2f9d,1697663499521222222
6a69421f-e399-4db8-897a-d8ef21b5e0a7,707b6ccf-c9d9-4c1d-97f4-516b572b2f9d,1697663499550788888
6a69421f-e399-4db8-897a-d8ef21b5e0a7,707b6ccf-c9d9-4c1d-97f4-516b572b2f9d,1697663499587800000
6a69421f-e399-4db8-897a-d8ef21b5e0a7,707b6ccf-c9d9-4c1d-97f4-516b572b2f9d,1697663499622522222
6a69421f-e399-4db8-897a-d8ef21b5e0a7,707b6ccf-c9d9-4c1d-97f4-516b572b2f9d,1697663499654144444
6a69421f-e399-4db8-897a-d8ef21b5e0a7,707b6ccf-c9d9-4c1d-97f4-516b572b2f9d,1697663499685244444
6a69421f-e399-4db8-897a-d8ef21b5e0a7,707b6ccf-c9d9-4c1d-97f4-516b572b2f9d,1697663499723511111
6a69421f-e399-4db8-897a-d8ef21b5e0a7,707b6ccf-c9d9-4c1d-97f4-516b572b2f9d,1697663499753755555
6a69421f-e399-4db8-897a-d8ef21b5e0a7,707b6ccf-c9d9-4c1d-97f4-516b572b2f9d,1697663499792088888
6a69421f-e399-4db8-897a-d8ef21b5e0a7,707b6ccf-c9d9-4c1d-97f4-516b572b2f9d,1697663499813699999
6a69421f-e399-4db8-897a-d8ef21b5e0a7,707b6ccf-c9d9-4c1d-97f4-516b572b2f9d,1697663499847966666
6a69421f-e399-4db8-897a-d8ef21b5e0a7,707b6ccf-c9d9-4c1d-97f4-516b572b2f9d,1697663499888288888
6a69421f-e399-4db8-897a-d8ef21b5e0a7,707b6ccf-c9d9-4c1d-97f4-516b572b2f9d,1697663499913155555
6a69421f-e399-4db8-897a-d8ef21b5e0a7,707b6ccf-c9d9-4c1d-97f4-516b572b2f9d,1697663499957166666
6a69421f-e399-4db8-897a-d8ef21b5e0a7,707b6ccf-c9d9-4c1d-97f4-516b572b2f9d,1697663499988111111
6a69421f-e399-4db8-897a-d8ef21b5e0a7,707b6ccf-c9d9-4c1d-97f4-516b572b2f9d,1697663500022088888
6a69421f-e399-4db8-897a-d8ef21b5e0a7,707b6ccf-c9d9-4c1d-97f4-516b572b2f9d,1697663500058066666
6a69421f-e399-4db8-897a-d8ef21b5e0a7,707b6ccf-c9d9-4c1d-97f4-516b572b2f9d,1697663500087744444
6a69421f-e399-4db8-897a-d8ef21b5e0a7,707b6ccf-c9d9-4c1d-97f4-516b572b2f9d,1697663500118744444
6a69421f-e399-4db8-897a-d8ef21b5e0a7,707b6ccf-c9d9-4c1d-97f4-516b572b2f9d,1697663500155377777
6a69421f-e399-4db8-897a-d8ef21b5e0a7,707b6ccf-c9d9-4c1d-97f4-516b572b2f9d,1697663500184466666
6a69421f-e399-4db8-897a-d8ef21b5e0a7,707b6ccf-c9d9-4c1d-97f4-516b572b2f9d,1697663500217600000
6a69421f-e399-4db8-897a-d8ef21b5e0a7,707b6ccf-c9d9-4c1d-97f4-516b572b2f9d,1697663500255266666
6a69421f-e399-4db8-897a-d8ef21b5e0a7,707b6ccf-c9d9-4c1d-97f4-516b572b2f9d,1697663500288388888
6a69421f-e399-4db8-897a-d8ef21b5e0a7,707b6ccf-c9d9-4c1d-97f4-516b572b2f9d,1697663500322855555
6a69421f-e399-4db8-897a-d8ef21b5e0a7,707b6ccf-c9d9-4c1d-97f4-516b572b2f9d,1697663500355611111
6a69421f-e399-4db8-897a-d8ef21b5e0a7,707b6ccf-c9d9-4c1d-97f4-516b572b2f9d,1697663500387777777
6a69421f-e399-4db8-897a-d8ef21b5e0a7,707b6ccf-c9d9-4c1d-97f4-516b572b2f9d,1697663500421611111
6a69421f-e399-4db8-897a-d8ef21b5e0a7,707b6ccf-c9d9-4c1d-97f4-516b572b2f9d,1697663500450977777
6a69421f-e399-4db8-897a-d8ef21b5e0a7,707b6ccf-c9d9-4c1d-97f4-516b572b2f9d,1697663500499288888
6a69421f-e399-4db8-897a-d8ef21b5e0a7,707b6ccf-c9d9-4c1d-97f4-516b572b2f9d,1697663500513755555
6a69421f-e399-4db8-897a-d8ef21b5e0a7,707b6ccf-c9d9-4c1d-97f4-516b572b2f9d,1697663500545022222
6a69421f-e399-4db8-897a-d8ef21b5e0a7,707b6ccf-c9d9-4c1d-97f4-516b572b2f9d,1697663500594533333
6a69421f-e399-4db8-897a-d8ef21b5e0a7,707b6ccf-c9d9-4c1d-97f4-516b572b2f9d,1697663500618966666
6a69421f-e399-4db8-897a-d8ef21b5e0a7,707b6ccf-c9d9-4c1d-97f4-516b572b2f9d,1697663500656644444
6a69421f-e399-4db8-897a-d8ef21b5e0a7,707b6ccf-c9d9-4c1d-97f4-516b572b2f9d,1697663500684022222
6a69421f-e399-4db8-897a-d8ef21b5e0a7,707b6ccf-c9d9-4c1d-97f4-516b572b2f9d,1697663500718277777
6a69421f-e399-4db8-897a-d8ef21b5e0a7,707b6ccf-c9d9-4c1d-97f4-516b572b2f9d,1697663500755555555
6a69421f-e399-4db8-897a-d8ef21b5e0a7,707b6ccf-c9d9-4c1d-97f4-516b572b2f9d,1697663500790233333
6a69421f-e399-4db8-897a-d8ef21b5e0a7,707b6ccf-c9d9-4c1d-97f4-516b572b2f9d,1697663500820633333
6a69421f-e399-4db8-897a-d8ef21b5e0a7,707b6ccf-c9d9-4c1d-97f4-516b572b2f9d,1697663500854177777
6a69421f-e399-4db8-897a-d8ef21b5e0a7,707b6ccf-c9d9-4c1d-97f4-516b572b2f9d,1697663500887677777
6a69421f-e399-4db8-897a-d8ef21b5e0a7,707b6ccf-c9d9-4c1d-97f4-516b572b2f9d,1697663500921011111
6a69421f-e399-4db8-897a-d8ef21b5e0a7,707b6ccf-c9d9-4c1d-97f4-516b572b2f9d,1697663500951811111
6a69421f-e399-4db8-897a-d8ef21b5e0a7,707b6ccf-c9d9-4c1d-97f4-516b572b2f9d,1697663500988188888
6a69421f-e399-4db8-897a-d8ef21b5e0a7,707b6ccf-c9d9-4c1d-97f4-516b572b2f9d,1697663501016888888
6a69421f-e399-4db8-897a-d8ef21b5e0a7,707b6ccf-c9d9-4c1d-97f4-516b572b2f9d,1697663501051522222
6a69421f-e399-4db8-897a-d8ef21b5e0a7,707b6ccf-c9d9-4c1d-97f4-516b572b2f9d,1697663501089777777
6a69421f-e399-4db8-897a-d8ef21b5e0a7,707b6ccf-c9d9-4c1d-97f4-516b572b2f9d,1697663501132011111
6a69421f-e399-4db8-897a-d8ef21b5e0a7,707b6ccf-c9d9-4c1d-97f4-516b572b2f9d,1697663501143055555
6a69421f-e399-4db8-897a-d8ef21b5e0a7,707b6ccf-c9d9-4c1d-97f4-516b572b2f9d,1697663501178455555
6a69421f-e399-4db8-897a-d8ef21b5e0a7,707b6ccf-c9d9-4c1d-97f4-516b572b2f9d,1697663501217233333
6a69421f-e399-4db8-897a-d8ef21b5e0a7,707b6ccf-c9d9-4c1d-97f4-516b572b2f9d,1697663501241733333
6a69421f-e399-4db8-897a-d8ef21b5e0a7,707b6ccf-c9d9-4c1d-97f4-516b572b2f9d,1697663501290588888
6a69421f-e399-4db8-897a-d8ef21b5e0a7,707b6ccf-c9d9-4c1d-97f4-516b572b2f9d,1697663501319555555
6a69421f-e399-4db8-897a-d8ef21b5e0a7,707b6ccf-c9d9-4c1d-97f4-516b572b2f9d,1697663501348744444
6a69421f-e399-4db8-897a-d8ef21b5e0a7,707b6ccf-c9d9-4c1d-97f4-516b572b2f9d,1697663501395944444
6a69421f-e399-4db8-897a-d8ef21b5e0a7,707b6ccf-c9d9-4c1d-97f4-516b572b2f9d,1697663501419311111
6a69421f-e399-4db8-897a-d8ef21b5e0a7,707b6ccf-c9d9-4c1d-97f4-516b572b2f9d,1697663501452022222
6a69421f-e399-4db8-897a-d8ef21b5e0a7,707b6ccf-c9d9-4c1d-97f4-516b572b2f9d,1697663501487399999
6a69421f-e399-4db8-897a-d8ef21b5e0a7,707b6ccf-c9d9-4c1d-97f4-516b572b2f9d,1697663501521022222
6a69421f-e399-4db8-897a-d8ef21b5e0a7,707b6ccf-c9d9-4c1d-97f4-516b572b2f9d,1697663501547255555
6a69421f-e399-4db8-897a-d8ef21b5e0a7,707b6ccf-c9d9-4c1d-97f4-516b572b2f9d,1697663501594522222
6a69421f-e399-4db8-897a-d8ef21b5e0a7,707b6ccf-c9d9-4c1d-97f4-516b572b2f9d,1697663501620411111
6a69421f-e399-4db8-897a-d8ef21b5e0a7,707b6ccf-c9d9-4c1d-97f4-516b572b2f9d,1697663501645477777
6a69421f-e399-4db8-897a-d8ef21b5e0a7,707b6ccf-c9d9-4c1d-97f4-516b572b2f9d,1697663501690911111
6a69421f-e399-4db8-897a-d8ef21b5e0a7,707b6ccf-c9d9-4c1d-97f4-516b572b2f9d,1697663501719755555
6a69421f-e399-4db8-897a-d8ef21b5e0a7,707b6ccf-c9d9-4c1d-97f4-516b572b2f9d,1697663501754422222
6a69421f-e399-4db8-897a-d8ef21b5e0a7,707b6ccf-c9d9-4c1d-97f4-516b572b2f9d,1697663501799355555
6a69421f-e399-4db8-897a-d8ef21b5e0a7,707b6ccf-c9d9-4c1d-97f4-516b572b2f9d,1697663501814766666
6a69421f-e399-4db8-897a-d8ef21b5e0a7,707b6ccf-c9d9-4c1d-97f4-516b572b2f9d,1697663501842100000
6a69421f-e399-4db8-897a-d8ef21b5e0a7,707b6ccf-c9d9-4c1d-97f4-516b572b2f9d,1697663501879422222
6a69421f-e399-4db8-897a-d8ef21b5e0a7,707b6ccf-c9d9-4c1d-97f4-516b572b2f9d,1697663501910955555
6a69421f-e399-4db8-897a-d8ef21b5e0a7,707b6ccf-c9d9-4c1d-97f4-516b572b2f9d,1697663501951300000
6a69421f-e399-4db8-897a-d8ef21b5e0a7,707b6ccf-c9d9-4c1d-97f4-516b572b2f9d,1697663501989533333
6a69421f-e399-4db8-897a-d8ef21b5e0a7,707b6ccf-c9d9-4c1d-97f4-516b572b2f9d,1697663502018266666
6a69421f-e399-4db8-897a-d8ef21b5e0a7,707b6ccf-c9d9-4c1d-97f4-516b572b2f9d,1697663502051222222
6a69421f-e399-4db8-897a-d8ef21b5e0a7,707b6ccf-c9d9-4c1d-97f4-516b572b2f9d,1697663502085688888
6a69421f-e399-4db8-897a-d8ef21b5e0a7,707b6ccf-c9d9-4c1d-97f4-516b572b2f9d,1697663502118444444
6a69421f-e399-4db8-897a-d8ef21b5e0a7,707b6ccf-c9d9-4c1d-97f4-516b572b2f9d,1697663502150055555
6a69421f-e399-4db8-897a-d8ef21b5e0a7,707b6ccf-c9d9-4c1d-97f4-516b572b2f9d,1697663502186644444
6a69421f-e399-4db8-897a-d8ef21b5e0a7,707b6ccf-c9d9-4c1d-97f4-516b572b2f9d,1697663502221400000
6a69421f-e399-4db8-897a-d8ef21b5e0a7,707b6ccf-c9d9-4c1d-97f4-516b572b2f9d,1697663502250077777
6a69421f-e399-4db8-897a-d8ef21b5e0a7,707b6ccf-c9d9-4c1d-97f4-516b572b2f9d,1697663502287111111
6a69421f-e399-4db8-897a-d8ef21b5e0a7,707b6ccf-c9d9-4c1d-97f4-516b572b2f9d,1697663502320177777
6a69421f-e399-4db8-897a-d8ef21b5e0a7,707b6ccf-c9d9-4c1d-97f4-516b572b2f9d,1697663502351200000
6a69421f-e399-4db8-897a-d8ef21b5e0a7,707b6ccf-c9d9-4c1d-97f4-516b572b2f9d,1697663502387122222
6a69421f-e399-4db8-897a-d8ef21b5e0a7,707b6ccf-c9d9-4c1d-97f4-516b572b2f9d,1697663502436388888
6a69421f-e399-4db8-897a-d8ef21b5e0a7,707b6ccf-c9d9-4c1d-97f4-516b572b2f9d,1697663502454611111
6a69421f-e399-4db8-897a-d8ef21b5e0a7,707b6ccf-c9d9-4c1d-97f4-516b572b2f9d,1697663502481900000
6a69421f-e399-4db8-897a-d8ef21b5e0a7,707b6ccf-c9d9-4c1d-97f4-516b572b2f9d,1697663502513622222
6a69421f-e399-4db8-897a-d8ef21b5e0a7,707b6ccf-c9d9-4c1d-97f4-516b572b2f9d,1697663502544288888
6a69421f-e399-4db8-897a-d8ef21b5e0a7,707b6ccf-c9d9-4c1d-97f4-516b572b2f9d,1697663502592622222
6a69421f-e399-4db8-897a-d8ef21b5e0a7,707b6ccf-c9d9-4c1d-97f4-516b572b2f9d,1697663502618733333
6a69421f-e399-4db8-897a-d8ef21b5e0a7,707b6ccf-c9d9-4c1d-97f4-516b572b2f9d,1697663502651322222
6a69421f-e399-4db8-897a-d8ef21b5e0a7,707b6ccf-c9d9-4c1d-97f4-516b572b2f9d,1697663502685744444
6a69421f-e399-4db8-897a-d8ef21b5e0a7,707b6ccf-c9d9-4c1d-97f4-516b572b2f9d,1697663502721722222
6a69421f-e399-4db8-897a-d8ef21b5e0a7,707b6ccf-c9d9-4c1d-97f4-516b572b2f9d,1697663502751677777
6a69421f-e399-4db8-897a-d8ef21b5e0a7,707b6ccf-c9d9-4c1d-97f4-516b572b2f9d,1697663502788588888
6a69421f-e399-4db8-897a-d8ef21b5e0a7,707b6ccf-c9d9-4c1d-97f4-516b572b2f9d,1697663502825266666
6a69421f-e399-4db8-897a-d8ef21b5e0a7,707b6ccf-c9d9-4c1d-97f4-516b572b2f9d,1697663502852666666
6a69421f-e399-4db8-897a-d8ef21b5e0a7,707b6ccf-c9d9-4c1d-97f4-516b572b2f9d,1697663502888866666
6a69421f-e399-4db8-897a-d8ef21b5e0a7,707b6ccf-c9d9-4c1d-97f4-516b572b2f9d,1697663502919522222
6a69421f-e399-4db8-897a-d8ef21b5e0a7,707b6ccf-c9d9-4c1d-97f4-516b572b2f9d,1697663502952500000
6a69421f-e399-4db8-897a-d8ef21b5e0a7,707b6ccf-c9d9-4c1d-97f4-516b572b2f9d,1697663502990099999
6a69421f-e399-4db8-897a-d8ef21b5e0a7,707b6ccf-c9d9-4c1d-97f4-516b572b2f9d,1697663503022277777
6a69421f-e399-4db8-897a-d8ef21b5e0a7,707b6ccf-c9d9-4c1d-97f4-516b572b2f9d,1697663503052499999
6a69421f-e399-4db8-897a-d8ef21b5e0a7,707b6ccf-c9d9-4c1d-97f4-516b572b2f9d,1697663503093277777
6a69421f-e399-4db8-897a-d8ef21b5e0a7,707b6ccf-c9d9-4c1d-97f4-516b572b2f9d,1697663503131100000
6a69421f-e399-4db8-897a-d8ef21b5e0a7,707b6ccf-c9d9-4c1d-97f4-516b572b2f9d,1697663503152433333
6a69421f-e399-4db8-897a-d8ef21b5e0a7,707b6ccf-c9d9-4c1d-97f4-516b572b2f9d,1697663503179166666
6a69421f-e399-4db8-897a-d8ef21b5e0a7,707b6ccf-c9d9-4c1d-97f4-516b572b2f9d,1697663503212966666
6a69421f-e399-4db8-897a-d8ef21b5e0a7,707b6ccf-c9d9-4c1d-97f4-516b572b2f9d,1697663503250888888
6a69421f-e399-4db8-897a-d8ef21b5e0a7,707b6ccf-c9d9-4c1d-97f4-516b572b2f9d,1697663503289900000
6a69421f-e399-4db8-897a-d8ef21b5e0a7,707b6ccf-c9d9-4c1d-97f4-516b572b2f9d,1697663503319688888
6a69421f-e399-4db8-897a-d8ef21b5e0a7,707b6ccf-c9d9-4c1d-97f4-516b572b2f9d,1697663503350555555
6a69421f-e399-4db8-897a-d8ef21b5e0a7,707b6ccf-c9d9-4c1d-97f4-516b572b2f9d,1697663503390622222
6a69421f-e399-4db8-897a-d8ef21b5e0a7,707b6ccf-c9d9-4c1d-97f4-516b572b2f9d,1697663503418833333
6a69421f-e399-4db8-897a-d8ef21b5e0a7,707b6ccf-c9d9-4c1d-97f4-516b572b2f9d,1697663503450788888
6a69421f-e399-4db8-897a-d8ef21b5e0a7,707b6ccf-c9d9-4c1d-97f4-516b572b2f9d,1697663503488833333
6a69421f-e399-4db8-897a-d8ef21b5e0a7,707b6ccf-c9d9-4c1d-97f4-516b572b2f9d,1697663503523555555
6a69421f-e399-4db8-897a-d8ef21b5e0a7,707b6ccf-c9d9-4c1d-97f4-516b572b2f9d,1697663503549899999
6a69421f-e399-4db8-897a-d8ef21b5e0a7,707b6ccf-c9d9-4c1d-97f4-516b572b2f9d,1697663503591955555
6a69421f-e399-4db8-897a-d8ef21b5e0a7,707b6ccf-c9d9-4c1d-97f4-516b572b2f9d,1697663503623533333
6a69421f-e399-4db8-897a-d8ef21b5e0a7,707b6ccf-c9d9-4c1d-97f4-516b572b2f9d,1697663503654255555
6a69421f-e399-4db8-897a-d8ef21b5e0a7,707b6ccf-c9d9-4c1d-97f4-516b572b2f9d,1697663503688066666
6a69421f-e399-4db8-897a-d8ef21b5e0a7,707b6ccf-c9d9-4c1d-97f4-516b572b2f9d,1697663503722911111
6a69421f-e399-4db8-897a-d8ef21b5e0a7,707b6ccf-c9d9-4c1d-97f4-516b572b2f9d,1697663503761733333
6a69421f-e399-4db8-897a-d8ef21b5e0a7,707b6ccf-c9d9-4c1d-97f4-516b572b2f9d,1697663503779522222
6a69421f-e399-4db8-897a-d8ef21b5e0a7,707b6ccf-c9d9-4c1d-97f4-516b572b2f9d,1697663503814188888
6a69421f-e399-4db8-897a-d8ef21b5e0a7,707b6ccf-c9d9-4c1d-97f4-516b572b2f9d,1697663503840733333
6a69421f-e399-4db8-897a-d8ef21b5e0a7,707b6ccf-c9d9-4c1d-97f4-516b572b2f9d,1697663503880944444
6a69421f-e399-4db8-897a-d8ef21b5e0a7,707b6ccf-c9d9-4c1d-97f4-516b572b2f9d,1697663503920944444
6a69421f-e399-4db8-897a-d8ef21b5e0a7,707b6ccf-c9d9-4c1d-97f4-516b572b2f9d,1697663503944822222
6a69421f-e399-4db8-897a-d8ef21b5e0a7,707b6ccf-c9d9-4c1d-97f4-516b572b2f9d,1697663503989577777
6a69421f-e399-4db8-897a-d8ef21b5e0a7,707b6ccf-c9d9-4c1d-97f4-516b572b2f9d,1697663504019744444
6a69421f-e399-4db8-897a-d8ef21b5e0a7,707b6ccf-c9d9-4c1d-97f4-516b572b2f9d,1697663504050033333
6a69421f-e399-4db8-897a-d8ef21b5e0a7,707b6ccf-c9d9-4c1d-97f4-516b572b2f9d,1697663504083000000
6a69421f-e399-4db8-897a-d8ef21b5e0a7,707b6ccf-c9d9-4c1d-97f4-516b572b2f9d,1697663504120844444
6a69421f-e399-4db8-897a-d8ef21b5e0a7,707b6ccf-c9d9-4c1d-97f4-516b572b2f9d,1697663504150566666
6a69421f-e399-4db8-897a-d8ef21b5e0a7,707b6ccf-c9d9-4c1d-97f4-516b572b2f9d,1697663504182666666
6a69421f-e399-4db8-897a-d8ef21b5e0a7,707b6ccf-c9d9-4c1d-97f4-516b572b2f9d,1697663504218911111
6a69421f-e399-4db8-897a-d8ef21b5e0a7,707b6ccf-c9d9-4c1d-97f4-516b572b2f9d,1697663504251300000
6a69421f-e399-4db8-897a-d8ef21b5e0a7,707b6ccf-c9d9-4c1d-97f4-516b572b2f9d,1697663504286055555
6a69421f-e399-4db8-897a-d8ef21b5e0a7,707b6ccf-c9d9-4c1d-97f4-516b572b2f9d,1697663504320499999
6a69421f-e399-4db8-897a-d8ef21b5e0a7,707b6ccf-c9d9-4c1d-97f4-516b572b2f9d,1697663504351044444
6a69421f-e399-4db8-897a-d8ef21b5e0a7,707b6ccf-c9d9-4c1d-97f4-516b572b2f9d,1697663504385388888
6a69421f-e399-4db8-897a-d8ef21b5e0a7,707b6ccf-c9d9-4c1d-97f4-516b572b2f9d,1697663504426566666
6a69421f-e399-4db8-897a-d8ef21b5e0a7,707b6ccf-c9d9-4c1d-97f4-516b572b2f9d,1697663504448877777
6a69421f-e399-4db8-897a-d8ef21b5e0a7,707b6ccf-c9d9-4c1d-97f4-516b572b2f9d,1697663504477888888
6a69421f-e399-4db8-897a-d8ef21b5e0a7,707b6ccf-c9d9-4c1d-97f4-516b572b2f9d,1697663504524822222
6a69421f-e399-4db8-897a-d8ef21b5e0a7,707b6ccf-c9d9-4c1d-97f4-516b572b2f9d,1697663504546499999
6a69421f-e399-4db8-897a-d8ef21b5e0a7,707b6ccf-c9d9-4c1d-97f4-516b572b2f9d,1697663504574322222
6a69421f-e399-4db8-897a-d8ef21b5e0a7,707b6ccf-c9d9-4c1d-97f4-516b572b2f9d,1697663504618844444
6a69421f-e399-4db8-897a-d8ef21b5e0a7,707b6ccf-c9d9-4c1d-97f4-516b572b2f9d,1697663504652566666
6a69421f-e399-4db8-897a-d8ef21b5e0a7,707b6ccf-c9d9-4c1d-97f4-516b572b2f9d,1697663504683555555
6a69421f-e399-4db8-897a-d8ef21b5e0a7,707b6ccf-c9d9-4c1d-97f4-516b572b2f9d,1697663504721611111
6a69421f-e399-4db8-897a-d8ef21b5e0a7,707b6ccf-c9d9-4c1d-97f4-516b572b2f9d,1697663504751788888
6a69421f-e399-4db8-897a-d8ef21b5e0a7,707b6ccf-c9d9-4c1d-97f4-516b572b2f9d,1697663504783255555
6a69421f-e399-4db8-897a-d8ef21b5e0a7,707b6ccf-c9d9-4c1d-97f4-516b572b2f9d,1697663504819777777
6a69421f-e399-4db8-897a-d8ef21b5e0a7,707b6ccf-c9d9-4c1d-97f4-516b572b2f9d,1697663504850144444
6a69421f-e399-4db8-897a-d8ef21b5e0a7,707b6ccf-c9d9-4c1d-97f4-516b572b2f9d,1697663504886833333
6a69421f-e399-4db8-897a-d8ef21b5e0a7,707b6ccf-c9d9-4c1d-97f4-516b572b2f9d,1697663504922211111
6a69421f-e399-4db8-897a-d8ef21b5e0a7,707b6ccf-c9d9-4c1d-97f4-516b572b2f9d,1697663504950911111
6a69421f-e399-4db8-897a-d8ef21b5e0a7,707b6ccf-c9d9-4c1d-97f4-516b572b2f9d,1697663504985855555
6a69421f-e399-4db8-897a-d8ef21b5e0a7,707b6ccf-c9d9-4c1d-97f4-516b572b2f9d,1697663505018844444
6a69421f-e399-4db8-897a-d8ef21b5e0a7,707b6ccf-c9d9-4c1d-97f4-516b572b2f9d,1697663505050811111
6a69421f-e399-4db8-897a-d8ef21b5e0a7,707b6ccf-c9d9-4c1d-97f4-516b572b2f9d,1697663505088044444
6a69421f-e399-4db8-897a-d8ef21b5e0a7,707b6ccf-c9d9-4c1d-97f4-516b572b2f9d,1697663505112222222
6a69421f-e399-4db8-897a-d8ef21b5e0a7,707b6ccf-c9d9-4c1d-97f4-516b572b2f9d,1697663505143211111
6a69421f-e399-4db8-897a-d8ef21b5e0a7,707b6ccf-c9d9-4c1d-97f4-516b572b2f9d,1697663505176355555
6a69421f-e399-4db8-897a-d8ef21b5e0a7,707b6ccf-c9d9-4c1d-97f4-516b572b2f9d,1697663505210355555
6a69421f-e399-4db8-897a-d8ef21b5e0a7,707b6ccf-c9d9-4c1d-97f4-516b572b2f9d,1697663505242544444
6a69421f-e399-4db8-897a-d8ef21b5e0a7,707b6ccf-c9d9-4c1d-97f4-516b572b2f9d,1697663505283366666
6a69421f-e399-4db8-897a-d8ef21b5e0a7,707b6ccf-c9d9-4c1d-97f4-516b572b2f9d,1697663505320366666
6a69421f-e399-4db8-897a-d8ef21b5e0a7,707b6ccf-c9d9-4c1d-97f4-516b572b2f9d,1697663505351822222
6a69421f-e399-4db8-897a-d8ef21b5e0a7,707b6ccf-c9d9-4c1d-97f4-516b572b2f9d,1697663505382122222
6a69421f-e399-4db8-897a-d8ef21b5e0a7,707b6ccf-c9d9-4c1d-97f4-516b572b2f9d,1697663505421222222
6a69421f-e399-4db8-897a-d8ef21b5e0a7,707b6ccf-c9d9-4c1d-97f4-516b572b2f9d,1697663505449200000
6a69421f-e399-4db8-897a-d8ef21b5e0a7,707b6ccf-c9d9-4c1d-97f4-516b572b2f9d,1697663505483277777
6a69421f-e399-4db8-897a-d8ef21b5e0a7,707b6ccf-c9d9-4c1d-97f4-516b572b2f9d,1697663505519844444
6a69421f-e399-4db8-897a-d8ef21b5e0a7,707b6ccf-c9d9-4c1d-97f4-516b572b2f9d,1697663505552144444
6a69421f-e399-4db8-897a-d8ef21b5e0a7,707b6ccf-c9d9-4c1d-97f4-516b572b2f9d,1697663505584333333
6a69421f-e399-4db8-897a-d8ef21b5e0a7,707b6ccf-c9d9-4c1d-97f4-516b572b2f9d,1697663505620466666
6a69421f-e399-4db8-897a-d8ef21b5e0a7,707b6ccf-c9d9-4c1d-97f4-516b572b2f9d,1697663505651311111
6a69421f-e399-4db8-897a-d8ef21b5e0a7,707b6ccf-c9d9-4c1d-97f4-516b572b2f9d,1697663505684000000
6a69421f-e399-4db8-897a-d8ef21b5e0a7,707b6ccf-c9d9-4c1d-97f4-516b572b2f9d,1697663505722833333
6a69421f-e399-4db8-897a-d8ef21b5e0a7,707b6ccf-c9d9-4c1d-97f4-516b572b2f9d,1697663505762533333
6a69421f-e399-4db8-897a-d8ef21b5e0a7,707b6ccf-c9d9-4c1d-97f4-516b572b2f9d,1697663505774455555
6a69421f-e399-4db8-897a-d8ef21b5e0a7,707b6ccf-c9d9-4c1d-97f4-516b572b2f9d,1697663505811044444
6a69421f-e399-4db8-897a-d8ef21b5e0a7,707b6ccf-c9d9-4c1d-97f4-516b572b2f9d,1697663505845600000
6a69421f-e399-4db8-897a-d8ef21b5e0a7,707b6ccf-c9d9-4c1d-97f4-516b572b2f9d,1697663505882577777
6a69421f-e399-4db8-897a-d8ef21b5e0a7,707b6ccf-c9d9-4c1d-97f4-516b572b2f9d,1697663505915700000
6a69421f-e399-4db8-897a-d8ef21b5e0a7,707b6ccf-c9d9-4c1d-97f4-516b572b2f9d,1697663505944055555
6a69421f-e399-4db8-897a-d8ef21b5e0a7,707b6ccf-c9d9-4c1d-97f4-516b572b2f9d,1697663505983122222
6a69421f-e399-4db8-897a-d8ef21b5e0a7,707b6ccf-c9d9-4c1d-97f4-516b572b2f9d,1697663506017777777
6a69421f-e399-4db8-897a-d8ef21b5e0a7,707b6ccf-c9d9-4c1d-97f4-516b572b2f9d,1697663506051933333
6a69421f-e399-4db8-897a-d8ef21b5e0a7,707b6ccf-c9d9-4c1d-97f4-516b572b2f9d,1697663506085911111
6a69421f-e399-4db8-897a-d8ef21b5e0a7,707b6ccf-c9d9-4c1d-97f4-516b572b2f9d,1697663506119811111
6a69421f-e399-4db8-897a-d8ef21b5e0a7,707b6ccf-c9d9-4c1d-97f4-516b572b2f9d,1697663506151033333
6a69421f-e399-4db8-897a-d8ef21b5e0a7,707b6ccf-c9d9-4c1d-97f4-516b572b2f9d,1697663506181866666
6a69421f-e399-4db8-897a-d8ef21b5e0a7,707b6ccf-c9d9-4c1d-97f4-516b572b2f9d,1697663506222688888
6a69421f-e399-4db8-897a-d8ef21b5e0a7,707b6ccf-c9d9-4c1d-97f4-516b572b2f9d,1697663506250933333
6a69421f-e399-4db8-897a-d8ef21b5e0a7,707b6ccf-c9d9-4c1d-97f4-516b572b2f9d,1697663506285244444
6a69421f-e399-4db8-897a-d8ef21b5e0a7,707b6ccf-c9d9-4c1d-97f4-516b572b2f9d,1697663506320911111
6a69421f-e399-4db8-897a-d8ef21b5e0a7,707b6ccf-c9d9-4c1d-97f4-516b572b2f9d,1697663506351711111
6a69421f-e399-4db8-897a-d8ef21b5e0a7,707b6ccf-c9d9-4c1d-97f4-516b572b2f9d,1697663506387033333
6a69421f-e399-4db8-897a-d8ef21b5e0a7,707b6ccf-c9d9-4c1d-97f4-516b572b2f9d,1697663506422000000
6a69421f-e399-4db8-897a-d8ef21b5e0a7,707b6ccf-c9d9-4c1d-97f4-516b572b2f9d,1697663506452033333
6a69421f-e399-4db8-897a-d8ef21b5e0a7,707b6ccf-c9d9-4c1d-97f4-516b572b2f9d,1697663506493966666
6a69421f-e399-4db8-897a-d8ef21b5e0a7,707b6ccf-c9d9-4c1d-97f4-516b572b2f9d,1697663506527922222
6a69421f-e399-4db8-897a-d8ef21b5e0a7,707b6ccf-c9d9-4c1d-97f4-516b572b2f9d,1697663506548266666
6a69421f-e399-4db8-897a-d8ef21b5e0a7,707b6ccf-c9d9-4c1d-97f4-516b572b2f9d,1697663506582833333
6a69421f-e399-4db8-897a-d8ef21b5e0a7,707b6ccf-c9d9-4c1d-97f4-516b572b2f9d,1697663506618077777
6a69421f-e399-4db8-897a-d8ef21b5e0a7,707b6ccf-c9d9-4c1d-97f4-516b572b2f9d,1697663506652444444
6a69421f-e399-4db8-897a-d8ef21b5e0a7,707b6ccf-c9d9-4c1d-97f4-516b572b2f9d,1697663506683111111
6a69421f-e399-4db8-897a-d8ef21b5e0a7,707b6ccf-c9d9-4c1d-97f4-516b572b2f9d,1697663506721588888
6a69421f-e399-4db8-897a-d8ef21b5e0a7,707b6ccf-c9d9-4c1d-97f4-516b572b2f9d,1697663506750266666
6a69421f-e399-4db8-897a-d8ef21b5e0a7,707b6ccf-c9d9-4c1d-97f4-516b572b2f9d,1697663506781255555
6a69421f-e399-4db8-897a-d8ef21b5e0a7,707b6ccf-c9d9-4c1d-97f4-516b572b2f9d,1697663506822144444
6a69421f-e399-4db8-897a-d8ef21b5e0a7,707b6ccf-c9d9-4c1d-97f4-516b572b2f9d,1697663506850333333
6a69421f-e399-4db8-897a-d8ef21b5e0a7,707b6ccf-c9d9-4c1d-97f4-516b572b2f9d,1697663506887944444
6a69421f-e399-4db8-897a-d8ef21b5e0a7,707b6ccf-c9d9-4c1d-97f4-516b572b2f9d,1697663506918988888
6a69421f-e399-4db8-897a-d8ef21b5e0a7,707b6ccf-c9d9-4c1d-97f4-516b572b2f9d,1697663506953200000
6a69421f-e399-4db8-897a-d8ef21b5e0a7,707b6ccf-c9d9-4c1d-97f4-516b572b2f9d,1697663506981388888
6a69421f-e399-4db8-897a-d8ef21b5e0a7,707b6ccf-c9d9-4c1d-97f4-516b572b2f9d,1697663507024511111
6a69421f-e399-4db8-897a-d8ef21b5e0a7,707b6ccf-c9d9-4c1d-97f4-516b572b2f9d,1697663507052755555
6a69421f-e399-4db8-897a-d8ef21b5e0a7,707b6ccf-c9d9-4c1d-97f4-516b572b2f9d,1697663507088444444
6a69421f-e399-4db8-897a-d8ef21b5e0a7,707b6ccf-c9d9-4c1d-97f4-516b572b2f9d,1697663507111822222
6a69421f-e399-4db8-897a-d8ef21b5e0a7,707b6ccf-c9d9-4c1d-97f4-516b572b2f9d,1697663507143266666
6a69421f-e399-4db8-897a-d8ef21b5e0a7,707b6ccf-c9d9-4c1d-97f4-516b572b2f9d,1697663507195244444
6a69421f-e399-4db8-897a-d8ef21b5e0a7,707b6ccf-c9d9-4c1d-97f4-516b572b2f9d,1697663507210866666
6a69421f-e399-4db8-897a-d8ef21b5e0a7,707b6ccf-c9d9-4c1d-97f4-516b572b2f9d,1697663507241766666
6a69421f-e399-4db8-897a-d8ef21b5e0a7,707b6ccf-c9d9-4c1d-97f4-516b572b2f9d,1697663507283400000
6a69421f-e399-4db8-897a-d8ef21b5e0a7,707b6ccf-c9d9-4c1d-97f4-516b572b2f9d,1697663507315477777
6a69421f-e399-4db8-897a-d8ef21b5e0a7,707b6ccf-c9d9-4c1d-97f4-516b572b2f9d,1697663507351255555
6a69421f-e399-4db8-897a-d8ef21b5e0a7,707b6ccf-c9d9-4c1d-97f4-516b572b2f9d,1697663507385188888
6a69421f-e399-4db8-897a-d8ef21b5e0a7,707b6ccf-c9d9-4c1d-97f4-516b572b2f9d,1697663507414555555
6a69421f-e399-4db8-897a-d8ef21b5e0a7,707b6ccf-c9d9-4c1d-97f4-516b572b2f9d,1697663507449622222
6a69421f-e399-4db8-897a-d8ef21b5e0a7,707b6ccf-c9d9-4c1d-97f4-516b572b2f9d,1697663507487133333
6a69421f-e399-4db8-897a-d8ef21b5e0a7,707b6ccf-c9d9-4c1d-97f4-516b572b2f9d,1697663507515444444
6a69421f-e399-4db8-897a-d8ef21b5e0a7,707b6ccf-c9d9-4c1d-97f4-516b572b2f9d,1697663507549533333
6a69421f-e399-4db8-897a-d8ef21b5e0a7,707b6ccf-c9d9-4c1d-97f4-516b572b2f9d,1697663507582133333
6a69421f-e399-4db8-897a-d8ef21b5e0a7,707b6ccf-c9d9-4c1d-97f4-516b572b2f9d,1697663507615700000
6a69421f-e399-4db8-897a-d8ef21b5e0a7,707b6ccf-c9d9-4c1d-97f4-516b572b2f9d,1697663507650388888
6a69421f-e399-4db8-897a-d8ef21b5e0a7,707b6ccf-c9d9-4c1d-97f4-516b572b2f9d,1697663507687477777
6a69421f-e399-4db8-897a-d8ef21b5e0a7,707b6ccf-c9d9-4c1d-97f4-516b572b2f9d,1697663507717855555
6a69421f-e399-4db8-897a-d8ef21b5e0a7,707b6ccf-c9d9-4c1d-97f4-516b572b2f9d,1697663507753766666
6a69421f-e399-4db8-897a-d8ef21b5e0a7,707b6ccf-c9d9-4c1d-97f4-516b572b2f9d,1697663507776044444
6a69421f-e399-4db8-897a-d8ef21b5e0a7,707b6ccf-c9d9-4c1d-97f4-516b572b2f9d,1697663507809488888
6a69421f-e399-4db8-897a-d8ef21b5e0a7,707b6ccf-c9d9-4c1d-97f4-516b572b2f9d,1697663507845755555
6a69421f-e399-4db8-897a-d8ef21b5e0a7,707b6ccf-c9d9-4c1d-97f4-516b572b2f9d,1697663507889755555
6a69421f-e399-4db8-897a-d8ef21b5e0a7,707b6ccf-c9d9-4c1d-97f4-516b572b2f9d,1697663507914922222
6a69421f-e399-4db8-897a-d8ef21b5e0a7,707b6ccf-c9d9-4c1d-97f4-516b572b2f9d,1697663507950822222
6a69421f-e399-4db8-897a-d8ef21b5e0a7,707b6ccf-c9d9-4c1d-97f4-516b572b2f9d,1697663507983555555
6a69421f-e399-4db8-897a-d8ef21b5e0a7,707b6ccf-c9d9-4c1d-97f4-516b572b2f9d,1697663508017022222
6a69421f-e399-4db8-897a-d8ef21b5e0a7,707b6ccf-c9d9-4c1d-97f4-516b572b2f9d,1697663508049922222
6a69421f-e399-4db8-897a-d8ef21b5e0a7,707b6ccf-c9d9-4c1d-97f4-516b572b2f9d,1697663508082500000
6a69421f-e399-4db8-897a-d8ef21b5e0a7,707b6ccf-c9d9-4c1d-97f4-516b572b2f9d,1697663508115466666
6a69421f-e399-4db8-897a-d8ef21b5e0a7,707b6ccf-c9d9-4c1d-97f4-516b572b2f9d,1697663508151677777
6a69421f-e399-4db8-897a-d8ef21b5e0a7,707b6ccf-c9d9-4c1d-97f4-516b572b2f9d,1697663508188777777
6a69421f-e399-4db8-897a-d8ef21b5e0a7,707b6ccf-c9d9-4c1d-97f4-516b572b2f9d,1697663508214722222
6a69421f-e399-4db8-897a-d8ef21b5e0a7,707b6ccf-c9d9-4c1d-97f4-516b572b2f9d,1697663508250555555
6a69421f-e399-4db8-897a-d8ef21b5e0a7,707b6ccf-c9d9-4c1d-97f4-516b572b2f9d,1697663508287755555
6a69421f-e399-4db8-897a-d8ef21b5e0a7,707b6ccf-c9d9-4c1d-97f4-516b572b2f9d,1697663508314455555
6a69421f-e399-4db8-897a-d8ef21b5e0a7,707b6ccf-c9d9-4c1d-97f4-516b572b2f9d,1697663508351400000
6a69421f-e399-4db8-897a-d8ef21b5e0a7,707b6ccf-c9d9-4c1d-97f4-516b572b2f9d,1697663508384344444
6a69421f-e399-4db8-897a-d8ef21b5e0a7,707b6ccf-c9d9-4c1d-97f4-516b572b2f9d,1697663508433222222
6a69421f-e399-4db8-897a-d8ef21b5e0a7,707b6ccf-c9d9-4c1d-97f4-516b572b2f9d,1697663508446666666
6a69421f-e399-4db8-897a-d8ef21b5e0a7,707b6ccf-c9d9-4c1d-97f4-516b572b2f9d,1697663508481055555
6a69421f-e399-4db8-897a-d8ef21b5e0a7,707b6ccf-c9d9-4c1d-97f4-516b572b2f9d,1697663508518544444
6a69421f-e399-4db8-897a-d8ef21b5e0a7,707b6ccf-c9d9-4c1d-97f4-516b572b2f9d,1697663508542877777
6a69421f-e399-4db8-897a-d8ef21b5e0a7,707b6ccf-c9d9-4c1d-97f4-516b572b2f9d,1697663508581177777
6a69421f-e399-4db8-897a-d8ef21b5e0a7,707b6ccf-c9d9-4c1d-97f4-516b572b2f9d,1697663508615500000
6a69421f-e399-4db8-897a-d8ef21b5e0a7,707b6ccf-c9d9-4c1d-97f4-516b572b2f9d,1697663508650244444
6a69421f-e399-4db8-897a-d8ef21b5e0a7,707b6ccf-c9d9-4c1d-97f4-516b572b2f9d,1697663508680911111
6a69421f-e399-4db8-897a-d8ef21b5e0a7,707b6ccf-c9d9-4c1d-97f4-516b572b2f9d,1697663508715644444
6a69421f-e399-4db8-897a-d8ef21b5e0a7,707b6ccf-c9d9-4c1d-97f4-516b572b2f9d,1697663508752322222
6a69421f-e399-4db8-897a-d8ef21b5e0a7,707b6ccf-c9d9-4c1d-97f4-516b572b2f9d,1697663508784766666
6a69421f-e399-4db8-897a-d8ef21b5e0a7,707b6ccf-c9d9-4c1d-97f4-516b572b2f9d,1697663508815722222
6a69421f-e399-4db8-897a-d8ef21b5e0a7,707b6ccf-c9d9-4c1d-97f4-516b572b2f9d,1697663508852022222
6a69421f-e399-4db8-897a-d8ef21b5e0a7,707b6ccf-c9d9-4c1d-97f4-516b572b2f9d,1697663508884122222
6a69421f-e399-4db8-897a-d8ef21b5e0a7,707b6ccf-c9d9-4c1d-97f4-516b572b2f9d,1697663508918166666
6a69421f-e399-4db8-897a-d8ef21b5e0a7,707b6ccf-c9d9-4c1d-97f4-516b572b2f9d,1697663508951177777
6a69421f-e399-4db8-897a-d8ef21b5e0a7,707b6ccf-c9d9-4c1d-97f4-516b572b2f9d,1697663508984355555
6a69421f-e399-4db8-897a-d8ef21b5e0a7,707b6ccf-c9d9-4c1d-97f4-516b572b2f9d,1697663509015444444
6a69421f-e399-4db8-897a-d8ef21b5e0a7,707b6ccf-c9d9-4c1d-97f4-516b572b2f9d,1697663509050977777
6a69421f-e399-4db8-897a-d8ef21b5e0a7,707b6ccf-c9d9-4c1d-97f4-516b572b2f9d,1697663509096166666
6a69421f-e399-4db8-897a-d8ef21b5e0a7,707b6ccf-c9d9-4c1d-97f4-516b572b2f9d,1697663509109388888
6a69421f-e399-4db8-897a-d8ef21b5e0a7,707b6ccf-c9d9-4c1d-97f4-516b572b2f9d,1697663509162488888
6a69421f-e399-4db8-897a-d8ef21b5e0a7,707b6ccf-c9d9-4c1d-97f4-516b572b2f9d,1697663509175522222
6a69421f-e399-4db8-897a-d8ef21b5e0a7,707b6ccf-c9d9-4c1d-97f4-516b572b2f9d,1697663509209377777
6a69421f-e399-4db8-897a-d8ef21b5e0a7,707b6ccf-c9d9-4c1d-97f4-516b572b2f9d,1697663509254877777
6a69421f-e399-4db8-897a-d8ef21b5e0a7,707b6ccf-c9d9-4c1d-97f4-516b572b2f9d,1697663509281755555
6a69421f-e399-4db8-897a-d8ef21b5e0a7,707b6ccf-c9d9-4c1d-97f4-516b572b2f9d,1697663509314700000
6a69421f-e399-4db8-897a-d8ef21b5e0a7,707b6ccf-c9d9-4c1d-97f4-516b572b2f9d,1697663509349511111
6a69421f-e399-4db8-897a-d8ef21b5e0a7,707b6ccf-c9d9-4c1d-97f4-516b572b2f9d,1697663509382911111
6a69421f-e399-4db8-897a-d8ef21b5e0a7,707b6ccf-c9d9-4c1d-97f4-516b572b2f9d,1697663509414633333
6a69421f-e399-4db8-897a-d8ef21b5e0a7,707b6ccf-c9d9-4c1d-97f4-516b572b2f9d,1697663509450066666
6a69421f-e399-4db8-897a-d8ef21b5e0a7,707b6ccf-c9d9-4c1d-97f4-516b572b2f9d,1697663509481055555
6a69421f-e399-4db8-897a-d8ef21b5e0a7,707b6ccf-c9d9-4c1d-97f4-516b572b2f9d,1697663509518700000
6a69421f-e399-4db8-897a-d8ef21b5e0a7,707b6ccf-c9d9-4c1d-97f4-516b572b2f9d,1697663509553722222
6a69421f-e399-4db8-897a-d8ef21b5e0a7,707b6ccf-c9d9-4c1d-97f4-516b572b2f9d,1697663509582911111
6a69421f-e399-4db8-897a-d8ef21b5e0a7,707b6ccf-c9d9-4c1d-97f4-516b572b2f9d,1697663509614533333
6a69421f-e399-4db8-897a-d8ef21b5e0a7,707b6ccf-c9d9-4c1d-97f4-516b572b2f9d,1697663509650233333
6a69421f-e399-4db8-897a-d8ef21b5e0a7,707b6ccf-c9d9-4c1d-97f4-516b572b2f9d,1697663509686433333
6a69421f-e399-4db8-897a-d8ef21b5e0a7,707b6ccf-c9d9-4c1d-97f4-516b572b2f9d,1697663509719666666
6a69421f-e399-4db8-897a-d8ef21b5e0a7,707b6ccf-c9d9-4c1d-97f4-516b572b2f9d,1697663509744822222
6a69421f-e399-4db8-897a-d8ef21b5e0a7,707b6ccf-c9d9-4c1d-97f4-516b572b2f9d,1697663509775644444
6a69421f-e399-4db8-897a-d8ef21b5e0a7,707b6ccf-c9d9-4c1d-97f4-516b572b2f9d,1697663509808533333
6a69421f-e399-4db8-897a-d8ef21b5e0a7,707b6ccf-c9d9-4c1d-97f4-516b572b2f9d,1697663509854044444
6a69421f-e399-4db8-897a-d8ef21b5e0a7,707b6ccf-c9d9-4c1d-97f4-516b572b2f9d,1697663509874933333
6a69421f-e399-4db8-897a-d8ef21b5e0a7,707b6ccf-c9d9-4c1d-97f4-516b572b2f9d,1697663509918133333
6a69421f-e399-4db8-897a-d8ef21b5e0a7,707b6ccf-c9d9-4c1d-97f4-516b572b2f9d,1697663509953211111
6a69421f-e399-4db8-897a-d8ef21b5e0a7,707b6ccf-c9d9-4c1d-97f4-516b572b2f9d,1697663509981500000
6a69421f-e399-4db8-897a-d8ef21b5e0a7,707b6ccf-c9d9-4c1d-97f4-516b572b2f9d,1697663510015400000
6a69421f-e399-4db8-897a-d8ef21b5e0a7,707b6ccf-c9d9-4c1d-97f4-516b572b2f9d,1697663510052833333
6a69421f-e399-4db8-897a-d8ef21b5e0a7,707b6ccf-c9d9-4c1d-97f4-516b572b2f9d,1697663510083844444
6a69421f-e399-4db8-897a-d8ef21b5e0a7,707b6ccf-c9d9-4c1d-97f4-516b572b2f9d,1697663510118122222
6a69421f-e399-4db8-897a-d8ef21b5e0a7,707b6ccf-c9d9-4c1d-97f4-516b572b2f9d,1697663510150688888
6a69421f-e399-4db8-897a-d8ef21b5e0a7,707b6ccf-c9d9-4c1d-97f4-516b572b2f9d,1697663510181388888
6a69421f-e399-4db8-897a-d8ef21b5e0a7,707b6ccf-c9d9-4c1d-97f4-516b572b2f9d,1697663510216588888
6a69421f-e399-4db8-897a-d8ef21b5e0a7,707b6ccf-c9d9-4c1d-97f4-516b572b2f9d,1697663510252444444
6a69421f-e399-4db8-897a-d8ef21b5e0a7,707b6ccf-c9d9-4c1d-97f4-516b572b2f9d,1697663510285788888
6a69421f-e399-4db8-897a-d8ef21b5e0a7,707b6ccf-c9d9-4c1d-97f4-516b572b2f9d,1697663510314777777
6a69421f-e399-4db8-897a-d8ef21b5e0a7,707b6ccf-c9d9-4c1d-97f4-516b572b2f9d,1697663510350044444
6a69421f-e399-4db8-897a-d8ef21b5e0a7,707b6ccf-c9d9-4c1d-97f4-516b572b2f9d,1697663510390511111
6a69421f-e399-4db8-897a-d8ef21b5e0a7,707b6ccf-c9d9-4c1d-97f4-516b572b2f9d,1697663510424755555
6a69421f-e399-4db8-897a-d8ef21b5e0a7,707b6ccf-c9d9-4c1d-97f4-516b572b2f9d,1697663510443511111
6a69421f-e399-4db8-897a-d8ef21b5e0a7,707b6ccf-c9d9-4c1d-97f4-516b572b2f9d,1697663510495400000
6a69421f-e399-4db8-897a-d8ef21b5e0a7,707b6ccf-c9d9-4c1d-97f4-516b572b2f9d,1697663510523177777
6a69421f-e399-4db8-897a-d8ef21b5e0a7,707b6ccf-c9d9-4c1d-97f4-516b572b2f9d,1697663510539833333
6a69421f-e399-4db8-897a-d8ef21b5e0a7,707b6ccf-c9d9-4c1d-97f4-516b572b2f9d,1697663510575277777
6a69421f-e399-4db8-897a-d8ef21b5e0a7,707b6ccf-c9d9-4c1d-97f4-516b572b2f9d,1697663510612777777
6a69421f-e399-4db8-897a-d8ef21b5e0a7,707b6ccf-c9d9-4c1d-97f4-516b572b2f9d,1697663510647488888
6a69421f-e399-4db8-897a-d8ef21b5e0a7,707b6ccf-c9d9-4c1d-97f4-516b572b2f9d,1697663510689033333
6a69421f-e399-4db8-897a-d8ef21b5e0a7,707b6ccf-c9d9-4c1d-97f4-516b572b2f9d,1697663510714866666
6a69421f-e399-4db8-897a-d8ef21b5e0a7,707b6ccf-c9d9-4c1d-97f4-516b572b2f9d,1697663510745100000
6a69421f-e399-4db8-897a-d8ef21b5e0a7,707b6ccf-c9d9-4c1d-97f4-516b572b2f9d,1697663510782833333
6a69421f-e399-4db8-897a-d8ef21b5e0a7,707b6ccf-c9d9-4c1d-97f4-516b572b2f9d,1697663510814688888
6a69421f-e399-4db8-897a-d8ef21b5e0a7,707b6ccf-c9d9-4c1d-97f4-516b572b2f9d,1697663510851044444
6a69421f-e399-4db8-897a-d8ef21b5e0a7,707b6ccf-c9d9-4c1d-97f4-516b572b2f9d,1697663510884000000
6a69421f-e399-4db8-897a-d8ef21b5e0a7,707b6ccf-c9d9-4c1d-97f4-516b572b2f9d,1697663510915077777
6a69421f-e399-4db8-897a-d8ef21b5e0a7,707b6ccf-c9d9-4c1d-97f4-516b572b2f9d,1697663510946522222
6a69421f-e399-4db8-897a-d8ef21b5e0a7,707b6ccf-c9d9-4c1d-97f4-516b572b2f9d,1697663510985933333
6a69421f-e399-4db8-897a-d8ef21b5e0a7,707b6ccf-c9d9-4c1d-97f4-516b572b2f9d,1697663511014944444
6a69421f-e399-4db8-897a-d8ef21b5e0a7,707b6ccf-c9d9-4c1d-97f4-516b572b2f9d,1697663511047355555
6a69421f-e399-4db8-897a-d8ef21b5e0a7,707b6ccf-c9d9-4c1d-97f4-516b572b2f9d,1697663511080866666
6a69421f-e399-4db8-897a-d8ef21b5e0a7,707b6ccf-c9d9-4c1d-97f4-516b572b2f9d,1697663511106933333
6a69421f-e399-4db8-897a-d8ef21b5e0a7,707b6ccf-c9d9-4c1d-97f4-516b572b2f9d,1697663511139255555
6a69421f-e399-4db8-897a-d8ef21b5e0a7,707b6ccf-c9d9-4c1d-97f4-516b572b2f9d,1697663511191111111
6a69421f-e399-4db8-897a-d8ef21b5e0a7,707b6ccf-c9d9-4c1d-97f4-516b572b2f9d,1697663511214977777
6a69421f-e399-4db8-897a-d8ef21b5e0a7,707b6ccf-c9d9-4c1d-97f4-516b572b2f9d,1697663511247733333
6a69421f-e399-4db8-897a-d8ef21b5e0a7,707b6ccf-c9d9-4c1d-97f4-516b572b2f9d,1697663511286622222
6a69421f-e399-4db8-897a-d8ef21b5e0a7,707b6ccf-c9d9-4c1d-97f4-516b572b2f9d,1697663511314644444
6a69421f-e399-4db8-897a-d8ef21b5e0a7,707b6ccf-c9d9-4c1d-97f4-516b572b2f9d,1697663511348266666
6a69421f-e399-4db8-897a-d8ef21b5e0a7,707b6ccf-c9d9-4c1d-97f4-516b572b2f9d,1697663511383977777
6a69421f-e399-4db8-897a-d8ef21b5e0a7,707b6ccf-c9d9-4c1d-97f4-516b572b2f9d,1697663511413800000
6a69421f-e399-4db8-897a-d8ef21b5e0a7,707b6ccf-c9d9-4c1d-97f4-516b572b2f9d,1697663511452711111
6a69421f-e399-4db8-897a-d8ef21b5e0a7,707b6ccf-c9d9-4c1d-97f4-516b572b2f9d,1697663511482000000
6a69421f-e399-4db8-897a-d8ef21b5e0a7,707b6ccf-c9d9-4c1d-97f4-516b572b2f9d,1697663511515444444
6a69421f-e399-4db8-897a-d8ef21b5e0a7,707b6ccf-c9d9-4c1d-97f4-516b572b2f9d,1697663511547633333
6a69421f-e399-4db8-897a-d8ef21b5e0a7,707b6ccf-c9d9-4c1d-97f4-516b572b2f9d,1697663511585211111
6a69421f-e399-4db8-897a-d8ef21b5e0a7,707b6ccf-c9d9-4c1d-97f4-516b572b2f9d,1697663511615455555
6a69421f-e399-4db8-897a-d8ef21b5e0a7,707b6ccf-c9d9-4c1d-97f4-516b572b2f9d,1697663511659000000
6a69421f-e399-4db8-897a-d8ef21b5e0a7,707b6ccf-c9d9-4c1d-97f4-516b572b2f9d,1697663511679000000
6a69421f-e399-4db8-897a-d8ef21b5e0a7,707b6ccf-c9d9-4c1d-97f4-516b572b2f9d,1697663511726422222
6a69421f-e399-4db8-897a-d8ef21b5e0a7,707b6ccf-c9d9-4c1d-97f4-516b572b2f9d,1697663511738633333
6a69421f-e399-4db8-897a-d8ef21b5e0a7,707b6ccf-c9d9-4c1d-97f4-516b572b2f9d,1697663511777122222
6a69421f-e399-4db8-897a-d8ef21b5e0a7,707b6ccf-c9d9-4c1d-97f4-516b572b2f9d,1697663511812111111
6a69421f-e399-4db8-897a-d8ef21b5e0a7,707b6ccf-c9d9-4c1d-97f4-516b572b2f9d,1697663511840777777
6a69421f-e399-4db8-897a-d8ef21b5e0a7,707b6ccf-c9d9-4c1d-97f4-516b572b2f9d,1697663511885166666
6a69421f-e399-4db8-897a-d8ef21b5e0a7,707b6ccf-c9d9-4c1d-97f4-516b572b2f9d,1697663511915766666
6a69421f-e399-4db8-897a-d8ef21b5e0a7,707b6ccf-c9d9-4c1d-97f4-516b572b2f9d,1697663511946366666
6a69421f-e399-4db8-897a-d8ef21b5e0a7,707b6ccf-c9d9-4c1d-97f4-516b572b2f9d,1697663511981877777
6a69421f-e399-4db8-897a-d8ef21b5e0a7,707b6ccf-c9d9-4c1d-97f4-516b572b2f9d,1697663512014466666
6a69421f-e399-4db8-897a-d8ef21b5e0a7,707b6ccf-c9d9-4c1d-97f4-516b572b2f9d,1697663512045488888
6a69421f-e399-4db8-897a-d8ef21b5e0a7,707b6ccf-c9d9-4c1d-97f4-516b572b2f9d,1697663512083322222
6a69421f-e399-4db8-897a-d8ef21b5e0a7,707b6ccf-c9d9-4c1d-97f4-516b572b2f9d,1697663512115444444
6a69421f-e399-4db8-897a-d8ef21b5e0a7,707b6ccf-c9d9-4c1d-97f4-516b572b2f9d,1697663512148100000
6a69421f-e399-4db8-897a-d8ef21b5e0a7,707b6ccf-c9d9-4c1d-97f4-516b572b2f9d,1697663512183688888
6a69421f-e399-4db8-897a-d8ef21b5e0a7,707b6ccf-c9d9-4c1d-97f4-516b572b2f9d,1697663512215844444
6a69421f-e399-4db8-897a-d8ef21b5e0a7,707b6ccf-c9d9-4c1d-97f4-516b572b2f9d,1697663512246333333
6a69421f-e399-4db8-897a-d8ef21b5e0a7,707b6ccf-c9d9-4c1d-97f4-516b572b2f9d,1697663512289388888
6a69421f-e399-4db8-897a-d8ef21b5e0a7,707b6ccf-c9d9-4c1d-97f4-516b572b2f9d,1697663512315466666
6a69421f-e399-4db8-897a-d8ef21b5e0a7,707b6ccf-c9d9-4c1d-97f4-516b572b2f9d,1697663512349088888
6a69421f-e399-4db8-897a-d8ef21b5e0a7,707b6ccf-c9d9-4c1d-97f4-516b572b2f9d,1697663512400966666
6a69421f-e399-4db8-897a-d8ef21b5e0a7,707b6ccf-c9d9-4c1d-97f4-516b572b2f9d,1697663512421322222
6a69421f-e399-4db8-897a-d8ef21b5e0a7,707b6ccf-c9d9-4c1d-97f4-516b572b2f9d,1697663512438288888
6a69421f-e399-4db8-897a-d8ef21b5e0a7,707b6ccf-c9d9-4c1d-97f4-516b572b2f9d,1697663512473922222
6a69421f-e399-4db8-897a-d8ef21b5e0a7,707b6ccf-c9d9-4c1d-97f4-516b572b2f9d,1697663512504577777
6a69421f-e399-4db8-897a-d8ef21b5e0a7,707b6ccf-c9d9-4c1d-97f4-516b572b2f9d,1697663512550677777
6a69421f-e399-4db8-897a-d8ef21b5e0a7,707b6ccf-c9d9-4c1d-97f4-516b572b2f9d,1697663512582555555
6a69421f-e399-4db8-897a-d8ef21b5e0a7,707b6ccf-c9d9-4c1d-97f4-516b572b2f9d,1697663512615477777
6a69421f-e399-4db8-897a-d8ef21b5e0a7,707b6ccf-c9d9-4c1d-97f4-516b572b2f9d,1697663512647311111
6a69421f-e399-4db8-897a-d8ef21b5e0a7,707b6ccf-c9d9-4c1d-97f4-516b572b2f9d,1697663512684933333
6a69421f-e399-4db8-897a-d8ef21b5e0a7,707b6ccf-c9d9-4c1d-97f4-516b572b2f9d,1697663512716500000
6a69421f-e399-4db8-897a-d8ef21b5e0a7,707b6ccf-c9d9-4c1d-97f4-516b572b2f9d,1697663512748766666
6a69421f-e399-4db8-897a-d8ef21b5e0a7,707b6ccf-c9d9-4c1d-97f4-516b572b2f9d,1697663512783222222
6a69421f-e399-4db8-897a-d8ef21b5e0a7,707b6ccf-c9d9-4c1d-97f4-516b572b2f9d,1697663512819655555
6a69421f-e399-4db8-897a-d8ef21b5e0a7,707b6ccf-c9d9-4c1d-97f4-516b572b2f9d,1697663512846833333
6a69421f-e399-4db8-897a-d8ef21b5e0a7,707b6ccf-c9d9-4c1d-97f4-516b572b2f9d,1697663512887466666
6a69421f-e399-4db8-897a-d8ef21b5e0a7,707b6ccf-c9d9-4c1d-97f4-516b572b2f9d,1697663512913366666
6a69421f-e399-4db8-897a-d8ef21b5e0a7,707b6ccf-c9d9-4c1d-97f4-516b572b2f9d,1697663512945244444
6a69421f-e399-4db8-897a-d8ef21b5e0a7,707b6ccf-c9d9-4c1d-97f4-516b572b2f9d,1697663512990477777
6a69421f-e399-4db8-897a-d8ef21b5e0a7,707b6ccf-c9d9-4c1d-97f4-516b572b2f9d,1697663513014544444
6a69421f-e399-4db8-897a-d8ef21b5e0a7,707b6ccf-c9d9-4c1d-97f4-516b572b2f9d,1697663513058411111
6a69421f-e399-4db8-897a-d8ef21b5e0a7,707b6ccf-c9d9-4c1d-97f4-516b572b2f9d,1697663513075377777
6a69421f-e399-4db8-897a-d8ef21b5e0a7,707b6ccf-c9d9-4c1d-97f4-516b572b2f9d,1697663513107144444
6a69421f-e399-4db8-897a-d8ef21b5e0a7,707b6ccf-c9d9-4c1d-97f4-516b572b2f9d,1697663513138355555
6a69421f-e399-4db8-897a-d8ef21b5e0a7,707b6ccf-c9d9-4c1d-97f4-516b572b2f9d,1697663513172966666
6a69421f-e399-4db8-897a-d8ef21b5e0a7,707b6ccf-c9d9-4c1d-97f4-516b572b2f9d,1697663513217588888
6a69421f-e399-4db8-897a-d8ef21b5e0a7,707b6ccf-c9d9-4c1d-97f4-516b572b2f9d,1697663513248822222
6a69421f-e399-4db8-897a-d8ef21b5e0a7,707b6ccf-c9d9-4c1d-97f4-516b572b2f9d,1697663513287655555
6a69421f-e399-4db8-897a-d8ef21b5e0a7,707b6ccf-c9d9-4c1d-97f4-516b572b2f9d,1697663513314155555
6a69421f-e399-4db8-897a-d8ef21b5e0a7,707b6ccf-c9d9-4c1d-97f4-516b572b2f9d,1697663513344755555
6a69421f-e399-4db8-897a-d8ef21b5e0a7,707b6ccf-c9d9-4c1d-97f4-516b572b2f9d,1697663513382144444
6a69421f-e399-4db8-897a-d8ef21b5e0a7,707b6ccf-c9d9-4c1d-97f4-516b572b2f9d,1697663513416988888
6a69421f-e399-4db8-897a-d8ef21b5e0a7,707b6ccf-c9d9-4c1d-97f4-516b572b2f9d,1697663513450066666
6a69421f-e399-4db8-897a-d8ef21b5e0a7,707b6ccf-c9d9-4c1d-97f4-516b572b2f9d,1697663513490722222
6a69421f-e399-4db8-897a-d8ef21b5e0a7,707b6ccf-c9d9-4c1d-97f4-516b572b2f9d,1697663513515511111
6a69421f-e399-4db8-897a-d8ef21b5e0a7,707b6ccf-c9d9-4c1d-97f4-516b572b2f9d,1697663513548922222
6a69421f-e399-4db8-897a-d8ef21b5e0a7,707b6ccf-c9d9-4c1d-97f4-516b572b2f9d,1697663513583677777
6a69421f-e399-4db8-897a-d8ef21b5e0a7,707b6ccf-c9d9-4c1d-97f4-516b572b2f9d,1697663513619433333
6a69421f-e399-4db8-897a-d8ef21b5e0a7,707b6ccf-c9d9-4c1d-97f4-516b572b2f9d,1697663513652200000
6a69421f-e399-4db8-897a-d8ef21b5e0a7,707b6ccf-c9d9-4c1d-97f4-516b572b2f9d,1697663513682922222
6a69421f-e399-4db8-897a-d8ef21b5e0a7,707b6ccf-c9d9-4c1d-97f4-516b572b2f9d,1697663513707811111
6a69421f-e399-4db8-897a-d8ef21b5e0a7,707b6ccf-c9d9-4c1d-97f4-516b572b2f9d,1697663513742388888
6a69421f-e399-4db8-897a-d8ef21b5e0a7,707b6ccf-c9d9-4c1d-97f4-516b572b2f9d,1697663513787800000
6a69421f-e399-4db8-897a-d8ef21b5e0a7,707b6ccf-c9d9-4c1d-97f4-516b572b2f9d,1697663513806066666
6a69421f-e399-4db8-897a-d8ef21b5e0a7,707b6ccf-c9d9-4c1d-97f4-516b572b2f9d,1697663513839377777
6a69421f-e399-4db8-897a-d8ef21b5e0a7,707b6ccf-c9d9-4c1d-97f4-516b572b2f9d,1697663513877911111
6a69421f-e399-4db8-897a-d8ef21b5e0a7,707b6ccf-c9d9-4c1d-97f4-516b572b2f9d,1697663513912744444
6a69421f-e399-4db8-897a-d8ef21b5e0a7,707b6ccf-c9d9-4c1d-97f4-516b572b2f9d,1697663513947233333
6a69421f-e399-4db8-897a-d8ef21b5e0a7,707b6ccf-c9d9-4c1d-97f4-516b572b2f9d,1697663513983555555
6a69421f-e399-4db8-897a-d8ef21b5e0a7,707b6ccf-c9d9-4c1d-97f4-516b572b2f9d,1697663514017711111
6a69421f-e399-4db8-897a-d8ef21b5e0a7,707b6ccf-c9d9-4c1d-97f4-516b572b2f9d,1697663514048166666
6a69421f-e399-4db8-897a-d8ef21b5e0a7,707b6ccf-c9d9-4c1d-97f4-516b572b2f9d,1697663514077100000
6a69421f-e399-4db8-897a-d8ef21b5e0a7,707b6ccf-c9d9-4c1d-97f4-516b572b2f9d,1697663514114622222
6a69421f-e399-4db8-897a-d8ef21b5e0a7,707b6ccf-c9d9-4c1d-97f4-516b572b2f9d,1697663514148177777
6a69421f-e399-4db8-897a-d8ef21b5e0a7,707b6ccf-c9d9-4c1d-97f4-516b572b2f9d,1697663514182588888
6a69421f-e399-4db8-897a-d8ef21b5e0a7,707b6ccf-c9d9-4c1d-97f4-516b572b2f9d,1697663514215688888
6a69421f-e399-4db8-897a-d8ef21b5e0a7,707b6ccf-c9d9-4c1d-97f4-516b572b2f9d,1697663514245477777
6a69421f-e399-4db8-897a-d8ef21b5e0a7,707b6ccf-c9d9-4c1d-97f4-516b572b2f9d,1697663514282111111
6a69421f-e399-4db8-897a-d8ef21b5e0a7,707b6ccf-c9d9-4c1d-97f4-516b572b2f9d,1697663514317677777
6a69421f-e399-4db8-897a-d8ef21b5e0a7,707b6ccf-c9d9-4c1d-97f4-516b572b2f9d,1697663514345222222
6a69421f-e399-4db8-897a-d8ef21b5e0a7,707b6ccf-c9d9-4c1d-97f4-516b572b2f9d,1697663514383922222
6a69421f-e399-4db8-897a-d8ef21b5e0a7,707b6ccf-c9d9-4c1d-97f4-516b572b2f9d,1697663514407422222
6a69421f-e399-4db8-897a-d8ef21b5e0a7,707b6ccf-c9d9-4c1d-97f4-516b572b2f9d,1697663514442611111
6a69421f-e399-4db8-897a-d8ef21b5e0a7,707b6ccf-c9d9-4c1d-97f4-516b572b2f9d,1697663514483211111
6a69421f-e399-4db8-897a-d8ef21b5e0a7,707b6ccf-c9d9-4c1d-97f4-516b572b2f9d,1697663514507000000
6a69421f-e399-4db8-897a-d8ef21b5e0a7,707b6ccf-c9d9-4c1d-97f4-516b572b2f9d,1697663514545922222
6a69421f-e399-4db8-897a-d8ef21b5e0a7,707b6ccf-c9d9-4c1d-97f4-516b572b2f9d,1697663514579355555
6a69421f-e399-4db8-897a-d8ef21b5e0a7,707b6ccf-c9d9-4c1d-97f4-516b572b2f9d,1697663514619600000
6a69421f-e399-4db8-897a-d8ef21b5e0a7,707b6ccf-c9d9-4c1d-97f4-516b572b2f9d,1697663514648655555
6a69421f-e399-4db8-897a-d8ef21b5e0a7,707b6ccf-c9d9-4c1d-97f4-516b572b2f9d,1697663514680522222
6a69421f-e399-4db8-897a-d8ef21b5e0a7,707b6ccf-c9d9-4c1d-97f4-516b572b2f9d,1697663514716600000
6a69421f-e399-4db8-897a-d8ef21b5e0a7,707b6ccf-c9d9-4c1d-97f4-516b572b2f9d,1697663514744711111
6a69421f-e399-4db8-897a-d8ef21b5e0a7,707b6ccf-c9d9-4c1d-97f4-516b572b2f9d,1697663514779566666
6a69421f-e399-4db8-897a-d8ef21b5e0a7,707b6ccf-c9d9-4c1d-97f4-516b572b2f9d,1697663514815511111
6a69421f-e399-4db8-897a-d8ef21b5e0a7,707b6ccf-c9d9-4c1d-97f4-516b572b2f9d,1697663514848588888
6a69421f-e399-4db8-897a-d8ef21b5e0a7,707b6ccf-c9d9-4c1d-97f4-516b572b2f9d,1697663514882733333
6a69421f-e399-4db8-897a-d8ef21b5e0a7,707b6ccf-c9d9-4c1d-97f4-516b572b2f9d,1697663514914344444
6a69421f-e399-4db8-897a-d8ef21b5e0a7,707b6ccf-c9d9-4c1d-97f4-516b572b2f9d,1697663514946433333
6a69421f-e399-4db8-897a-d8ef21b5e0a7,707b6ccf-c9d9-4c1d-97f4-516b572b2f9d,1697663514979677777
6a69421f-e399-4db8-897a-d8ef21b5e0a7,707b6ccf-c9d9-4c1d-97f4-516b572b2f9d,1697663515025900000
6a69421f-e399-4db8-897a-d8ef21b5e0a7,707b6ccf-c9d9-4c1d-97f4-516b572b2f9d,1697663515050788888
6a69421f-e399-4db8-897a-d8ef21b5e0a7,707b6ccf-c9d9-4c1d-97f4-516b572b2f9d,1697663515072011111
6a69421f-e399-4db8-897a-d8ef21b5e0a7,707b6ccf-c9d9-4c1d-97f4-516b572b2f9d,1697663515105388888
6a69421f-e399-4db8-897a-d8ef21b5e0a7,707b6ccf-c9d9-4c1d-97f4-516b572b2f9d,1697663515139066666
6a69421f-e399-4db8-897a-d8ef21b5e0a7,707b6ccf-c9d9-4c1d-97f4-516b572b2f9d,1697663515177711111
6a69421f-e399-4db8-897a-d8ef21b5e0a7,707b6ccf-c9d9-4c1d-97f4-516b572b2f9d,1697663515208322222
6a69421f-e399-4db8-897a-d8ef21b5e0a7,707b6ccf-c9d9-4c1d-97f4-516b572b2f9d,1697663515248233333
6a69421f-e399-4db8-897a-d8ef21b5e0a7,707b6ccf-c9d9-4c1d-97f4-516b572b2f9d,1697663515280400000
6a69421f-e399-4db8-897a-d8ef21b5e0a7,707b6ccf-c9d9-4c1d-97f4-516b572b2f9d,1697663515314133333
6a69421f-e399-4db8-897a-d8ef21b5e0a7,707b6ccf-c9d9-4c1d-97f4-516b572b2f9d,1697663515347233333
6a69421f-e399-4db8-897a-d8ef21b5e0a7,707b6ccf-c9d9-4c1d-97f4-516b572b2f9d,1697663515378500000
6a69421f-e399-4db8-897a-d8ef21b5e0a7,707b6ccf-c9d9-4c1d-97f4-516b572b2f9d,1697663515416411111
6a69421f-e399-4db8-897a-d8ef21b5e0a7,707b6ccf-c9d9-4c1d-97f4-516b572b2f9d,1697663515446455555
6a69421f-e399-4db8-897a-d8ef21b5e0a7,707b6ccf-c9d9-4c1d-97f4-516b572b2f9d,1697663515481488888
6a69421f-e399-4db8-897a-d8ef21b5e0a7,707b6ccf-c9d9-4c1d-97f4-516b572b2f9d,1697663515514244444
6a69421f-e399-4db8-897a-d8ef21b5e0a7,707b6ccf-c9d9-4c1d-97f4-516b572b2f9d,1697663515547588888
6a69421f-e399-4db8-897a-d8ef21b5e0a7,707b6ccf-c9d9-4c1d-97f4-516b572b2f9d,1697663515578644444
6a69421f-e399-4db8-897a-d8ef21b5e0a7,707b6ccf-c9d9-4c1d-97f4-516b572b2f9d,1697663515616633333
6a69421f-e399-4db8-897a-d8ef21b5e0a7,707b6ccf-c9d9-4c1d-97f4-516b572b2f9d,1697663515646211111
6a69421f-e399-4db8-897a-d8ef21b5e0a7,707b6ccf-c9d9-4c1d-97f4-516b572b2f9d,1697663515678677777
6a69421f-e399-4db8-897a-d8ef21b5e0a7,707b6ccf-c9d9-4c1d-97f4-516b572b2f9d,1697663515709433333
6a69421f-e399-4db8-897a-d8ef21b5e0a7,707b6ccf-c9d9-4c1d-97f4-516b572b2f9d,1697663515744788888
6a69421f-e399-4db8-897a-d8ef21b5e0a7,707b6ccf-c9d9-4c1d-97f4-516b572b2f9d,1697663515772000000
6a69421f-e399-4db8-897a-d8ef21b5e0a7,707b6ccf-c9d9-4c1d-97f4-516b572b2f9d,1697663515807944444
6a69421f-e399-4db8-897a-d8ef21b5e0a7,707b6ccf-c9d9-4c1d-97f4-516b572b2f9d,1697663515852788888
6a69421f-e399-4db8-897a-d8ef21b5e0a7,707b6ccf-c9d9-4c1d-97f4-516b572b2f9d,1697663515878255555
6a69421f-e399-4db8-897a-d8ef21b5e0a7,707b6ccf-c9d9-4c1d-97f4-516b572b2f9d,1697663515915100000
6a69421f-e399-4db8-897a-d8ef21b5e0a7,707b6ccf-c9d9-4c1d-97f4-516b572b2f9d,1697663515947666666
6a69421f-e399-4db8-897a-d8ef21b5e0a7,707b6ccf-c9d9-4c1d-97f4-516b572b2f9d,1697663515978077777
6a69421f-e399-4db8-897a-d8ef21b5e0a7,707b6ccf-c9d9-4c1d-97f4-516b572b2f9d,1697663516015733333
6a69421f-e399-4db8-897a-d8ef21b5e0a7,707b6ccf-c9d9-4c1d-97f4-516b572b2f9d,1697663516048511111
6a69421f-e399-4db8-897a-d8ef21b5e0a7,707b6ccf-c9d9-4c1d-97f4-516b572b2f9d,1697663516079244444
6a69421f-e399-4db8-897a-d8ef21b5e0a7,707b6ccf-c9d9-4c1d-97f4-516b572b2f9d,1697663516117000000
6a69421f-e399-4db8-897a-d8ef21b5e0a7,707b6ccf-c9d9-4c1d-97f4-516b572b2f9d,1697663516147400000
6a69421f-e399-4db8-897a-d8ef21b5e0a7,707b6ccf-c9d9-4c1d-97f4-516b572b2f9d,1697663516179211111
6a69421f-e399-4db8-897a-d8ef21b5e0a7,707b6ccf-c9d9-4c1d-97f4-516b572b2f9d,1697663516216666666
6a69421f-e399-4db8-897a-d8ef21b5e0a7,707b6ccf-c9d9-4c1d-97f4-516b572b2f9d,1697663516247544444
6a69421f-e399-4db8-897a-d8ef21b5e0a7,707b6ccf-c9d9-4c1d-97f4-516b572b2f9d,1697663516277255555
6a69421f-e399-4db8-897a-d8ef21b5e0a7,707b6ccf-c9d9-4c1d-97f4-516b572b2f9d,1697663516316244444
6a69421f-e399-4db8-897a-d8ef21b5e0a7,707b6ccf-c9d9-4c1d-97f4-516b572b2f9d,1697663516346700000
6a69421f-e399-4db8-897a-d8ef21b5e0a7,707b6ccf-c9d9-4c1d-97f4-516b572b2f9d,1697663516376133333
6a69421f-e399-4db8-897a-d8ef21b5e0a7,707b6ccf-c9d9-4c1d-97f4-516b572b2f9d,1697663516409811111
6a69421f-e399-4db8-897a-d8ef21b5e0a7,707b6ccf-c9d9-4c1d-97f4-516b572b2f9d,1697663516439833333
6a69421f-e399-4db8-897a-d8ef21b5e0a7,707b6ccf-c9d9-4c1d-97f4-516b572b2f9d,1697663516475977777
6a69421f-e399-4db8-897a-d8ef21b5e0a7,707b6ccf-c9d9-4c1d-97f4-516b572b2f9d,1697663516522611111
6a69421f-e399-4db8-897a-d8ef21b5e0a7,707b6ccf-c9d9-4c1d-97f4-516b572b2f9d,1697663516538200000
6a69421f-e399-4db8-897a-d8ef21b5e0a7,707b6ccf-c9d9-4c1d-97f4-516b572b2f9d,1697663516589577777
6a69421f-e399-4db8-897a-d8ef21b5e0a7,707b6ccf-c9d9-4c1d-97f4-516b572b2f9d,1697663516614455555
6a69421f-e399-4db8-897a-d8ef21b5e0a7,707b6ccf-c9d9-4c1d-97f4-516b572b2f9d,1697663516648066666
6a69421f-e399-4db8-897a-d8ef21b5e0a7,707b6ccf-c9d9-4c1d-97f4-516b572b2f9d,1697663516682044444
6a69421f-e399-4db8-897a-d8ef21b5e0a7,707b6ccf-c9d9-4c1d-97f4-516b572b2f9d,1697663516719177777
6a69421f-e399-4db8-897a-d8ef21b5e0a7,707b6ccf-c9d9-4c1d-97f4-516b572b2f9d,1697663516748955555
6a69421f-e399-4db8-897a-d8ef21b5e0a7,707b6ccf-c9d9-4c1d-97f4-516b572b2f9d,1697663516778811111
6a69421f-e399-4db8-897a-d8ef21b5e0a7,707b6ccf-c9d9-4c1d-97f4-516b572b2f9d,1697663516815355555
6a69421f-e399-4db8-897a-d8ef21b5e0a7,707b6ccf-c9d9-4c1d-97f4-516b572b2f9d,1697663516850555555
6a69421f-e399-4db8-897a-d8ef21b5e0a7,707b6ccf-c9d9-4c1d-97f4-516b572b2f9d,1697663516879088888
6a69421f-e399-4db8-897a-d8ef21b5e0a7,707b6ccf-c9d9-4c1d-97f4-516b572b2f9d,1697663516915822222
6a69421f-e399-4db8-897a-d8ef21b5e0a7,707b6ccf-c9d9-4c1d-97f4-516b572b2f9d,1697663516949011111
6a69421f-e399-4db8-897a-d8ef21b5e0a7,707b6ccf-c9d9-4c1d-97f4-516b572b2f9d,1697663516979611111
6a69421f-e399-4db8-897a-d8ef21b5e0a7,707b6ccf-c9d9-4c1d-97f4-516b572b2f9d,1697663517017722222
6a69421f-e399-4db8-897a-d8ef21b5e0a7,707b6ccf-c9d9-4c1d-97f4-516b572b2f9d,1697663517038511111
6a69421f-e399-4db8-897a-d8ef21b5e0a7,707b6ccf-c9d9-4c1d-97f4-516b572b2f9d,1697663517078877777
6a69421f-e399-4db8-897a-d8ef21b5e0a7,707b6ccf-c9d9-4c1d-97f4-516b572b2f9d,1697663517105833333
6a69421f-e399-4db8-897a-d8ef21b5e0a7,707b6ccf-c9d9-4c1d-97f4-516b572b2f9d,1697663517139477777
6a69421f-e399-4db8-897a-d8ef21b5e0a7,707b6ccf-c9d9-4c1d-97f4-516b572b2f9d,1697663517170322222
6a69421f-e399-4db8-897a-d8ef21b5e0a7,707b6ccf-c9d9-4c1d-97f4-516b572b2f9d,1697663517214644444
6a69421f-e399-4db8-897a-d8ef21b5e0a7,707b6ccf-c9d9-4c1d-97f4-516b572b2f9d,1697663517244855555
6a69421f-e399-4db8-897a-d8ef21b5e0a7,707b6ccf-c9d9-4c1d-97f4-516b572b2f9d,1697663517280222222
6a69421f-e399-4db8-897a-d8ef21b5e0a7,707b6ccf-c9d9-4c1d-97f4-516b572b2f9d,1697663517309677777
6a69421f-e399-4db8-897a-d8ef21b5e0a7,707b6ccf-c9d9-4c1d-97f4-516b572b2f9d,1697663517352222222
6a69421f-e399-4db8-897a-d8ef21b5e0a7,707b6ccf-c9d9-4c1d-97f4-516b572b2f9d,1697663517381511111
6a69421f-e399-4db8-897a-d8ef21b5e0a7,707b6ccf-c9d9-4c1d-97f4-516b572b2f9d,1697663517409800000
6a69421f-e399-4db8-897a-d8ef21b5e0a7,707b6ccf-c9d9-4c1d-97f4-516b572b2f9d,1697663517443844444
6a69421f-e399-4db8-897a-d8ef21b5e0a7,707b6ccf-c9d9-4c1d-97f4-516b572b2f9d,1697663517480622222
6a69421f-e399-4db8-897a-d8ef21b5e0a7,707b6ccf-c9d9-4c1d-97f4-516b572b2f9d,1697663517511511111
6a69421f-e399-4db8-897a-d8ef21b5e0a7,707b6ccf-c9d9-4c1d-97f4-516b572b2f9d,1697663517546911111
6a69421f-e399-4db8-897a-d8ef21b5e0a7,707b6ccf-c9d9-4c1d-97f4-516b572b2f9d,1697663517581588888
6a69421f-e399-4db8-897a-d8ef21b5e0a7,707b6ccf-c9d9-4c1d-97f4-516b572b2f9d,1697663517612811111
6a69421f-e399-4db8-897a-d8ef21b5e0a7,707b6ccf-c9d9-4c1d-97f4-516b572b2f9d,1697663517647222222
6a69421f-e399-4db8-897a-d8ef21b5e0a7,707b6ccf-c9d9-4c1d-97f4-516b572b2f9d,1697663517682177777
6a69421f-e399-4db8-897a-d8ef21b5e0a7,707b6ccf-c9d9-4c1d-97f4-516b572b2f9d,1697663517705133333
6a69421f-e399-4db8-897a-d8ef21b5e0a7,707b6ccf-c9d9-4c1d-97f4-516b572b2f9d,1697663517738511111
6a69421f-e399-4db8-897a-d8ef21b5e0a7,707b6ccf-c9d9-4c1d-97f4-516b572b2f9d,1697663517788511111
6a69421f-e399-4db8-897a-d8ef21b5e0a7,707b6ccf-c9d9-4c1d-97f4-516b572b2f9d,1697663517806133333
6a69421f-e399-4db8-897a-d8ef21b5e0a7,707b6ccf-c9d9-4c1d-97f4-516b572b2f9d,1697663517848977777
6a69421f-e399-4db8-897a-d8ef21b5e0a7,707b6ccf-c9d9-4c1d-97f4-516b572b2f9d,1697663517878166666
6a69421f-e399-4db8-897a-d8ef21b5e0a7,707b6ccf-c9d9-4c1d-97f4-516b572b2f9d,1697663517910122222
6a69421f-e399-4db8-897a-d8ef21b5e0a7,707b6ccf-c9d9-4c1d-97f4-516b572b2f9d,1697663517945600000
6a69421f-e399-4db8-897a-d8ef21b5e0a7,707b6ccf-c9d9-4c1d-97f4-516b572b2f9d,1697663517978155555
6a69421f-e399-4db8-897a-d8ef21b5e0a7,707b6ccf-c9d9-4c1d-97f4-516b572b2f9d,1697663518011755555
6a69421f-e399-4db8-897a-d8ef21b5e0a7,707b6ccf-c9d9-4c1d-97f4-516b572b2f9d,1697663518051588888
6a69421f-e399-4db8-897a-d8ef21b5e0a7,707b6ccf-c9d9-4c1d-97f4-516b572b2f9d,1697663518077944444
6a69421f-e399-4db8-897a-d8ef21b5e0a7,707b6ccf-c9d9-4c1d-97f4-516b572b2f9d,1697663518109466666
6a69421f-e399-4db8-897a-d8ef21b5e0a7,707b6ccf-c9d9-4c1d-97f4-516b572b2f9d,1697663518149266666
6a69421f-e399-4db8-897a-d8ef21b5e0a7,707b6ccf-c9d9-4c1d-97f4-516b572b2f9d,1697663518180644444
6a69421f-e399-4db8-897a-d8ef21b5e0a7,707b6ccf-c9d9-4c1d-97f4-516b572b2f9d,1697663518211844444
6a69421f-e399-4db8-897a-d8ef21b5e0a7,707b6ccf-c9d9-4c1d-97f4-516b572b2f9d,1697663518244533333
6a69421f-e399-4db8-897a-d8ef21b5e0a7,707b6ccf-c9d9-4c1d-97f4-516b572b2f9d,1697663518279166666
6a69421f-e399-4db8-897a-d8ef21b5e0a7,707b6ccf-c9d9-4c1d-97f4-516b572b2f9d,1697663518309988888
6a69421f-e399-4db8-897a-d8ef21b5e0a7,707b6ccf-c9d9-4c1d-97f4-516b572b2f9d,1697663518357155555
6a69421f-e399-4db8-897a-d8ef21b5e0a7,707b6ccf-c9d9-4c1d-97f4-516b572b2f9d,1697663518386533333
6a69421f-e399-4db8-897a-d8ef21b5e0a7,707b6ccf-c9d9-4c1d-97f4-516b572b2f9d,1697663518411755555
6a69421f-e399-4db8-897a-d8ef21b5e0a7,707b6ccf-c9d9-4c1d-97f4-516b572b2f9d,1697663518438855555
6a69421f-e399-4db8-897a-d8ef21b5e0a7,707b6ccf-c9d9-4c1d-97f4-516b572b2f9d,1697663518471100000
6a69421f-e399-4db8-897a-d8ef21b5e0a7,707b6ccf-c9d9-4c1d-97f4-516b572b2f9d,1697663518512544444
6a69421f-e399-4db8-897a-d8ef21b5e0a7,707b6ccf-c9d9-4c1d-97f4-516b572b2f9d,1697663518551088888
6a69421f-e399-4db8-897a-d8ef21b5e0a7,707b6ccf-c9d9-4c1d-97f4-516b572b2f9d,1697663518578566666
6a69421f-e399-4db8-897a-d8ef21b5e0a7,707b6ccf-c9d9-4c1d-97f4-516b572b2f9d,1697663518611011111
6a69421f-e399-4db8-897a-d8ef21b5e0a7,707b6ccf-c9d9-4c1d-97f4-516b572b2f9d,1697663518648966666
6a69421f-e399-4db8-897a-d8ef21b5e0a7,707b6ccf-c9d9-4c1d-97f4-516b572b2f9d,1697663518680511111
6a69421f-e399-4db8-897a-d8ef21b5e0a7,707b6ccf-c9d9-4c1d-97f4-516b572b2f9d,1697663518710800000
6a69421f-e399-4db8-897a-d8ef21b5e0a7,707b6ccf-c9d9-4c1d-97f4-516b572b2f9d,1697663518750677777
6a69421f-e399-4db8-897a-d8ef21b5e0a7,707b6ccf-c9d9-4c1d-97f4-516b572b2f9d,1697663518779588888
6a69421f-e399-4db8-897a-d8ef21b5e0a7,707b6ccf-c9d9-4c1d-97f4-516b572b2f9d,1697663518808611111
6a69421f-e399-4db8-897a-d8ef21b5e0a7,707b6ccf-c9d9-4c1d-97f4-516b572b2f9d,1697663518848744444
6a69421f-e399-4db8-897a-d8ef21b5e0a7,707b6ccf-c9d9-4c1d-97f4-516b572b2f9d,1697663518880688888
6a69421f-e399-4db8-897a-d8ef21b5e0a7,707b6ccf-c9d9-4c1d-97f4-516b572b2f9d,1697663518910755555
6a69421f-e399-4db8-897a-d8ef21b5e0a7,707b6ccf-c9d9-4c1d-97f4-516b572b2f9d,1697663518947244444
6a69421f-e399-4db8-897a-d8ef21b5e0a7,707b6ccf-c9d9-4c1d-97f4-516b572b2f9d,1697663518977311111
6a69421f-e399-4db8-897a-d8ef21b5e0a7,707b6ccf-c9d9-4c1d-97f4-516b572b2f9d,1697663519022633333
6a69421f-e399-4db8-897a-d8ef21b5e0a7,707b6ccf-c9d9-4c1d-97f4-516b572b2f9d,1697663519041288888
6a69421f-e399-4db8-897a-d8ef21b5e0a7,707b6ccf-c9d9-4c1d-97f4-516b572b2f9d,1697663519079388888
6a69421f-e399-4db8-897a-d8ef21b5e0a7,707b6ccf-c9d9-4c1d-97f4-516b572b2f9d,1697663519118677777
6a69421f-e399-4db8-897a-d8ef21b5e0a7,707b6ccf-c9d9-4c1d-97f4-516b572b2f9d,1697663519146444444
6a69421f-e399-4db8-897a-d8ef21b5e0a7,707b6ccf-c9d9-4c1d-97f4-516b572b2f9d,1697663519181866666
6a69421f-e399-4db8-897a-d8ef21b5e0a7,707b6ccf-c9d9-4c1d-97f4-516b572b2f9d,1697663519203311111
6a69421f-e399-4db8-897a-d8ef21b5e0a7,707b6ccf-c9d9-4c1d-97f4-516b572b2f9d,1697663519248522222
6a69421f-e399-4db8-897a-d8ef21b5e0a7,707b6ccf-c9d9-4c1d-97f4-516b572b2f9d,1697663519278788888
6a69421f-e399-4db8-897a-d8ef21b5e0a7,707b6ccf-c9d9-4c1d-97f4-516b572b2f9d,1697663519314111111
6a69421f-e399-4db8-897a-d8ef21b5e0a7,707b6ccf-c9d9-4c1d-97f4-516b572b2f9d,1697663519348455555
6a69421f-e399-4db8-897a-d8ef21b5e0a7,707b6ccf-c9d9-4c1d-97f4-516b572b2f9d,1697663519380677777
6a69421f-e399-4db8-897a-d8ef21b5e0a7,707b6ccf-c9d9-4c1d-97f4-516b572b2f9d,1697663519411677777
6a69421f-e399-4db8-897a-d8ef21b5e0a7,707b6ccf-c9d9-4c1d-97f4-516b572b2f9d,1697663519447311111
6a69421f-e399-4db8-897a-d8ef21b5e0a7,707b6ccf-c9d9-4c1d-97f4-516b572b2f9d,1697663519481122222
6a69421f-e399-4db8-897a-d8ef21b5e0a7,707b6ccf-c9d9-4c1d-97f4-516b572b2f9d,1697663519510233333
6a69421f-e399-4db8-897a-d8ef21b5e0a7,707b6ccf-c9d9-4c1d-97f4-516b572b2f9d,1697663519547422222
6a69421f-e399-4db8-897a-d8ef21b5e0a7,707b6ccf-c9d9-4c1d-97f4-516b572b2f9d,1697663519580866666
6a69421f-e399-4db8-897a-d8ef21b5e0a7,707b6ccf-c9d9-4c1d-97f4-516b572b2f9d,1697663519610177777
6a69421f-e399-4db8-897a-d8ef21b5e0a7,707b6ccf-c9d9-4c1d-97f4-516b572b2f9d,1697663519650466666
6a69421f-e399-4db8-897a-d8ef21b5e0a7,707b6ccf-c9d9-4c1d-97f4-516b572b2f9d,1697663519683211111
6a69421f-e399-4db8-897a-d8ef21b5e0a7,707b6ccf-c9d9-4c1d-97f4-516b572b2f9d,1697663519707255555
6a69421f-e399-4db8-897a-d8ef21b5e0a7,707b6ccf-c9d9-4c1d-97f4-516b572b2f9d,1697663519737300000
6a69421f-e399-4db8-897a-d8ef21b5e0a7,707b6ccf-c9d9-4c1d-97f4-516b572b2f9d,1697663519783011111
6a69421f-e399-4db8-897a-d8ef21b5e0a7,707b6ccf-c9d9-4c1d-97f4-516b572b2f9d,1697663519804544444
6a69421f-e399-4db8-897a-d8ef21b5e0a7,707b6ccf-c9d9-4c1d-97f4-516b572b2f9d,1697663519839400000
6a69421f-e399-4db8-897a-d8ef21b5e0a7,707b6ccf-c9d9-4c1d-97f4-516b572b2f9d,1697663519879288888
6a69421f-e399-4db8-897a-d8ef21b5e0a7,707b6ccf-c9d9-4c1d-97f4-516b572b2f9d,1697663519904100000
6a69421f-e399-4db8-897a-d8ef21b5e0a7,707b6ccf-c9d9-4c1d-97f4-516b572b2f9d,1697663519947622222
6a69421f-e399-4db8-897a-d8ef21b5e0a7,707b6ccf-c9d9-4c1d-97f4-516b572b2f9d,1697663519978722222
6a69421f-e399-4db8-897a-d8ef21b5e0a7,707b6ccf-c9d9-4c1d-97f4-516b572b2f9d,1697663520011477777
6a69421f-e399-4db8-897a-d8ef21b5e0a7,707b6ccf-c9d9-4c1d-97f4-516b572b2f9d,1697663520049133333
6a69421f-e399-4db8-897a-d8ef21b5e0a7,707b6ccf-c9d9-4c1d-97f4-516b572b2f9d,1697663520086633333
6a69421f-e399-4db8-897a-d8ef21b5e0a7,707b6ccf-c9d9-4c1d-97f4-516b572b2f9d,1697663520111700000
6a69421f-e399-4db8-897a-d8ef21b5e0a7,707b6ccf-c9d9-4c1d-97f4-516b572b2f9d,1697663520147533333
6a69421f-e399-4db8-897a-d8ef21b5e0a7,707b6ccf-c9d9-4c1d-97f4-516b572b2f9d,1697663520181177777
6a69421f-e399-4db8-897a-d8ef21b5e0a7,707b6ccf-c9d9-4c1d-97f4-516b572b2f9d,1697663520209366666
6a69421f-e399-4db8-897a-d8ef21b5e0a7,707b6ccf-c9d9-4c1d-97f4-516b572b2f9d,1697663520240522222
6a69421f-e399-4db8-897a-d8ef21b5e0a7,707b6ccf-c9d9-4c1d-97f4-516b572b2f9d,1697663520277955555
6a69421f-e399-4db8-897a-d8ef21b5e0a7,707b6ccf-c9d9-4c1d-97f4-516b572b2f9d,1697663520312533333
6a69421f-e399-4db8-897a-d8ef21b5e0a7,707b6ccf-c9d9-4c1d-97f4-516b572b2f9d,1697663520345022222
6a69421f-e399-4db8-897a-d8ef21b5e0a7,707b6ccf-c9d9-4c1d-97f4-516b572b2f9d,1697663520370522222
6a69421f-e399-4db8-897a-d8ef21b5e0a7,707b6ccf-c9d9-4c1d-97f4-516b572b2f9d,1697663520402577777
6a69421f-e399-4db8-897a-d8ef21b5e0a7,707b6ccf-c9d9-4c1d-97f4-516b572b2f9d,1697663520434822222
6a69421f-e399-4db8-897a-d8ef21b5e0a7,707b6ccf-c9d9-4c1d-97f4-516b572b2f9d,1697663520472766666
6a69421f-e399-4db8-897a-d8ef21b5e0a7,707b6ccf-c9d9-4c1d-97f4-516b572b2f9d,1697663520518877777
6a69421f-e399-4db8-897a-d8ef21b5e0a7,707b6ccf-c9d9-4c1d-97f4-516b572b2f9d,1697663520544111111
6a69421f-e399-4db8-897a-d8ef21b5e0a7,707b6ccf-c9d9-4c1d-97f4-516b572b2f9d,1697663520586122222
6a69421f-e399-4db8-897a-d8ef21b5e0a7,707b6ccf-c9d9-4c1d-97f4-516b572b2f9d,1697663520613977777
6a69421f-e399-4db8-897a-d8ef21b5e0a7,707b6ccf-c9d9-4c1d-97f4-516b572b2f9d,1697663520641522222
6a69421f-e399-4db8-897a-d8ef21b5e0a7,707b6ccf-c9d9-4c1d-97f4-516b572b2f9d,1697663520679000000
6a69421f-e399-4db8-897a-d8ef21b5e0a7,707b6ccf-c9d9-4c1d-97f4-516b572b2f9d,1697663520712133333
6a69421f-e399-4db8-897a-d8ef21b5e0a7,707b6ccf-c9d9-4c1d-97f4-516b572b2f9d,1697663520742066666
6a69421f-e399-4db8-897a-d8ef21b5e0a7,707b6ccf-c9d9-4c1d-97f4-516b572b2f9d,1697663520781522222
6a69421f-e399-4db8-897a-d8ef21b5e0a7,707b6ccf-c9d9-4c1d-97f4-516b572b2f9d,1697663520811511111
6a69421f-e399-4db8-897a-d8ef21b5e0a7,707b6ccf-c9d9-4c1d-97f4-516b572b2f9d,1697663520842611111
6a69421f-e399-4db8-897a-d8ef21b5e0a7,707b6ccf-c9d9-4c1d-97f4-516b572b2f9d,1697663520882133333
6a69421f-e399-4db8-897a-d8ef21b5e0a7,707b6ccf-c9d9-4c1d-97f4-516b572b2f9d,1697663520910122222
6a69421f-e399-4db8-897a-d8ef21b5e0a7,707b6ccf-c9d9-4c1d-97f4-516b572b2f9d,1697663520947244444
6a69421f-e399-4db8-897a-d8ef21b5e0a7,707b6ccf-c9d9-4c1d-97f4-516b572b2f9d,1697663520978344444
6a69421f-e399-4db8-897a-d8ef21b5e0a7,707b6ccf-c9d9-4c1d-97f4-516b572b2f9d,1697663521030355555
6a69421f-e399-4db8-897a-d8ef21b5e0a7,707b6ccf-c9d9-4c1d-97f4-516b572b2f9d,1697663521050055555
6a69421f-e399-4db8-897a-d8ef21b5e0a7,707b6ccf-c9d9-4c1d-97f4-516b572b2f9d,1697663521070544444
6a69421f-e399-4db8-897a-d8ef21b5e0a7,707b6ccf-c9d9-4c1d-97f4-516b572b2f9d,1697663521101533333
6a69421f-e399-4db8-897a-d8ef21b5e0a7,707b6ccf-c9d9-4c1d-97f4-516b572b2f9d,1697663521137233333
6a69421f-e399-4db8-897a-d8ef21b5e0a7,707b6ccf-c9d9-4c1d-97f4-516b572b2f9d,1697663521169400000
6a69421f-e399-4db8-897a-d8ef21b5e0a7,707b6ccf-c9d9-4c1d-97f4-516b572b2f9d,1697663521231044444
6a69421f-e399-4db8-897a-d8ef21b5e0a7,707b6ccf-c9d9-4c1d-97f4-516b572b2f9d,1697663521250644444
6a69421f-e399-4db8-897a-d8ef21b5e0a7,707b6ccf-c9d9-4c1d-97f4-516b572b2f9d,1697663521278888888
6a69421f-e399-4db8-897a-d8ef21b5e0a7,707b6ccf-c9d9-4c1d-97f4-516b572b2f9d,1697663521311322222
6a69421f-e399-4db8-897a-d8ef21b5e0a7,707b6ccf-c9d9-4c1d-97f4-516b572b2f9d,1697663521342088888
6a69421f-e399-4db8-897a-d8ef21b5e0a7,707b6ccf-c9d9-4c1d-97f4-516b572b2f9d,1697663521378477777
6a69421f-e399-4db8-897a-d8ef21b5e0a7,707b6ccf-c9d9-4c1d-97f4-516b572b2f9d,1697663521410533333
6a69421f-e399-4db8-897a-d8ef21b5e0a7,707b6ccf-c9d9-4c1d-97f4-516b572b2f9d,1697663521445822222
6a69421f-e399-4db8-897a-d8ef21b5e0a7,707b6ccf-c9d9-4c1d-97f4-516b572b2f9d,1697663521480544444
6a69421f-e399-4db8-897a-d8ef21b5e0a7,707b6ccf-c9d9-4c1d-97f4-516b572b2f9d,1697663521512588888
6a69421f-e399-4db8-897a-d8ef21b5e0a7,707b6ccf-c9d9-4c1d-97f4-516b572b2f9d,1697663521543477777
6a69421f-e399-4db8-897a-d8ef21b5e0a7,707b6ccf-c9d9-4c1d-97f4-516b572b2f9d,1697663521581800000
6a69421f-e399-4db8-897a-d8ef21b5e0a7,707b6ccf-c9d9-4c1d-97f4-516b572b2f9d,1697663521610844444
6a69421f-e399-4db8-897a-d8ef21b5e0a7,707b6ccf-c9d9-4c1d-97f4-516b572b2f9d,1697663521646011111
6a69421f-e399-4db8-897a-d8ef21b5e0a7,707b6ccf-c9d9-4c1d-97f4-516b572b2f9d,1697663521695400000
6a69421f-e399-4db8-897a-d8ef21b5e0a7,707b6ccf-c9d9-4c1d-97f4-516b572b2f9d,1697663521709977777
6a69421f-e399-4db8-897a-d8ef21b5e0a7,707b6ccf-c9d9-4c1d-97f4-516b572b2f9d,1697663521735577777
6a69421f-e399-4db8-897a-d8ef21b5e0a7,707b6ccf-c9d9-4c1d-97f4-516b572b2f9d,1697663521782288888
6a69421f-e399-4db8-897a-d8ef21b5e0a7,707b6ccf-c9d9-4c1d-97f4-516b572b2f9d,1697663521803588888
6a69421f-e399-4db8-897a-d8ef21b5e0a7,707b6ccf-c9d9-4c1d-97f4-516b572b2f9d,1697663521842588888
6a69421f-e399-4db8-897a-d8ef21b5e0a7,707b6ccf-c9d9-4c1d-97f4-516b572b2f9d,1697663521883322222
6a69421f-e399-4db8-897a-d8ef21b5e0a7,707b6ccf-c9d9-4c1d-97f4-516b572b2f9d,1697663521911566666
6a69421f-e399-4db8-897a-d8ef21b5e0a7,707b6ccf-c9d9-4c1d-97f4-516b572b2f9d,1697663521943577777
6a69421f-e399-4db8-897a-d8ef21b5e0a7,707b6ccf-c9d9-4c1d-97f4-516b572b2f9d,1697663521979755555
6a69421f-e399-4db8-897a-d8ef21b5e0a7,707b6ccf-c9d9-4c1d-97f4-516b572b2f9d,1697663522009700000
6a69421f-e399-4db8-897a-d8ef21b5e0a7,707b6ccf-c9d9-4c1d-97f4-516b572b2f9d,1697663522046877777
6a69421f-e399-4db8-897a-d8ef21b5e0a7,707b6ccf-c9d9-4c1d-97f4-516b572b2f9d,1697663522080922222
6a69421f-e399-4db8-897a-d8ef21b5e0a7,707b6ccf-c9d9-4c1d-97f4-516b572b2f9d,1697663522112544444
6a69421f-e399-4db8-897a-d8ef21b5e0a7,707b6ccf-c9d9-4c1d-97f4-516b572b2f9d,1697663522143588888
6a69421f-e399-4db8-897a-d8ef21b5e0a7,707b6ccf-c9d9-4c1d-97f4-516b572b2f9d,1697663522182388888
6a69421f-e399-4db8-897a-d8ef21b5e0a7,707b6ccf-c9d9-4c1d-97f4-516b572b2f9d,1697663522211433333
6a69421f-e399-4db8-897a-d8ef21b5e0a7,707b6ccf-c9d9-4c1d-97f4-516b572b2f9d,1697663522245655555
6a69421f-e399-4db8-897a-d8ef21b5e0a7,707b6ccf-c9d9-4c1d-97f4-516b572b2f9d,1697663522279577777
6a69421f-e399-4db8-897a-d8ef21b5e0a7,707b6ccf-c9d9-4c1d-97f4-516b572b2f9d,1697663522311611111
6a69421f-e399-4db8-897a-d8ef21b5e0a7,707b6ccf-c9d9-4c1d-97f4-516b572b2f9d,1697663522356255555
6a69421f-e399-4db8-897a-d8ef21b5e0a7,707b6ccf-c9d9-4c1d-97f4-516b572b2f9d,1697663522370911111
6a69421f-e399-4db8-897a-d8ef21b5e0a7,707b6ccf-c9d9-4c1d-97f4-516b572b2f9d,1697663522402666666
6a69421f-e399-4db8-897a-d8ef21b5e0a7,707b6ccf-c9d9-4c1d-97f4-516b572b2f9d,1697663522435755555
6a69421f-e399-4db8-897a-d8ef21b5e0a7,707b6ccf-c9d9-4c1d-97f4-516b572b2f9d,1697663522473011111
6a69421f-e399-4db8-897a-d8ef21b5e0a7,707b6ccf-c9d9-4c1d-97f4-516b572b2f9d,1697663522501100000
6a69421f-e399-4db8-897a-d8ef21b5e0a7,707b6ccf-c9d9-4c1d-97f4-516b572b2f9d,1697663522544222222
6a69421f-e399-4db8-897a-d8ef21b5e0a7,707b6ccf-c9d9-4c1d-97f4-516b572b2f9d,1697663522580866666
6a69421f-e399-4db8-897a-d8ef21b5e0a7,707b6ccf-c9d9-4c1d-97f4-516b572b2f9d,1697663522610500000
6a69421f-e399-4db8-897a-d8ef21b5e0a7,707b6ccf-c9d9-4c1d-97f4-516b572b2f9d,1697663522642644444
6a69421f-e399-4db8-897a-d8ef21b5e0a7,707b6ccf-c9d9-4c1d-97f4-516b572b2f9d,1697663522679155555
6a69421f-e399-4db8-897a-d8ef21b5e0a7,707b6ccf-c9d9-4c1d-97f4-516b572b2f9d,1697663522710244444
6a69421f-e399-4db8-897a-d8ef21b5e0a7,707b6ccf-c9d9-4c1d-97f4-516b572b2f9d,1697663522743377777
6a69421f-e399-4db8-897a-d8ef21b5e0a7,707b6ccf-c9d9-4c1d-97f4-516b572b2f9d,1697663522780888888
6a69421f-e399-4db8-897a-d8ef21b5e0a7,707b6ccf-c9d9-4c1d-97f4-516b572b2f9d,1697663522809988888
6a69421f-e399-4db8-897a-d8ef21b5e0a7,707b6ccf-c9d9-4c1d-97f4-516b572b2f9d,1697663522844111111
6a69421f-e399-4db8-897a-d8ef21b5e0a7,707b6ccf-c9d9-4c1d-97f4-516b572b2f9d,1697663522886066666
6a69421f-e399-4db8-897a-d8ef21b5e0a7,707b6ccf-c9d9-4c1d-97f4-516b572b2f9d,1697663522910333333
6a69421f-e399-4db8-897a-d8ef21b5e0a7,707b6ccf-c9d9-4c1d-97f4-516b572b2f9d,1697663522941211111
6a69421f-e399-4db8-897a-d8ef21b5e0a7,707b6ccf-c9d9-4c1d-97f4-516b572b2f9d,1697663522979977777
6a69421f-e399-4db8-897a-d8ef21b5e0a7,707b6ccf-c9d9-4c1d-97f4-516b572b2f9d,1697663523026911111
6a69421f-e399-4db8-897a-d8ef21b5e0a7,707b6ccf-c9d9-4c1d-97f4-516b572b2f9d,1697663523037844444
6a69421f-e399-4db8-897a-d8ef21b5e0a7,707b6ccf-c9d9-4c1d-97f4-516b572b2f9d,1697663523087400000
6a69421f-e399-4db8-897a-d8ef21b5e0a7,707b6ccf-c9d9-4c1d-97f4-516b572b2f9d,1697663523102811111
6a69421f-e399-4db8-897a-d8ef21b5e0a7,707b6ccf-c9d9-4c1d-97f4-516b572b2f9d,1697663523144422222
6a69421f-e399-4db8-897a-d8ef21b5e0a7,707b6ccf-c9d9-4c1d-97f4-516b572b2f9d,1697663523177433333
6a69421f-e399-4db8-897a-d8ef21b5e0a7,707b6ccf-c9d9-4c1d-97f4-516b572b2f9d,1697663523211088888
6a69421f-e399-4db8-897a-d8ef21b5e0a7,707b6ccf-c9d9-4c1d-97f4-516b572b2f9d,1697663523242777777
6a69421f-e399-4db8-897a-d8ef21b5e0a7,707b6ccf-c9d9-4c1d-97f4-516b572b2f9d,1697663523278733333
6a69421f-e399-4db8-897a-d8ef21b5e0a7,707b6ccf-c9d9-4c1d-97f4-516b572b2f9d,1697663523310166666
6a69421f-e399-4db8-897a-d8ef21b5e0a7,707b6ccf-c9d9-4c1d-97f4-516b572b2f9d,1697663523342666666
6a69421f-e399-4db8-897a-d8ef21b5e0a7,707b6ccf-c9d9-4c1d-97f4-516b572b2f9d,1697663523380366666
6a69421f-e399-4db8-897a-d8ef21b5e0a7,707b6ccf-c9d9-4c1d-97f4-516b572b2f9d,1697663523411700000
6a69421f-e399-4db8-897a-d8ef21b5e0a7,707b6ccf-c9d9-4c1d-97f4-516b572b2f9d,1697663523444466666
6a69421f-e399-4db8-897a-d8ef21b5e0a7,707b6ccf-c9d9-4c1d-97f4-516b572b2f9d,1697663523478144444
6a69421f-e399-4db8-897a-d8ef21b5e0a7,707b6ccf-c9d9-4c1d-97f4-516b572b2f9d,1697663523508800000
6a69421f-e399-4db8-897a-d8ef21b5e0a7,707b6ccf-c9d9-4c1d-97f4-516b572b2f9d,1697663523544666666
6a69421f-e399-4db8-897a-d8ef21b5e0a7,707b6ccf-c9d9-4c1d-97f4-516b572b2f9d,1697663523574111111
6a69421f-e399-4db8-897a-d8ef21b5e0a7,707b6ccf-c9d9-4c1d-97f4-516b572b2f9d,1697663523609388888
6a69421f-e399-4db8-897a-d8ef21b5e0a7,707b6ccf-c9d9-4c1d-97f4-516b572b2f9d,1697663523641100000
6a69421f-e399-4db8-897a-d8ef21b5e0a7,707b6ccf-c9d9-4c1d-97f4-516b572b2f9d,1697663523690944444
6a69421f-e399-4db8-897a-d8ef21b5e0a7,707b6ccf-c9d9-4c1d-97f4-516b572b2f9d,1697663523707200000
6a69421f-e399-4db8-897a-d8ef21b5e0a7,707b6ccf-c9d9-4c1d-97f4-516b572b2f9d,1697663523748677777
6a69421f-e399-4db8-897a-d8ef21b5e0a7,707b6ccf-c9d9-4c1d-97f4-516b572b2f9d,1697663523765644444
6a69421f-e399-4db8-897a-d8ef21b5e0a7,707b6ccf-c9d9-4c1d-97f4-516b572b2f9d,1697663523807288888
6a69421f-e399-4db8-897a-d8ef21b5e0a7,707b6ccf-c9d9-4c1d-97f4-516b572b2f9d,1697663523849222222
6a69421f-e399-4db8-897a-d8ef21b5e0a7,707b6ccf-c9d9-4c1d-97f4-516b572b2f9d,1697663523879122222
6a69421f-e399-4db8-897a-d8ef21b5e0a7,707b6ccf-c9d9-4c1d-97f4-516b572b2f9d,1697663523910011111
6a69421f-e399-4db8-897a-d8ef21b5e0a7,707b6ccf-c9d9-4c1d-97f4-516b572b2f9d,1697663523941944444
6a69421f-e399-4db8-897a-d8ef21b5e0a7,707b6ccf-c9d9-4c1d-97f4-516b572b2f9d,1697663523975022222
6a69421f-e399-4db8-897a-d8ef21b5e0a7,707b6ccf-c9d9-4c1d-97f4-516b572b2f9d,1697663524012322222
6a69421f-e399-4db8-897a-d8ef21b5e0a7,707b6ccf-c9d9-4c1d-97f4-516b572b2f9d,1697663524047388888
6a69421f-e399-4db8-897a-d8ef21b5e0a7,707b6ccf-c9d9-4c1d-97f4-516b572b2f9d,1697663524075466666
6a69421f-e399-4db8-897a-d8ef21b5e0a7,707b6ccf-c9d9-4c1d-97f4-516b572b2f9d,1697663524108466666
6a69421f-e399-4db8-897a-d8ef21b5e0a7,707b6ccf-c9d9-4c1d-97f4-516b572b2f9d,1697663524146088888
6a69421f-e399-4db8-897a-d8ef21b5e0a7,707b6ccf-c9d9-4c1d-97f4-516b572b2f9d,1697663524177977777
6a69421f-e399-4db8-897a-d8ef21b5e0a7,707b6ccf-c9d9-4c1d-97f4-516b572b2f9d,1697663524210222222
6a69421f-e399-4db8-897a-d8ef21b5e0a7,707b6ccf-c9d9-4c1d-97f4-516b572b2f9d,1697663524241988888
6a69421f-e399-4db8-897a-d8ef21b5e0a7,707b6ccf-c9d9-4c1d-97f4-516b572b2f9d,1697663524275911111
6a69421f-e399-4db8-897a-d8ef21b5e0a7,707b6ccf-c9d9-4c1d-97f4-516b572b2f9d,1697663524309455555
6a69421f-e399-4db8-897a-d8ef21b5e0a7,707b6ccf-c9d9-4c1d-97f4-516b572b2f9d,1697663524345766666
6a69421f-e399-4db8-897a-d8ef21b5e0a7,707b6ccf-c9d9-4c1d-97f4-516b572b2f9d,1697663524368322222
6a69421f-e399-4db8-897a-d8ef21b5e0a7,707b6ccf-c9d9-4c1d-97f4-516b572b2f9d,1697663524414111111
6a69421f-e399-4db8-897a-d8ef21b5e0a7,707b6ccf-c9d9-4c1d-97f4-516b572b2f9d,1697663524433233333
6a69421f-e399-4db8-897a-d8ef21b5e0a7,707b6ccf-c9d9-4c1d-97f4-516b572b2f9d,1697663524465666666
6a69421f-e399-4db8-897a-d8ef21b5e0a7,707b6ccf-c9d9-4c1d-97f4-516b572b2f9d,1697663524520122222
6a69421f-e399-4db8-897a-d8ef21b5e0a7,707b6ccf-c9d9-4c1d-97f4-516b572b2f9d,1697663524533533333
6a69421f-e399-4db8-897a-d8ef21b5e0a7,707b6ccf-c9d9-4c1d-97f4-516b572b2f9d,1697663524574411111
6a69421f-e399-4db8-897a-d8ef21b5e0a7,707b6ccf-c9d9-4c1d-97f4-516b572b2f9d,1697663524610566666
6a69421f-e399-4db8-897a-d8ef21b5e0a7,707b6ccf-c9d9-4c1d-97f4-516b572b2f9d,1697663524642188888
6a69421f-e399-4db8-897a-d8ef21b5e0a7,707b6ccf-c9d9-4c1d-97f4-516b572b2f9d,1697663524675011111
6a69421f-e399-4db8-897a-d8ef21b5e0a7,707b6ccf-c9d9-4c1d-97f4-516b572b2f9d,1697663524709444444
6a69421f-e399-4db8-897a-d8ef21b5e0a7,707b6ccf-c9d9-4c1d-97f4-516b572b2f9d,1697663524740022222
6a69421f-e399-4db8-897a-d8ef21b5e0a7,707b6ccf-c9d9-4c1d-97f4-516b572b2f9d,1697663524776522222
6a69421f-e399-4db8-897a-d8ef21b5e0a7,707b6ccf-c9d9-4c1d-97f4-516b572b2f9d,1697663524813700000
6a69421f-e399-4db8-897a-d8ef21b5e0a7,707b6ccf-c9d9-4c1d-97f4-516b572b2f9d,1697663524840022222
6a69421f-e399-4db8-897a-d8ef21b5e0a7,707b6ccf-c9d9-4c1d-97f4-516b572b2f9d,1697663524877022222
6a69421f-e399-4db8-897a-d8ef21b5e0a7,707b6ccf-c9d9-4c1d-97f4-516b572b2f9d,1697663524909933333
6a69421f-e399-4db8-897a-d8ef21b5e0a7,707b6ccf-c9d9-4c1d-97f4-516b572b2f9d,1697663524942744444
6a69421f-e399-4db8-897a-d8ef21b5e0a7,707b6ccf-c9d9-4c1d-97f4-516b572b2f9d,1697663524978744444
6a69421f-e399-4db8-897a-d8ef21b5e0a7,707b6ccf-c9d9-4c1d-97f4-516b572b2f9d,1697663525012522222
6a69421f-e399-4db8-897a-d8ef21b5e0a7,707b6ccf-c9d9-4c1d-97f4-516b572b2f9d,1697663525032722222
6a69421f-e399-4db8-897a-d8ef21b5e0a7,707b6ccf-c9d9-4c1d-97f4-516b572b2f9d,1697663525081888888
6a69421f-e399-4db8-897a-d8ef21b5e0a7,707b6ccf-c9d9-4c1d-97f4-516b572b2f9d,1697663525107488888
6a69421f-e399-4db8-897a-d8ef21b5e0a7,707b6ccf-c9d9-4c1d-97f4-516b572b2f9d,1697663525151833333
6a69421f-e399-4db8-897a-d8ef21b5e0a7,707b6ccf-c9d9-4c1d-97f4-516b572b2f9d,1697663525165522222
6a69421f-e399-4db8-897a-d8ef21b5e0a7,707b6ccf-c9d9-4c1d-97f4-516b572b2f9d,1697663525215233333
6a69421f-e399-4db8-897a-d8ef21b5e0a7,707b6ccf-c9d9-4c1d-97f4-516b572b2f9d,1697663525242888888
6a69421f-e399-4db8-897a-d8ef21b5e0a7,707b6ccf-c9d9-4c1d-97f4-516b572b2f9d,1697663525276355555
6a69421f-e399-4db8-897a-d8ef21b5e0a7,707b6ccf-c9d9-4c1d-97f4-516b572b2f9d,1697663525311111111
6a69421f-e399-4db8-897a-d8ef21b5e0a7,707b6ccf-c9d9-4c1d-97f4-516b572b2f9d,1697663525344055555
6a69421f-e399-4db8-897a-d8ef21b5e0a7,707b6ccf-c9d9-4c1d-97f4-516b572b2f9d,1697663525375577777
6a69421f-e399-4db8-897a-d8ef21b5e0a7,707b6ccf-c9d9-4c1d-97f4-516b572b2f9d,1697663525410588888
6a69421f-e399-4db8-897a-d8ef21b5e0a7,707b6ccf-c9d9-4c1d-97f4-516b572b2f9d,1697663525443944444
6a69421f-e399-4db8-897a-d8ef21b5e0a7,707b6ccf-c9d9-4c1d-97f4-516b572b2f9d,1697663525476277777
6a69421f-e399-4db8-897a-d8ef21b5e0a7,707b6ccf-c9d9-4c1d-97f4-516b572b2f9d,1697663525512222222
6a69421f-e399-4db8-897a-d8ef21b5e0a7,707b6ccf-c9d9-4c1d-97f4-516b572b2f9d,1697663525546655555
6a69421f-e399-4db8-897a-d8ef21b5e0a7,707b6ccf-c9d9-4c1d-97f4-516b572b2f9d,1697663525574588888
6a69421f-e399-4db8-897a-d8ef21b5e0a7,707b6ccf-c9d9-4c1d-97f4-516b572b2f9d,1697663525612933333
6a69421f-e399-4db8-897a-d8ef21b5e0a7,707b6ccf-c9d9-4c1d-97f4-516b572b2f9d,1697663525644077777
6a69421f-e399-4db8-897a-d8ef21b5e0a7,707b6ccf-c9d9-4c1d-97f4-516b572b2f9d,1697663525673811111
6a69421f-e399-4db8-897a-d8ef21b5e0a7,707b6ccf-c9d9-4c1d-97f4-516b572b2f9d,1697663525703722222
6a69421f-e399-4db8-897a-d8ef21b5e0a7,707b6ccf-c9d9-4c1d-97f4-516b572b2f9d,1697663525750944444
6a69421f-e399-4db8-897a-d8ef21b5e0a7,707b6ccf-c9d9-4c1d-97f4-516b572b2f9d,1697663525767100000
6a69421f-e399-4db8-897a-d8ef21b5e0a7,707b6ccf-c9d9-4c1d-97f4-516b572b2f9d,1697663525803144444
6a69421f-e399-4db8-897a-d8ef21b5e0a7,707b6ccf-c9d9-4c1d-97f4-516b572b2f9d,1697663525834644444
6a69421f-e399-4db8-897a-d8ef21b5e0a7,707b6ccf-c9d9-4c1d-97f4-516b572b2f9d,1697663525878077777
6a69421f-e399-4db8-897a-d8ef21b5e0a7,707b6ccf-c9d9-4c1d-97f4-516b572b2f9d,1697663525910488888
6a69421f-e399-4db8-897a-d8ef21b5e0a7,707b6ccf-c9d9-4c1d-97f4-516b572b2f9d,1697663525943133333
6a69421f-e399-4db8-897a-d8ef21b5e0a7,707b6ccf-c9d9-4c1d-97f4-516b572b2f9d,1697663525973344444
6a69421f-e399-4db8-897a-d8ef21b5e0a7,707b6ccf-c9d9-4c1d-97f4-516b572b2f9d,1697663526009722222
6a69421f-e399-4db8-897a-d8ef21b5e0a7,707b6ccf-c9d9-4c1d-97f4-516b572b2f9d,1697663526042822222
6a69421f-e399-4db8-897a-d8ef21b5e0a7,707b6ccf-c9d9-4c1d-97f4-516b572b2f9d,1697663526075166666
6a69421f-e399-4db8-897a-d8ef21b5e0a7,707b6ccf-c9d9-4c1d-97f4-516b572b2f9d,1697663526111755555
6a69421f-e399-4db8-897a-d8ef21b5e0a7,707b6ccf-c9d9-4c1d-97f4-516b572b2f9d,1697663526143966666
6a69421f-e399-4db8-897a-d8ef21b5e0a7,707b6ccf-c9d9-4c1d-97f4-516b572b2f9d,1697663526174177777
6a69421f-e399-4db8-897a-d8ef21b5e0a7,707b6ccf-c9d9-4c1d-97f4-516b572b2f9d,1697663526210200000
6a69421f-e399-4db8-897a-d8ef21b5e0a7,707b6ccf-c9d9-4c1d-97f4-516b572b2f9d,1697663526248844444
6a69421f-e399-4db8-897a-d8ef21b5e0a7,707b6ccf-c9d9-4c1d-97f4-516b572b2f9d,1697663526274200000
6a69421f-e399-4db8-897a-d8ef21b5e0a7,707b6ccf-c9d9-4c1d-97f4-516b572b2f9d,1697663526310966666
6a69421f-e399-4db8-897a-d8ef21b5e0a7,707b6ccf-c9d9-4c1d-97f4-516b572b2f9d,1697663526350911111
6a69421f-e399-4db8-897a-d8ef21b5e0a7,707b6ccf-c9d9-4c1d-97f4-516b572b2f9d,1697663526371700000
6a69421f-e399-4db8-897a-d8ef21b5e0a7,707b6ccf-c9d9-4c1d-97f4-516b572b2f9d,1697663526402644444
6a69421f-e399-4db8-897a-d8ef21b5e0a7,707b6ccf-c9d9-4c1d-97f4-516b572b2f9d,1697663526451777777
6a69421f-e399-4db8-897a-d8ef21b5e0a7,707b6ccf-c9d9-4c1d-97f4-516b572b2f9d,1697663526467700000
6a69421f-e399-4db8-897a-d8ef21b5e0a7,707b6ccf-c9d9-4c1d-97f4-516b572b2f9d,1697663526511444444
6a69421f-e399-4db8-897a-d8ef21b5e0a7,707b6ccf-c9d9-4c1d-97f4-516b572b2f9d,1697663526543533333
6a69421f-e399-4db8-897a-d8ef21b5e0a7,707b6ccf-c9d9-4c1d-97f4-516b572b2f9d,1697663526575966666
6a69421f-e399-4db8-897a-d8ef21b5e0a7,707b6ccf-c9d9-4c1d-97f4-516b572b2f9d,1697663526611000000
6a69421f-e399-4db8-897a-d8ef21b5e0a7,707b6ccf-c9d9-4c1d-97f4-516b572b2f9d,1697663526643666666
6a69421f-e399-4db8-897a-d8ef21b5e0a7,707b6ccf-c9d9-4c1d-97f4-516b572b2f9d,1697663526673588888
6a69421f-e399-4db8-897a-d8ef21b5e0a7,707b6ccf-c9d9-4c1d-97f4-516b572b2f9d,1697663526705800000
6a69421f-e399-4db8-897a-d8ef21b5e0a7,707b6ccf-c9d9-4c1d-97f4-516b572b2f9d,1697663526743744444
6a69421f-e399-4db8-897a-d8ef21b5e0a7,707b6ccf-c9d9-4c1d-97f4-516b572b2f9d,1697663526775677777
6a69421f-e399-4db8-897a-d8ef21b5e0a7,707b6ccf-c9d9-4c1d-97f4-516b572b2f9d,1697663526804100000
6a69421f-e399-4db8-897a-d8ef21b5e0a7,707b6ccf-c9d9-4c1d-97f4-516b572b2f9d,1697663526841755555
6a69421f-e399-4db8-897a-d8ef21b5e0a7,707b6ccf-c9d9-4c1d-97f4-516b572b2f9d,1697663526874933333
6a69421f-e399-4db8-897a-d8ef21b5e0a7,707b6ccf-c9d9-4c1d-97f4-516b572b2f9d,1697663526909855555
6a69421f-e399-4db8-897a-d8ef21b5e0a7,707b6ccf-c9d9-4c1d-97f4-516b572b2f9d,1697663526949044444
6a69421f-e399-4db8-897a-d8ef21b5e0a7,707b6ccf-c9d9-4c1d-97f4-516b572b2f9d,1697663526976022222
6a69421f-e399-4db8-897a-d8ef21b5e0a7,707b6ccf-c9d9-4c1d-97f4-516b572b2f9d,1697663527002733333
6a69421f-e399-4db8-897a-d8ef21b5e0a7,707b6ccf-c9d9-4c1d-97f4-516b572b2f9d,1697663527032588888
6a69421f-e399-4db8-897a-d8ef21b5e0a7,707b6ccf-c9d9-4c1d-97f4-516b572b2f9d,1697663527076677777
6a69421f-e399-4db8-897a-d8ef21b5e0a7,707b6ccf-c9d9-4c1d-97f4-516b572b2f9d,1697663527104944444
6a69421f-e399-4db8-897a-d8ef21b5e0a7,707b6ccf-c9d9-4c1d-97f4-516b572b2f9d,1697663527145866666
6a69421f-e399-4db8-897a-d8ef21b5e0a7,707b6ccf-c9d9-4c1d-97f4-516b572b2f9d,1697663527174211111
6a69421f-e399-4db8-897a-d8ef21b5e0a7,707b6ccf-c9d9-4c1d-97f4-516b572b2f9d,1697663527207133333
6a69421f-e399-4db8-897a-d8ef21b5e0a7,707b6ccf-c9d9-4c1d-97f4-516b572b2f9d,1697663527242311111
6a69421f-e399-4db8-897a-d8ef21b5e0a7,707b6ccf-c9d9-4c1d-97f4-516b572b2f9d,1697663527275211111
6a69421f-e399-4db8-897a-d8ef21b5e0a7,707b6ccf-c9d9-4c1d-97f4-516b572b2f9d,1697663527305366666
6a69421f-e399-4db8-897a-d8ef21b5e0a7,707b6ccf-c9d9-4c1d-97f4-516b572b2f9d,1697663527343244444
6a69421f-e399-4db8-897a-d8ef21b5e0a7,707b6ccf-c9d9-4c1d-97f4-516b572b2f9d,1697663527377833333
6a69421f-e399-4db8-897a-d8ef21b5e0a7,707b6ccf-c9d9-4c1d-97f4-516b572b2f9d,1697663527405588888
6a69421f-e399-4db8-897a-d8ef21b5e0a7,707b6ccf-c9d9-4c1d-97f4-516b572b2f9d,1697663527447488888
6a69421f-e399-4db8-897a-d8ef21b5e0a7,707b6ccf-c9d9-4c1d-97f4-516b572b2f9d,1697663527477111111
6a69421f-e399-4db8-897a-d8ef21b5e0a7,707b6ccf-c9d9-4c1d-97f4-516b572b2f9d,1697663527508977777
6a69421f-e399-4db8-897a-d8ef21b5e0a7,707b6ccf-c9d9-4c1d-97f4-516b572b2f9d,1697663527544244444
6a69421f-e399-4db8-897a-d8ef21b5e0a7,707b6ccf-c9d9-4c1d-97f4-516b572b2f9d,1697663527575066666
6a69421f-e399-4db8-897a-d8ef21b5e0a7,707b6ccf-c9d9-4c1d-97f4-516b572b2f9d,1697663527604433333
6a69421f-e399-4db8-897a-d8ef21b5e0a7,707b6ccf-c9d9-4c1d-97f4-516b572b2f9d,1697663527641500000
6a69421f-e399-4db8-897a-d8ef21b5e0a7,707b6ccf-c9d9-4c1d-97f4-516b572b2f9d,1697663527676044444
6a69421f-e399-4db8-897a-d8ef21b5e0a7,707b6ccf-c9d9-4c1d-97f4-516b572b2f9d,1697663527698400000
6a69421f-e399-4db8-897a-d8ef21b5e0a7,707b6ccf-c9d9-4c1d-97f4-516b572b2f9d,1697663527733466666
6a69421f-e399-4db8-897a-d8ef21b5e0a7,707b6ccf-c9d9-4c1d-97f4-516b572b2f9d,1697663527771522222
6a69421f-e399-4db8-897a-d8ef21b5e0a7,707b6ccf-c9d9-4c1d-97f4-516b572b2f9d,1697663527809466666
6a69421f-e399-4db8-897a-d8ef21b5e0a7,707b6ccf-c9d9-4c1d-97f4-516b572b2f9d,1697663527843577777
6a69421f-e399-4db8-897a-d8ef21b5e0a7,707b6ccf-c9d9-4c1d-97f4-516b572b2f9d,1697663527873344444
6a69421f-e399-4db8-897a-d8ef21b5e0a7,707b6ccf-c9d9-4c1d-97f4-516b572b2f9d,1697663527908844444
6a69421f-e399-4db8-897a-d8ef21b5e0a7,707b6ccf-c9d9-4c1d-97f4-516b572b2f9d,1697663527945277777
6a69421f-e399-4db8-897a-d8ef21b5e0a7,707b6ccf-c9d9-4c1d-97f4-516b572b2f9d,1697663527972988888
6a69421f-e399-4db8-897a-d8ef21b5e0a7,707b6ccf-c9d9-4c1d-97f4-516b572b2f9d,1697663528008055555
6a69421f-e399-4db8-897a-d8ef21b5e0a7,707b6ccf-c9d9-4c1d-97f4-516b572b2f9d,1697663528044077777
6a69421f-e399-4db8-897a-d8ef21b5e0a7,707b6ccf-c9d9-4c1d-97f4-516b572b2f9d,1697663528077255555
6a69421f-e399-4db8-897a-d8ef21b5e0a7,707b6ccf-c9d9-4c1d-97f4-516b572b2f9d,1697663528103933333
6a69421f-e399-4db8-897a-d8ef21b5e0a7,707b6ccf-c9d9-4c1d-97f4-516b572b2f9d,1697663528148344444
6a69421f-e399-4db8-897a-d8ef21b5e0a7,707b6ccf-c9d9-4c1d-97f4-516b572b2f9d,1697663528176533333
6a69421f-e399-4db8-897a-d8ef21b5e0a7,707b6ccf-c9d9-4c1d-97f4-516b572b2f9d,1697663528205444444
6a69421f-e399-4db8-897a-d8ef21b5e0a7,707b6ccf-c9d9-4c1d-97f4-516b572b2f9d,1697663528248177777
6a69421f-e399-4db8-897a-d8ef21b5e0a7,707b6ccf-c9d9-4c1d-97f4-516b572b2f9d,1697663528274044444
6a69421f-e399-4db8-897a-d8ef21b5e0a7,707b6ccf-c9d9-4c1d-97f4-516b572b2f9d,1697663528311655555
6a69421f-e399-4db8-897a-d8ef21b5e0a7,707b6ccf-c9d9-4c1d-97f4-516b572b2f9d,1697663528335544444
6a69421f-e399-4db8-897a-d8ef21b5e0a7,707b6ccf-c9d9-4c1d-97f4-516b572b2f9d,1697663528384666666
6a69421f-e399-4db8-897a-d8ef21b5e0a7,707b6ccf-c9d9-4c1d-97f4-516b572b2f9d,1697663528402388888
6a69421f-e399-4db8-897a-d8ef21b5e0a7,707b6ccf-c9d9-4c1d-97f4-516b572b2f9d,1697663528435477777
6a69421f-e399-4db8-897a-d8ef21b5e0a7,707b6ccf-c9d9-4c1d-97f4-516b572b2f9d,1697663528467755555
6a69421f-e399-4db8-897a-d8ef21b5e0a7,707b6ccf-c9d9-4c1d-97f4-516b572b2f9d,1697663528507988888
6a69421f-e399-4db8-897a-d8ef21b5e0a7,707b6ccf-c9d9-4c1d-97f4-516b572b2f9d,1697663528545244444
6a69421f-e399-4db8-897a-d8ef21b5e0a7,707b6ccf-c9d9-4c1d-97f4-516b572b2f9d,1697663528574088888
6a69421f-e399-4db8-897a-d8ef21b5e0a7,707b6ccf-c9d9-4c1d-97f4-516b572b2f9d,1697663528608711111
6a69421f-e399-4db8-897a-d8ef21b5e0a7,707b6ccf-c9d9-4c1d-97f4-516b572b2f9d,1697663528642811111
6a69421f-e399-4db8-897a-d8ef21b5e0a7,707b6ccf-c9d9-4c1d-97f4-516b572b2f9d,1697663528672822222
6a69421f-e399-4db8-897a-d8ef21b5e0a7,707b6ccf-c9d9-4c1d-97f4-516b572b2f9d,1697663528710677777
6a69421f-e399-4db8-897a-d8ef21b5e0a7,707b6ccf-c9d9-4c1d-97f4-516b572b2f9d,1697663528747200000
6a69421f-e399-4db8-897a-d8ef21b5e0a7,707b6ccf-c9d9-4c1d-97f4-516b572b2f9d,1697663528776888888
6a69421f-e399-4db8-897a-d8ef21b5e0a7,707b6ccf-c9d9-4c1d-97f4-516b572b2f9d,1697663528809300000
6a69421f-e399-4db8-897a-d8ef21b5e0a7,707b6ccf-c9d9-4c1d-97f4-516b572b2f9d,1697663528848033333
6a69421f-e399-4db8-897a-d8ef21b5e0a7,707b6ccf-c9d9-4c1d-97f4-516b572b2f9d,1697663528874900000
6a69421f-e399-4db8-897a-d8ef21b5e0a7,707b6ccf-c9d9-4c1d-97f4-516b572b2f9d,1697663528903600000
6a69421f-e399-4db8-897a-d8ef21b5e0a7,707b6ccf-c9d9-4c1d-97f4-516b572b2f9d,1697663528943644444
6a69421f-e399-4db8-897a-d8ef21b5e0a7,707b6ccf-c9d9-4c1d-97f4-516b572b2f9d,1697663528975100000
6a69421f-e399-4db8-897a-d8ef21b5e0a7,707b6ccf-c9d9-4c1d-97f4-516b572b2f9d,1697663529021866666
6a69421f-e399-4db8-897a-d8ef21b5e0a7,707b6ccf-c9d9-4c1d-97f4-516b572b2f9d,1697663529036500000
6a69421f-e399-4db8-897a-d8ef21b5e0a7,707b6ccf-c9d9-4c1d-97f4-516b572b2f9d,1697663529071944444
6a69421f-e399-4db8-897a-d8ef21b5e0a7,707b6ccf-c9d9-4c1d-97f4-516b572b2f9d,1697663529100133333
6a69421f-e399-4db8-897a-d8ef21b5e0a7,707b6ccf-c9d9-4c1d-97f4-516b572b2f9d,1697663529133955555
6a69421f-e399-4db8-897a-d8ef21b5e0a7,707b6ccf-c9d9-4c1d-97f4-516b572b2f9d,1697663529174966666
6a69421f-e399-4db8-897a-d8ef21b5e0a7,707b6ccf-c9d9-4c1d-97f4-516b572b2f9d,1697663529208144444
6a69421f-e399-4db8-897a-d8ef21b5e0a7,707b6ccf-c9d9-4c1d-97f4-516b572b2f9d,1697663529249655555
6a69421f-e399-4db8-897a-d8ef21b5e0a7,707b6ccf-c9d9-4c1d-97f4-516b572b2f9d,1697663529276600000
6a69421f-e399-4db8-897a-d8ef21b5e0a7,707b6ccf-c9d9-4c1d-97f4-516b572b2f9d,1697663529309477777
6a69421f-e399-4db8-897a-d8ef21b5e0a7,707b6ccf-c9d9-4c1d-97f4-516b572b2f9d,1697663529341500000
6a69421f-e399-4db8-897a-d8ef21b5e0a7,707b6ccf-c9d9-4c1d-97f4-516b572b2f9d,1697663529376033333
6a69421f-e399-4db8-897a-d8ef21b5e0a7,707b6ccf-c9d9-4c1d-97f4-516b572b2f9d,1697663529408088888
6a69421f-e399-4db8-897a-d8ef21b5e0a7,707b6ccf-c9d9-4c1d-97f4-516b572b2f9d,1697663529444577777
6a69421f-e399-4db8-897a-d8ef21b5e0a7,707b6ccf-c9d9-4c1d-97f4-516b572b2f9d,1697663529474644444
6a69421f-e399-4db8-897a-d8ef21b5e0a7,707b6ccf-c9d9-4c1d-97f4-516b572b2f9d,1697663529507611111
6a69421f-e399-4db8-897a-d8ef21b5e0a7,707b6ccf-c9d9-4c1d-97f4-516b572b2f9d,1697663529546888888
6a69421f-e399-4db8-897a-d8ef21b5e0a7,707b6ccf-c9d9-4c1d-97f4-516b572b2f9d,1697663529575000000
6a69421f-e399-4db8-897a-d8ef21b5e0a7,707b6ccf-c9d9-4c1d-97f4-516b572b2f9d,1697663529605944444
6a69421f-e399-4db8-897a-d8ef21b5e0a7,707b6ccf-c9d9-4c1d-97f4-516b572b2f9d,1697663529646577777
6a69421f-e399-4db8-897a-d8ef21b5e0a7,707b6ccf-c9d9-4c1d-97f4-516b572b2f9d,1697663529666822222
6a69421f-e399-4db8-897a-d8ef21b5e0a7,707b6ccf-c9d9-4c1d-97f4-516b572b2f9d,1697663529710833333
6a69421f-e399-4db8-897a-d8ef21b5e0a7,707b6ccf-c9d9-4c1d-97f4-516b572b2f9d,1697663529752511111
6a69421f-e399-4db8-897a-d8ef21b5e0a7,707b6ccf-c9d9-4c1d-97f4-516b572b2f9d,1697663529773355555
6a69421f-e399-4db8-897a-d8ef21b5e0a7,707b6ccf-c9d9-4c1d-97f4-516b572b2f9d,1697663529806911111
6a69421f-e399-4db8-897a-d8ef21b5e0a7,707b6ccf-c9d9-4c1d-97f4-516b572b2f9d,1697663529842577777
6a69421f-e399-4db8-897a-d8ef21b5e0a7,707b6ccf-c9d9-4c1d-97f4-516b572b2f9d,1697663529875088888
6a69421f-e399-4db8-897a-d8ef21b5e0a7,707b6ccf-c9d9-4c1d-97f4-516b572b2f9d,1697663529908677777
6a69421f-e399-4db8-897a-d8ef21b5e0a7,707b6ccf-c9d9-4c1d-97f4-516b572b2f9d,1697663529939766666
6a69421f-e399-4db8-897a-d8ef21b5e0a7,707b6ccf-c9d9-4c1d-97f4-516b572b2f9d,1697663529976722222
6a69421f-e399-4db8-897a-d8ef21b5e0a7,707b6ccf-c9d9-4c1d-97f4-516b572b2f9d,1697663530004022222
6a69421f-e399-4db8-897a-d8ef21b5e0a7,707b6ccf-c9d9-4c1d-97f4-516b572b2f9d,1697663530037300000
6a69421f-e399-4db8-897a-d8ef21b5e0a7,707b6ccf-c9d9-4c1d-97f4-516b572b2f9d,1697663530078144444
6a69421f-e399-4db8-897a-d8ef21b5e0a7,707b6ccf-c9d9-4c1d-97f4-516b572b2f9d,1697663530104122222
6a69421f-e399-4db8-897a-d8ef21b5e0a7,707b6ccf-c9d9-4c1d-97f4-516b572b2f9d,1697663530143788888
6a69421f-e399-4db8-897a-d8ef21b5e0a7,707b6ccf-c9d9-4c1d-97f4-516b572b2f9d,1697663530174777777
6a69421f-e399-4db8-897a-d8ef21b5e0a7,707b6ccf-c9d9-4c1d-97f4-516b572b2f9d,1697663530207666666
6a69421f-e399-4db8-897a-d8ef21b5e0a7,707b6ccf-c9d9-4c1d-97f4-516b572b2f9d,1697663530239611111
6a69421f-e399-4db8-897a-d8ef21b5e0a7,707b6ccf-c9d9-4c1d-97f4-516b572b2f9d,1697663530280111111
6a69421f-e399-4db8-897a-d8ef21b5e0a7,707b6ccf-c9d9-4c1d-97f4-516b572b2f9d,1697663530315688888
6a69421f-e399-4db8-897a-d8ef21b5e0a7,707b6ccf-c9d9-4c1d-97f4-516b572b2f9d,1697663530333488888
6a69421f-e399-4db8-897a-d8ef21b5e0a7,707b6ccf-c9d9-4c1d-97f4-516b572b2f9d,1697663530369911111
6a69421f-e399-4db8-897a-d8ef21b5e0a7,707b6ccf-c9d9-4c1d-97f4-516b572b2f9d,1697663530398011111
6a69421f-e399-4db8-897a-d8ef21b5e0a7,707b6ccf-c9d9-4c1d-97f4-516b572b2f9d,1697663530433688888
6a69421f-e399-4db8-897a-d8ef21b5e0a7,707b6ccf-c9d9-4c1d-97f4-516b572b2f9d,1697663530468266666
6a69421f-e399-4db8-897a-d8ef21b5e0a7,707b6ccf-c9d9-4c1d-97f4-516b572b2f9d,1697663530509722222
6a69421f-e399-4db8-897a-d8ef21b5e0a7,707b6ccf-c9d9-4c1d-97f4-516b572b2f9d,1697663530537788888
6a69421f-e399-4db8-897a-d8ef21b5e0a7,707b6ccf-c9d9-4c1d-97f4-516b572b2f9d,1697663530576533333
6a69421f-e399-4db8-897a-d8ef21b5e0a7,707b6ccf-c9d9-4c1d-97f4-516b572b2f9d,1697663530608400000
6a69421f-e399-4db8-897a-d8ef21b5e0a7,707b6ccf-c9d9-4c1d-97f4-516b572b2f9d,1697663530636600000
6a69421f-e399-4db8-897a-d8ef21b5e0a7,707b6ccf-c9d9-4c1d-97f4-516b572b2f9d,1697663530674700000
6a69421f-e399-4db8-897a-d8ef21b5e0a7,707b6ccf-c9d9-4c1d-97f4-516b572b2f9d,1697663530707533333
6a69421f-e399-4db8-897a-d8ef21b5e0a7,707b6ccf-c9d9-4c1d-97f4-516b572b2f9d,1697663530741444444
6a69421f-e399-4db8-897a-d8ef21b5e0a7,707b6ccf-c9d9-4c1d-97f4-516b572b2f9d,1697663530775311111
6a69421f-e399-4db8-897a-d8ef21b5e0a7,707b6ccf-c9d9-4c1d-97f4-516b572b2f9d,1697663530809133333
6a69421f-e399-4db8-897a-d8ef21b5e0a7,707b6ccf-c9d9-4c1d-97f4-516b572b2f9d,1697663530842355555
6a69421f-e399-4db8-897a-d8ef21b5e0a7,707b6ccf-c9d9-4c1d-97f4-516b572b2f9d,1697663530878088888
6a69421f-e399-4db8-897a-d8ef21b5e0a7,707b6ccf-c9d9-4c1d-97f4-516b572b2f9d,1697663530907044444
6a69421f-e399-4db8-897a-d8ef21b5e0a7,707b6ccf-c9d9-4c1d-97f4-516b572b2f9d,1697663530937100000
6a69421f-e399-4db8-897a-d8ef21b5e0a7,707b6ccf-c9d9-4c1d-97f4-516b572b2f9d,1697663530976733333
6a69421f-e399-4db8-897a-d8ef21b5e0a7,707b6ccf-c9d9-4c1d-97f4-516b572b2f9d,1697663531022588888
6a69421f-e399-4db8-897a-d8ef21b5e0a7,707b6ccf-c9d9-4c1d-97f4-516b572b2f9d,1697663531043955555
6a69421f-e399-4db8-897a-d8ef21b5e0a7,707b6ccf-c9d9-4c1d-97f4-516b572b2f9d,1697663531077244444
6a69421f-e399-4db8-897a-d8ef21b5e0a7,707b6ccf-c9d9-4c1d-97f4-516b572b2f9d,1697663531103777777
6a69421f-e399-4db8-897a-d8ef21b5e0a7,707b6ccf-c9d9-4c1d-97f4-516b572b2f9d,1697663531139788888
6a69421f-e399-4db8-897a-d8ef21b5e0a7,707b6ccf-c9d9-4c1d-97f4-516b572b2f9d,1697663531165933333
6a69421f-e399-4db8-897a-d8ef21b5e0a7,707b6ccf-c9d9-4c1d-97f4-516b572b2f9d,1697663531208444444
6a69421f-e399-4db8-897a-d8ef21b5e0a7,707b6ccf-c9d9-4c1d-97f4-516b572b2f9d,1697663531241655555
6a69421f-e399-4db8-897a-d8ef21b5e0a7,707b6ccf-c9d9-4c1d-97f4-516b572b2f9d,1697663531274333333
6a69421f-e399-4db8-897a-d8ef21b5e0a7,707b6ccf-c9d9-4c1d-97f4-516b572b2f9d,1697663531307011111
6a69421f-e399-4db8-897a-d8ef21b5e0a7,707b6ccf-c9d9-4c1d-97f4-516b572b2f9d,1697663531339055555
6a69421f-e399-4db8-897a-d8ef21b5e0a7,707b6ccf-c9d9-4c1d-97f4-516b572b2f9d,1697663531375800000
6a69421f-e399-4db8-897a-d8ef21b5e0a7,707b6ccf-c9d9-4c1d-97f4-516b572b2f9d,1697663531406155555
6a69421f-e399-4db8-897a-d8ef21b5e0a7,707b6ccf-c9d9-4c1d-97f4-516b572b2f9d,1697663531443322222
6a69421f-e399-4db8-897a-d8ef21b5e0a7,707b6ccf-c9d9-4c1d-97f4-516b572b2f9d,1697663531477555555
6a69421f-e399-4db8-897a-d8ef21b5e0a7,707b6ccf-c9d9-4c1d-97f4-516b572b2f9d,1697663531508922222
6a69421f-e399-4db8-897a-d8ef21b5e0a7,707b6ccf-c9d9-4c1d-97f4-516b572b2f9d,1697663531538666666
6a69421f-e399-4db8-897a-d8ef21b5e0a7,707b6ccf-c9d9-4c1d-97f4-516b572b2f9d,1697663531575300000
6a69421f-e399-4db8-897a-d8ef21b5e0a7,707b6ccf-c9d9-4c1d-97f4-516b572b2f9d,1697663531607233333
6a69421f-e399-4db8-897a-d8ef21b5e0a7,707b6ccf-c9d9-4c1d-97f4-516b572b2f9d,1697663531639655555
6a69421f-e399-4db8-897a-d8ef21b5e0a7,707b6ccf-c9d9-4c1d-97f4-516b572b2f9d,1697663531674900000
6a69421f-e399-4db8-897a-d8ef21b5e0a7,707b6ccf-c9d9-4c1d-97f4-516b572b2f9d,1697663531699444444
6a69421f-e399-4db8-897a-d8ef21b5e0a7,707b6ccf-c9d9-4c1d-97f4-516b572b2f9d,1697663531733500000
6a69421f-e399-4db8-897a-d8ef21b5e0a7,707b6ccf-c9d9-4c1d-97f4-516b572b2f9d,1697663531775255555
6a69421f-e399-4db8-897a-d8ef21b5e0a7,707b6ccf-c9d9-4c1d-97f4-516b572b2f9d,1697663531798966666
6a69421f-e399-4db8-897a-d8ef21b5e0a7,707b6ccf-c9d9-4c1d-97f4-516b572b2f9d,1697663531832911111
6a69421f-e399-4db8-897a-d8ef21b5e0a7,707b6ccf-c9d9-4c1d-97f4-516b572b2f9d,1697663531868466666
6a69421f-e399-4db8-897a-d8ef21b5e0a7,707b6ccf-c9d9-4c1d-97f4-516b572b2f9d,1697663531907100000
6a69421f-e399-4db8-897a-d8ef21b5e0a7,707b6ccf-c9d9-4c1d-97f4-516b572b2f9d,1697663531939288888
6a69421f-e399-4db8-897a-d8ef21b5e0a7,707b6ccf-c9d9-4c1d-97f4-516b572b2f9d,1697663531975533333
6a69421f-e399-4db8-897a-d8ef21b5e0a7,707b6ccf-c9d9-4c1d-97f4-516b572b2f9d,1697663532005633333
6a69421f-e399-4db8-897a-d8ef21b5e0a7,707b6ccf-c9d9-4c1d-97f4-516b572b2f9d,1697663532038211111
6a69421f-e399-4db8-897a-d8ef21b5e0a7,707b6ccf-c9d9-4c1d-97f4-516b572b2f9d,1697663532075977777
6a69421f-e399-4db8-897a-d8ef21b5e0a7,707b6ccf-c9d9-4c1d-97f4-516b572b2f9d,1697663532108600000
6a69421f-e399-4db8-897a-d8ef21b5e0a7,707b6ccf-c9d9-4c1d-97f4-516b572b2f9d,1697663532140711111
6a69421f-e399-4db8-897a-d8ef21b5e0a7,707b6ccf-c9d9-4c1d-97f4-516b572b2f9d,1697663532171577777
6a69421f-e399-4db8-897a-d8ef21b5e0a7,707b6ccf-c9d9-4c1d-97f4-516b572b2f9d,1697663532209888888
6a69421f-e399-4db8-897a-d8ef21b5e0a7,707b6ccf-c9d9-4c1d-97f4-516b572b2f9d,1697663532241655555
6a69421f-e399-4db8-897a-d8ef21b5e0a7,707b6ccf-c9d9-4c1d-97f4-516b572b2f9d,1697663532277422222
6a69421f-e399-4db8-897a-d8ef21b5e0a7,707b6ccf-c9d9-4c1d-97f4-516b572b2f9d,1697663532304888888
6a69421f-e399-4db8-897a-d8ef21b5e0a7,707b6ccf-c9d9-4c1d-97f4-516b572b2f9d,1697663532343744444
6a69421f-e399-4db8-897a-d8ef21b5e0a7,707b6ccf-c9d9-4c1d-97f4-516b572b2f9d,1697663532372733333
6a69421f-e399-4db8-897a-d8ef21b5e0a7,707b6ccf-c9d9-4c1d-97f4-516b572b2f9d,1697663532409855555
6a69421f-e399-4db8-897a-d8ef21b5e0a7,707b6ccf-c9d9-4c1d-97f4-516b572b2f9d,1697663532439155555
6a69421f-e399-4db8-897a-d8ef21b5e0a7,707b6ccf-c9d9-4c1d-97f4-516b572b2f9d,1697663532487455555
6a69421f-e399-4db8-897a-d8ef21b5e0a7,707b6ccf-c9d9-4c1d-97f4-516b572b2f9d,1697663532503533333
6a69421f-e399-4db8-897a-d8ef21b5e0a7,707b6ccf-c9d9-4c1d-97f4-516b572b2f9d,1697663532537544444
6a69421f-e399-4db8-897a-d8ef21b5e0a7,707b6ccf-c9d9-4c1d-97f4-516b572b2f9d,1697663532578144444
6a69421f-e399-4db8-897a-d8ef21b5e0a7,707b6ccf-c9d9-4c1d-97f4-516b572b2f9d,1697663532609922222
6a69421f-e399-4db8-897a-d8ef21b5e0a7,707b6ccf-c9d9-4c1d-97f4-516b572b2f9d,1697663532644500000
6a69421f-e399-4db8-897a-d8ef21b5e0a7,707b6ccf-c9d9-4c1d-97f4-516b572b2f9d,1697663532670611111
6a69421f-e399-4db8-897a-d8ef21b5e0a7,707b6ccf-c9d9-4c1d-97f4-516b572b2f9d,1697663532705888888
6a69421f-e399-4db8-897a-d8ef21b5e0a7,707b6ccf-c9d9-4c1d-97f4-516b572b2f9d,1697663532740944444
6a69421f-e399-4db8-897a-d8ef21b5e0a7,707b6ccf-c9d9-4c1d-97f4-516b572b2f9d,1697663532771088888
6a69421f-e399-4db8-897a-d8ef21b5e0a7,707b6ccf-c9d9-4c1d-97f4-516b572b2f9d,1697663532806388888
6a69421f-e399-4db8-897a-d8ef21b5e0a7,707b6ccf-c9d9-4c1d-97f4-516b572b2f9d,1697663532839544444
6a69421f-e399-4db8-897a-d8ef21b5e0a7,707b6ccf-c9d9-4c1d-97f4-516b572b2f9d,1697663532873533333
6a69421f-e399-4db8-897a-d8ef21b5e0a7,707b6ccf-c9d9-4c1d-97f4-516b572b2f9d,1697663532906800000
6a69421f-e399-4db8-897a-d8ef21b5e0a7,707b6ccf-c9d9-4c1d-97f4-516b572b2f9d,1697663532941022222
6a69421f-e399-4db8-897a-d8ef21b5e0a7,707b6ccf-c9d9-4c1d-97f4-516b572b2f9d,1697663532976233333
6a69421f-e399-4db8-897a-d8ef21b5e0a7,707b6ccf-c9d9-4c1d-97f4-516b572b2f9d,1697663533006177777
6a69421f-e399-4db8-897a-d8ef21b5e0a7,707b6ccf-c9d9-4c1d-97f4-516b572b2f9d,1697663533047555555
6a69421f-e399-4db8-897a-d8ef21b5e0a7,707b6ccf-c9d9-4c1d-97f4-516b572b2f9d,1697663533075811111
6a69421f-e399-4db8-897a-d8ef21b5e0a7,707b6ccf-c9d9-4c1d-97f4-516b572b2f9d,1697663533110311111
6a69421f-e399-4db8-897a-d8ef21b5e0a7,707b6ccf-c9d9-4c1d-97f4-516b572b2f9d,1697663533146966666
6a69421f-e399-4db8-897a-d8ef21b5e0a7,707b6ccf-c9d9-4c1d-97f4-516b572b2f9d,1697663533161666666
6a69421f-e399-4db8-897a-d8ef21b5e0a7,707b6ccf-c9d9-4c1d-97f4-516b572b2f9d,1697663533205100000
6a69421f-e399-4db8-897a-d8ef21b5e0a7,707b6ccf-c9d9-4c1d-97f4-516b572b2f9d,1697663533238266666
6a69421f-e399-4db8-897a-d8ef21b5e0a7,707b6ccf-c9d9-4c1d-97f4-516b572b2f9d,1697663533269977777
6a69421f-e399-4db8-897a-d8ef21b5e0a7,707b6ccf-c9d9-4c1d-97f4-516b572b2f9d,1697663533306633333
6a69421f-e399-4db8-897a-d8ef21b5e0a7,707b6ccf-c9d9-4c1d-97f4-516b572b2f9d,1697663533338844444
6a69421f-e399-4db8-897a-d8ef21b5e0a7,707b6ccf-c9d9-4c1d-97f4-516b572b2f9d,1697663533371588888
6a69421f-e399-4db8-897a-d8ef21b5e0a7,707b6ccf-c9d9-4c1d-97f4-516b572b2f9d,1697663533406244444
6a69421f-e399-4db8-897a-d8ef21b5e0a7,707b6ccf-c9d9-4c1d-97f4-516b572b2f9d,1697663533437600000
6a69421f-e399-4db8-897a-d8ef21b5e0a7,707b6ccf-c9d9-4c1d-97f4-516b572b2f9d,1697663533471400000
6a69421f-e399-4db8-897a-d8ef21b5e0a7,707b6ccf-c9d9-4c1d-97f4-516b572b2f9d,1697663533509633333
6a69421f-e399-4db8-897a-d8ef21b5e0a7,707b6ccf-c9d9-4c1d-97f4-516b572b2f9d,1697663533541233333
6a69421f-e399-4db8-897a-d8ef21b5e0a7,707b6ccf-c9d9-4c1d-97f4-516b572b2f9d,1697663533572066666
6a69421f-e399-4db8-897a-d8ef21b5e0a7,707b6ccf-c9d9-4c1d-97f4-516b572b2f9d,1697663533611222222
6a69421f-e399-4db8-897a-d8ef21b5e0a7,707b6ccf-c9d9-4c1d-97f4-516b572b2f9d,1697663533640155555
6a69421f-e399-4db8-897a-d8ef21b5e0a7,707b6ccf-c9d9-4c1d-97f4-516b572b2f9d,1697663533679600000
6a69421f-e399-4db8-897a-d8ef21b5e0a7,707b6ccf-c9d9-4c1d-97f4-516b572b2f9d,1697663533698233333
6a69421f-e399-4db8-897a-d8ef21b5e0a7,707b6ccf-c9d9-4c1d-97f4-516b572b2f9d,1697663533732755555
6a69421f-e399-4db8-897a-d8ef21b5e0a7,707b6ccf-c9d9-4c1d-97f4-516b572b2f9d,1697663533772044444
6a69421f-e399-4db8-897a-d8ef21b5e0a7,707b6ccf-c9d9-4c1d-97f4-516b572b2f9d,1697663533800144444
6a69421f-e399-4db8-897a-d8ef21b5e0a7,707b6ccf-c9d9-4c1d-97f4-516b572b2f9d,1697663533832733333
6a69421f-e399-4db8-897a-d8ef21b5e0a7,707b6ccf-c9d9-4c1d-97f4-516b572b2f9d,1697663533872077777
6a69421f-e399-4db8-897a-d8ef21b5e0a7,707b6ccf-c9d9-4c1d-97f4-516b572b2f9d,1697663533908111111
6a69421f-e399-4db8-897a-d8ef21b5e0a7,707b6ccf-c9d9-4c1d-97f4-516b572b2f9d,1697663533943466666
6a69421f-e399-4db8-897a-d8ef21b5e0a7,707b6ccf-c9d9-4c1d-97f4-516b572b2f9d,1697663533972877777
6a69421f-e399-4db8-897a-d8ef21b5e0a7,707b6ccf-c9d9-4c1d-97f4-516b572b2f9d,1697663534004455555
6a69421f-e399-4db8-897a-d8ef21b5e0a7,707b6ccf-c9d9-4c1d-97f4-516b572b2f9d,1697663534041011111
6a69421f-e399-4db8-897a-d8ef21b5e0a7,707b6ccf-c9d9-4c1d-97f4-516b572b2f9d,1697663534069922222
6a69421f-e399-4db8-897a-d8ef21b5e0a7,707b6ccf-c9d9-4c1d-97f4-516b572b2f9d,1697663534107722222
6a69421f-e399-4db8-897a-d8ef21b5e0a7,707b6ccf-c9d9-4c1d-97f4-516b572b2f9d,1697663534138977777
6a69421f-e399-4db8-897a-d8ef21b5e0a7,707b6ccf-c9d9-4c1d-97f4-516b572b2f9d,1697663534173277777
6a69421f-e399-4db8-897a-d8ef21b5e0a7,707b6ccf-c9d9-4c1d-97f4-516b572b2f9d,1697663534206133333
6a69421f-e399-4db8-897a-d8ef21b5e0a7,707b6ccf-c9d9-4c1d-97f4-516b572b2f9d,1697663534238933333
6a69421f-e399-4db8-897a-d8ef21b5e0a7,707b6ccf-c9d9-4c1d-97f4-516b572b2f9d,1697663534272133333
6a69421f-e399-4db8-897a-d8ef21b5e0a7,707b6ccf-c9d9-4c1d-97f4-516b572b2f9d,1697663534305811111
6a69421f-e399-4db8-897a-d8ef21b5e0a7,707b6ccf-c9d9-4c1d-97f4-516b572b2f9d,1697663534344755555
6a69421f-e399-4db8-897a-d8ef21b5e0a7,707b6ccf-c9d9-4c1d-97f4-516b572b2f9d,1697663534384711111
6a69421f-e399-4db8-897a-d8ef21b5e0a7,707b6ccf-c9d9-4c1d-97f4-516b572b2f9d,1697663534400588888
6a69421f-e399-4db8-897a-d8ef21b5e0a7,707b6ccf-c9d9-4c1d-97f4-516b572b2f9d,1697663534430355555
6a69421f-e399-4db8-897a-d8ef21b5e0a7,707b6ccf-c9d9-4c1d-97f4-516b572b2f9d,1697663534477011111
6a69421f-e399-4db8-897a-d8ef21b5e0a7,707b6ccf-c9d9-4c1d-97f4-516b572b2f9d,1697663534505700000
6a69421f-e399-4db8-897a-d8ef21b5e0a7,707b6ccf-c9d9-4c1d-97f4-516b572b2f9d,1697663534536655555
6a69421f-e399-4db8-897a-d8ef21b5e0a7,707b6ccf-c9d9-4c1d-97f4-516b572b2f9d,1697663534571022222
6a69421f-e399-4db8-897a-d8ef21b5e0a7,707b6ccf-c9d9-4c1d-97f4-516b572b2f9d,1697663534610877777
6a69421f-e399-4db8-897a-d8ef21b5e0a7,707b6ccf-c9d9-4c1d-97f4-516b572b2f9d,1697663534638088888
6a69421f-e399-4db8-897a-d8ef21b5e0a7,707b6ccf-c9d9-4c1d-97f4-516b572b2f9d,1697663534670822222
6a69421f-e399-4db8-897a-d8ef21b5e0a7,707b6ccf-c9d9-4c1d-97f4-516b572b2f9d,1697663534709766666
6a69421f-e399-4db8-897a-d8ef21b5e0a7,707b6ccf-c9d9-4c1d-97f4-516b572b2f9d,1697663534738800000
6a69421f-e399-4db8-897a-d8ef21b5e0a7,707b6ccf-c9d9-4c1d-97f4-516b572b2f9d,1697663534772022222
6a69421f-e399-4db8-897a-d8ef21b5e0a7,707b6ccf-c9d9-4c1d-97f4-516b572b2f9d,1697663534810477777
6a69421f-e399-4db8-897a-d8ef21b5e0a7,707b6ccf-c9d9-4c1d-97f4-516b572b2f9d,1697663534840844444
6a69421f-e399-4db8-897a-d8ef21b5e0a7,707b6ccf-c9d9-4c1d-97f4-516b572b2f9d,1697663534872622222
6a69421f-e399-4db8-897a-d8ef21b5e0a7,707b6ccf-c9d9-4c1d-97f4-516b572b2f9d,1697663534905200000
6a69421f-e399-4db8-897a-d8ef21b5e0a7,707b6ccf-c9d9-4c1d-97f4-516b572b2f9d,1697663534944600000
6a69421f-e399-4db8-897a-d8ef21b5e0a7,707b6ccf-c9d9-4c1d-97f4-516b572b2f9d,1697663534970844444
6a69421f-e399-4db8-897a-d8ef21b5e0a7,707b6ccf-c9d9-4c1d-97f4-516b572b2f9d,1697663535010155555
6a69421f-e399-4db8-897a-d8ef21b5e0a7,707b6ccf-c9d9-4c1d-97f4-516b572b2f9d,1697663535040833333
6a69421f-e399-4db8-897a-d8ef21b5e0a7,707b6ccf-c9d9-4c1d-97f4-516b572b2f9d,1697663535063333333
6a69421f-e399-4db8-897a-d8ef21b5e0a7,707b6ccf-c9d9-4c1d-97f4-516b572b2f9d,1697663535099311111
6a69421f-e399-4db8-897a-d8ef21b5e0a7,707b6ccf-c9d9-4c1d-97f4-516b572b2f9d,1697663535135055555
6a69421f-e399-4db8-897a-d8ef21b5e0a7,707b6ccf-c9d9-4c1d-97f4-516b572b2f9d,1697663535166011111
6a69421f-e399-4db8-897a-d8ef21b5e0a7,707b6ccf-c9d9-4c1d-97f4-516b572b2f9d,1697663535207611111
6a69421f-e399-4db8-897a-d8ef21b5e0a7,707b6ccf-c9d9-4c1d-97f4-516b572b2f9d,1697663535239755555
6a69421f-e399-4db8-897a-d8ef21b5e0a7,707b6ccf-c9d9-4c1d-97f4-516b572b2f9d,1697663535270855555
6a69421f-e399-4db8-897a-d8ef21b5e0a7,707b6ccf-c9d9-4c1d-97f4-516b572b2f9d,1697663535306955555
6a69421f-e399-4db8-897a-d8ef21b5e0a7,707b6ccf-c9d9-4c1d-97f4-516b572b2f9d,1697663535341100000
6a69421f-e399-4db8-897a-d8ef21b5e0a7,707b6ccf-c9d9-4c1d-97f4-516b572b2f9d,1697663535370822222
6a69421f-e399-4db8-897a-d8ef21b5e0a7,707b6ccf-c9d9-4c1d-97f4-516b572b2f9d,1697663535410766666
6a69421f-e399-4db8-897a-d8ef21b5e0a7,707b6ccf-c9d9-4c1d-97f4-516b572b2f9d,1697663535442233333
6a69421f-e399-4db8-897a-d8ef21b5e0a7,707b6ccf-c9d9-4c1d-97f4-516b572b2f9d,1697663535470555555
6a69421f-e399-4db8-897a-d8ef21b5e0a7,707b6ccf-c9d9-4c1d-97f4-516b572b2f9d,1697663535506822222
6a69421f-e399-4db8-897a-d8ef21b5e0a7,707b6ccf-c9d9-4c1d-97f4-516b572b2f9d,1697663535539544444
6a69421f-e399-4db8-897a-d8ef21b5e0a7,707b6ccf-c9d9-4c1d-97f4-516b572b2f9d,1697663535573422222
6a69421f-e399-4db8-897a-d8ef21b5e0a7,707b6ccf-c9d9-4c1d-97f4-516b572b2f9d,1697663535610644444
6a69421f-e399-4db8-897a-d8ef21b5e0a7,707b6ccf-c9d9-4c1d-97f4-516b572b2f9d,1697663535641900000
6a69421f-e399-4db8-897a-d8ef21b5e0a7,707b6ccf-c9d9-4c1d-97f4-516b572b2f9d,1697663535669011111
6a69421f-e399-4db8-897a-d8ef21b5e0a7,707b6ccf-c9d9-4c1d-97f4-516b572b2f9d,1697663535700888888
6a69421f-e399-4db8-897a-d8ef21b5e0a7,707b6ccf-c9d9-4c1d-97f4-516b572b2f9d,1697663535740211111
6a69421f-e399-4db8-897a-d8ef21b5e0a7,707b6ccf-c9d9-4c1d-97f4-516b572b2f9d,1697663535773322222
6a69421f-e399-4db8-897a-d8ef21b5e0a7,707b6ccf-c9d9-4c1d-97f4-516b572b2f9d,1697663535806833333
6a69421f-e399-4db8-897a-d8ef21b5e0a7,707b6ccf-c9d9-4c1d-97f4-516b572b2f9d,1697663535841422222
6a69421f-e399-4db8-897a-d8ef21b5e0a7,707b6ccf-c9d9-4c1d-97f4-516b572b2f9d,1697663535867411111
6a69421f-e399-4db8-897a-d8ef21b5e0a7,707b6ccf-c9d9-4c1d-97f4-516b572b2f9d,1697663535909333333
6a69421f-e399-4db8-897a-d8ef21b5e0a7,707b6ccf-c9d9-4c1d-97f4-516b572b2f9d,1697663535942277777
6a69421f-e399-4db8-897a-d8ef21b5e0a7,707b6ccf-c9d9-4c1d-97f4-516b572b2f9d,1697663535969066666
6a69421f-e399-4db8-897a-d8ef21b5e0a7,707b6ccf-c9d9-4c1d-97f4-516b572b2f9d,1697663536009577777
6a69421f-e399-4db8-897a-d8ef21b5e0a7,707b6ccf-c9d9-4c1d-97f4-516b572b2f9d,1697663536040988888
6a69421f-e399-4db8-897a-d8ef21b5e0a7,707b6ccf-c9d9-4c1d-97f4-516b572b2f9d,1697663536071111111
6a69421f-e399-4db8-897a-d8ef21b5e0a7,707b6ccf-c9d9-4c1d-97f4-516b572b2f9d,1697663536106688888
6a69421f-e399-4db8-897a-d8ef21b5e0a7,707b6ccf-c9d9-4c1d-97f4-516b572b2f9d,1697663536136655555
6a69421f-e399-4db8-897a-d8ef21b5e0a7,707b6ccf-c9d9-4c1d-97f4-516b572b2f9d,1697663536168866666
6a69421f-e399-4db8-897a-d8ef21b5e0a7,707b6ccf-c9d9-4c1d-97f4-516b572b2f9d,1697663536210611111
6a69421f-e399-4db8-897a-d8ef21b5e0a7,707b6ccf-c9d9-4c1d-97f4-516b572b2f9d,1697663536239300000
6a69421f-e399-4db8-897a-d8ef21b5e0a7,707b6ccf-c9d9-4c1d-97f4-516b572b2f9d,1697663536270833333
6a69421f-e399-4db8-897a-d8ef21b5e0a7,707b6ccf-c9d9-4c1d-97f4-516b572b2f9d,1697663536309311111
6a69421f-e399-4db8-897a-d8ef21b5e0a7,707b6ccf-c9d9-4c1d-97f4-516b572b2f9d,1697663536339077777
6a69421f-e399-4db8-897a-d8ef21b5e0a7,707b6ccf-c9d9-4c1d-97f4-516b572b2f9d,1697663536382488888
6a69421f-e399-4db8-897a-d8ef21b5e0a7,707b6ccf-c9d9-4c1d-97f4-516b572b2f9d,1697663536396711111
6a69421f-e399-4db8-897a-d8ef21b5e0a7,707b6ccf-c9d9-4c1d-97f4-516b572b2f9d,1697663536446188888
6a69421f-e399-4db8-897a-d8ef21b5e0a7,707b6ccf-c9d9-4c1d-97f4-516b572b2f9d,1697663536465144444
6a69421f-e399-4db8-897a-d8ef21b5e0a7,707b6ccf-c9d9-4c1d-97f4-516b572b2f9d,1697663536510755555
6a69421f-e399-4db8-897a-d8ef21b5e0a7,707b6ccf-c9d9-4c1d-97f4-516b572b2f9d,1697663536532022222
6a69421f-e399-4db8-897a-d8ef21b5e0a7,707b6ccf-c9d9-4c1d-97f4-516b572b2f9d,1697663536571277777
6a69421f-e399-4db8-897a-d8ef21b5e0a7,707b6ccf-c9d9-4c1d-97f4-516b572b2f9d,1697663536604444444
6a69421f-e399-4db8-897a-d8ef21b5e0a7,707b6ccf-c9d9-4c1d-97f4-516b572b2f9d,1697663536638577777
6a69421f-e399-4db8-897a-d8ef21b5e0a7,707b6ccf-c9d9-4c1d-97f4-516b572b2f9d,1697663536670300000
6a69421f-e399-4db8-897a-d8ef21b5e0a7,707b6ccf-c9d9-4c1d-97f4-516b572b2f9d,1697663536702400000
6a69421f-e399-4db8-897a-d8ef21b5e0a7,707b6ccf-c9d9-4c1d-97f4-516b572b2f9d,1697663536738666666
6a69421f-e399-4db8-897a-d8ef21b5e0a7,707b6ccf-c9d9-4c1d-97f4-516b572b2f9d,1697663536771477777
6a69421f-e399-4db8-897a-d8ef21b5e0a7,707b6ccf-c9d9-4c1d-97f4-516b572b2f9d,1697663536801222222
6a69421f-e399-4db8-897a-d8ef21b5e0a7,707b6ccf-c9d9-4c1d-97f4-516b572b2f9d,1697663536837122222
6a69421f-e399-4db8-897a-d8ef21b5e0a7,707b6ccf-c9d9-4c1d-97f4-516b572b2f9d,1697663536873066666
6a69421f-e399-4db8-897a-d8ef21b5e0a7,707b6ccf-c9d9-4c1d-97f4-516b572b2f9d,1697663536903844444
6a69421f-e399-4db8-897a-d8ef21b5e0a7,707b6ccf-c9d9-4c1d-97f4-516b572b2f9d,1697663536940100000
6a69421f-e399-4db8-897a-d8ef21b5e0a7,707b6ccf-c9d9-4c1d-97f4-516b572b2f9d,1697663536969288888
6a69421f-e399-4db8-897a-d8ef21b5e0a7,707b6ccf-c9d9-4c1d-97f4-516b572b2f9d,1697663537001633333
6a69421f-e399-4db8-897a-d8ef21b5e0a7,707b6ccf-c9d9-4c1d-97f4-516b572b2f9d,1697663537037866666
6a69421f-e399-4db8-897a-d8ef21b5e0a7,707b6ccf-c9d9-4c1d-97f4-516b572b2f9d,1697663537093466666
6a69421f-e399-4db8-897a-d8ef21b5e0a7,707b6ccf-c9d9-4c1d-97f4-516b572b2f9d,1697663537111444444
6a69421f-e399-4db8-897a-d8ef21b5e0a7,707b6ccf-c9d9-4c1d-97f4-516b572b2f9d,1697663537137088888
6a69421f-e399-4db8-897a-d8ef21b5e0a7,707b6ccf-c9d9-4c1d-97f4-516b572b2f9d,1697663537174155555
6a69421f-e399-4db8-897a-d8ef21b5e0a7,707b6ccf-c9d9-4c1d-97f4-516b572b2f9d,1697663537195555555
6a69421f-e399-4db8-897a-d8ef21b5e0a7,707b6ccf-c9d9-4c1d-97f4-516b572b2f9d,1697663537230800000
6a69421f-e399-4db8-897a-d8ef21b5e0a7,707b6ccf-c9d9-4c1d-97f4-516b572b2f9d,1697663537269877777
6a69421f-e399-4db8-897a-d8ef21b5e0a7,707b6ccf-c9d9-4c1d-97f4-516b572b2f9d,1697663537304188888
6a69421f-e399-4db8-897a-d8ef21b5e0a7,707b6ccf-c9d9-4c1d-97f4-516b572b2f9d,1697663537338477777
6a69421f-e399-4db8-897a-d8ef21b5e0a7,707b6ccf-c9d9-4c1d-97f4-516b572b2f9d,1697663537368933333
6a69421f-e399-4db8-897a-d8ef21b5e0a7,707b6ccf-c9d9-4c1d-97f4-516b572b2f9d,1697663537401122222
6a69421f-e399-4db8-897a-d8ef21b5e0a7,707b6ccf-c9d9-4c1d-97f4-516b572b2f9d,1697663537438166666
6a69421f-e399-4db8-897a-d8ef21b5e0a7,707b6ccf-c9d9-4c1d-97f4-516b572b2f9d,1697663537469377777
6a69421f-e399-4db8-897a-d8ef21b5e0a7,707b6ccf-c9d9-4c1d-97f4-516b572b2f9d,1697663537506255555
6a69421f-e399-4db8-897a-d8ef21b5e0a7,707b6ccf-c9d9-4c1d-97f4-516b572b2f9d,1697663537539833333
6a69421f-e399-4db8-897a-d8ef21b5e0a7,707b6ccf-c9d9-4c1d-97f4-516b572b2f9d,1697663537571077777
6a69421f-e399-4db8-897a-d8ef21b5e0a7,707b6ccf-c9d9-4c1d-97f4-516b572b2f9d,1697663537600044444
6a69421f-e399-4db8-897a-d8ef21b5e0a7,707b6ccf-c9d9-4c1d-97f4-516b572b2f9d,1697663537642733333
6a69421f-e399-4db8-897a-d8ef21b5e0a7,707b6ccf-c9d9-4c1d-97f4-516b572b2f9d,1697663537674066666
6a69421f-e399-4db8-897a-d8ef21b5e0a7,707b6ccf-c9d9-4c1d-97f4-516b572b2f9d,1697663537701188888
6a69421f-e399-4db8-897a-d8ef21b5e0a7,707b6ccf-c9d9-4c1d-97f4-516b572b2f9d,1697663537750077777
6a69421f-e399-4db8-897a-d8ef21b5e0a7,707b6ccf-c9d9-4c1d-97f4-516b572b2f9d,1697663537766666666
6a69421f-e399-4db8-897a-d8ef21b5e0a7,707b6ccf-c9d9-4c1d-97f4-516b572b2f9d,1697663537800633333
6a69421f-e399-4db8-897a-d8ef21b5e0a7,707b6ccf-c9d9-4c1d-97f4-516b572b2f9d,1697663537830911111
6a69421f-e399-4db8-897a-d8ef21b5e0a7,707b6ccf-c9d9-4c1d-97f4-516b572b2f9d,1697663537866966666
6a69421f-e399-4db8-897a-d8ef21b5e0a7,707b6ccf-c9d9-4c1d-97f4-516b572b2f9d,1697663537904200000
6a69421f-e399-4db8-897a-d8ef21b5e0a7,707b6ccf-c9d9-4c1d-97f4-516b572b2f9d,1697663537940100000
6a69421f-e399-4db8-897a-d8ef21b5e0a7,707b6ccf-c9d9-4c1d-97f4-516b572b2f9d,1697663537969711111
6a69421f-e399-4db8-897a-d8ef21b5e0a7,707b6ccf-c9d9-4c1d-97f4-516b572b2f9d,1697663538001433333
6a69421f-e399-4db8-897a-d8ef21b5e0a7,707b6ccf-c9d9-4c1d-97f4-516b572b2f9d,1697663538042544444
6a69421f-e399-4db8-897a-d8ef21b5e0a7,707b6ccf-c9d9-4c1d-97f4-516b572b2f9d,1697663538069622222
6a69421f-e399-4db8-897a-d8ef21b5e0a7,707b6ccf-c9d9-4c1d-97f4-516b572b2f9d,1697663538102166666
6a69421f-e399-4db8-897a-d8ef21b5e0a7,707b6ccf-c9d9-4c1d-97f4-516b572b2f9d,1697663538137611111
6a69421f-e399-4db8-897a-d8ef21b5e0a7,707b6ccf-c9d9-4c1d-97f4-516b572b2f9d,1697663538171233333
6a69421f-e399-4db8-897a-d8ef21b5e0a7,707b6ccf-c9d9-4c1d-97f4-516b572b2f9d,1697663538200577777
6a69421f-e399-4db8-897a-d8ef21b5e0a7,707b6ccf-c9d9-4c1d-97f4-516b572b2f9d,1697663538237644444
6a69421f-e399-4db8-897a-d8ef21b5e0a7,707b6ccf-c9d9-4c1d-97f4-516b572b2f9d,1697663538271055555
6a69421f-e399-4db8-897a-d8ef21b5e0a7,707b6ccf-c9d9-4c1d-97f4-516b572b2f9d,1697663538308577777
6a69421f-e399-4db8-897a-d8ef21b5e0a7,707b6ccf-c9d9-4c1d-97f4-516b572b2f9d,1697663538338566666
6a69421f-e399-4db8-897a-d8ef21b5e0a7,707b6ccf-c9d9-4c1d-97f4-516b572b2f9d,1697663538371611111
6a69421f-e399-4db8-897a-d8ef21b5e0a7,707b6ccf-c9d9-4c1d-97f4-516b572b2f9d,1697663538413744444
6a69421f-e399-4db8-897a-d8ef21b5e0a7,707b6ccf-c9d9-4c1d-97f4-516b572b2f9d,1697663538430811111
6a69421f-e399-4db8-897a-d8ef21b5e0a7,707b6ccf-c9d9-4c1d-97f4-516b572b2f9d,1697663538461855555
6a69421f-e399-4db8-897a-d8ef21b5e0a7,707b6ccf-c9d9-4c1d-97f4-516b572b2f9d,1697663538496055555
6a69421f-e399-4db8-897a-d8ef21b5e0a7,707b6ccf-c9d9-4c1d-97f4-516b572b2f9d,1697663538530311111
6a69421f-e399-4db8-897a-d8ef21b5e0a7,707b6ccf-c9d9-4c1d-97f4-516b572b2f9d,1697663538576555555
6a69421f-e399-4db8-897a-d8ef21b5e0a7,707b6ccf-c9d9-4c1d-97f4-516b572b2f9d,1697663538607788888
6a69421f-e399-4db8-897a-d8ef21b5e0a7,707b6ccf-c9d9-4c1d-97f4-516b572b2f9d,1697663538639055555
6a69421f-e399-4db8-897a-d8ef21b5e0a7,707b6ccf-c9d9-4c1d-97f4-516b572b2f9d,1697663538671566666
6a69421f-e399-4db8-897a-d8ef21b5e0a7,707b6ccf-c9d9-4c1d-97f4-516b572b2f9d,1697663538702611111
6a69421f-e399-4db8-897a-d8ef21b5e0a7,707b6ccf-c9d9-4c1d-97f4-516b572b2f9d,1697663538741255555
6a69421f-e399-4db8-897a-d8ef21b5e0a7,707b6ccf-c9d9-4c1d-97f4-516b572b2f9d,1697663538772800000
6a69421f-e399-4db8-897a-d8ef21b5e0a7,707b6ccf-c9d9-4c1d-97f4-516b572b2f9d,1697663538803166666
6a69421f-e399-4db8-897a-d8ef21b5e0a7,707b6ccf-c9d9-4c1d-97f4-516b572b2f9d,1697663538841133333
6a69421f-e399-4db8-897a-d8ef21b5e0a7,707b6ccf-c9d9-4c1d-97f4-516b572b2f9d,1697663538871055555
6a69421f-e399-4db8-897a-d8ef21b5e0a7,707b6ccf-c9d9-4c1d-97f4-516b572b2f9d,1697663538903088888
6a69421f-e399-4db8-897a-d8ef21b5e0a7,707b6ccf-c9d9-4c1d-97f4-516b572b2f9d,1697663538937533333
6a69421f-e399-4db8-897a-d8ef21b5e0a7,707b6ccf-c9d9-4c1d-97f4-516b572b2f9d,1697663538971922222
6a69421f-e399-4db8-897a-d8ef21b5e0a7,707b6ccf-c9d9-4c1d-97f4-516b572b2f9d,1697663539000688888
6a69421f-e399-4db8-897a-d8ef21b5e0a7,707b6ccf-c9d9-4c1d-97f4-516b572b2f9d,1697663539044388888
6a69421f-e399-4db8-897a-d8ef21b5e0a7,707b6ccf-c9d9-4c1d-97f4-516b572b2f9d,1697663539095511111
6a69421f-e399-4db8-897a-d8ef21b5e0a7,707b6ccf-c9d9-4c1d-97f4-516b572b2f9d,1697663539105188888
6a69421f-e399-4db8-897a-d8ef21b5e0a7,707b6ccf-c9d9-4c1d-97f4-516b572b2f9d,1697663539129322222
6a69421f-e399-4db8-897a-d8ef21b5e0a7,707b6ccf-c9d9-4c1d-97f4-516b572b2f9d,1697663539171922222
6a69421f-e399-4db8-897a-d8ef21b5e0a7,707b6ccf-c9d9-4c1d-97f4-516b572b2f9d,1697663539202200000
6a69421f-e399-4db8-897a-d8ef21b5e0a7,707b6ccf-c9d9-4c1d-97f4-516b572b2f9d,1697663539238866666
6a69421f-e399-4db8-897a-d8ef21b5e0a7,707b6ccf-c9d9-4c1d-97f4-516b572b2f9d,1697663539274533333
6a69421f-e399-4db8-897a-d8ef21b5e0a7,707b6ccf-c9d9-4c1d-97f4-516b572b2f9d,1697663539303777777
6a69421f-e399-4db8-897a-d8ef21b5e0a7,707b6ccf-c9d9-4c1d-97f4-516b572b2f9d,1697663539341566666
6a69421f-e399-4db8-897a-d8ef21b5e0a7,707b6ccf-c9d9-4c1d-97f4-516b572b2f9d,1697663539369122222
6a69421f-e399-4db8-897a-d8ef21b5e0a7,707b6ccf-c9d9-4c1d-97f4-516b572b2f9d,1697663539406122222
6a69421f-e399-4db8-897a-d8ef21b5e0a7,707b6ccf-c9d9-4c1d-97f4-516b572b2f9d,1697663539444477777
6a69421f-e399-4db8-897a-d8ef21b5e0a7,707b6ccf-c9d9-4c1d-97f4-516b572b2f9d,1697663539469555555
6a69421f-e399-4db8-897a-d8ef21b5e0a7,707b6ccf-c9d9-4c1d-97f4-516b572b2f9d,1697663539506944444
6a69421f-e399-4db8-897a-d8ef21b5e0a7,707b6ccf-c9d9-4c1d-97f4-516b572b2f9d,1697663539542633333
6a69421f-e399-4db8-897a-d8ef21b5e0a7,707b6ccf-c9d9-4c1d-97f4-516b572b2f9d,1697663539573088888
6a69421f-e399-4db8-897a-d8ef21b5e0a7,707b6ccf-c9d9-4c1d-97f4-516b572b2f9d,1697663539602077777
6a69421f-e399-4db8-897a-d8ef21b5e0a7,707b6ccf-c9d9-4c1d-97f4-516b572b2f9d,1697663539637566666
6a69421f-e399-4db8-897a-d8ef21b5e0a7,707b6ccf-c9d9-4c1d-97f4-516b572b2f9d,1697663539669988888
6a69421f-e399-4db8-897a-d8ef21b5e0a7,707b6ccf-c9d9-4c1d-97f4-516b572b2f9d,1697663539702088888
6a69421f-e399-4db8-897a-d8ef21b5e0a7,707b6ccf-c9d9-4c1d-97f4-516b572b2f9d,1697663539746655555
6a69421f-e399-4db8-897a-d8ef21b5e0a7,707b6ccf-c9d9-4c1d-97f4-516b572b2f9d,1697663539763155555
6a69421f-e399-4db8-897a-d8ef21b5e0a7,707b6ccf-c9d9-4c1d-97f4-516b572b2f9d,1697663539801555555
6a69421f-e399-4db8-897a-d8ef21b5e0a7,707b6ccf-c9d9-4c1d-97f4-516b572b2f9d,1697663539827500000
6a69421f-e399-4db8-897a-d8ef21b5e0a7,707b6ccf-c9d9-4c1d-97f4-516b572b2f9d,1697663539863744444
6a69421f-e399-4db8-897a-d8ef21b5e0a7,707b6ccf-c9d9-4c1d-97f4-516b572b2f9d,1697663539901288888
6a69421f-e399-4db8-897a-d8ef21b5e0a7,707b6ccf-c9d9-4c1d-97f4-516b572b2f9d,1697663539935044444
6a69421f-e399-4db8-897a-d8ef21b5e0a7,707b6ccf-c9d9-4c1d-97f4-516b572b2f9d,1697663539972166666
6a69421f-e399-4db8-897a-d8ef21b5e0a7,707b6ccf-c9d9-4c1d-97f4-516b572b2f9d,1697663540004300000
6a69421f-e399-4db8-897a-d8ef21b5e0a7,707b6ccf-c9d9-4c1d-97f4-516b572b2f9d,1697663540033766666
6a69421f-e399-4db8-897a-d8ef21b5e0a7,707b6ccf-c9d9-4c1d-97f4-516b572b2f9d,1697663540074933333
6a69421f-e399-4db8-897a-d8ef21b5e0a7,707b6ccf-c9d9-4c1d-97f4-516b572b2f9d,1697663540102211111
6a69421f-e399-4db8-897a-d8ef21b5e0a7,707b6ccf-c9d9-4c1d-97f4-516b572b2f9d,1697663540134433333
6a69421f-e399-4db8-897a-d8ef21b5e0a7,707b6ccf-c9d9-4c1d-97f4-516b572b2f9d,1697663540171000000
6a69421f-e399-4db8-897a-d8ef21b5e0a7,707b6ccf-c9d9-4c1d-97f4-516b572b2f9d,1697663540205522222
6a69421f-e399-4db8-897a-d8ef21b5e0a7,707b6ccf-c9d9-4c1d-97f4-516b572b2f9d,1697663540238177777
6a69421f-e399-4db8-897a-d8ef21b5e0a7,707b6ccf-c9d9-4c1d-97f4-516b572b2f9d,1697663540273433333
6a69421f-e399-4db8-897a-d8ef21b5e0a7,707b6ccf-c9d9-4c1d-97f4-516b572b2f9d,1697663540302066666
6a69421f-e399-4db8-897a-d8ef21b5e0a7,707b6ccf-c9d9-4c1d-97f4-516b572b2f9d,1697663540337833333
6a69421f-e399-4db8-897a-d8ef21b5e0a7,707b6ccf-c9d9-4c1d-97f4-516b572b2f9d,1697663540374666666
6a69421f-e399-4db8-897a-d8ef21b5e0a7,707b6ccf-c9d9-4c1d-97f4-516b572b2f9d,1697663540405544444
6a69421f-e399-4db8-897a-d8ef21b5e0a7,707b6ccf-c9d9-4c1d-97f4-516b572b2f9d,1697663540425788888
6a69421f-e399-4db8-897a-d8ef21b5e0a7,707b6ccf-c9d9-4c1d-97f4-516b572b2f9d,1697663540463100000
6a69421f-e399-4db8-897a-d8ef21b5e0a7,707b6ccf-c9d9-4c1d-97f4-516b572b2f9d,1697663540501066666
6a69421f-e399-4db8-897a-d8ef21b5e0a7,707b6ccf-c9d9-4c1d-97f4-516b572b2f9d,1697663540538477777
6a69421f-e399-4db8-897a-d8ef21b5e0a7,707b6ccf-c9d9-4c1d-97f4-516b572b2f9d,1697663540561555555
6a69421f-e399-4db8-897a-d8ef21b5e0a7,707b6ccf-c9d9-4c1d-97f4-516b572b2f9d,1697663540606366666
6a69421f-e399-4db8-897a-d8ef21b5e0a7,707b6ccf-c9d9-4c1d-97f4-516b572b2f9d,1697663540633933333
6a69421f-e399-4db8-897a-d8ef21b5e0a7,707b6ccf-c9d9-4c1d-97f4-516b572b2f9d,1697663540671744444
6a69421f-e399-4db8-897a-d8ef21b5e0a7,707b6ccf-c9d9-4c1d-97f4-516b572b2f9d,1697663540702500000
6a69421f-e399-4db8-897a-d8ef21b5e0a7,707b6ccf-c9d9-4c1d-97f4-516b572b2f9d,1697663540734888888
6a69421f-e399-4db8-897a-d8ef21b5e0a7,707b6ccf-c9d9-4c1d-97f4-516b572b2f9d,1697663540770366666
6a69421f-e399-4db8-897a-d8ef21b5e0a7,707b6ccf-c9d9-4c1d-97f4-516b572b2f9d,1697663540801188888
6a69421f-e399-4db8-897a-d8ef21b5e0a7,707b6ccf-c9d9-4c1d-97f4-516b572b2f9d,1697663540836733333
6a69421f-e399-4db8-897a-d8ef21b5e0a7,707b6ccf-c9d9-4c1d-97f4-516b572b2f9d,1697663540872588888
6a69421f-e399-4db8-897a-d8ef21b5e0a7,707b6ccf-c9d9-4c1d-97f4-516b572b2f9d,1697663540906533333
6a69421f-e399-4db8-897a-d8ef21b5e0a7,707b6ccf-c9d9-4c1d-97f4-516b572b2f9d,1697663540933344444
6a69421f-e399-4db8-897a-d8ef21b5e0a7,707b6ccf-c9d9-4c1d-97f4-516b572b2f9d,1697663540968844444
6a69421f-e399-4db8-897a-d8ef21b5e0a7,707b6ccf-c9d9-4c1d-97f4-516b572b2f9d,1697663541003433333
6a69421f-e399-4db8-897a-d8ef21b5e0a7,707b6ccf-c9d9-4c1d-97f4-516b572b2f9d,1697663541035766666
6a69421f-e399-4db8-897a-d8ef21b5e0a7,707b6ccf-c9d9-4c1d-97f4-516b572b2f9d,1697663541089622222
6a69421f-e399-4db8-897a-d8ef21b5e0a7,707b6ccf-c9d9-4c1d-97f4-516b572b2f9d,1697663541103522222
6a69421f-e399-4db8-897a-d8ef21b5e0a7,707b6ccf-c9d9-4c1d-97f4-516b572b2f9d,1697663541127600000
6a69421f-e399-4db8-897a-d8ef21b5e0a7,707b6ccf-c9d9-4c1d-97f4-516b572b2f9d,1697663541161788888
6a69421f-e399-4db8-897a-d8ef21b5e0a7,707b6ccf-c9d9-4c1d-97f4-516b572b2f9d,1697663541198988888
6a69421f-e399-4db8-897a-d8ef21b5e0a7,707b6ccf-c9d9-4c1d-97f4-516b572b2f9d,1697663541228744444
6a69421f-e399-4db8-897a-d8ef21b5e0a7,707b6ccf-c9d9-4c1d-97f4-516b572b2f9d,1697663541275400000
6a69421f-e399-4db8-897a-d8ef21b5e0a7,707b6ccf-c9d9-4c1d-97f4-516b572b2f9d,1697663541301611111
6a69421f-e399-4db8-897a-d8ef21b5e0a7,707b6ccf-c9d9-4c1d-97f4-516b572b2f9d,1697663541334966666
6a69421f-e399-4db8-897a-d8ef21b5e0a7,707b6ccf-c9d9-4c1d-97f4-516b572b2f9d,1697663541370755555
6a69421f-e399-4db8-897a-d8ef21b5e0a7,707b6ccf-c9d9-4c1d-97f4-516b572b2f9d,1697663541401755555
6a69421f-e399-4db8-897a-d8ef21b5e0a7,707b6ccf-c9d9-4c1d-97f4-516b572b2f9d,1697663541434322222
6a69421f-e399-4db8-897a-d8ef21b5e0a7,707b6ccf-c9d9-4c1d-97f4-516b572b2f9d,1697663541473033333
6a69421f-e399-4db8-897a-d8ef21b5e0a7,707b6ccf-c9d9-4c1d-97f4-516b572b2f9d,1697663541507677777
6a69421f-e399-4db8-897a-d8ef21b5e0a7,707b6ccf-c9d9-4c1d-97f4-516b572b2f9d,1697663541534700000
6a69421f-e399-4db8-897a-d8ef21b5e0a7,707b6ccf-c9d9-4c1d-97f4-516b572b2f9d,1697663541571011111
6a69421f-e399-4db8-897a-d8ef21b5e0a7,707b6ccf-c9d9-4c1d-97f4-516b572b2f9d,1697663541602400000
6a69421f-e399-4db8-897a-d8ef21b5e0a7,707b6ccf-c9d9-4c1d-97f4-516b572b2f9d,1697663541633911111
6a69421f-e399-4db8-897a-d8ef21b5e0a7,707b6ccf-c9d9-4c1d-97f4-516b572b2f9d,1697663541671055555
6a69421f-e399-4db8-897a-d8ef21b5e0a7,707b6ccf-c9d9-4c1d-97f4-516b572b2f9d,1697663541706544444
6a69421f-e399-4db8-897a-d8ef21b5e0a7,707b6ccf-c9d9-4c1d-97f4-516b572b2f9d,1697663541734133333
6a69421f-e399-4db8-897a-d8ef21b5e0a7,707b6ccf-c9d9-4c1d-97f4-516b572b2f9d,1697663541790700000
6a69421f-e399-4db8-897a-d8ef21b5e0a7,707b6ccf-c9d9-4c1d-97f4-516b572b2f9d,1697663541802233333
6a69421f-e399-4db8-897a-d8ef21b5e0a7,707b6ccf-c9d9-4c1d-97f4-516b572b2f9d,1697663541832244444
6a69421f-e399-4db8-897a-d8ef21b5e0a7,707b6ccf-c9d9-4c1d-97f4-516b572b2f9d,1697663541865055555
6a69421f-e399-4db8-897a-d8ef21b5e0a7,707b6ccf-c9d9-4c1d-97f4-516b572b2f9d,1697663541906777777
6a69421f-e399-4db8-897a-d8ef21b5e0a7,707b6ccf-c9d9-4c1d-97f4-516b572b2f9d,1697663541934866666
6a69421f-e399-4db8-897a-d8ef21b5e0a7,707b6ccf-c9d9-4c1d-97f4-516b572b2f9d,1697663541969600000
6a69421f-e399-4db8-897a-d8ef21b5e0a7,707b6ccf-c9d9-4c1d-97f4-516b572b2f9d,1697663542003544444
6a69421f-e399-4db8-897a-d8ef21b5e0a7,707b6ccf-c9d9-4c1d-97f4-516b572b2f9d,1697663542034477777
6a69421f-e399-4db8-897a-d8ef21b5e0a7,707b6ccf-c9d9-4c1d-97f4-516b572b2f9d,1697663542070977777
6a69421f-e399-4db8-897a-d8ef21b5e0a7,707b6ccf-c9d9-4c1d-97f4-516b572b2f9d,1697663542101277777
6a69421f-e399-4db8-897a-d8ef21b5e0a7,707b6ccf-c9d9-4c1d-97f4-516b572b2f9d,1697663542135055555
6a69421f-e399-4db8-897a-d8ef21b5e0a7,707b6ccf-c9d9-4c1d-97f4-516b572b2f9d,1697663542169722222
6a69421f-e399-4db8-897a-d8ef21b5e0a7,707b6ccf-c9d9-4c1d-97f4-516b572b2f9d,1697663542202977777
6a69421f-e399-4db8-897a-d8ef21b5e0a7,707b6ccf-c9d9-4c1d-97f4-516b572b2f9d,1697663542239955555
6a69421f-e399-4db8-897a-d8ef21b5e0a7,707b6ccf-c9d9-4c1d-97f4-516b572b2f9d,1697663542270400000
6a69421f-e399-4db8-897a-d8ef21b5e0a7,707b6ccf-c9d9-4c1d-97f4-516b572b2f9d,1697663542304422222
6a69421f-e399-4db8-897a-d8ef21b5e0a7,707b6ccf-c9d9-4c1d-97f4-516b572b2f9d,1697663542333955555
6a69421f-e399-4db8-897a-d8ef21b5e0a7,707b6ccf-c9d9-4c1d-97f4-516b572b2f9d,1697663542370288888
6a69421f-e399-4db8-897a-d8ef21b5e0a7,707b6ccf-c9d9-4c1d-97f4-516b572b2f9d,1697663542403511111
6a69421f-e399-4db8-897a-d8ef21b5e0a7,707b6ccf-c9d9-4c1d-97f4-516b572b2f9d,1697663542432322222
6a69421f-e399-4db8-897a-d8ef21b5e0a7,707b6ccf-c9d9-4c1d-97f4-516b572b2f9d,1697663542474222222
6a69421f-e399-4db8-897a-d8ef21b5e0a7,707b6ccf-c9d9-4c1d-97f4-516b572b2f9d,1697663542516066666
6a69421f-e399-4db8-897a-d8ef21b5e0a7,707b6ccf-c9d9-4c1d-97f4-516b572b2f9d,1697663542532022222
6a69421f-e399-4db8-897a-d8ef21b5e0a7,707b6ccf-c9d9-4c1d-97f4-516b572b2f9d,1697663542561466666
6a69421f-e399-4db8-897a-d8ef21b5e0a7,707b6ccf-c9d9-4c1d-97f4-516b572b2f9d,1697663542605633333
6a69421f-e399-4db8-897a-d8ef21b5e0a7,707b6ccf-c9d9-4c1d-97f4-516b572b2f9d,1697663542635800000
6a69421f-e399-4db8-897a-d8ef21b5e0a7,707b6ccf-c9d9-4c1d-97f4-516b572b2f9d,1697663542671988888
6a69421f-e399-4db8-897a-d8ef21b5e0a7,707b6ccf-c9d9-4c1d-97f4-516b572b2f9d,1697663542701566666
6a69421f-e399-4db8-897a-d8ef21b5e0a7,707b6ccf-c9d9-4c1d-97f4-516b572b2f9d,1697663542734477777
6a69421f-e399-4db8-897a-d8ef21b5e0a7,707b6ccf-c9d9-4c1d-97f4-516b572b2f9d,1697663542765322222
6a69421f-e399-4db8-897a-d8ef21b5e0a7,707b6ccf-c9d9-4c1d-97f4-516b572b2f9d,1697663542802966666
6a69421f-e399-4db8-897a-d8ef21b5e0a7,707b6ccf-c9d9-4c1d-97f4-516b572b2f9d,1697663542833388888
6a69421f-e399-4db8-897a-d8ef21b5e0a7,707b6ccf-c9d9-4c1d-97f4-516b572b2f9d,1697663542864711111
6a69421f-e399-4db8-897a-d8ef21b5e0a7,707b6ccf-c9d9-4c1d-97f4-516b572b2f9d,1697663542906533333
6a69421f-e399-4db8-897a-d8ef21b5e0a7,707b6ccf-c9d9-4c1d-97f4-516b572b2f9d,1697663542935700000
6a69421f-e399-4db8-897a-d8ef21b5e0a7,707b6ccf-c9d9-4c1d-97f4-516b572b2f9d,1697663542967688888
6a69421f-e399-4db8-897a-d8ef21b5e0a7,707b6ccf-c9d9-4c1d-97f4-516b572b2f9d,1697663543004100000
6a69421f-e399-4db8-897a-d8ef21b5e0a7,707b6ccf-c9d9-4c1d-97f4-516b572b2f9d,1697663543034822222
6a69421f-e399-4db8-897a-d8ef21b5e0a7,707b6ccf-c9d9-4c1d-97f4-516b572b2f9d,1697663543072455555
6a69421f-e399-4db8-897a-d8ef21b5e0a7,707b6ccf-c9d9-4c1d-97f4-516b572b2f9d,1697663543117444444
6a69421f-e399-4db8-897a-d8ef21b5e0a7,707b6ccf-c9d9-4c1d-97f4-516b572b2f9d,1697663543128677777
6a69421f-e399-4db8-897a-d8ef21b5e0a7,707b6ccf-c9d9-4c1d-97f4-516b572b2f9d,1697663543176944444
6a69421f-e399-4db8-897a-d8ef21b5e0a7,707b6ccf-c9d9-4c1d-97f4-516b572b2f9d,1697663543195155555
6a69421f-e399-4db8-897a-d8ef21b5e0a7,707b6ccf-c9d9-4c1d-97f4-516b572b2f9d,1697663543227211111
6a69421f-e399-4db8-897a-d8ef21b5e0a7,707b6ccf-c9d9-4c1d-97f4-516b572b2f9d,1697663543272855555
6a69421f-e399-4db8-897a-d8ef21b5e0a7,707b6ccf-c9d9-4c1d-97f4-516b572b2f9d,1697663543304722222
6a69421f-e399-4db8-897a-d8ef21b5e0a7,707b6ccf-c9d9-4c1d-97f4-516b572b2f9d,1697663543339088888
6a69421f-e399-4db8-897a-d8ef21b5e0a7,707b6ccf-c9d9-4c1d-97f4-516b572b2f9d,1697663543369866666
6a69421f-e399-4db8-897a-d8ef21b5e0a7,707b6ccf-c9d9-4c1d-97f4-516b572b2f9d,1697663543402655555
6a69421f-e399-4db8-897a-d8ef21b5e0a7,707b6ccf-c9d9-4c1d-97f4-516b572b2f9d,1697663543438533333
6a69421f-e399-4db8-897a-d8ef21b5e0a7,707b6ccf-c9d9-4c1d-97f4-516b572b2f9d,1697663543466788888
6a69421f-e399-4db8-897a-d8ef21b5e0a7,707b6ccf-c9d9-4c1d-97f4-516b572b2f9d,1697663543507233333
6a69421f-e399-4db8-897a-d8ef21b5e0a7,707b6ccf-c9d9-4c1d-97f4-516b572b2f9d,1697663543536700000
6a69421f-e399-4db8-897a-d8ef21b5e0a7,707b6ccf-c9d9-4c1d-97f4-516b572b2f9d,1697663543567477777
6a69421f-e399-4db8-897a-d8ef21b5e0a7,707b6ccf-c9d9-4c1d-97f4-516b572b2f9d,1697663543603400000
6a69421f-e399-4db8-897a-d8ef21b5e0a7,707b6ccf-c9d9-4c1d-97f4-516b572b2f9d,1697663543634344444
6a69421f-e399-4db8-897a-d8ef21b5e0a7,707b6ccf-c9d9-4c1d-97f4-516b572b2f9d,1697663543670922222
6a69421f-e399-4db8-897a-d8ef21b5e0a7,707b6ccf-c9d9-4c1d-97f4-516b572b2f9d,1697663543707511111
6a69421f-e399-4db8-897a-d8ef21b5e0a7,707b6ccf-c9d9-4c1d-97f4-516b572b2f9d,1697663543734200000
6a69421f-e399-4db8-897a-d8ef21b5e0a7,707b6ccf-c9d9-4c1d-97f4-516b572b2f9d,1697663543758122222
6a69421f-e399-4db8-897a-d8ef21b5e0a7,707b6ccf-c9d9-4c1d-97f4-516b572b2f9d,1697663543811211111
6a69421f-e399-4db8-897a-d8ef21b5e0a7,707b6ccf-c9d9-4c1d-97f4-516b572b2f9d,1697663543831544444
6a69421f-e399-4db8-897a-d8ef21b5e0a7,707b6ccf-c9d9-4c1d-97f4-516b572b2f9d,1697663543859366666
6a69421f-e399-4db8-897a-d8ef21b5e0a7,707b6ccf-c9d9-4c1d-97f4-516b572b2f9d,1697663543904211111
6a69421f-e399-4db8-897a-d8ef21b5e0a7,707b6ccf-c9d9-4c1d-97f4-516b572b2f9d,1697663543934188888
6a69421f-e399-4db8-897a-d8ef21b5e0a7,707b6ccf-c9d9-4c1d-97f4-516b572b2f9d,1697663543968155555
6a69421f-e399-4db8-897a-d8ef21b5e0a7,707b6ccf-c9d9-4c1d-97f4-516b572b2f9d,1697663544002366666
6a69421f-e399-4db8-897a-d8ef21b5e0a7,707b6ccf-c9d9-4c1d-97f4-516b572b2f9d,1697663544036577777
6a69421f-e399-4db8-897a-d8ef21b5e0a7,707b6ccf-c9d9-4c1d-97f4-516b572b2f9d,1697663544067811111
6a69421f-e399-4db8-897a-d8ef21b5e0a7,707b6ccf-c9d9-4c1d-97f4-516b572b2f9d,1697663544102555555
6a69421f-e399-4db8-897a-d8ef21b5e0a7,707b6ccf-c9d9-4c1d-97f4-516b572b2f9d,1697663544140055555
6a69421f-e399-4db8-897a-d8ef21b5e0a7,707b6ccf-c9d9-4c1d-97f4-516b572b2f9d,1697663544165522222
6a69421f-e399-4db8-897a-d8ef21b5e0a7,707b6ccf-c9d9-4c1d-97f4-516b572b2f9d,1697663544203566666
6a69421f-e399-4db8-897a-d8ef21b5e0a7,707b6ccf-c9d9-4c1d-97f4-516b572b2f9d,1697663544233677777
6a69421f-e399-4db8-897a-d8ef21b5e0a7,707b6ccf-c9d9-4c1d-97f4-516b572b2f9d,1697663544265233333
6a69421f-e399-4db8-897a-d8ef21b5e0a7,707b6ccf-c9d9-4c1d-97f4-516b572b2f9d,1697663544299788888
6a69421f-e399-4db8-897a-d8ef21b5e0a7,707b6ccf-c9d9-4c1d-97f4-516b572b2f9d,1697663544334922222
6a69421f-e399-4db8-897a-d8ef21b5e0a7,707b6ccf-c9d9-4c1d-97f4-516b572b2f9d,1697663544365800000
6a69421f-e399-4db8-897a-d8ef21b5e0a7,707b6ccf-c9d9-4c1d-97f4-516b572b2f9d,1697663544403333333
6a69421f-e399-4db8-897a-d8ef21b5e0a7,707b6ccf-c9d9-4c1d-97f4-516b572b2f9d,1697663544443633333
6a69421f-e399-4db8-897a-d8ef21b5e0a7,707b6ccf-c9d9-4c1d-97f4-516b572b2f9d,1697663544458077777
6a69421f-e399-4db8-897a-d8ef21b5e0a7,707b6ccf-c9d9-4c1d-97f4-516b572b2f9d,1697663544494855555
6a69421f-e399-4db8-897a-d8ef21b5e0a7,707b6ccf-c9d9-4c1d-97f4-516b572b2f9d,1697663544528033333
6a69421f-e399-4db8-897a-d8ef21b5e0a7,707b6ccf-c9d9-4c1d-97f4-516b572b2f9d,1697663544558066666
6a69421f-e399-4db8-897a-d8ef21b5e0a7,707b6ccf-c9d9-4c1d-97f4-516b572b2f9d,1697663544605455555
6a69421f-e399-4db8-897a-d8ef21b5e0a7,707b6ccf-c9d9-4c1d-97f4-516b572b2f9d,1697663544638177777
6a69421f-e399-4db8-897a-d8ef21b5e0a7,707b6ccf-c9d9-4c1d-97f4-516b572b2f9d,1697663544668411111
6a69421f-e399-4db8-897a-d8ef21b5e0a7,707b6ccf-c9d9-4c1d-97f4-516b572b2f9d,1697663544703633333
6a69421f-e399-4db8-897a-d8ef21b5e0a7,707b6ccf-c9d9-4c1d-97f4-516b572b2f9d,1697663544733588888
6a69421f-e399-4db8-897a-d8ef21b5e0a7,707b6ccf-c9d9-4c1d-97f4-516b572b2f9d,1697663544766955555
6a69421f-e399-4db8-897a-d8ef21b5e0a7,707b6ccf-c9d9-4c1d-97f4-516b572b2f9d,1697663544804822222
6a69421f-e399-4db8-897a-d8ef21b5e0a7,707b6ccf-c9d9-4c1d-97f4-516b572b2f9d,1697663544834466666
6a69421f-e399-4db8-897a-d8ef21b5e0a7,707b6ccf-c9d9-4c1d-97f4-516b572b2f9d,1697663544864400000
6a69421f-e399-4db8-897a-d8ef21b5e0a7,707b6ccf-c9d9-4c1d-97f4-516b572b2f9d,1697663544903522222
6a69421f-e399-4db8-897a-d8ef21b5e0a7,707b6ccf-c9d9-4c1d-97f4-516b572b2f9d,1697663544932488888
6a69421f-e399-4db8-897a-d8ef21b5e0a7,707b6ccf-c9d9-4c1d-97f4-516b572b2f9d,1697663544968800000
6a69421f-e399-4db8-897a-d8ef21b5e0a7,707b6ccf-c9d9-4c1d-97f4-516b572b2f9d,1697663545009133333
6a69421f-e399-4db8-897a-d8ef21b5e0a7,707b6ccf-c9d9-4c1d-97f4-516b572b2f9d,1697663545036500000
6a69421f-e399-4db8-897a-d8ef21b5e0a7,707b6ccf-c9d9-4c1d-97f4-516b572b2f9d,1697663545066211111
6a69421f-e399-4db8-897a-d8ef21b5e0a7,707b6ccf-c9d9-4c1d-97f4-516b572b2f9d,1697663545111355555
6a69421f-e399-4db8-897a-d8ef21b5e0a7,707b6ccf-c9d9-4c1d-97f4-516b572b2f9d,1697663545127944444
6a69421f-e399-4db8-897a-d8ef21b5e0a7,707b6ccf-c9d9-4c1d-97f4-516b572b2f9d,1697663545159066666
6a69421f-e399-4db8-897a-d8ef21b5e0a7,707b6ccf-c9d9-4c1d-97f4-516b572b2f9d,1697663545207988888
6a69421f-e399-4db8-897a-d8ef21b5e0a7,707b6ccf-c9d9-4c1d-97f4-516b572b2f9d,1697663545234244444
6a69421f-e399-4db8-897a-d8ef21b5e0a7,707b6ccf-c9d9-4c1d-97f4-516b572b2f9d,1697663545270111111
6a69421f-e399-4db8-897a-d8ef21b5e0a7,707b6ccf-c9d9-4c1d-97f4-516b572b2f9d,1697663545303111111
6a69421f-e399-4db8-897a-d8ef21b5e0a7,707b6ccf-c9d9-4c1d-97f4-516b572b2f9d,1697663545336544444
6a69421f-e399-4db8-897a-d8ef21b5e0a7,707b6ccf-c9d9-4c1d-97f4-516b572b2f9d,1697663545364966666
6a69421f-e399-4db8-897a-d8ef21b5e0a7,707b6ccf-c9d9-4c1d-97f4-516b572b2f9d,1697663545401388888
6a69421f-e399-4db8-897a-d8ef21b5e0a7,707b6ccf-c9d9-4c1d-97f4-516b572b2f9d,1697663545434211111
6a69421f-e399-4db8-897a-d8ef21b5e0a7,707b6ccf-c9d9-4c1d-97f4-516b572b2f9d,1697663545464900000
6a69421f-e399-4db8-897a-d8ef21b5e0a7,707b6ccf-c9d9-4c1d-97f4-516b572b2f9d,1697663545503233333
6a69421f-e399-4db8-897a-d8ef21b5e0a7,707b6ccf-c9d9-4c1d-97f4-516b572b2f9d,1697663545540011111
6a69421f-e399-4db8-897a-d8ef21b5e0a7,707b6ccf-c9d9-4c1d-97f4-516b572b2f9d,1697663545569822222
6a69421f-e399-4db8-897a-d8ef21b5e0a7,707b6ccf-c9d9-4c1d-97f4-516b572b2f9d,1697663545602822222
6a69421f-e399-4db8-897a-d8ef21b5e0a7,707b6ccf-c9d9-4c1d-97f4-516b572b2f9d,1697663545637122222
6a69421f-e399-4db8-897a-d8ef21b5e0a7,707b6ccf-c9d9-4c1d-97f4-516b572b2f9d,1697663545665722222
6a69421f-e399-4db8-897a-d8ef21b5e0a7,707b6ccf-c9d9-4c1d-97f4-516b572b2f9d,1697663545708411111
6a69421f-e399-4db8-897a-d8ef21b5e0a7,707b6ccf-c9d9-4c1d-97f4-516b572b2f9d,1697663545736566666
6a69421f-e399-4db8-897a-d8ef21b5e0a7,707b6ccf-c9d9-4c1d-97f4-516b572b2f9d,1697663545760888888
6a69421f-e399-4db8-897a-d8ef21b5e0a7,707b6ccf-c9d9-4c1d-97f4-516b572b2f9d,1697663545794244444
6a69421f-e399-4db8-897a-d8ef21b5e0a7,707b6ccf-c9d9-4c1d-97f4-516b572b2f9d,1697663545828366666
6a69421f-e399-4db8-897a-d8ef21b5e0a7,707b6ccf-c9d9-4c1d-97f4-516b572b2f9d,1697663545857655555
6a69421f-e399-4db8-897a-d8ef21b5e0a7,707b6ccf-c9d9-4c1d-97f4-516b572b2f9d,1697663545892411111
6a69421f-e399-4db8-897a-d8ef21b5e0a7,707b6ccf-c9d9-4c1d-97f4-516b572b2f9d,1697663545934477777
6a69421f-e399-4db8-897a-d8ef21b5e0a7,707b6ccf-c9d9-4c1d-97f4-516b572b2f9d,1697663545964444444
6a69421f-e399-4db8-897a-d8ef21b5e0a7,707b6ccf-c9d9-4c1d-97f4-516b572b2f9d,1697663545996800000
6a69421f-e399-4db8-897a-d8ef21b5e0a7,707b6ccf-c9d9-4c1d-97f4-516b572b2f9d,1697663546035066666
6a69421f-e399-4db8-897a-d8ef21b5e0a7,707b6ccf-c9d9-4c1d-97f4-516b572b2f9d,1697663546068411111
6a69421f-e399-4db8-897a-d8ef21b5e0a7,707b6ccf-c9d9-4c1d-97f4-516b572b2f9d,1697663546098177777
6a69421f-e399-4db8-897a-d8ef21b5e0a7,707b6ccf-c9d9-4c1d-97f4-516b572b2f9d,1697663546135977777
6a69421f-e399-4db8-897a-d8ef21b5e0a7,707b6ccf-c9d9-4c1d-97f4-516b572b2f9d,1697663546166088888
6a69421f-e399-4db8-897a-d8ef21b5e0a7,707b6ccf-c9d9-4c1d-97f4-516b572b2f9d,1697663546201311111
6a69421f-e399-4db8-897a-d8ef21b5e0a7,707b6ccf-c9d9-4c1d-97f4-516b572b2f9d,1697663546232877777
6a69421f-e399-4db8-897a-d8ef21b5e0a7,707b6ccf-c9d9-4c1d-97f4-516b572b2f9d,1697663546269888888
6a69421f-e399-4db8-897a-d8ef21b5e0a7,707b6ccf-c9d9-4c1d-97f4-516b572b2f9d,1697663546301244444
6a69421f-e399-4db8-897a-d8ef21b5e0a7,707b6ccf-c9d9-4c1d-97f4-516b572b2f9d,1697663546335255555
6a69421f-e399-4db8-897a-d8ef21b5e0a7,707b6ccf-c9d9-4c1d-97f4-516b572b2f9d,1697663546365944444
6a69421f-e399-4db8-897a-d8ef21b5e0a7,707b6ccf-c9d9-4c1d-97f4-516b572b2f9d,1697663546411233333
6a69421f-e399-4db8-897a-d8ef21b5e0a7,707b6ccf-c9d9-4c1d-97f4-516b572b2f9d,1697663546426655555
6a69421f-e399-4db8-897a-d8ef21b5e0a7,707b6ccf-c9d9-4c1d-97f4-516b572b2f9d,1697663546460211111
6a69421f-e399-4db8-897a-d8ef21b5e0a7,707b6ccf-c9d9-4c1d-97f4-516b572b2f9d,1697663546493044444
6a69421f-e399-4db8-897a-d8ef21b5e0a7,707b6ccf-c9d9-4c1d-97f4-516b572b2f9d,1697663546536955555
6a69421f-e399-4db8-897a-d8ef21b5e0a7,707b6ccf-c9d9-4c1d-97f4-516b572b2f9d,1697663546569666666
6a69421f-e399-4db8-897a-d8ef21b5e0a7,707b6ccf-c9d9-4c1d-97f4-516b572b2f9d,1697663546597011111
6a69421f-e399-4db8-897a-d8ef21b5e0a7,707b6ccf-c9d9-4c1d-97f4-516b572b2f9d,1697663546633900000
6a69421f-e399-4db8-897a-d8ef21b5e0a7,707b6ccf-c9d9-4c1d-97f4-516b572b2f9d,1697663546665622222
6a69421f-e399-4db8-897a-d8ef21b5e0a7,707b6ccf-c9d9-4c1d-97f4-516b572b2f9d,1697663546697411111
6a69421f-e399-4db8-897a-d8ef21b5e0a7,707b6ccf-c9d9-4c1d-97f4-516b572b2f9d,1697663546734733333
6a69421f-e399-4db8-897a-d8ef21b5e0a7,707b6ccf-c9d9-4c1d-97f4-516b572b2f9d,1697663546768100000
6a69421f-e399-4db8-897a-d8ef21b5e0a7,707b6ccf-c9d9-4c1d-97f4-516b572b2f9d,1697663546801488888
6a69421f-e399-4db8-897a-d8ef21b5e0a7,707b6ccf-c9d9-4c1d-97f4-516b572b2f9d,1697663546834522222
6a69421f-e399-4db8-897a-d8ef21b5e0a7,707b6ccf-c9d9-4c1d-97f4-516b572b2f9d,1697663546869144444
6a69421f-e399-4db8-897a-d8ef21b5e0a7,707b6ccf-c9d9-4c1d-97f4-516b572b2f9d,1697663546900011111
6a69421f-e399-4db8-897a-d8ef21b5e0a7,707b6ccf-c9d9-4c1d-97f4-516b572b2f9d,1697663546935755555
6a69421f-e399-4db8-897a-d8ef21b5e0a7,707b6ccf-c9d9-4c1d-97f4-516b572b2f9d,1697663546963844444
6a69421f-e399-4db8-897a-d8ef21b5e0a7,707b6ccf-c9d9-4c1d-97f4-516b572b2f9d,1697663546997433333
6a69421f-e399-4db8-897a-d8ef21b5e0a7,707b6ccf-c9d9-4c1d-97f4-516b572b2f9d,1697663547033811111
6a69421f-e399-4db8-897a-d8ef21b5e0a7,707b6ccf-c9d9-4c1d-97f4-516b572b2f9d,1697663547066577777
6a69421f-e399-4db8-897a-d8ef21b5e0a7,707b6ccf-c9d9-4c1d-97f4-516b572b2f9d,1697663547093211111
6a69421f-e399-4db8-897a-d8ef21b5e0a7,707b6ccf-c9d9-4c1d-97f4-516b572b2f9d,1697663547128544444
6a69421f-e399-4db8-897a-d8ef21b5e0a7,707b6ccf-c9d9-4c1d-97f4-516b572b2f9d,1697663547157333333
6a69421f-e399-4db8-897a-d8ef21b5e0a7,707b6ccf-c9d9-4c1d-97f4-516b572b2f9d,1697663547189455555
6a69421f-e399-4db8-897a-d8ef21b5e0a7,707b6ccf-c9d9-4c1d-97f4-516b572b2f9d,1697663547235711111
6a69421f-e399-4db8-897a-d8ef21b5e0a7,707b6ccf-c9d9-4c1d-97f4-516b572b2f9d,1697663547264333333
6a69421f-e399-4db8-897a-d8ef21b5e0a7,707b6ccf-c9d9-4c1d-97f4-516b572b2f9d,1697663547303188888
6a69421f-e399-4db8-897a-d8ef21b5e0a7,707b6ccf-c9d9-4c1d-97f4-516b572b2f9d,1697663547334533333
6a69421f-e399-4db8-897a-d8ef21b5e0a7,707b6ccf-c9d9-4c1d-97f4-516b572b2f9d,1697663547365511111
6a69421f-e399-4db8-897a-d8ef21b5e0a7,707b6ccf-c9d9-4c1d-97f4-516b572b2f9d,1697663547396288888
6a69421f-e399-4db8-897a-d8ef21b5e0a7,707b6ccf-c9d9-4c1d-97f4-516b572b2f9d,1697663547438244444
6a69421f-e399-4db8-897a-d8ef21b5e0a7,707b6ccf-c9d9-4c1d-97f4-516b572b2f9d,1697663547469111111
6a69421f-e399-4db8-897a-d8ef21b5e0a7,707b6ccf-c9d9-4c1d-97f4-516b572b2f9d,1697663547499055555
6a69421f-e399-4db8-897a-d8ef21b5e0a7,707b6ccf-c9d9-4c1d-97f4-516b572b2f9d,1697663547535766666
6a69421f-e399-4db8-897a-d8ef21b5e0a7,707b6ccf-c9d9-4c1d-97f4-516b572b2f9d,1697663547565122222
6a69421f-e399-4db8-897a-d8ef21b5e0a7,707b6ccf-c9d9-4c1d-97f4-516b572b2f9d,1697663547598655555
6a69421f-e399-4db8-897a-d8ef21b5e0a7,707b6ccf-c9d9-4c1d-97f4-516b572b2f9d,1697663547636455555
6a69421f-e399-4db8-897a-d8ef21b5e0a7,707b6ccf-c9d9-4c1d-97f4-516b572b2f9d,1697663547667200000
6a69421f-e399-4db8-897a-d8ef21b5e0a7,707b6ccf-c9d9-4c1d-97f4-516b572b2f9d,1697663547697666666
6a69421f-e399-4db8-897a-d8ef21b5e0a7,707b6ccf-c9d9-4c1d-97f4-516b572b2f9d,1697663547728266666
6a69421f-e399-4db8-897a-d8ef21b5e0a7,707b6ccf-c9d9-4c1d-97f4-516b572b2f9d,1697663547764633333
6a69421f-e399-4db8-897a-d8ef21b5e0a7,707b6ccf-c9d9-4c1d-97f4-516b572b2f9d,1697663547811488888
6a69421f-e399-4db8-897a-d8ef21b5e0a7,707b6ccf-c9d9-4c1d-97f4-516b572b2f9d,1697663547828988888
6a69421f-e399-4db8-897a-d8ef21b5e0a7,707b6ccf-c9d9-4c1d-97f4-516b572b2f9d,1697663547858622222
6a69421f-e399-4db8-897a-d8ef21b5e0a7,707b6ccf-c9d9-4c1d-97f4-516b572b2f9d,1697663547899533333
6a69421f-e399-4db8-897a-d8ef21b5e0a7,707b6ccf-c9d9-4c1d-97f4-516b572b2f9d,1697663547930477777
6a69421f-e399-4db8-897a-d8ef21b5e0a7,707b6ccf-c9d9-4c1d-97f4-516b572b2f9d,1697663547965788888
6a69421f-e399-4db8-897a-d8ef21b5e0a7,707b6ccf-c9d9-4c1d-97f4-516b572b2f9d,1697663547996833333
6a69421f-e399-4db8-897a-d8ef21b5e0a7,707b6ccf-c9d9-4c1d-97f4-516b572b2f9d,1697663548037277777
6a69421f-e399-4db8-897a-d8ef21b5e0a7,707b6ccf-c9d9-4c1d-97f4-516b572b2f9d,1697663548067566666
6a69421f-e399-4db8-897a-d8ef21b5e0a7,707b6ccf-c9d9-4c1d-97f4-516b572b2f9d,1697663548100577777
6a69421f-e399-4db8-897a-d8ef21b5e0a7,707b6ccf-c9d9-4c1d-97f4-516b572b2f9d,1697663548135066666
6a69421f-e399-4db8-897a-d8ef21b5e0a7,707b6ccf-c9d9-4c1d-97f4-516b572b2f9d,1697663548167300000
6a69421f-e399-4db8-897a-d8ef21b5e0a7,707b6ccf-c9d9-4c1d-97f4-516b572b2f9d,1697663548202222222
6a69421f-e399-4db8-897a-d8ef21b5e0a7,707b6ccf-c9d9-4c1d-97f4-516b572b2f9d,1697663548239233333
6a69421f-e399-4db8-897a-d8ef21b5e0a7,707b6ccf-c9d9-4c1d-97f4-516b572b2f9d,1697663548269544444
6a69421f-e399-4db8-897a-d8ef21b5e0a7,707b6ccf-c9d9-4c1d-97f4-516b572b2f9d,1697663548299822222
6a69421f-e399-4db8-897a-d8ef21b5e0a7,707b6ccf-c9d9-4c1d-97f4-516b572b2f9d,1697663548336222222
6a69421f-e399-4db8-897a-d8ef21b5e0a7,707b6ccf-c9d9-4c1d-97f4-516b572b2f9d,1697663548371322222
6a69421f-e399-4db8-897a-d8ef21b5e0a7,707b6ccf-c9d9-4c1d-97f4-516b572b2f9d,1697663548408488888
6a69421f-e399-4db8-897a-d8ef21b5e0a7,707b6ccf-c9d9-4c1d-97f4-516b572b2f9d,1697663548427977777
6a69421f-e399-4db8-897a-d8ef21b5e0a7,707b6ccf-c9d9-4c1d-97f4-516b572b2f9d,1697663548458233333
6a69421f-e399-4db8-897a-d8ef21b5e0a7,707b6ccf-c9d9-4c1d-97f4-516b572b2f9d,1697663548490244444
6a69421f-e399-4db8-897a-d8ef21b5e0a7,707b6ccf-c9d9-4c1d-97f4-516b572b2f9d,1697663548526988888
6a69421f-e399-4db8-897a-d8ef21b5e0a7,707b6ccf-c9d9-4c1d-97f4-516b572b2f9d,1697663548570744444
6a69421f-e399-4db8-897a-d8ef21b5e0a7,707b6ccf-c9d9-4c1d-97f4-516b572b2f9d,1697663548599744444
6a69421f-e399-4db8-897a-d8ef21b5e0a7,707b6ccf-c9d9-4c1d-97f4-516b572b2f9d,1697663548633944444
6a69421f-e399-4db8-897a-d8ef21b5e0a7,707b6ccf-c9d9-4c1d-97f4-516b572b2f9d,1697663548667200000
6a69421f-e399-4db8-897a-d8ef21b5e0a7,707b6ccf-c9d9-4c1d-97f4-516b572b2f9d,1697663548700411111
6a69421f-e399-4db8-897a-d8ef21b5e0a7,707b6ccf-c9d9-4c1d-97f4-516b572b2f9d,1697663548736111111
6a69421f-e399-4db8-897a-d8ef21b5e0a7,707b6ccf-c9d9-4c1d-97f4-516b572b2f9d,1697663548765677777
6a69421f-e399-4db8-897a-d8ef21b5e0a7,707b6ccf-c9d9-4c1d-97f4-516b572b2f9d,1697663548799088888
6a69421f-e399-4db8-897a-d8ef21b5e0a7,707b6ccf-c9d9-4c1d-97f4-516b572b2f9d,1697663548835122222
6a69421f-e399-4db8-897a-d8ef21b5e0a7,707b6ccf-c9d9-4c1d-97f4-516b572b2f9d,1697663548867033333
6a69421f-e399-4db8-897a-d8ef21b5e0a7,707b6ccf-c9d9-4c1d-97f4-516b572b2f9d,1697663548899277777
6a69421f-e399-4db8-897a-d8ef21b5e0a7,707b6ccf-c9d9-4c1d-97f4-516b572b2f9d,1697663548937055555
6a69421f-e399-4db8-897a-d8ef21b5e0a7,707b6ccf-c9d9-4c1d-97f4-516b572b2f9d,1697663548967166666
6a69421f-e399-4db8-897a-d8ef21b5e0a7,707b6ccf-c9d9-4c1d-97f4-516b572b2f9d,1697663548999444444
6a69421f-e399-4db8-897a-d8ef21b5e0a7,707b6ccf-c9d9-4c1d-97f4-516b572b2f9d,1697663549045400000
6a69421f-e399-4db8-897a-d8ef21b5e0a7,707b6ccf-c9d9-4c1d-97f4-516b572b2f9d,1697663549060144444
6a69421f-e399-4db8-897a-d8ef21b5e0a7,707b6ccf-c9d9-4c1d-97f4-516b572b2f9d,1697663549104666666
6a69421f-e399-4db8-897a-d8ef21b5e0a7,707b6ccf-c9d9-4c1d-97f4-516b572b2f9d,1697663549126344444
6a69421f-e399-4db8-897a-d8ef21b5e0a7,707b6ccf-c9d9-4c1d-97f4-516b572b2f9d,1697663549169988888
6a69421f-e399-4db8-897a-d8ef21b5e0a7,707b6ccf-c9d9-4c1d-97f4-516b572b2f9d,1697663549195766666
6a69421f-e399-4db8-897a-d8ef21b5e0a7,707b6ccf-c9d9-4c1d-97f4-516b572b2f9d,1697663549224700000
6a69421f-e399-4db8-897a-d8ef21b5e0a7,707b6ccf-c9d9-4c1d-97f4-516b572b2f9d,1697663549266277777
6a69421f-e399-4db8-897a-d8ef21b5e0a7,707b6ccf-c9d9-4c1d-97f4-516b572b2f9d,1697663549299700000
6a69421f-e399-4db8-897a-d8ef21b5e0a7,707b6ccf-c9d9-4c1d-97f4-516b572b2f9d,1697663549330544444
6a69421f-e399-4db8-897a-d8ef21b5e0a7,707b6ccf-c9d9-4c1d-97f4-516b572b2f9d,1697663549370166666
6a69421f-e399-4db8-897a-d8ef21b5e0a7,707b6ccf-c9d9-4c1d-97f4-516b572b2f9d,1697663549399211111
6a69421f-e399-4db8-897a-d8ef21b5e0a7,707b6ccf-c9d9-4c1d-97f4-516b572b2f9d,1697663549430377777
6a69421f-e399-4db8-897a-d8ef21b5e0a7,707b6ccf-c9d9-4c1d-97f4-516b572b2f9d,1697663549467366666
6a69421f-e399-4db8-897a-d8ef21b5e0a7,707b6ccf-c9d9-4c1d-97f4-516b572b2f9d,1697663549501866666
6a69421f-e399-4db8-897a-d8ef21b5e0a7,707b6ccf-c9d9-4c1d-97f4-516b572b2f9d,1697663549533355555
6a69421f-e399-4db8-897a-d8ef21b5e0a7,707b6ccf-c9d9-4c1d-97f4-516b572b2f9d,1697663549566644444
6a69421f-e399-4db8-897a-d8ef21b5e0a7,707b6ccf-c9d9-4c1d-97f4-516b572b2f9d,1697663549598344444
6a69421f-e399-4db8-897a-d8ef21b5e0a7,707b6ccf-c9d9-4c1d-97f4-516b572b2f9d,1697663549630611111
6a69421f-e399-4db8-897a-d8ef21b5e0a7,707b6ccf-c9d9-4c1d-97f4-516b572b2f9d,1697663549670566666
6a69421f-e399-4db8-897a-d8ef21b5e0a7,707b6ccf-c9d9-4c1d-97f4-516b572b2f9d,1697663549700955555
6a69421f-e399-4db8-897a-d8ef21b5e0a7,707b6ccf-c9d9-4c1d-97f4-516b572b2f9d,1697663549725400000
6a69421f-e399-4db8-897a-d8ef21b5e0a7,707b6ccf-c9d9-4c1d-97f4-516b572b2f9d,1697663549769655555
6a69421f-e399-4db8-897a-d8ef21b5e0a7,707b6ccf-c9d9-4c1d-97f4-516b572b2f9d,1697663549814977777
6a69421f-e399-4db8-897a-d8ef21b5e0a7,707b6ccf-c9d9-4c1d-97f4-516b572b2f9d,1697663549825444444
6a69421f-e399-4db8-897a-d8ef21b5e0a7,707b6ccf-c9d9-4c1d-97f4-516b572b2f9d,1697663549870333333
6a69421f-e399-4db8-897a-d8ef21b5e0a7,707b6ccf-c9d9-4c1d-97f4-516b572b2f9d,1697663549898766666
6a69421f-e399-4db8-897a-d8ef21b5e0a7,707b6ccf-c9d9-4c1d-97f4-516b572b2f9d,1697663549922188888
6a69421f-e399-4db8-897a-d8ef21b5e0a7,707b6ccf-c9d9-4c1d-97f4-516b572b2f9d,1697663549966922222
6a69421f-e399-4db8-897a-d8ef21b5e0a7,707b6ccf-c9d9-4c1d-97f4-516b572b2f9d,1697663549998366666
6a69421f-e399-4db8-897a-d8ef21b5e0a7,707b6ccf-c9d9-4c1d-97f4-516b572b2f9d,1697663550031544444
6a69421f-e399-4db8-897a-d8ef21b5e0a7,707b6ccf-c9d9-4c1d-97f4-516b572b2f9d,1697663550068100000
6a69421f-e399-4db8-897a-d8ef21b5e0a7,707b6ccf-c9d9-4c1d-97f4-516b572b2f9d,1697663550100911111
6a69421f-e399-4db8-897a-d8ef21b5e0a7,707b6ccf-c9d9-4c1d-97f4-516b572b2f9d,1697663550123477777
6a69421f-e399-4db8-897a-d8ef21b5e0a7,707b6ccf-c9d9-4c1d-97f4-516b572b2f9d,1697663550177133333
6a69421f-e399-4db8-897a-d8ef21b5e0a7,707b6ccf-c9d9-4c1d-97f4-516b572b2f9d,1697663550201022222
6a69421f-e399-4db8-897a-d8ef21b5e0a7,707b6ccf-c9d9-4c1d-97f4-516b572b2f9d,1697663550231077777
6a69421f-e399-4db8-897a-d8ef21b5e0a7,707b6ccf-c9d9-4c1d-97f4-516b572b2f9d,1697663550267233333
6a69421f-e399-4db8-897a-d8ef21b5e0a7,707b6ccf-c9d9-4c1d-97f4-516b572b2f9d,1697663550300344444
6a69421f-e399-4db8-897a-d8ef21b5e0a7,707b6ccf-c9d9-4c1d-97f4-516b572b2f9d,1697663550329922222
6a69421f-e399-4db8-897a-d8ef21b5e0a7,707b6ccf-c9d9-4c1d-97f4-516b572b2f9d,1697663550372444444
6a69421f-e399-4db8-897a-d8ef21b5e0a7,707b6ccf-c9d9-4c1d-97f4-516b572b2f9d,1697663550391844444
6a69421f-e399-4db8-897a-d8ef21b5e0a7,707b6ccf-c9d9-4c1d-97f4-516b572b2f9d,1697663550435344444
6a69421f-e399-4db8-897a-d8ef21b5e0a7,707b6ccf-c9d9-4c1d-97f4-516b572b2f9d,1697663550462188888
6a69421f-e399-4db8-897a-d8ef21b5e0a7,707b6ccf-c9d9-4c1d-97f4-516b572b2f9d,1697663550493900000
6a69421f-e399-4db8-897a-d8ef21b5e0a7,707b6ccf-c9d9-4c1d-97f4-516b572b2f9d,1697663550526511111
6a69421f-e399-4db8-897a-d8ef21b5e0a7,707b6ccf-c9d9-4c1d-97f4-516b572b2f9d,1697663550568333333
6a69421f-e399-4db8-897a-d8ef21b5e0a7,707b6ccf-c9d9-4c1d-97f4-516b572b2f9d,1697663550602433333
6a69421f-e399-4db8-897a-d8ef21b5e0a7,707b6ccf-c9d9-4c1d-97f4-516b572b2f9d,1697663550626888888
6a69421f-e399-4db8-897a-d8ef21b5e0a7,707b6ccf-c9d9-4c1d-97f4-516b572b2f9d,1697663550666455555
6a69421f-e399-4db8-897a-d8ef21b5e0a7,707b6ccf-c9d9-4c1d-97f4-516b572b2f9d,1697663550700288888
6a69421f-e399-4db8-897a-d8ef21b5e0a7,707b6ccf-c9d9-4c1d-97f4-516b572b2f9d,1697663550730500000
6a69421f-e399-4db8-897a-d8ef21b5e0a7,707b6ccf-c9d9-4c1d-97f4-516b572b2f9d,1697663550769933333
6a69421f-e399-4db8-897a-d8ef21b5e0a7,707b6ccf-c9d9-4c1d-97f4-516b572b2f9d,1697663550798422222
6a69421f-e399-4db8-897a-d8ef21b5e0a7,707b6ccf-c9d9-4c1d-97f4-516b572b2f9d,1697663550830200000
6a69421f-e399-4db8-897a-d8ef21b5e0a7,707b6ccf-c9d9-4c1d-97f4-516b572b2f9d,1697663550868077777
6a69421f-e399-4db8-897a-d8ef21b5e0a7,707b6ccf-c9d9-4c1d-97f4-516b572b2f9d,1697663550899433333
6a69421f-e399-4db8-897a-d8ef21b5e0a7,707b6ccf-c9d9-4c1d-97f4-516b572b2f9d,1697663550930611111
6a69421f-e399-4db8-897a-d8ef21b5e0a7,707b6ccf-c9d9-4c1d-97f4-516b572b2f9d,1697663550966133333
6a69421f-e399-4db8-897a-d8ef21b5e0a7,707b6ccf-c9d9-4c1d-97f4-516b572b2f9d,1697663551004000000
6a69421f-e399-4db8-897a-d8ef21b5e0a7,707b6ccf-c9d9-4c1d-97f4-516b572b2f9d,1697663551032211111
6a69421f-e399-4db8-897a-d8ef21b5e0a7,707b6ccf-c9d9-4c1d-97f4-516b572b2f9d,1697663551063422222
6a69421f-e399-4db8-897a-d8ef21b5e0a7,707b6ccf-c9d9-4c1d-97f4-516b572b2f9d,1697663551097811111
6a69421f-e399-4db8-897a-d8ef21b5e0a7,707b6ccf-c9d9-4c1d-97f4-516b572b2f9d,1697663551123333333
6a69421f-e399-4db8-897a-d8ef21b5e0a7,707b6ccf-c9d9-4c1d-97f4-516b572b2f9d,1697663551162866666
6a69421f-e399-4db8-897a-d8ef21b5e0a7,707b6ccf-c9d9-4c1d-97f4-516b572b2f9d,1697663551201800000
6a69421f-e399-4db8-897a-d8ef21b5e0a7,707b6ccf-c9d9-4c1d-97f4-516b572b2f9d,1697663551222077777
6a69421f-e399-4db8-897a-d8ef21b5e0a7,707b6ccf-c9d9-4c1d-97f4-516b572b2f9d,1697663551267633333
6a69421f-e399-4db8-897a-d8ef21b5e0a7,707b6ccf-c9d9-4c1d-97f4-516b572b2f9d,1697663551298077777
6a69421f-e399-4db8-897a-d8ef21b5e0a7,707b6ccf-c9d9-4c1d-97f4-516b572b2f9d,1697663551334411111
6a69421f-e399-4db8-897a-d8ef21b5e0a7,707b6ccf-c9d9-4c1d-97f4-516b572b2f9d,1697663551368433333
6a69421f-e399-4db8-897a-d8ef21b5e0a7,707b6ccf-c9d9-4c1d-97f4-516b572b2f9d,1697663551402566666
6a69421f-e399-4db8-897a-d8ef21b5e0a7,707b6ccf-c9d9-4c1d-97f4-516b572b2f9d,1697663551430211111
6a69421f-e399-4db8-897a-d8ef21b5e0a7,707b6ccf-c9d9-4c1d-97f4-516b572b2f9d,1697663551465611111
6a69421f-e399-4db8-897a-d8ef21b5e0a7,707b6ccf-c9d9-4c1d-97f4-516b572b2f9d,1697663551500022222
6a69421f-e399-4db8-897a-d8ef21b5e0a7,707b6ccf-c9d9-4c1d-97f4-516b572b2f9d,1697663551532511111
6a69421f-e399-4db8-897a-d8ef21b5e0a7,707b6ccf-c9d9-4c1d-97f4-516b572b2f9d,1697663551568722222
6a69421f-e399-4db8-897a-d8ef21b5e0a7,707b6ccf-c9d9-4c1d-97f4-516b572b2f9d,1697663551598588888
6a69421f-e399-4db8-897a-d8ef21b5e0a7,707b6ccf-c9d9-4c1d-97f4-516b572b2f9d,1697663551631033333
6a69421f-e399-4db8-897a-d8ef21b5e0a7,707b6ccf-c9d9-4c1d-97f4-516b572b2f9d,1697663551667288888
6a69421f-e399-4db8-897a-d8ef21b5e0a7,707b6ccf-c9d9-4c1d-97f4-516b572b2f9d,1697663551703077777
6a69421f-e399-4db8-897a-d8ef21b5e0a7,707b6ccf-c9d9-4c1d-97f4-516b572b2f9d,1697663551744366666
6a69421f-e399-4db8-897a-d8ef21b5e0a7,707b6ccf-c9d9-4c1d-97f4-516b572b2f9d,1697663551762677777
6a69421f-e399-4db8-897a-d8ef21b5e0a7,707b6ccf-c9d9-4c1d-97f4-516b572b2f9d,1697663551801711111
6a69421f-e399-4db8-897a-d8ef21b5e0a7,707b6ccf-c9d9-4c1d-97f4-516b572b2f9d,1697663551823711111
6a69421f-e399-4db8-897a-d8ef21b5e0a7,707b6ccf-c9d9-4c1d-97f4-516b572b2f9d,1697663551857044444
6a69421f-e399-4db8-897a-d8ef21b5e0a7,707b6ccf-c9d9-4c1d-97f4-516b572b2f9d,1697663551907488888
6a69421f-e399-4db8-897a-d8ef21b5e0a7,707b6ccf-c9d9-4c1d-97f4-516b572b2f9d,1697663551931111111
6a69421f-e399-4db8-897a-d8ef21b5e0a7,707b6ccf-c9d9-4c1d-97f4-516b572b2f9d,1697663551965122222
6a69421f-e399-4db8-897a-d8ef21b5e0a7,707b6ccf-c9d9-4c1d-97f4-516b572b2f9d,1697663551997966666
6a69421f-e399-4db8-897a-d8ef21b5e0a7,707b6ccf-c9d9-4c1d-97f4-516b572b2f9d,1697663552029255555
6a69421f-e399-4db8-897a-d8ef21b5e0a7,707b6ccf-c9d9-4c1d-97f4-516b572b2f9d,1697663552071788888
6a69421f-e399-4db8-897a-d8ef21b5e0a7,707b6ccf-c9d9-4c1d-97f4-516b572b2f9d,1697663552098744444
6a69421f-e399-4db8-897a-d8ef21b5e0a7,707b6ccf-c9d9-4c1d-97f4-516b572b2f9d,1697663552131522222
6a69421f-e399-4db8-897a-d8ef21b5e0a7,707b6ccf-c9d9-4c1d-97f4-516b572b2f9d,1697663552169466666
6a69421f-e399-4db8-897a-d8ef21b5e0a7,707b6ccf-c9d9-4c1d-97f4-516b572b2f9d,1697663552199244444
6a69421f-e399-4db8-897a-d8ef21b5e0a7,707b6ccf-c9d9-4c1d-97f4-516b572b2f9d,1697663552230644444
6a69421f-e399-4db8-897a-d8ef21b5e0a7,707b6ccf-c9d9-4c1d-97f4-516b572b2f9d,1697663552266144444
6a69421f-e399-4db8-897a-d8ef21b5e0a7,707b6ccf-c9d9-4c1d-97f4-516b572b2f9d,1697663552299344444
6a69421f-e399-4db8-897a-d8ef21b5e0a7,707b6ccf-c9d9-4c1d-97f4-516b572b2f9d,1697663552329800000
6a69421f-e399-4db8-897a-d8ef21b5e0a7,707b6ccf-c9d9-4c1d-97f4-516b572b2f9d,1697663552384022222
6a69421f-e399-4db8-897a-d8ef21b5e0a7,707b6ccf-c9d9-4c1d-97f4-516b572b2f9d,1697663552396800000
6a69421f-e399-4db8-897a-d8ef21b5e0a7,707b6ccf-c9d9-4c1d-97f4-516b572b2f9d,1697663552434133333
6a69421f-e399-4db8-897a-d8ef21b5e0a7,707b6ccf-c9d9-4c1d-97f4-516b572b2f9d,1697663552455811111
6a69421f-e399-4db8-897a-d8ef21b5e0a7,707b6ccf-c9d9-4c1d-97f4-516b572b2f9d,1697663552497955555
6a69421f-e399-4db8-897a-d8ef21b5e0a7,707b6ccf-c9d9-4c1d-97f4-516b572b2f9d,1697663552521566666
6a69421f-e399-4db8-897a-d8ef21b5e0a7,707b6ccf-c9d9-4c1d-97f4-516b572b2f9d,1697663552566588888
6a69421f-e399-4db8-897a-d8ef21b5e0a7,707b6ccf-c9d9-4c1d-97f4-516b572b2f9d,1697663552598822222
6a69421f-e399-4db8-897a-d8ef21b5e0a7,707b6ccf-c9d9-4c1d-97f4-516b572b2f9d,1697663552631800000
6a69421f-e399-4db8-897a-d8ef21b5e0a7,707b6ccf-c9d9-4c1d-97f4-516b572b2f9d,1697663552661788888
6a69421f-e399-4db8-897a-d8ef21b5e0a7,707b6ccf-c9d9-4c1d-97f4-516b572b2f9d,1697663552702188888
6a69421f-e399-4db8-897a-d8ef21b5e0a7,707b6ccf-c9d9-4c1d-97f4-516b572b2f9d,1697663552731366666
6a69421f-e399-4db8-897a-d8ef21b5e0a7,707b6ccf-c9d9-4c1d-97f4-516b572b2f9d,1697663552767044444
6a69421f-e399-4db8-897a-d8ef21b5e0a7,707b6ccf-c9d9-4c1d-97f4-516b572b2f9d,1697663552800011111
6a69421f-e399-4db8-897a-d8ef21b5e0a7,707b6ccf-c9d9-4c1d-97f4-516b572b2f9d,1697663552831111111
6a69421f-e399-4db8-897a-d8ef21b5e0a7,707b6ccf-c9d9-4c1d-97f4-516b572b2f9d,1697663552863055555
6a69421f-e399-4db8-897a-d8ef21b5e0a7,707b6ccf-c9d9-4c1d-97f4-516b572b2f9d,1697663552898544444
6a69421f-e399-4db8-897a-d8ef21b5e0a7,707b6ccf-c9d9-4c1d-97f4-516b572b2f9d,1697663552929666666
6a69421f-e399-4db8-897a-d8ef21b5e0a7,707b6ccf-c9d9-4c1d-97f4-516b572b2f9d,1697663552965677777
6a69421f-e399-4db8-897a-d8ef21b5e0a7,707b6ccf-c9d9-4c1d-97f4-516b572b2f9d,1697663553000088888
6a69421f-e399-4db8-897a-d8ef21b5e0a7,707b6ccf-c9d9-4c1d-97f4-516b572b2f9d,1697663553041622222
6a69421f-e399-4db8-897a-d8ef21b5e0a7,707b6ccf-c9d9-4c1d-97f4-516b572b2f9d,1697663553057166666
6a69421f-e399-4db8-897a-d8ef21b5e0a7,707b6ccf-c9d9-4c1d-97f4-516b572b2f9d,1697663553092366666
6a69421f-e399-4db8-897a-d8ef21b5e0a7,707b6ccf-c9d9-4c1d-97f4-516b572b2f9d,1697663553135300000
6a69421f-e399-4db8-897a-d8ef21b5e0a7,707b6ccf-c9d9-4c1d-97f4-516b572b2f9d,1697663553157511111
6a69421f-e399-4db8-897a-d8ef21b5e0a7,707b6ccf-c9d9-4c1d-97f4-516b572b2f9d,1697663553198622222
6a69421f-e399-4db8-897a-d8ef21b5e0a7,707b6ccf-c9d9-4c1d-97f4-516b572b2f9d,1697663553232533333
6a69421f-e399-4db8-897a-d8ef21b5e0a7,707b6ccf-c9d9-4c1d-97f4-516b572b2f9d,1697663553262511111
6a69421f-e399-4db8-897a-d8ef21b5e0a7,707b6ccf-c9d9-4c1d-97f4-516b572b2f9d,1697663553301100000
6a69421f-e399-4db8-897a-d8ef21b5e0a7,707b6ccf-c9d9-4c1d-97f4-516b572b2f9d,1697663553323822222
6a69421f-e399-4db8-897a-d8ef21b5e0a7,707b6ccf-c9d9-4c1d-97f4-516b572b2f9d,1697663553366844444
6a69421f-e399-4db8-897a-d8ef21b5e0a7,707b6ccf-c9d9-4c1d-97f4-516b572b2f9d,1697663553401188888
6a69421f-e399-4db8-897a-d8ef21b5e0a7,707b6ccf-c9d9-4c1d-97f4-516b572b2f9d,1697663553430466666
6a69421f-e399-4db8-897a-d8ef21b5e0a7,707b6ccf-c9d9-4c1d-97f4-516b572b2f9d,1697663553463000000
6a69421f-e399-4db8-897a-d8ef21b5e0a7,707b6ccf-c9d9-4c1d-97f4-516b572b2f9d,1697663553499488888
6a69421f-e399-4db8-897a-d8ef21b5e0a7,707b6ccf-c9d9-4c1d-97f4-516b572b2f9d,1697663553531488888
6a69421f-e399-4db8-897a-d8ef21b5e0a7,707b6ccf-c9d9-4c1d-97f4-516b572b2f9d,1697663553566955555
6a69421f-e399-4db8-897a-d8ef21b5e0a7,707b6ccf-c9d9-4c1d-97f4-516b572b2f9d,1697663553600066666
6a69421f-e399-4db8-897a-d8ef21b5e0a7,707b6ccf-c9d9-4c1d-97f4-516b572b2f9d,1697663553630611111
6a69421f-e399-4db8-897a-d8ef21b5e0a7,707b6ccf-c9d9-4c1d-97f4-516b572b2f9d,1697663553663788888
6a69421f-e399-4db8-897a-d8ef21b5e0a7,707b6ccf-c9d9-4c1d-97f4-516b572b2f9d,1697663553692544444
6a69421f-e399-4db8-897a-d8ef21b5e0a7,707b6ccf-c9d9-4c1d-97f4-516b572b2f9d,1697663553742788888
6a69421f-e399-4db8-897a-d8ef21b5e0a7,707b6ccf-c9d9-4c1d-97f4-516b572b2f9d,1697663553758833333
6a69421f-e399-4db8-897a-d8ef21b5e0a7,707b6ccf-c9d9-4c1d-97f4-516b572b2f9d,1697663553790566666
6a69421f-e399-4db8-897a-d8ef21b5e0a7,707b6ccf-c9d9-4c1d-97f4-516b572b2f9d,1697663553833488888
6a69421f-e399-4db8-897a-d8ef21b5e0a7,707b6ccf-c9d9-4c1d-97f4-516b572b2f9d,1697663553853666666
6a69421f-e399-4db8-897a-d8ef21b5e0a7,707b6ccf-c9d9-4c1d-97f4-516b572b2f9d,1697663553898300000
6a69421f-e399-4db8-897a-d8ef21b5e0a7,707b6ccf-c9d9-4c1d-97f4-516b572b2f9d,1697663553930911111
6a69421f-e399-4db8-897a-d8ef21b5e0a7,707b6ccf-c9d9-4c1d-97f4-516b572b2f9d,1697663553963422222
6a69421f-e399-4db8-897a-d8ef21b5e0a7,707b6ccf-c9d9-4c1d-97f4-516b572b2f9d,1697663553999377777
6a69421f-e399-4db8-897a-d8ef21b5e0a7,707b6ccf-c9d9-4c1d-97f4-516b572b2f9d,1697663554032033333
6a69421f-e399-4db8-897a-d8ef21b5e0a7,707b6ccf-c9d9-4c1d-97f4-516b572b2f9d,1697663554063144444
6a69421f-e399-4db8-897a-d8ef21b5e0a7,707b6ccf-c9d9-4c1d-97f4-516b572b2f9d,1697663554099000000
6a69421f-e399-4db8-897a-d8ef21b5e0a7,707b6ccf-c9d9-4c1d-97f4-516b572b2f9d,1697663554130511111
6a69421f-e399-4db8-897a-d8ef21b5e0a7,707b6ccf-c9d9-4c1d-97f4-516b572b2f9d,1697663554162655555
6a69421f-e399-4db8-897a-d8ef21b5e0a7,707b6ccf-c9d9-4c1d-97f4-516b572b2f9d,1697663554202566666
6a69421f-e399-4db8-897a-d8ef21b5e0a7,707b6ccf-c9d9-4c1d-97f4-516b572b2f9d,1697663554225811111
6a69421f-e399-4db8-897a-d8ef21b5e0a7,707b6ccf-c9d9-4c1d-97f4-516b572b2f9d,1697663554268822222
6a69421f-e399-4db8-897a-d8ef21b5e0a7,707b6ccf-c9d9-4c1d-97f4-516b572b2f9d,1697663554297666666
6a69421f-e399-4db8-897a-d8ef21b5e0a7,707b6ccf-c9d9-4c1d-97f4-516b572b2f9d,1697663554332000000
6a69421f-e399-4db8-897a-d8ef21b5e0a7,707b6ccf-c9d9-4c1d-97f4-516b572b2f9d,1697663554370288888
6a69421f-e399-4db8-897a-d8ef21b5e0a7,707b6ccf-c9d9-4c1d-97f4-516b572b2f9d,1697663554409177777
6a69421f-e399-4db8-897a-d8ef21b5e0a7,707b6ccf-c9d9-4c1d-97f4-516b572b2f9d,1697663554424500000
6a69421f-e399-4db8-897a-d8ef21b5e0a7,707b6ccf-c9d9-4c1d-97f4-516b572b2f9d,1697663554455400000
6a69421f-e399-4db8-897a-d8ef21b5e0a7,707b6ccf-c9d9-4c1d-97f4-516b572b2f9d,1697663554491622222
6a69421f-e399-4db8-897a-d8ef21b5e0a7,707b6ccf-c9d9-4c1d-97f4-516b572b2f9d,1697663554522400000
6a69421f-e399-4db8-897a-d8ef21b5e0a7,707b6ccf-c9d9-4c1d-97f4-516b572b2f9d,1697663554563844444
6a69421f-e399-4db8-897a-d8ef21b5e0a7,707b6ccf-c9d9-4c1d-97f4-516b572b2f9d,1697663554599477777
6a69421f-e399-4db8-897a-d8ef21b5e0a7,707b6ccf-c9d9-4c1d-97f4-516b572b2f9d,1697663554629266666
6a69421f-e399-4db8-897a-d8ef21b5e0a7,707b6ccf-c9d9-4c1d-97f4-516b572b2f9d,1697663554662755555
6a69421f-e399-4db8-897a-d8ef21b5e0a7,707b6ccf-c9d9-4c1d-97f4-516b572b2f9d,1697663554697711111
6a69421f-e399-4db8-897a-d8ef21b5e0a7,707b6ccf-c9d9-4c1d-97f4-516b572b2f9d,1697663554728411111
6a69421f-e399-4db8-897a-d8ef21b5e0a7,707b6ccf-c9d9-4c1d-97f4-516b572b2f9d,1697663554760866666
6a69421f-e399-4db8-897a-d8ef21b5e0a7,707b6ccf-c9d9-4c1d-97f4-516b572b2f9d,1697663554804055555
6a69421f-e399-4db8-897a-d8ef21b5e0a7,707b6ccf-c9d9-4c1d-97f4-516b572b2f9d,1697663554831666666
6a69421f-e399-4db8-897a-d8ef21b5e0a7,707b6ccf-c9d9-4c1d-97f4-516b572b2f9d,1697663554864133333
6a69421f-e399-4db8-897a-d8ef21b5e0a7,707b6ccf-c9d9-4c1d-97f4-516b572b2f9d,1697663554903166666
6a69421f-e399-4db8-897a-d8ef21b5e0a7,707b6ccf-c9d9-4c1d-97f4-516b572b2f9d,1697663554931344444
6a69421f-e399-4db8-897a-d8ef21b5e0a7,707b6ccf-c9d9-4c1d-97f4-516b572b2f9d,1697663554964055555
6a69421f-e399-4db8-897a-d8ef21b5e0a7,707b6ccf-c9d9-4c1d-97f4-516b572b2f9d,1697663555002155555
6a69421f-e399-4db8-897a-d8ef21b5e0a7,707b6ccf-c9d9-4c1d-97f4-516b572b2f9d,1697663555031211111
6a69421f-e399-4db8-897a-d8ef21b5e0a7,707b6ccf-c9d9-4c1d-97f4-516b572b2f9d,1697663555058200000
6a69421f-e399-4db8-897a-d8ef21b5e0a7,707b6ccf-c9d9-4c1d-97f4-516b572b2f9d,1697663555111300000
6a69421f-e399-4db8-897a-d8ef21b5e0a7,707b6ccf-c9d9-4c1d-97f4-516b572b2f9d,1697663555122522222
6a69421f-e399-4db8-897a-d8ef21b5e0a7,707b6ccf-c9d9-4c1d-97f4-516b572b2f9d,1697663555157711111
6a69421f-e399-4db8-897a-d8ef21b5e0a7,707b6ccf-c9d9-4c1d-97f4-516b572b2f9d,1697663555190200000
6a69421f-e399-4db8-897a-d8ef21b5e0a7,707b6ccf-c9d9-4c1d-97f4-516b572b2f9d,1697663555228988888
6a69421f-e399-4db8-897a-d8ef21b5e0a7,707b6ccf-c9d9-4c1d-97f4-516b572b2f9d,1697663555261833333
6a69421f-e399-4db8-897a-d8ef21b5e0a7,707b6ccf-c9d9-4c1d-97f4-516b572b2f9d,1697663555298855555
6a69421f-e399-4db8-897a-d8ef21b5e0a7,707b6ccf-c9d9-4c1d-97f4-516b572b2f9d,1697663555331811111
6a69421f-e399-4db8-897a-d8ef21b5e0a7,707b6ccf-c9d9-4c1d-97f4-516b572b2f9d,1697663555365000000
6a69421f-e399-4db8-897a-d8ef21b5e0a7,707b6ccf-c9d9-4c1d-97f4-516b572b2f9d,1697663555401200000
6a69421f-e399-4db8-897a-d8ef21b5e0a7,707b6ccf-c9d9-4c1d-97f4-516b572b2f9d,1697663555429422222
6a69421f-e399-4db8-897a-d8ef21b5e0a7,707b6ccf-c9d9-4c1d-97f4-516b572b2f9d,1697663555463000000
6a69421f-e399-4db8-897a-d8ef21b5e0a7,707b6ccf-c9d9-4c1d-97f4-516b572b2f9d,1697663555500344444
6a69421f-e399-4db8-897a-d8ef21b5e0a7,707b6ccf-c9d9-4c1d-97f4-516b572b2f9d,1697663555530155555
6a69421f-e399-4db8-897a-d8ef21b5e0a7,707b6ccf-c9d9-4c1d-97f4-516b572b2f9d,1697663555562055555
6a69421f-e399-4db8-897a-d8ef21b5e0a7,707b6ccf-c9d9-4c1d-97f4-516b572b2f9d,1697663555602166666
6a69421f-e399-4db8-897a-d8ef21b5e0a7,707b6ccf-c9d9-4c1d-97f4-516b572b2f9d,1697663555627655555
6a69421f-e399-4db8-897a-d8ef21b5e0a7,707b6ccf-c9d9-4c1d-97f4-516b572b2f9d,1697663555669055555
6a69421f-e399-4db8-897a-d8ef21b5e0a7,707b6ccf-c9d9-4c1d-97f4-516b572b2f9d,1697663555695188888
6a69421f-e399-4db8-897a-d8ef21b5e0a7,707b6ccf-c9d9-4c1d-97f4-516b572b2f9d,1697663555722711111
6a69421f-e399-4db8-897a-d8ef21b5e0a7,707b6ccf-c9d9-4c1d-97f4-516b572b2f9d,1697663555769511111
6a69421f-e399-4db8-897a-d8ef21b5e0a7,707b6ccf-c9d9-4c1d-97f4-516b572b2f9d,1697663555789377777
6a69421f-e399-4db8-897a-d8ef21b5e0a7,707b6ccf-c9d9-4c1d-97f4-516b572b2f9d,1697663555827933333
6a69421f-e399-4db8-897a-d8ef21b5e0a7,707b6ccf-c9d9-4c1d-97f4-516b572b2f9d,1697663555854144444
6a69421f-e399-4db8-897a-d8ef21b5e0a7,707b6ccf-c9d9-4c1d-97f4-516b572b2f9d,1697663555895400000
6a69421f-e399-4db8-897a-d8ef21b5e0a7,707b6ccf-c9d9-4c1d-97f4-516b572b2f9d,1697663555931666666
6a69421f-e399-4db8-897a-d8ef21b5e0a7,707b6ccf-c9d9-4c1d-97f4-516b572b2f9d,1697663555962544444
6a69421f-e399-4db8-897a-d8ef21b5e0a7,707b6ccf-c9d9-4c1d-97f4-516b572b2f9d,1697663555997266666
6a69421f-e399-4db8-897a-d8ef21b5e0a7,707b6ccf-c9d9-4c1d-97f4-516b572b2f9d,1697663556034611111
6a69421f-e399-4db8-897a-d8ef21b5e0a7,707b6ccf-c9d9-4c1d-97f4-516b572b2f9d,1697663556063177777
6a69421f-e399-4db8-897a-d8ef21b5e0a7,707b6ccf-c9d9-4c1d-97f4-516b572b2f9d,1697663556096600000
6a69421f-e399-4db8-897a-d8ef21b5e0a7,707b6ccf-c9d9-4c1d-97f4-516b572b2f9d,1697663556130844444
6a69421f-e399-4db8-897a-d8ef21b5e0a7,707b6ccf-c9d9-4c1d-97f4-516b572b2f9d,1697663556162866666
6a69421f-e399-4db8-897a-d8ef21b5e0a7,707b6ccf-c9d9-4c1d-97f4-516b572b2f9d,1697663556194033333
6a69421f-e399-4db8-897a-d8ef21b5e0a7,707b6ccf-c9d9-4c1d-97f4-516b572b2f9d,1697663556229466666
6a69421f-e399-4db8-897a-d8ef21b5e0a7,707b6ccf-c9d9-4c1d-97f4-516b572b2f9d,1697663556267722222
6a69421f-e399-4db8-897a-d8ef21b5e0a7,707b6ccf-c9d9-4c1d-97f4-516b572b2f9d,1697663556298866666
6a69421f-e399-4db8-897a-d8ef21b5e0a7,707b6ccf-c9d9-4c1d-97f4-516b572b2f9d,1697663556332411111
6a69421f-e399-4db8-897a-d8ef21b5e0a7,707b6ccf-c9d9-4c1d-97f4-516b572b2f9d,1697663556368888888
6a69421f-e399-4db8-897a-d8ef21b5e0a7,707b6ccf-c9d9-4c1d-97f4-516b572b2f9d,1697663556387700000
6a69421f-e399-4db8-897a-d8ef21b5e0a7,707b6ccf-c9d9-4c1d-97f4-516b572b2f9d,1697663556421977777
6a69421f-e399-4db8-897a-d8ef21b5e0a7,707b6ccf-c9d9-4c1d-97f4-516b572b2f9d,1697663556454044444
6a69421f-e399-4db8-897a-d8ef21b5e0a7,707b6ccf-c9d9-4c1d-97f4-516b572b2f9d,1697663556488755555
6a69421f-e399-4db8-897a-d8ef21b5e0a7,707b6ccf-c9d9-4c1d-97f4-516b572b2f9d,1697663556541688888
6a69421f-e399-4db8-897a-d8ef21b5e0a7,707b6ccf-c9d9-4c1d-97f4-516b572b2f9d,1697663556555077777
6a69421f-e399-4db8-897a-d8ef21b5e0a7,707b6ccf-c9d9-4c1d-97f4-516b572b2f9d,1697663556597911111
6a69421f-e399-4db8-897a-d8ef21b5e0a7,707b6ccf-c9d9-4c1d-97f4-516b572b2f9d,1697663556632355555
6a69421f-e399-4db8-897a-d8ef21b5e0a7,707b6ccf-c9d9-4c1d-97f4-516b572b2f9d,1697663556661677777
6a69421f-e399-4db8-897a-d8ef21b5e0a7,707b6ccf-c9d9-4c1d-97f4-516b572b2f9d,1697663556694866666
6a69421f-e399-4db8-897a-d8ef21b5e0a7,707b6ccf-c9d9-4c1d-97f4-516b572b2f9d,1697663556729311111
6a69421f-e399-4db8-897a-d8ef21b5e0a7,707b6ccf-c9d9-4c1d-97f4-516b572b2f9d,1697663556762166666
6a69421f-e399-4db8-897a-d8ef21b5e0a7,707b6ccf-c9d9-4c1d-97f4-516b572b2f9d,1697663556795411111
6a69421f-e399-4db8-897a-d8ef21b5e0a7,707b6ccf-c9d9-4c1d-97f4-516b572b2f9d,1697663556829844444
6a69421f-e399-4db8-897a-d8ef21b5e0a7,707b6ccf-c9d9-4c1d-97f4-516b572b2f9d,1697663556860700000
6a69421f-e399-4db8-897a-d8ef21b5e0a7,707b6ccf-c9d9-4c1d-97f4-516b572b2f9d,1697663556896488888
6a69421f-e399-4db8-897a-d8ef21b5e0a7,707b6ccf-c9d9-4c1d-97f4-516b572b2f9d,1697663556930833333
6a69421f-e399-4db8-897a-d8ef21b5e0a7,707b6ccf-c9d9-4c1d-97f4-516b572b2f9d,1697663556970888888
6a69421f-e399-4db8-897a-d8ef21b5e0a7,707b6ccf-c9d9-4c1d-97f4-516b572b2f9d,1697663556994911111
6a69421f-e399-4db8-897a-d8ef21b5e0a7,707b6ccf-c9d9-4c1d-97f4-516b572b2f9d,1697663557040622222
6a69421f-e399-4db8-897a-d8ef21b5e0a7,707b6ccf-c9d9-4c1d-97f4-516b572b2f9d,1697663557056977777
6a69421f-e399-4db8-897a-d8ef21b5e0a7,707b6ccf-c9d9-4c1d-97f4-516b572b2f9d,1697663557092322222
6a69421f-e399-4db8-897a-d8ef21b5e0a7,707b6ccf-c9d9-4c1d-97f4-516b572b2f9d,1697663557125611111
6a69421f-e399-4db8-897a-d8ef21b5e0a7,707b6ccf-c9d9-4c1d-97f4-516b572b2f9d,1697663557156766666
6a69421f-e399-4db8-897a-d8ef21b5e0a7,707b6ccf-c9d9-4c1d-97f4-516b572b2f9d,1697663557189766666
6a69421f-e399-4db8-897a-d8ef21b5e0a7,707b6ccf-c9d9-4c1d-97f4-516b572b2f9d,1697663557229988888
6a69421f-e399-4db8-897a-d8ef21b5e0a7,707b6ccf-c9d9-4c1d-97f4-516b572b2f9d,1697663557262722222
6a69421f-e399-4db8-897a-d8ef21b5e0a7,707b6ccf-c9d9-4c1d-97f4-516b572b2f9d,1697663557294911111
6a69421f-e399-4db8-897a-d8ef21b5e0a7,707b6ccf-c9d9-4c1d-97f4-516b572b2f9d,1697663557332033333
6a69421f-e399-4db8-897a-d8ef21b5e0a7,707b6ccf-c9d9-4c1d-97f4-516b572b2f9d,1697663557363733333
6a69421f-e399-4db8-897a-d8ef21b5e0a7,707b6ccf-c9d9-4c1d-97f4-516b572b2f9d,1697663557394822222
6a69421f-e399-4db8-897a-d8ef21b5e0a7,707b6ccf-c9d9-4c1d-97f4-516b572b2f9d,1697663557428766666
6a69421f-e399-4db8-897a-d8ef21b5e0a7,707b6ccf-c9d9-4c1d-97f4-516b572b2f9d,1697663557460888888
6a69421f-e399-4db8-897a-d8ef21b5e0a7,707b6ccf-c9d9-4c1d-97f4-516b572b2f9d,1697663557494422222
6a69421f-e399-4db8-897a-d8ef21b5e0a7,707b6ccf-c9d9-4c1d-97f4-516b572b2f9d,1697663557532277777
6a69421f-e399-4db8-897a-d8ef21b5e0a7,707b6ccf-c9d9-4c1d-97f4-516b572b2f9d,1697663557564400000
6a69421f-e399-4db8-897a-d8ef21b5e0a7,707b6ccf-c9d9-4c1d-97f4-516b572b2f9d,1697663557597600000
6a69421f-e399-4db8-897a-d8ef21b5e0a7,707b6ccf-c9d9-4c1d-97f4-516b572b2f9d,1697663557633177777
6a69421f-e399-4db8-897a-d8ef21b5e0a7,707b6ccf-c9d9-4c1d-97f4-516b572b2f9d,1697663557664566666
6a69421f-e399-4db8-897a-d8ef21b5e0a7,707b6ccf-c9d9-4c1d-97f4-516b572b2f9d,1697663557700033333
6a69421f-e399-4db8-897a-d8ef21b5e0a7,707b6ccf-c9d9-4c1d-97f4-516b572b2f9d,1697663557723177777
6a69421f-e399-4db8-897a-d8ef21b5e0a7,707b6ccf-c9d9-4c1d-97f4-516b572b2f9d,1697663557757122222
6a69421f-e399-4db8-897a-d8ef21b5e0a7,707b6ccf-c9d9-4c1d-97f4-516b572b2f9d,1697663557786477777
6a69421f-e399-4db8-897a-d8ef21b5e0a7,707b6ccf-c9d9-4c1d-97f4-516b572b2f9d,1697663557822688888
6a69421f-e399-4db8-897a-d8ef21b5e0a7,707b6ccf-c9d9-4c1d-97f4-516b572b2f9d,1697663557862377777
6a69421f-e399-4db8-897a-d8ef21b5e0a7,707b6ccf-c9d9-4c1d-97f4-516b572b2f9d,1697663557888944444
6a69421f-e399-4db8-897a-d8ef21b5e0a7,707b6ccf-c9d9-4c1d-97f4-516b572b2f9d,1697663557930744444
6a69421f-e399-4db8-897a-d8ef21b5e0a7,707b6ccf-c9d9-4c1d-97f4-516b572b2f9d,1697663557963366666
6a69421f-e399-4db8-897a-d8ef21b5e0a7,707b6ccf-c9d9-4c1d-97f4-516b572b2f9d,1697663557996922222
6a69421f-e399-4db8-897a-d8ef21b5e0a7,707b6ccf-c9d9-4c1d-97f4-516b572b2f9d,1697663558031100000
6a69421f-e399-4db8-897a-d8ef21b5e0a7,707b6ccf-c9d9-4c1d-97f4-516b572b2f9d,1697663558065333333
6a69421f-e399-4db8-897a-d8ef21b5e0a7,707b6ccf-c9d9-4c1d-97f4-516b572b2f9d,1697663558095211111
6a69421f-e399-4db8-897a-d8ef21b5e0a7,707b6ccf-c9d9-4c1d-97f4-516b572b2f9d,1697663558131544444
6a69421f-e399-4db8-897a-d8ef21b5e0a7,707b6ccf-c9d9-4c1d-97f4-516b572b2f9d,1697663558166655555
6a69421f-e399-4db8-897a-d8ef21b5e0a7,707b6ccf-c9d9-4c1d-97f4-516b572b2f9d,1697663558197588888
6a69421f-e399-4db8-897a-d8ef21b5e0a7,707b6ccf-c9d9-4c1d-97f4-516b572b2f9d,1697663558230088888
6a69421f-e399-4db8-897a-d8ef21b5e0a7,707b6ccf-c9d9-4c1d-97f4-516b572b2f9d,1697663558261566666
6a69421f-e399-4db8-897a-d8ef21b5e0a7,707b6ccf-c9d9-4c1d-97f4-516b572b2f9d,1697663558292944444
6a69421f-e399-4db8-897a-d8ef21b5e0a7,707b6ccf-c9d9-4c1d-97f4-516b572b2f9d,1697663558330322222
6a69421f-e399-4db8-897a-d8ef21b5e0a7,707b6ccf-c9d9-4c1d-97f4-516b572b2f9d,1697663558366588888
6a69421f-e399-4db8-897a-d8ef21b5e0a7,707b6ccf-c9d9-4c1d-97f4-516b572b2f9d,1697663558404400000
6a69421f-e399-4db8-897a-d8ef21b5e0a7,707b6ccf-c9d9-4c1d-97f4-516b572b2f9d,1697663558423311111
6a69421f-e399-4db8-897a-d8ef21b5e0a7,707b6ccf-c9d9-4c1d-97f4-516b572b2f9d,1697663558456022222
6a69421f-e399-4db8-897a-d8ef21b5e0a7,707b6ccf-c9d9-4c1d-97f4-516b572b2f9d,1697663558490766666
6a69421f-e399-4db8-897a-d8ef21b5e0a7,707b6ccf-c9d9-4c1d-97f4-516b572b2f9d,1697663558522711111
6a69421f-e399-4db8-897a-d8ef21b5e0a7,707b6ccf-c9d9-4c1d-97f4-516b572b2f9d,1697663558561311111
6a69421f-e399-4db8-897a-d8ef21b5e0a7,707b6ccf-c9d9-4c1d-97f4-516b572b2f9d,1697663558597166666
6a69421f-e399-4db8-897a-d8ef21b5e0a7,707b6ccf-c9d9-4c1d-97f4-516b572b2f9d,1697663558629566666
6a69421f-e399-4db8-897a-d8ef21b5e0a7,707b6ccf-c9d9-4c1d-97f4-516b572b2f9d,1697663558662888888
6a69421f-e399-4db8-897a-d8ef21b5e0a7,707b6ccf-c9d9-4c1d-97f4-516b572b2f9d,1697663558699744444
6a69421f-e399-4db8-897a-d8ef21b5e0a7,707b6ccf-c9d9-4c1d-97f4-516b572b2f9d,1697663558731600000
6a69421f-e399-4db8-897a-d8ef21b5e0a7,707b6ccf-c9d9-4c1d-97f4-516b572b2f9d,1697663558763933333
6a69421f-e399-4db8-897a-d8ef21b5e0a7,707b6ccf-c9d9-4c1d-97f4-516b572b2f9d,1697663558795533333
6a69421f-e399-4db8-897a-d8ef21b5e0a7,707b6ccf-c9d9-4c1d-97f4-516b572b2f9d,1697663558832211111
6a69421f-e399-4db8-897a-d8ef21b5e0a7,707b6ccf-c9d9-4c1d-97f4-516b572b2f9d,1697663558865644444
6a69421f-e399-4db8-897a-d8ef21b5e0a7,707b6ccf-c9d9-4c1d-97f4-516b572b2f9d,1697663558896722222
6a69421f-e399-4db8-897a-d8ef21b5e0a7,707b6ccf-c9d9-4c1d-97f4-516b572b2f9d,1697663558927544444
6a69421f-e399-4db8-897a-d8ef21b5e0a7,707b6ccf-c9d9-4c1d-97f4-516b572b2f9d,1697663558968055555
6a69421f-e399-4db8-897a-d8ef21b5e0a7,707b6ccf-c9d9-4c1d-97f4-516b572b2f9d,1697663558995622222
6a69421f-e399-4db8-897a-d8ef21b5e0a7,707b6ccf-c9d9-4c1d-97f4-516b572b2f9d,1697663559028555555
6a69421f-e399-4db8-897a-d8ef21b5e0a7,707b6ccf-c9d9-4c1d-97f4-516b572b2f9d,1697663559072666666
6a69421f-e399-4db8-897a-d8ef21b5e0a7,707b6ccf-c9d9-4c1d-97f4-516b572b2f9d,1697663559087700000
6a69421f-e399-4db8-897a-d8ef21b5e0a7,707b6ccf-c9d9-4c1d-97f4-516b572b2f9d,1697663559133788888
6a69421f-e399-4db8-897a-d8ef21b5e0a7,707b6ccf-c9d9-4c1d-97f4-516b572b2f9d,1697663559153755555
6a69421f-e399-4db8-897a-d8ef21b5e0a7,707b6ccf-c9d9-4c1d-97f4-516b572b2f9d,1697663559186733333
6a69421f-e399-4db8-897a-d8ef21b5e0a7,707b6ccf-c9d9-4c1d-97f4-516b572b2f9d,1697663559227288888
6a69421f-e399-4db8-897a-d8ef21b5e0a7,707b6ccf-c9d9-4c1d-97f4-516b572b2f9d,1697663559265722222
6a69421f-e399-4db8-897a-d8ef21b5e0a7,707b6ccf-c9d9-4c1d-97f4-516b572b2f9d,1697663559295188888
6a69421f-e399-4db8-897a-d8ef21b5e0a7,707b6ccf-c9d9-4c1d-97f4-516b572b2f9d,1697663559325655555
6a69421f-e399-4db8-897a-d8ef21b5e0a7,707b6ccf-c9d9-4c1d-97f4-516b572b2f9d,1697663559362777777
6a69421f-e399-4db8-897a-d8ef21b5e0a7,707b6ccf-c9d9-4c1d-97f4-516b572b2f9d,1697663559398144444
6a69421f-e399-4db8-897a-d8ef21b5e0a7,707b6ccf-c9d9-4c1d-97f4-516b572b2f9d,1697663559428433333
6a69421f-e399-4db8-897a-d8ef21b5e0a7,707b6ccf-c9d9-4c1d-97f4-516b572b2f9d,1697663559463566666
6a69421f-e399-4db8-897a-d8ef21b5e0a7,707b6ccf-c9d9-4c1d-97f4-516b572b2f9d,1697663559497533333
6a69421f-e399-4db8-897a-d8ef21b5e0a7,707b6ccf-c9d9-4c1d-97f4-516b572b2f9d,1697663559527711111
6a69421f-e399-4db8-897a-d8ef21b5e0a7,707b6ccf-c9d9-4c1d-97f4-516b572b2f9d,1697663559567433333
6a69421f-e399-4db8-897a-d8ef21b5e0a7,707b6ccf-c9d9-4c1d-97f4-516b572b2f9d,1697663559595722222
6a69421f-e399-4db8-897a-d8ef21b5e0a7,707b6ccf-c9d9-4c1d-97f4-516b572b2f9d,1697663559628577777
6a69421f-e399-4db8-897a-d8ef21b5e0a7,707b6ccf-c9d9-4c1d-97f4-516b572b2f9d,1697663559668244444
6a69421f-e399-4db8-897a-d8ef21b5e0a7,707b6ccf-c9d9-4c1d-97f4-516b572b2f9d,1697663559694955555
6a69421f-e399-4db8-897a-d8ef21b5e0a7,707b6ccf-c9d9-4c1d-97f4-516b572b2f9d,1697663559722788888
6a69421f-e399-4db8-897a-d8ef21b5e0a7,707b6ccf-c9d9-4c1d-97f4-516b572b2f9d,1697663559772700000
6a69421f-e399-4db8-897a-d8ef21b5e0a7,707b6ccf-c9d9-4c1d-97f4-516b572b2f9d,1697663559789811111
6a69421f-e399-4db8-897a-d8ef21b5e0a7,707b6ccf-c9d9-4c1d-97f4-516b572b2f9d,1697663559820433333
6a69421f-e399-4db8-897a-d8ef21b5e0a7,707b6ccf-c9d9-4c1d-97f4-516b572b2f9d,1697663559853655555
6a69421f-e399-4db8-897a-d8ef21b5e0a7,707b6ccf-c9d9-4c1d-97f4-516b572b2f9d,1697663559895777777
6a69421f-e399-4db8-897a-d8ef21b5e0a7,707b6ccf-c9d9-4c1d-97f4-516b572b2f9d,1697663559928511111
6a69421f-e399-4db8-897a-d8ef21b5e0a7,707b6ccf-c9d9-4c1d-97f4-516b572b2f9d,1697663559963655555
6a69421f-e399-4db8-897a-d8ef21b5e0a7,707b6ccf-c9d9-4c1d-97f4-516b572b2f9d,1697663559995611111
6a69421f-e399-4db8-897a-d8ef21b5e0a7,707b6ccf-c9d9-4c1d-97f4-516b572b2f9d,1697663560026488888
6a69421f-e399-4db8-897a-d8ef21b5e0a7,707b6ccf-c9d9-4c1d-97f4-516b572b2f9d,1697663560064344444
6a69421f-e399-4db8-897a-d8ef21b5e0a7,707b6ccf-c9d9-4c1d-97f4-516b572b2f9d,1697663560095133333
6a69421f-e399-4db8-897a-d8ef21b5e0a7,707b6ccf-c9d9-4c1d-97f4-516b572b2f9d,1697663560126355555
6a69421f-e399-4db8-897a-d8ef21b5e0a7,707b6ccf-c9d9-4c1d-97f4-516b572b2f9d,1697663560162511111
6a69421f-e399-4db8-897a-d8ef21b5e0a7,707b6ccf-c9d9-4c1d-97f4-516b572b2f9d,1697663560194933333
6a69421f-e399-4db8-897a-d8ef21b5e0a7,707b6ccf-c9d9-4c1d-97f4-516b572b2f9d,1697663560224377777
6a69421f-e399-4db8-897a-d8ef21b5e0a7,707b6ccf-c9d9-4c1d-97f4-516b572b2f9d,1697663560263844444
6a69421f-e399-4db8-897a-d8ef21b5e0a7,707b6ccf-c9d9-4c1d-97f4-516b572b2f9d,1697663560294233333
6a69421f-e399-4db8-897a-d8ef21b5e0a7,707b6ccf-c9d9-4c1d-97f4-516b572b2f9d,1697663560325722222
6a69421f-e399-4db8-897a-d8ef21b5e0a7,707b6ccf-c9d9-4c1d-97f4-516b572b2f9d,1697663560362222222
6a69421f-e399-4db8-897a-d8ef21b5e0a7,707b6ccf-c9d9-4c1d-97f4-516b572b2f9d,1697663560391566666
6a69421f-e399-4db8-897a-d8ef21b5e0a7,707b6ccf-c9d9-4c1d-97f4-516b572b2f9d,1697663560440655555
6a69421f-e399-4db8-897a-d8ef21b5e0a7,707b6ccf-c9d9-4c1d-97f4-516b572b2f9d,1697663560467800000
6a69421f-e399-4db8-897a-d8ef21b5e0a7,707b6ccf-c9d9-4c1d-97f4-516b572b2f9d,1697663560489033333
6a69421f-e399-4db8-897a-d8ef21b5e0a7,707b6ccf-c9d9-4c1d-97f4-516b572b2f9d,1697663560519577777
6a69421f-e399-4db8-897a-d8ef21b5e0a7,707b6ccf-c9d9-4c1d-97f4-516b572b2f9d,1697663560557033333
6a69421f-e399-4db8-897a-d8ef21b5e0a7,707b6ccf-c9d9-4c1d-97f4-516b572b2f9d,1697663560599455555
6a69421f-e399-4db8-897a-d8ef21b5e0a7,707b6ccf-c9d9-4c1d-97f4-516b572b2f9d,1697663560627388888
6a69421f-e399-4db8-897a-d8ef21b5e0a7,707b6ccf-c9d9-4c1d-97f4-516b572b2f9d,1697663560662766666
6a69421f-e399-4db8-897a-d8ef21b5e0a7,707b6ccf-c9d9-4c1d-97f4-516b572b2f9d,1697663560695600000
6a69421f-e399-4db8-897a-d8ef21b5e0a7,707b6ccf-c9d9-4c1d-97f4-516b572b2f9d,1697663560726533333
6a69421f-e399-4db8-897a-d8ef21b5e0a7,707b6ccf-c9d9-4c1d-97f4-516b572b2f9d,1697663560765977777
6a69421f-e399-4db8-897a-d8ef21b5e0a7,707b6ccf-c9d9-4c1d-97f4-516b572b2f9d,1697663560796811111
6a69421f-e399-4db8-897a-d8ef21b5e0a7,707b6ccf-c9d9-4c1d-97f4-516b572b2f9d,1697663560824577777
6a69421f-e399-4db8-897a-d8ef21b5e0a7,707b6ccf-c9d9-4c1d-97f4-516b572b2f9d,1697663560863422222
6a69421f-e399-4db8-897a-d8ef21b5e0a7,707b6ccf-c9d9-4c1d-97f4-516b572b2f9d,1697663560895566666
6a69421f-e399-4db8-897a-d8ef21b5e0a7,707b6ccf-c9d9-4c1d-97f4-516b572b2f9d,1697663560925677777
6a69421f-e399-4db8-897a-d8ef21b5e0a7,707b6ccf-c9d9-4c1d-97f4-516b572b2f9d,1697663560963533333
6a69421f-e399-4db8-897a-d8ef21b5e0a7,707b6ccf-c9d9-4c1d-97f4-516b572b2f9d,1697663560998744444
6a69421f-e399-4db8-897a-d8ef21b5e0a7,707b6ccf-c9d9-4c1d-97f4-516b572b2f9d,1697663561031811111
6a69421f-e399-4db8-897a-d8ef21b5e0a7,707b6ccf-c9d9-4c1d-97f4-516b572b2f9d,1697663561077788888
6a69421f-e399-4db8-897a-d8ef21b5e0a7,707b6ccf-c9d9-4c1d-97f4-516b572b2f9d,1697663561096211111
6a69421f-e399-4db8-897a-d8ef21b5e0a7,707b6ccf-c9d9-4c1d-97f4-516b572b2f9d,1697663561119477777
6a69421f-e399-4db8-897a-d8ef21b5e0a7,707b6ccf-c9d9-4c1d-97f4-516b572b2f9d,1697663561156522222
6a69421f-e399-4db8-897a-d8ef21b5e0a7,707b6ccf-c9d9-4c1d-97f4-516b572b2f9d,1697663561188777777
6a69421f-e399-4db8-897a-d8ef21b5e0a7,707b6ccf-c9d9-4c1d-97f4-516b572b2f9d,1697663561226444444
6a69421f-e399-4db8-897a-d8ef21b5e0a7,707b6ccf-c9d9-4c1d-97f4-516b572b2f9d,1697663561263444444
6a69421f-e399-4db8-897a-d8ef21b5e0a7,707b6ccf-c9d9-4c1d-97f4-516b572b2f9d,1697663561295633333
6a69421f-e399-4db8-897a-d8ef21b5e0a7,707b6ccf-c9d9-4c1d-97f4-516b572b2f9d,1697663561329300000
6a69421f-e399-4db8-897a-d8ef21b5e0a7,707b6ccf-c9d9-4c1d-97f4-516b572b2f9d,1697663561363155555
6a69421f-e399-4db8-897a-d8ef21b5e0a7,707b6ccf-c9d9-4c1d-97f4-516b572b2f9d,1697663561395555555
6a69421f-e399-4db8-897a-d8ef21b5e0a7,707b6ccf-c9d9-4c1d-97f4-516b572b2f9d,1697663561425077777
6a69421f-e399-4db8-897a-d8ef21b5e0a7,707b6ccf-c9d9-4c1d-97f4-516b572b2f9d,1697663561470444444
6a69421f-e399-4db8-897a-d8ef21b5e0a7,707b6ccf-c9d9-4c1d-97f4-516b572b2f9d,1697663561495155555
6a69421f-e399-4db8-897a-d8ef21b5e0a7,707b6ccf-c9d9-4c1d-97f4-516b572b2f9d,1697663561527544444
6a69421f-e399-4db8-897a-d8ef21b5e0a7,707b6ccf-c9d9-4c1d-97f4-516b572b2f9d,1697663561564100000
6a69421f-e399-4db8-897a-d8ef21b5e0a7,707b6ccf-c9d9-4c1d-97f4-516b572b2f9d,1697663561598000000
6a69421f-e399-4db8-897a-d8ef21b5e0a7,707b6ccf-c9d9-4c1d-97f4-516b572b2f9d,1697663561627366666
6a69421f-e399-4db8-897a-d8ef21b5e0a7,707b6ccf-c9d9-4c1d-97f4-516b572b2f9d,1697663561664000000
6a69421f-e399-4db8-897a-d8ef21b5e0a7,707b6ccf-c9d9-4c1d-97f4-516b572b2f9d,1697663561695711111
6a69421f-e399-4db8-897a-d8ef21b5e0a7,707b6ccf-c9d9-4c1d-97f4-516b572b2f9d,1697663561743444444
6a69421f-e399-4db8-897a-d8ef21b5e0a7,707b6ccf-c9d9-4c1d-97f4-516b572b2f9d,1697663561757088888
6a69421f-e399-4db8-897a-d8ef21b5e0a7,707b6ccf-c9d9-4c1d-97f4-516b572b2f9d,1697663561785122222
6a69421f-e399-4db8-897a-d8ef21b5e0a7,707b6ccf-c9d9-4c1d-97f4-516b572b2f9d,1697663561821088888
6a69421f-e399-4db8-897a-d8ef21b5e0a7,707b6ccf-c9d9-4c1d-97f4-516b572b2f9d,1697663561853344444
6a69421f-e399-4db8-897a-d8ef21b5e0a7,707b6ccf-c9d9-4c1d-97f4-516b572b2f9d,1697663561898155555
6a69421f-e399-4db8-897a-d8ef21b5e0a7,707b6ccf-c9d9-4c1d-97f4-516b572b2f9d,1697663561927411111
6a69421f-e399-4db8-897a-d8ef21b5e0a7,707b6ccf-c9d9-4c1d-97f4-516b572b2f9d,1697663561963466666
6a69421f-e399-4db8-897a-d8ef21b5e0a7,707b6ccf-c9d9-4c1d-97f4-516b572b2f9d,1697663561997311111
6a69421f-e399-4db8-897a-d8ef21b5e0a7,707b6ccf-c9d9-4c1d-97f4-516b572b2f9d,1697663562027966666
6a69421f-e399-4db8-897a-d8ef21b5e0a7,707b6ccf-c9d9-4c1d-97f4-516b572b2f9d,1697663562062044444
6a69421f-e399-4db8-897a-d8ef21b5e0a7,707b6ccf-c9d9-4c1d-97f4-516b572b2f9d,1697663562094366666
6a69421f-e399-4db8-897a-d8ef21b5e0a7,707b6ccf-c9d9-4c1d-97f4-516b572b2f9d,1697663562127611111
6a69421f-e399-4db8-897a-d8ef21b5e0a7,707b6ccf-c9d9-4c1d-97f4-516b572b2f9d,1697663562159777777
6a69421f-e399-4db8-897a-d8ef21b5e0a7,707b6ccf-c9d9-4c1d-97f4-516b572b2f9d,1697663562195933333
6a69421f-e399-4db8-897a-d8ef21b5e0a7,707b6ccf-c9d9-4c1d-97f4-516b572b2f9d,1697663562228266666
6a69421f-e399-4db8-897a-d8ef21b5e0a7,707b6ccf-c9d9-4c1d-97f4-516b572b2f9d,1697663562259933333
6a69421f-e399-4db8-897a-d8ef21b5e0a7,707b6ccf-c9d9-4c1d-97f4-516b572b2f9d,1697663562298366666
6a69421f-e399-4db8-897a-d8ef21b5e0a7,707b6ccf-c9d9-4c1d-97f4-516b572b2f9d,1697663562329211111
6a69421f-e399-4db8-897a-d8ef21b5e0a7,707b6ccf-c9d9-4c1d-97f4-516b572b2f9d,1697663562362033333
6a69421f-e399-4db8-897a-d8ef21b5e0a7,707b6ccf-c9d9-4c1d-97f4-516b572b2f9d,1697663562385288888
6a69421f-e399-4db8-897a-d8ef21b5e0a7,707b6ccf-c9d9-4c1d-97f4-516b572b2f9d,1697663562430177777
6a69421f-e399-4db8-897a-d8ef21b5e0a7,707b6ccf-c9d9-4c1d-97f4-516b572b2f9d,1697663562449200000
6a69421f-e399-4db8-897a-d8ef21b5e0a7,707b6ccf-c9d9-4c1d-97f4-516b572b2f9d,1697663562490111111
6a69421f-e399-4db8-897a-d8ef21b5e0a7,707b6ccf-c9d9-4c1d-97f4-516b572b2f9d,1697663562529233333
6a69421f-e399-4db8-897a-d8ef21b5e0a7,707b6ccf-c9d9-4c1d-97f4-516b572b2f9d,1697663562560677777
6a69421f-e399-4db8-897a-d8ef21b5e0a7,707b6ccf-c9d9-4c1d-97f4-516b572b2f9d,1697663562595044444
6a69421f-e399-4db8-897a-d8ef21b5e0a7,707b6ccf-c9d9-4c1d-97f4-516b572b2f9d,1697663562626033333
6a69421f-e399-4db8-897a-d8ef21b5e0a7,707b6ccf-c9d9-4c1d-97f4-516b572b2f9d,1697663562657622222
6a69421f-e399-4db8-897a-d8ef21b5e0a7,707b6ccf-c9d9-4c1d-97f4-516b572b2f9d,1697663562697088888
6a69421f-e399-4db8-897a-d8ef21b5e0a7,707b6ccf-c9d9-4c1d-97f4-516b572b2f9d,1697663562729022222
6a69421f-e399-4db8-897a-d8ef21b5e0a7,707b6ccf-c9d9-4c1d-97f4-516b572b2f9d,1697663562761966666
6a69421f-e399-4db8-897a-d8ef21b5e0a7,707b6ccf-c9d9-4c1d-97f4-516b572b2f9d,1697663562790944444
6a69421f-e399-4db8-897a-d8ef21b5e0a7,707b6ccf-c9d9-4c1d-97f4-516b572b2f9d,1697663562830155555
6a69421f-e399-4db8-897a-d8ef21b5e0a7,707b6ccf-c9d9-4c1d-97f4-516b572b2f9d,1697663562858155555
6a69421f-e399-4db8-897a-d8ef21b5e0a7,707b6ccf-c9d9-4c1d-97f4-516b572b2f9d,1697663562898044444
6a69421f-e399-4db8-897a-d8ef21b5e0a7,707b6ccf-c9d9-4c1d-97f4-516b572b2f9d,1697663562925000000
6a69421f-e399-4db8-897a-d8ef21b5e0a7,707b6ccf-c9d9-4c1d-97f4-516b572b2f9d,1697663562957988888
6a69421f-e399-4db8-897a-d8ef21b5e0a7,707b6ccf-c9d9-4c1d-97f4-516b572b2f9d,1697663562994988888
6a69421f-e399-4db8-897a-d8ef21b5e0a7,707b6ccf-c9d9-4c1d-97f4-516b572b2f9d,1697663563023977777
6a69421f-e399-4db8-897a-d8ef21b5e0a7,707b6ccf-c9d9-4c1d-97f4-516b572b2f9d,1697663563054722222
6a69421f-e399-4db8-897a-d8ef21b5e0a7,707b6ccf-c9d9-4c1d-97f4-516b572b2f9d,1697663563092188888
6a69421f-e399-4db8-897a-d8ef21b5e0a7,707b6ccf-c9d9-4c1d-97f4-516b572b2f9d,1697663563117666666
6a69421f-e399-4db8-897a-d8ef21b5e0a7,707b6ccf-c9d9-4c1d-97f4-516b572b2f9d,1697663563151277777
6a69421f-e399-4db8-897a-d8ef21b5e0a7,707b6ccf-c9d9-4c1d-97f4-516b572b2f9d,1697663563196533333
6a69421f-e399-4db8-897a-d8ef21b5e0a7,707b6ccf-c9d9-4c1d-97f4-516b572b2f9d,1697663563229488888
6a69421f-e399-4db8-897a-d8ef21b5e0a7,707b6ccf-c9d9-4c1d-97f4-516b572b2f9d,1697663563258966666
6a69421f-e399-4db8-897a-d8ef21b5e0a7,707b6ccf-c9d9-4c1d-97f4-516b572b2f9d,1697663563295977777
6a69421f-e399-4db8-897a-d8ef21b5e0a7,707b6ccf-c9d9-4c1d-97f4-516b572b2f9d,1697663563324722222
6a69421f-e399-4db8-897a-d8ef21b5e0a7,707b6ccf-c9d9-4c1d-97f4-516b572b2f9d,1697663563358255555
6a69421f-e399-4db8-897a-d8ef21b5e0a7,707b6ccf-c9d9-4c1d-97f4-516b572b2f9d,1697663563395777777
6a69421f-e399-4db8-897a-d8ef21b5e0a7,707b6ccf-c9d9-4c1d-97f4-516b572b2f9d,1697663563425355555
6a69421f-e399-4db8-897a-d8ef21b5e0a7,707b6ccf-c9d9-4c1d-97f4-516b572b2f9d,1697663563461166666
6a69421f-e399-4db8-897a-d8ef21b5e0a7,707b6ccf-c9d9-4c1d-97f4-516b572b2f9d,1697663563496677777
6a69421f-e399-4db8-897a-d8ef21b5e0a7,707b6ccf-c9d9-4c1d-97f4-516b572b2f9d,1697663563523677777
6a69421f-e399-4db8-897a-d8ef21b5e0a7,707b6ccf-c9d9-4c1d-97f4-516b572b2f9d,1697663563558933333
6a69421f-e399-4db8-897a-d8ef21b5e0a7,707b6ccf-c9d9-4c1d-97f4-516b572b2f9d,1697663563600588888
6a69421f-e399-4db8-897a-d8ef21b5e0a7,707b6ccf-c9d9-4c1d-97f4-516b572b2f9d,1697663563628355555
6a69421f-e399-4db8-897a-d8ef21b5e0a7,707b6ccf-c9d9-4c1d-97f4-516b572b2f9d,1697663563658677777
6a69421f-e399-4db8-897a-d8ef21b5e0a7,707b6ccf-c9d9-4c1d-97f4-516b572b2f9d,1697663563707211111
6a69421f-e399-4db8-897a-d8ef21b5e0a7,707b6ccf-c9d9-4c1d-97f4-516b572b2f9d,1697663563720166666
6a69421f-e399-4db8-897a-d8ef21b5e0a7,707b6ccf-c9d9-4c1d-97f4-516b572b2f9d,1697663563751700000
6a69421f-e399-4db8-897a-d8ef21b5e0a7,707b6ccf-c9d9-4c1d-97f4-516b572b2f9d,1697663563785277777
6a69421f-e399-4db8-897a-d8ef21b5e0a7,707b6ccf-c9d9-4c1d-97f4-516b572b2f9d,1697663563828800000
6a69421f-e399-4db8-897a-d8ef21b5e0a7,707b6ccf-c9d9-4c1d-97f4-516b572b2f9d,1697663563859477777
6a69421f-e399-4db8-897a-d8ef21b5e0a7,707b6ccf-c9d9-4c1d-97f4-516b572b2f9d,1697663563897211111
6a69421f-e399-4db8-897a-d8ef21b5e0a7,707b6ccf-c9d9-4c1d-97f4-516b572b2f9d,1697663563928433333
6a69421f-e399-4db8-897a-d8ef21b5e0a7,707b6ccf-c9d9-4c1d-97f4-516b572b2f9d,1697663563961322222
6a69421f-e399-4db8-897a-d8ef21b5e0a7,707b6ccf-c9d9-4c1d-97f4-516b572b2f9d,1697663563995200000
6a69421f-e399-4db8-897a-d8ef21b5e0a7,707b6ccf-c9d9-4c1d-97f4-516b572b2f9d,1697663564026555555
6a69421f-e399-4db8-897a-d8ef21b5e0a7,707b6ccf-c9d9-4c1d-97f4-516b572b2f9d,1697663564061177777
6a69421f-e399-4db8-897a-d8ef21b5e0a7,707b6ccf-c9d9-4c1d-97f4-516b572b2f9d,1697663564091011111
6a69421f-e399-4db8-897a-d8ef21b5e0a7,707b6ccf-c9d9-4c1d-97f4-516b572b2f9d,1697663564129688888
6a69421f-e399-4db8-897a-d8ef21b5e0a7,707b6ccf-c9d9-4c1d-97f4-516b572b2f9d,1697663564158188888
6a69421f-e399-4db8-897a-d8ef21b5e0a7,707b6ccf-c9d9-4c1d-97f4-516b572b2f9d,1697663564195277777
6a69421f-e399-4db8-897a-d8ef21b5e0a7,707b6ccf-c9d9-4c1d-97f4-516b572b2f9d,1697663564225677777
6a69421f-e399-4db8-897a-d8ef21b5e0a7,707b6ccf-c9d9-4c1d-97f4-516b572b2f9d,1697663564262077777
6a69421f-e399-4db8-897a-d8ef21b5e0a7,707b6ccf-c9d9-4c1d-97f4-516b572b2f9d,1697663564295166666
6a69421f-e399-4db8-897a-d8ef21b5e0a7,707b6ccf-c9d9-4c1d-97f4-516b572b2f9d,1697663564324800000
6a69421f-e399-4db8-897a-d8ef21b5e0a7,707b6ccf-c9d9-4c1d-97f4-516b572b2f9d,1697663564352011111
6a69421f-e399-4db8-897a-d8ef21b5e0a7,707b6ccf-c9d9-4c1d-97f4-516b572b2f9d,1697663564389200000
6a69421f-e399-4db8-897a-d8ef21b5e0a7,707b6ccf-c9d9-4c1d-97f4-516b572b2f9d,1697663564439677777
6a69421f-e399-4db8-897a-d8ef21b5e0a7,707b6ccf-c9d9-4c1d-97f4-516b572b2f9d,1697663564461188888
6a69421f-e399-4db8-897a-d8ef21b5e0a7,707b6ccf-c9d9-4c1d-97f4-516b572b2f9d,1697663564486266666
6a69421f-e399-4db8-897a-d8ef21b5e0a7,707b6ccf-c9d9-4c1d-97f4-516b572b2f9d,1697663564524555555
6a69421f-e399-4db8-897a-d8ef21b5e0a7,707b6ccf-c9d9-4c1d-97f4-516b572b2f9d,1697663564562066666
6a69421f-e399-4db8-897a-d8ef21b5e0a7,707b6ccf-c9d9-4c1d-97f4-516b572b2f9d,1697663564591255555
6a69421f-e399-4db8-897a-d8ef21b5e0a7,707b6ccf-c9d9-4c1d-97f4-516b572b2f9d,1697663564627966666
6a69421f-e399-4db8-897a-d8ef21b5e0a7,707b6ccf-c9d9-4c1d-97f4-516b572b2f9d,1697663564657255555
6a69421f-e399-4db8-897a-d8ef21b5e0a7,707b6ccf-c9d9-4c1d-97f4-516b572b2f9d,1697663564700700000
6a69421f-e399-4db8-897a-d8ef21b5e0a7,707b6ccf-c9d9-4c1d-97f4-516b572b2f9d,1697663564725511111
6a69421f-e399-4db8-897a-d8ef21b5e0a7,707b6ccf-c9d9-4c1d-97f4-516b572b2f9d,1697663564757711111
6a69421f-e399-4db8-897a-d8ef21b5e0a7,707b6ccf-c9d9-4c1d-97f4-516b572b2f9d,1697663564797600000
6a69421f-e399-4db8-897a-d8ef21b5e0a7,707b6ccf-c9d9-4c1d-97f4-516b572b2f9d,1697663564829633333
6a69421f-e399-4db8-897a-d8ef21b5e0a7,707b6ccf-c9d9-4c1d-97f4-516b572b2f9d,1697663564863555555
6a69421f-e399-4db8-897a-d8ef21b5e0a7,707b6ccf-c9d9-4c1d-97f4-516b572b2f9d,1697663564896211111
6a69421f-e399-4db8-897a-d8ef21b5e0a7,707b6ccf-c9d9-4c1d-97f4-516b572b2f9d,1697663564930555555
6a69421f-e399-4db8-897a-d8ef21b5e0a7,707b6ccf-c9d9-4c1d-97f4-516b572b2f9d,1697663564959411111
6a69421f-e399-4db8-897a-d8ef21b5e0a7,707b6ccf-c9d9-4c1d-97f4-516b572b2f9d,1697663564994288888
6a69421f-e399-4db8-897a-d8ef21b5e0a7,707b6ccf-c9d9-4c1d-97f4-516b572b2f9d,1697663565043088888
6a69421f-e399-4db8-897a-d8ef21b5e0a7,707b6ccf-c9d9-4c1d-97f4-516b572b2f9d,1697663565056877777
6a69421f-e399-4db8-897a-d8ef21b5e0a7,707b6ccf-c9d9-4c1d-97f4-516b572b2f9d,1697663565103088888
6a69421f-e399-4db8-897a-d8ef21b5e0a7,707b6ccf-c9d9-4c1d-97f4-516b572b2f9d,1697663565133011111
6a69421f-e399-4db8-897a-d8ef21b5e0a7,707b6ccf-c9d9-4c1d-97f4-516b572b2f9d,1697663565163233333
6a69421f-e399-4db8-897a-d8ef21b5e0a7,707b6ccf-c9d9-4c1d-97f4-516b572b2f9d,1697663565186188888
6a69421f-e399-4db8-897a-d8ef21b5e0a7,707b6ccf-c9d9-4c1d-97f4-516b572b2f9d,1697663565229955555
6a69421f-e399-4db8-897a-d8ef21b5e0a7,707b6ccf-c9d9-4c1d-97f4-516b572b2f9d,1697663565261988888
6a69421f-e399-4db8-897a-d8ef21b5e0a7,707b6ccf-c9d9-4c1d-97f4-516b572b2f9d,1697663565299488888
6a69421f-e399-4db8-897a-d8ef21b5e0a7,707b6ccf-c9d9-4c1d-97f4-516b572b2f9d,1697663565330988888
6a69421f-e399-4db8-897a-d8ef21b5e0a7,707b6ccf-c9d9-4c1d-97f4-516b572b2f9d,1697663565359811111
6a69421f-e399-4db8-897a-d8ef21b5e0a7,707b6ccf-c9d9-4c1d-97f4-516b572b2f9d,1697663565390311111
6a69421f-e399-4db8-897a-d8ef21b5e0a7,707b6ccf-c9d9-4c1d-97f4-516b572b2f9d,1697663565428266666
6a69421f-e399-4db8-897a-d8ef21b5e0a7,707b6ccf-c9d9-4c1d-97f4-516b572b2f9d,1697663565458955555
6a69421f-e399-4db8-897a-d8ef21b5e0a7,707b6ccf-c9d9-4c1d-97f4-516b572b2f9d,1697663565490811111
6a69421f-e399-4db8-897a-d8ef21b5e0a7,707b6ccf-c9d9-4c1d-97f4-516b572b2f9d,1697663565528788888
6a69421f-e399-4db8-897a-d8ef21b5e0a7,707b6ccf-c9d9-4c1d-97f4-516b572b2f9d,1697663565559233333
6a69421f-e399-4db8-897a-d8ef21b5e0a7,707b6ccf-c9d9-4c1d-97f4-516b572b2f9d,1697663565591711111
6a69421f-e399-4db8-897a-d8ef21b5e0a7,707b6ccf-c9d9-4c1d-97f4-516b572b2f9d,1697663565629211111
6a69421f-e399-4db8-897a-d8ef21b5e0a7,707b6ccf-c9d9-4c1d-97f4-516b572b2f9d,1697663565659422222
6a69421f-e399-4db8-897a-d8ef21b5e0a7,707b6ccf-c9d9-4c1d-97f4-516b572b2f9d,1697663565700822222
6a69421f-e399-4db8-897a-d8ef21b5e0a7,707b6ccf-c9d9-4c1d-97f4-516b572b2f9d,1697663565727255555
6a69421f-e399-4db8-897a-d8ef21b5e0a7,707b6ccf-c9d9-4c1d-97f4-516b572b2f9d,1697663565749355555
6a69421f-e399-4db8-897a-d8ef21b5e0a7,707b6ccf-c9d9-4c1d-97f4-516b572b2f9d,1697663565797688888
6a69421f-e399-4db8-897a-d8ef21b5e0a7,707b6ccf-c9d9-4c1d-97f4-516b572b2f9d,1697663565819566666
6a69421f-e399-4db8-897a-d8ef21b5e0a7,707b6ccf-c9d9-4c1d-97f4-516b572b2f9d,1697663565858177777
6a69421f-e399-4db8-897a-d8ef21b5e0a7,707b6ccf-c9d9-4c1d-97f4-516b572b2f9d,1697663565891788888
6a69421f-e399-4db8-897a-d8ef21b5e0a7,707b6ccf-c9d9-4c1d-97f4-516b572b2f9d,1697663565931044444
6a69421f-e399-4db8-897a-d8ef21b5e0a7,707b6ccf-c9d9-4c1d-97f4-516b572b2f9d,1697663565958533333
6a69421f-e399-4db8-897a-d8ef21b5e0a7,707b6ccf-c9d9-4c1d-97f4-516b572b2f9d,1697663565985433333
6a69421f-e399-4db8-897a-d8ef21b5e0a7,707b6ccf-c9d9-4c1d-97f4-516b572b2f9d,1697663566031188888
6a69421f-e399-4db8-897a-d8ef21b5e0a7,707b6ccf-c9d9-4c1d-97f4-516b572b2f9d,1697663566066044444
6a69421f-e399-4db8-897a-d8ef21b5e0a7,707b6ccf-c9d9-4c1d-97f4-516b572b2f9d,1697663566080500000
6a69421f-e399-4db8-897a-d8ef21b5e0a7,707b6ccf-c9d9-4c1d-97f4-516b572b2f9d,1697663566130433333
6a69421f-e399-4db8-897a-d8ef21b5e0a7,707b6ccf-c9d9-4c1d-97f4-516b572b2f9d,1697663566157633333
6a69421f-e399-4db8-897a-d8ef21b5e0a7,707b6ccf-c9d9-4c1d-97f4-516b572b2f9d,1697663566193488888
6a69421f-e399-4db8-897a-d8ef21b5e0a7,707b6ccf-c9d9-4c1d-97f4-516b572b2f9d,1697663566227200000
6a69421f-e399-4db8-897a-d8ef21b5e0a7,707b6ccf-c9d9-4c1d-97f4-516b572b2f9d,1697663566258266666
6a69421f-e399-4db8-897a-d8ef21b5e0a7,707b6ccf-c9d9-4c1d-97f4-516b572b2f9d,1697663566290611111
6a69421f-e399-4db8-897a-d8ef21b5e0a7,707b6ccf-c9d9-4c1d-97f4-516b572b2f9d,1697663566329444444
6a69421f-e399-4db8-897a-d8ef21b5e0a7,707b6ccf-c9d9-4c1d-97f4-516b572b2f9d,1697663566377588888
6a69421f-e399-4db8-897a-d8ef21b5e0a7,707b6ccf-c9d9-4c1d-97f4-516b572b2f9d,1697663566393866666
6a69421f-e399-4db8-897a-d8ef21b5e0a7,707b6ccf-c9d9-4c1d-97f4-516b572b2f9d,1697663566420511111
6a69421f-e399-4db8-897a-d8ef21b5e0a7,707b6ccf-c9d9-4c1d-97f4-516b572b2f9d,1697663566450255555
6a69421f-e399-4db8-897a-d8ef21b5e0a7,707b6ccf-c9d9-4c1d-97f4-516b572b2f9d,1697663566482244444
6a69421f-e399-4db8-897a-d8ef21b5e0a7,707b6ccf-c9d9-4c1d-97f4-516b572b2f9d,1697663566527111111
6a69421f-e399-4db8-897a-d8ef21b5e0a7,707b6ccf-c9d9-4c1d-97f4-516b572b2f9d,1697663566561933333
6a69421f-e399-4db8-897a-d8ef21b5e0a7,707b6ccf-c9d9-4c1d-97f4-516b572b2f9d,1697663566590788888
6a69421f-e399-4db8-897a-d8ef21b5e0a7,707b6ccf-c9d9-4c1d-97f4-516b572b2f9d,1697663566629877777
6a69421f-e399-4db8-897a-d8ef21b5e0a7,707b6ccf-c9d9-4c1d-97f4-516b572b2f9d,1697663566659400000
6a69421f-e399-4db8-897a-d8ef21b5e0a7,707b6ccf-c9d9-4c1d-97f4-516b572b2f9d,1697663566690133333
6a69421f-e399-4db8-897a-d8ef21b5e0a7,707b6ccf-c9d9-4c1d-97f4-516b572b2f9d,1697663566725633333
6a69421f-e399-4db8-897a-d8ef21b5e0a7,707b6ccf-c9d9-4c1d-97f4-516b572b2f9d,1697663566761544444
6a69421f-e399-4db8-897a-d8ef21b5e0a7,707b6ccf-c9d9-4c1d-97f4-516b572b2f9d,1697663566793677777
6a69421f-e399-4db8-897a-d8ef21b5e0a7,707b6ccf-c9d9-4c1d-97f4-516b572b2f9d,1697663566825822222
6a69421f-e399-4db8-897a-d8ef21b5e0a7,707b6ccf-c9d9-4c1d-97f4-516b572b2f9d,1697663566857622222
6a69421f-e399-4db8-897a-d8ef21b5e0a7,707b6ccf-c9d9-4c1d-97f4-516b572b2f9d,1697663566894200000
6a69421f-e399-4db8-897a-d8ef21b5e0a7,707b6ccf-c9d9-4c1d-97f4-516b572b2f9d,1697663566929277777
6a69421f-e399-4db8-897a-d8ef21b5e0a7,707b6ccf-c9d9-4c1d-97f4-516b572b2f9d,1697663566962144444
6a69421f-e399-4db8-897a-d8ef21b5e0a7,707b6ccf-c9d9-4c1d-97f4-516b572b2f9d,1697663566989766666
6a69421f-e399-4db8-897a-d8ef21b5e0a7,707b6ccf-c9d9-4c1d-97f4-516b572b2f9d,1697663567041133333
6a69421f-e399-4db8-897a-d8ef21b5e0a7,707b6ccf-c9d9-4c1d-97f4-516b572b2f9d,1697663567056388888
6a69421f-e399-4db8-897a-d8ef21b5e0a7,707b6ccf-c9d9-4c1d-97f4-516b572b2f9d,1697663567082133333
6a69421f-e399-4db8-897a-d8ef21b5e0a7,707b6ccf-c9d9-4c1d-97f4-516b572b2f9d,1697663567124288888
6a69421f-e399-4db8-897a-d8ef21b5e0a7,707b6ccf-c9d9-4c1d-97f4-516b572b2f9d,1697663567151822222
6a69421f-e399-4db8-897a-d8ef21b5e0a7,707b6ccf-c9d9-4c1d-97f4-516b572b2f9d,1697663567194866666
6a69421f-e399-4db8-897a-d8ef21b5e0a7,707b6ccf-c9d9-4c1d-97f4-516b572b2f9d,1697663567228022222
6a69421f-e399-4db8-897a-d8ef21b5e0a7,707b6ccf-c9d9-4c1d-97f4-516b572b2f9d,1697663567260700000
6a69421f-e399-4db8-897a-d8ef21b5e0a7,707b6ccf-c9d9-4c1d-97f4-516b572b2f9d,1697663567291355555
6a69421f-e399-4db8-897a-d8ef21b5e0a7,707b6ccf-c9d9-4c1d-97f4-516b572b2f9d,1697663567329333333
6a69421f-e399-4db8-897a-d8ef21b5e0a7,707b6ccf-c9d9-4c1d-97f4-516b572b2f9d,1697663567359322222
6a69421f-e399-4db8-897a-d8ef21b5e0a7,707b6ccf-c9d9-4c1d-97f4-516b572b2f9d,1697663567389933333
6a69421f-e399-4db8-897a-d8ef21b5e0a7,707b6ccf-c9d9-4c1d-97f4-516b572b2f9d,1697663567431700000
6a69421f-e399-4db8-897a-d8ef21b5e0a7,707b6ccf-c9d9-4c1d-97f4-516b572b2f9d,1697663567463800000
6a69421f-e399-4db8-897a-d8ef21b5e0a7,707b6ccf-c9d9-4c1d-97f4-516b572b2f9d,1697663567491222222
6a69421f-e399-4db8-897a-d8ef21b5e0a7,707b6ccf-c9d9-4c1d-97f4-516b572b2f9d,1697663567526466666
6a69421f-e399-4db8-897a-d8ef21b5e0a7,707b6ccf-c9d9-4c1d-97f4-516b572b2f9d,1697663567562100000
6a69421f-e399-4db8-897a-d8ef21b5e0a7,707b6ccf-c9d9-4c1d-97f4-516b572b2f9d,1697663567592711111
6a69421f-e399-4db8-897a-d8ef21b5e0a7,707b6ccf-c9d9-4c1d-97f4-516b572b2f9d,1697663567626844444
6a69421f-e399-4db8-897a-d8ef21b5e0a7,707b6ccf-c9d9-4c1d-97f4-516b572b2f9d,1697663567659566666
6a69421f-e399-4db8-897a-d8ef21b5e0a7,707b6ccf-c9d9-4c1d-97f4-516b572b2f9d,1697663567688877777
6a69421f-e399-4db8-897a-d8ef21b5e0a7,707b6ccf-c9d9-4c1d-97f4-516b572b2f9d,1697663567727533333
6a69421f-e399-4db8-897a-d8ef21b5e0a7,707b6ccf-c9d9-4c1d-97f4-516b572b2f9d,1697663567755011111
6a69421f-e399-4db8-897a-d8ef21b5e0a7,707b6ccf-c9d9-4c1d-97f4-516b572b2f9d,1697663567793655555
6a69421f-e399-4db8-897a-d8ef21b5e0a7,707b6ccf-c9d9-4c1d-97f4-516b572b2f9d,1697663567839600000
6a69421f-e399-4db8-897a-d8ef21b5e0a7,707b6ccf-c9d9-4c1d-97f4-516b572b2f9d,1697663567849833333
6a69421f-e399-4db8-897a-d8ef21b5e0a7,707b6ccf-c9d9-4c1d-97f4-516b572b2f9d,1697663567893977777
6a69421f-e399-4db8-897a-d8ef21b5e0a7,707b6ccf-c9d9-4c1d-97f4-516b572b2f9d,1697663567926177777
6a69421f-e399-4db8-897a-d8ef21b5e0a7,707b6ccf-c9d9-4c1d-97f4-516b572b2f9d,1697663567962688888
6a69421f-e399-4db8-897a-d8ef21b5e0a7,707b6ccf-c9d9-4c1d-97f4-516b572b2f9d,1697663567986766666
6a69421f-e399-4db8-897a-d8ef21b5e0a7,707b6ccf-c9d9-4c1d-97f4-516b572b2f9d,1697663568029733333
6a69421f-e399-4db8-897a-d8ef21b5e0a7,707b6ccf-c9d9-4c1d-97f4-516b572b2f9d,1697663568060477777
6a69421f-e399-4db8-897a-d8ef21b5e0a7,707b6ccf-c9d9-4c1d-97f4-516b572b2f9d,1697663568090100000
6a69421f-e399-4db8-897a-d8ef21b5e0a7,707b6ccf-c9d9-4c1d-97f4-516b572b2f9d,1697663568132133333
6a69421f-e399-4db8-897a-d8ef21b5e0a7,707b6ccf-c9d9-4c1d-97f4-516b572b2f9d,1697663568167433333
6a69421f-e399-4db8-897a-d8ef21b5e0a7,707b6ccf-c9d9-4c1d-97f4-516b572b2f9d,1697663568190377777
6a69421f-e399-4db8-897a-d8ef21b5e0a7,707b6ccf-c9d9-4c1d-97f4-516b572b2f9d,1697663568228500000
6a69421f-e399-4db8-897a-d8ef21b5e0a7,707b6ccf-c9d9-4c1d-97f4-516b572b2f9d,1697663568259777777
6a69421f-e399-4db8-897a-d8ef21b5e0a7,707b6ccf-c9d9-4c1d-97f4-516b572b2f9d,1697663568293188888
6a69421f-e399-4db8-897a-d8ef21b5e0a7,707b6ccf-c9d9-4c1d-97f4-516b572b2f9d,1697663568329155555
6a69421f-e399-4db8-897a-d8ef21b5e0a7,707b6ccf-c9d9-4c1d-97f4-516b572b2f9d,1697663568370866666
6a69421f-e399-4db8-897a-d8ef21b5e0a7,707b6ccf-c9d9-4c1d-97f4-516b572b2f9d,1697663568392555555
6a69421f-e399-4db8-897a-d8ef21b5e0a7,707b6ccf-c9d9-4c1d-97f4-516b572b2f9d,1697663568420044444
6a69421f-e399-4db8-897a-d8ef21b5e0a7,707b6ccf-c9d9-4c1d-97f4-516b572b2f9d,1697663568453344444
6a69421f-e399-4db8-897a-d8ef21b5e0a7,707b6ccf-c9d9-4c1d-97f4-516b572b2f9d,1697663568481377777
6a69421f-e399-4db8-897a-d8ef21b5e0a7,707b6ccf-c9d9-4c1d-97f4-516b572b2f9d,1697663568530044444
6a69421f-e399-4db8-897a-d8ef21b5e0a7,707b6ccf-c9d9-4c1d-97f4-516b572b2f9d,1697663568558177777
6a69421f-e399-4db8-897a-d8ef21b5e0a7,707b6ccf-c9d9-4c1d-97f4-516b572b2f9d,1697663568592777777
6a69421f-e399-4db8-897a-d8ef21b5e0a7,707b6ccf-c9d9-4c1d-97f4-516b572b2f9d,1697663568625311111
6a69421f-e399-4db8-897a-d8ef21b5e0a7,707b6ccf-c9d9-4c1d-97f4-516b572b2f9d,1697663568659633333
6a69421f-e399-4db8-897a-d8ef21b5e0a7,707b6ccf-c9d9-4c1d-97f4-516b572b2f9d,1697663568692855555
6a69421f-e399-4db8-897a-d8ef21b5e0a7,707b6ccf-c9d9-4c1d-97f4-516b572b2f9d,1697663568721422222
6a69421f-e399-4db8-897a-d8ef21b5e0a7,707b6ccf-c9d9-4c1d-97f4-516b572b2f9d,1697663568760155555
6a69421f-e399-4db8-897a-d8ef21b5e0a7,707b6ccf-c9d9-4c1d-97f4-516b572b2f9d,1697663568791422222
6a69421f-e399-4db8-897a-d8ef21b5e0a7,707b6ccf-c9d9-4c1d-97f4-516b572b2f9d,1697663568828833333
6a69421f-e399-4db8-897a-d8ef21b5e0a7,707b6ccf-c9d9-4c1d-97f4-516b572b2f9d,1697663568861600000
6a69421f-e399-4db8-897a-d8ef21b5e0a7,707b6ccf-c9d9-4c1d-97f4-516b572b2f9d,1697663568891844444
6a69421f-e399-4db8-897a-d8ef21b5e0a7,707b6ccf-c9d9-4c1d-97f4-516b572b2f9d,1697663568923088888
6a69421f-e399-4db8-897a-d8ef21b5e0a7,707b6ccf-c9d9-4c1d-97f4-516b572b2f9d,1697663568960666666
6a69421f-e399-4db8-897a-d8ef21b5e0a7,707b6ccf-c9d9-4c1d-97f4-516b572b2f9d,1697663568994644444
6a69421f-e399-4db8-897a-d8ef21b5e0a7,707b6ccf-c9d9-4c1d-97f4-516b572b2f9d,1697663569017244444
6a69421f-e399-4db8-897a-d8ef21b5e0a7,707b6ccf-c9d9-4c1d-97f4-516b572b2f9d,1697663569073822222
6a69421f-e399-4db8-897a-d8ef21b5e0a7,707b6ccf-c9d9-4c1d-97f4-516b572b2f9d,1697663569083011111
6a69421f-e399-4db8-897a-d8ef21b5e0a7,707b6ccf-c9d9-4c1d-97f4-516b572b2f9d,1697663569116522222
6a69421f-e399-4db8-897a-d8ef21b5e0a7,707b6ccf-c9d9-4c1d-97f4-516b572b2f9d,1697663569162933333
6a69421f-e399-4db8-897a-d8ef21b5e0a7,707b6ccf-c9d9-4c1d-97f4-516b572b2f9d,1697663569181500000
6a69421f-e399-4db8-897a-d8ef21b5e0a7,707b6ccf-c9d9-4c1d-97f4-516b572b2f9d,1697663569226200000
6a69421f-e399-4db8-897a-d8ef21b5e0a7,707b6ccf-c9d9-4c1d-97f4-516b572b2f9d,1697663569260977777
6a69421f-e399-4db8-897a-d8ef21b5e0a7,707b6ccf-c9d9-4c1d-97f4-516b572b2f9d,1697663569290666666
6a69421f-e399-4db8-897a-d8ef21b5e0a7,707b6ccf-c9d9-4c1d-97f4-516b572b2f9d,1697663569321166666
6a69421f-e399-4db8-897a-d8ef21b5e0a7,707b6ccf-c9d9-4c1d-97f4-516b572b2f9d,1697663569359822222
6a69421f-e399-4db8-897a-d8ef21b5e0a7,707b6ccf-c9d9-4c1d-97f4-516b572b2f9d,1697663569391266666
6a69421f-e399-4db8-897a-d8ef21b5e0a7,707b6ccf-c9d9-4c1d-97f4-516b572b2f9d,1697663569424044444
6a69421f-e399-4db8-897a-d8ef21b5e0a7,707b6ccf-c9d9-4c1d-97f4-516b572b2f9d,1697663569459822222
6a69421f-e399-4db8-897a-d8ef21b5e0a7,707b6ccf-c9d9-4c1d-97f4-516b572b2f9d,1697663569491266666
6a69421f-e399-4db8-897a-d8ef21b5e0a7,707b6ccf-c9d9-4c1d-97f4-516b572b2f9d,1697663569522544444
6a69421f-e399-4db8-897a-d8ef21b5e0a7,707b6ccf-c9d9-4c1d-97f4-516b572b2f9d,1697663569560633333
6a69421f-e399-4db8-897a-d8ef21b5e0a7,707b6ccf-c9d9-4c1d-97f4-516b572b2f9d,1697663569589744444
6a69421f-e399-4db8-897a-d8ef21b5e0a7,707b6ccf-c9d9-4c1d-97f4-516b572b2f9d,1697663569623311111
6a69421f-e399-4db8-897a-d8ef21b5e0a7,707b6ccf-c9d9-4c1d-97f4-516b572b2f9d,1697663569670633333
6a69421f-e399-4db8-897a-d8ef21b5e0a7,707b6ccf-c9d9-4c1d-97f4-516b572b2f9d,1697663569681500000
6a69421f-e399-4db8-897a-d8ef21b5e0a7,707b6ccf-c9d9-4c1d-97f4-516b572b2f9d,1697663569717600000
6a69421f-e399-4db8-897a-d8ef21b5e0a7,707b6ccf-c9d9-4c1d-97f4-516b572b2f9d,1697663569751133333
6a69421f-e399-4db8-897a-d8ef21b5e0a7,707b6ccf-c9d9-4c1d-97f4-516b572b2f9d,1697663569779977777
6a69421f-e399-4db8-897a-d8ef21b5e0a7,707b6ccf-c9d9-4c1d-97f4-516b572b2f9d,1697663569812233333
6a69421f-e399-4db8-897a-d8ef21b5e0a7,707b6ccf-c9d9-4c1d-97f4-516b572b2f9d,1697663569867811111
6a69421f-e399-4db8-897a-d8ef21b5e0a7,707b6ccf-c9d9-4c1d-97f4-516b572b2f9d,1697663569890577777
6a69421f-e399-4db8-897a-d8ef21b5e0a7,707b6ccf-c9d9-4c1d-97f4-516b572b2f9d,1697663569924200000
6a69421f-e399-4db8-897a-d8ef21b5e0a7,707b6ccf-c9d9-4c1d-97f4-516b572b2f9d,1697663569959200000
6a69421f-e399-4db8-897a-d8ef21b5e0a7,707b6ccf-c9d9-4c1d-97f4-516b572b2f9d,1697663569992966666
6a69421f-e399-4db8-897a-d8ef21b5e0a7,707b6ccf-c9d9-4c1d-97f4-516b572b2f9d,1697663570019555555
6a69421f-e399-4db8-897a-d8ef21b5e0a7,707b6ccf-c9d9-4c1d-97f4-516b572b2f9d,1697663570058188888
6a69421f-e399-4db8-897a-d8ef21b5e0a7,707b6ccf-c9d9-4c1d-97f4-516b572b2f9d,1697663570088255555
6a69421f-e399-4db8-897a-d8ef21b5e0a7,707b6ccf-c9d9-4c1d-97f4-516b572b2f9d,1697663570122844444
6a69421f-e399-4db8-897a-d8ef21b5e0a7,707b6ccf-c9d9-4c1d-97f4-516b572b2f9d,1697663570157866666
6a69421f-e399-4db8-897a-d8ef21b5e0a7,707b6ccf-c9d9-4c1d-97f4-516b572b2f9d,1697663570188822222
6a69421f-e399-4db8-897a-d8ef21b5e0a7,707b6ccf-c9d9-4c1d-97f4-516b572b2f9d,1697663570222900000
6a69421f-e399-4db8-897a-d8ef21b5e0a7,707b6ccf-c9d9-4c1d-97f4-516b572b2f9d,1697663570262044444
6a69421f-e399-4db8-897a-d8ef21b5e0a7,707b6ccf-c9d9-4c1d-97f4-516b572b2f9d,1697663570290888888
6a69421f-e399-4db8-897a-d8ef21b5e0a7,707b6ccf-c9d9-4c1d-97f4-516b572b2f9d,1697663570331744444
6a69421f-e399-4db8-897a-d8ef21b5e0a7,707b6ccf-c9d9-4c1d-97f4-516b572b2f9d,1697663570363211111
6a69421f-e399-4db8-897a-d8ef21b5e0a7,707b6ccf-c9d9-4c1d-97f4-516b572b2f9d,1697663570382788888
6a69421f-e399-4db8-897a-d8ef21b5e0a7,707b6ccf-c9d9-4c1d-97f4-516b572b2f9d,1697663570434844444
6a69421f-e399-4db8-897a-d8ef21b5e0a7,707b6ccf-c9d9-4c1d-97f4-516b572b2f9d,1697663570463833333
6a69421f-e399-4db8-897a-d8ef21b5e0a7,707b6ccf-c9d9-4c1d-97f4-516b572b2f9d,1697663570481011111
6a69421f-e399-4db8-897a-d8ef21b5e0a7,707b6ccf-c9d9-4c1d-97f4-516b572b2f9d,1697663570524688888
6a69421f-e399-4db8-897a-d8ef21b5e0a7,707b6ccf-c9d9-4c1d-97f4-516b572b2f9d,1697663570559711111
6a69421f-e399-4db8-897a-d8ef21b5e0a7,707b6ccf-c9d9-4c1d-97f4-516b572b2f9d,1697663570591500000
6a69421f-e399-4db8-897a-d8ef21b5e0a7,707b6ccf-c9d9-4c1d-97f4-516b572b2f9d,1697663570623222222
6a69421f-e399-4db8-897a-d8ef21b5e0a7,707b6ccf-c9d9-4c1d-97f4-516b572b2f9d,1697663570661055555
6a69421f-e399-4db8-897a-d8ef21b5e0a7,707b6ccf-c9d9-4c1d-97f4-516b572b2f9d,1697663570689600000
6a69421f-e399-4db8-897a-d8ef21b5e0a7,707b6ccf-c9d9-4c1d-97f4-516b572b2f9d,1697663570723988888
6a69421f-e399-4db8-897a-d8ef21b5e0a7,707b6ccf-c9d9-4c1d-97f4-516b572b2f9d,1697663570760111111
6a69421f-e399-4db8-897a-d8ef21b5e0a7,707b6ccf-c9d9-4c1d-97f4-516b572b2f9d,1697663570791700000
6a69421f-e399-4db8-897a-d8ef21b5e0a7,707b6ccf-c9d9-4c1d-97f4-516b572b2f9d,1697663570822900000
6a69421f-e399-4db8-897a-d8ef21b5e0a7,707b6ccf-c9d9-4c1d-97f4-516b572b2f9d,1697663570860566666
6a69421f-e399-4db8-897a-d8ef21b5e0a7,707b6ccf-c9d9-4c1d-97f4-516b572b2f9d,1697663570890322222
6a69421f-e399-4db8-897a-d8ef21b5e0a7,707b6ccf-c9d9-4c1d-97f4-516b572b2f9d,1697663570922822222
6a69421f-e399-4db8-897a-d8ef21b5e0a7,707b6ccf-c9d9-4c1d-97f4-516b572b2f9d,1697663570958600000
6a69421f-e399-4db8-897a-d8ef21b5e0a7,707b6ccf-c9d9-4c1d-97f4-516b572b2f9d,1697663570993788888
6a69421f-e399-4db8-897a-d8ef21b5e0a7,707b6ccf-c9d9-4c1d-97f4-516b572b2f9d,1697663571021844444
6a69421f-e399-4db8-897a-d8ef21b5e0a7,707b6ccf-c9d9-4c1d-97f4-516b572b2f9d,1697663571053211111
6a69421f-e399-4db8-897a-d8ef21b5e0a7,707b6ccf-c9d9-4c1d-97f4-516b572b2f9d,1697663571081900000
6a69421f-e399-4db8-897a-d8ef21b5e0a7,707b6ccf-c9d9-4c1d-97f4-516b572b2f9d,1697663571118044444
6a69421f-e399-4db8-897a-d8ef21b5e0a7,707b6ccf-c9d9-4c1d-97f4-516b572b2f9d,1697663571152655555
6a69421f-e399-4db8-897a-d8ef21b5e0a7,707b6ccf-c9d9-4c1d-97f4-516b572b2f9d,1697663571192333333
6a69421f-e399-4db8-897a-d8ef21b5e0a7,707b6ccf-c9d9-4c1d-97f4-516b572b2f9d,1697663571222822222
6a69421f-e399-4db8-897a-d8ef21b5e0a7,707b6ccf-c9d9-4c1d-97f4-516b572b2f9d,1697663571262100000
6a69421f-e399-4db8-897a-d8ef21b5e0a7,707b6ccf-c9d9-4c1d-97f4-516b572b2f9d,1697663571292988888
6a69421f-e399-4db8-897a-d8ef21b5e0a7,707b6ccf-c9d9-4c1d-97f4-516b572b2f9d,1697663571325766666
6a69421f-e399-4db8-897a-d8ef21b5e0a7,707b6ccf-c9d9-4c1d-97f4-516b572b2f9d,1697663571360255555
6a69421f-e399-4db8-897a-d8ef21b5e0a7,707b6ccf-c9d9-4c1d-97f4-516b572b2f9d,1697663571392922222
6a69421f-e399-4db8-897a-d8ef21b5e0a7,707b6ccf-c9d9-4c1d-97f4-516b572b2f9d,1697663571427922222
6a69421f-e399-4db8-897a-d8ef21b5e0a7,707b6ccf-c9d9-4c1d-97f4-516b572b2f9d,1697663571462600000
6a69421f-e399-4db8-897a-d8ef21b5e0a7,707b6ccf-c9d9-4c1d-97f4-516b572b2f9d,1697663571492488888
6a69421f-e399-4db8-897a-d8ef21b5e0a7,707b6ccf-c9d9-4c1d-97f4-516b572b2f9d,1697663571524566666
6a69421f-e399-4db8-897a-d8ef21b5e0a7,707b6ccf-c9d9-4c1d-97f4-516b572b2f9d,1697663571557644444
6a69421f-e399-4db8-897a-d8ef21b5e0a7,707b6ccf-c9d9-4c1d-97f4-516b572b2f9d,1697663571591555555
6a69421f-e399-4db8-897a-d8ef21b5e0a7,707b6ccf-c9d9-4c1d-97f4-516b572b2f9d,1697663571621611111
6a69421f-e399-4db8-897a-d8ef21b5e0a7,707b6ccf-c9d9-4c1d-97f4-516b572b2f9d,1697663571660633333
6a69421f-e399-4db8-897a-d8ef21b5e0a7,707b6ccf-c9d9-4c1d-97f4-516b572b2f9d,1697663571682077777
6a69421f-e399-4db8-897a-d8ef21b5e0a7,707b6ccf-c9d9-4c1d-97f4-516b572b2f9d,1697663571715444444
6a69421f-e399-4db8-897a-d8ef21b5e0a7,707b6ccf-c9d9-4c1d-97f4-516b572b2f9d,1697663571762077777
6a69421f-e399-4db8-897a-d8ef21b5e0a7,707b6ccf-c9d9-4c1d-97f4-516b572b2f9d,1697663571783500000
6a69421f-e399-4db8-897a-d8ef21b5e0a7,707b6ccf-c9d9-4c1d-97f4-516b572b2f9d,1697663571823244444
6a69421f-e399-4db8-897a-d8ef21b5e0a7,707b6ccf-c9d9-4c1d-97f4-516b572b2f9d,1697663571854977777
6a69421f-e399-4db8-897a-d8ef21b5e0a7,707b6ccf-c9d9-4c1d-97f4-516b572b2f9d,1697663571890777777
6a69421f-e399-4db8-897a-d8ef21b5e0a7,707b6ccf-c9d9-4c1d-97f4-516b572b2f9d,1697663571922444444
6a69421f-e399-4db8-897a-d8ef21b5e0a7,707b6ccf-c9d9-4c1d-97f4-516b572b2f9d,1697663571955466666
6a69421f-e399-4db8-897a-d8ef21b5e0a7,707b6ccf-c9d9-4c1d-97f4-516b572b2f9d,1697663571992888888
6a69421f-e399-4db8-897a-d8ef21b5e0a7,707b6ccf-c9d9-4c1d-97f4-516b572b2f9d,1697663572024644444
6a69421f-e399-4db8-897a-d8ef21b5e0a7,707b6ccf-c9d9-4c1d-97f4-516b572b2f9d,1697663572056666666
6a69421f-e399-4db8-897a-d8ef21b5e0a7,707b6ccf-c9d9-4c1d-97f4-516b572b2f9d,1697663572092844444
6a69421f-e399-4db8-897a-d8ef21b5e0a7,707b6ccf-c9d9-4c1d-97f4-516b572b2f9d,1697663572121933333
6a69421f-e399-4db8-897a-d8ef21b5e0a7,707b6ccf-c9d9-4c1d-97f4-516b572b2f9d,1697663572156011111
6a69421f-e399-4db8-897a-d8ef21b5e0a7,707b6ccf-c9d9-4c1d-97f4-516b572b2f9d,1697663572190844444
6a69421f-e399-4db8-897a-d8ef21b5e0a7,707b6ccf-c9d9-4c1d-97f4-516b572b2f9d,1697663572223255555
6a69421f-e399-4db8-897a-d8ef21b5e0a7,707b6ccf-c9d9-4c1d-97f4-516b572b2f9d,1697663572261222222
6a69421f-e399-4db8-897a-d8ef21b5e0a7,707b6ccf-c9d9-4c1d-97f4-516b572b2f9d,1697663572297533333
6a69421f-e399-4db8-897a-d8ef21b5e0a7,707b6ccf-c9d9-4c1d-97f4-516b572b2f9d,1697663572333155555
6a69421f-e399-4db8-897a-d8ef21b5e0a7,707b6ccf-c9d9-4c1d-97f4-516b572b2f9d,1697663572348266666
6a69421f-e399-4db8-897a-d8ef21b5e0a7,707b6ccf-c9d9-4c1d-97f4-516b572b2f9d,1697663572383766666
6a69421f-e399-4db8-897a-d8ef21b5e0a7,707b6ccf-c9d9-4c1d-97f4-516b572b2f9d,1697663572414977777
6a69421f-e399-4db8-897a-d8ef21b5e0a7,707b6ccf-c9d9-4c1d-97f4-516b572b2f9d,1697663572446277777
6a69421f-e399-4db8-897a-d8ef21b5e0a7,707b6ccf-c9d9-4c1d-97f4-516b572b2f9d,1697663572495144444
6a69421f-e399-4db8-897a-d8ef21b5e0a7,707b6ccf-c9d9-4c1d-97f4-516b572b2f9d,1697663572526188888
6a69421f-e399-4db8-897a-d8ef21b5e0a7,707b6ccf-c9d9-4c1d-97f4-516b572b2f9d,1697663572558111111
6a69421f-e399-4db8-897a-d8ef21b5e0a7,707b6ccf-c9d9-4c1d-97f4-516b572b2f9d,1697663572595088888
6a69421f-e399-4db8-897a-d8ef21b5e0a7,707b6ccf-c9d9-4c1d-97f4-516b572b2f9d,1697663572621633333
6a69421f-e399-4db8-897a-d8ef21b5e0a7,707b6ccf-c9d9-4c1d-97f4-516b572b2f9d,1697663572655211111
6a69421f-e399-4db8-897a-d8ef21b5e0a7,707b6ccf-c9d9-4c1d-97f4-516b572b2f9d,1697663572690822222
6a69421f-e399-4db8-897a-d8ef21b5e0a7,707b6ccf-c9d9-4c1d-97f4-516b572b2f9d,1697663572727466666
6a69421f-e399-4db8-897a-d8ef21b5e0a7,707b6ccf-c9d9-4c1d-97f4-516b572b2f9d,1697663572755744444
6a69421f-e399-4db8-897a-d8ef21b5e0a7,707b6ccf-c9d9-4c1d-97f4-516b572b2f9d,1697663572791777777
6a69421f-e399-4db8-897a-d8ef21b5e0a7,707b6ccf-c9d9-4c1d-97f4-516b572b2f9d,1697663572823633333
6a69421f-e399-4db8-897a-d8ef21b5e0a7,707b6ccf-c9d9-4c1d-97f4-516b572b2f9d,1697663572854566666
6a69421f-e399-4db8-897a-d8ef21b5e0a7,707b6ccf-c9d9-4c1d-97f4-516b572b2f9d,1697663572892766666
6a69421f-e399-4db8-897a-d8ef21b5e0a7,707b6ccf-c9d9-4c1d-97f4-516b572b2f9d,1697663572923666666
6a69421f-e399-4db8-897a-d8ef21b5e0a7,707b6ccf-c9d9-4c1d-97f4-516b572b2f9d,1697663572962644444
6a69421f-e399-4db8-897a-d8ef21b5e0a7,707b6ccf-c9d9-4c1d-97f4-516b572b2f9d,1697663572984022222
6a69421f-e399-4db8-897a-d8ef21b5e0a7,707b6ccf-c9d9-4c1d-97f4-516b572b2f9d,1697663573019344444
6a69421f-e399-4db8-897a-d8ef21b5e0a7,707b6ccf-c9d9-4c1d-97f4-516b572b2f9d,1697663573049266666
6a69421f-e399-4db8-897a-d8ef21b5e0a7,707b6ccf-c9d9-4c1d-97f4-516b572b2f9d,1697663573092544444
6a69421f-e399-4db8-897a-d8ef21b5e0a7,707b6ccf-c9d9-4c1d-97f4-516b572b2f9d,1697663573122422222
6a69421f-e399-4db8-897a-d8ef21b5e0a7,707b6ccf-c9d9-4c1d-97f4-516b572b2f9d,1697663573155288888
6a69421f-e399-4db8-897a-d8ef21b5e0a7,707b6ccf-c9d9-4c1d-97f4-516b572b2f9d,1697663573190722222
6a69421f-e399-4db8-897a-d8ef21b5e0a7,707b6ccf-c9d9-4c1d-97f4-516b572b2f9d,1697663573225777777
6a69421f-e399-4db8-897a-d8ef21b5e0a7,707b6ccf-c9d9-4c1d-97f4-516b572b2f9d,1697663573257444444
6a69421f-e399-4db8-897a-d8ef21b5e0a7,707b6ccf-c9d9-4c1d-97f4-516b572b2f9d,1697663573290566666
6a69421f-e399-4db8-897a-d8ef21b5e0a7,707b6ccf-c9d9-4c1d-97f4-516b572b2f9d,1697663573323488888
6a69421f-e399-4db8-897a-d8ef21b5e0a7,707b6ccf-c9d9-4c1d-97f4-516b572b2f9d,1697663573360455555
6a69421f-e399-4db8-897a-d8ef21b5e0a7,707b6ccf-c9d9-4c1d-97f4-516b572b2f9d,1697663573392388888
6a69421f-e399-4db8-897a-d8ef21b5e0a7,707b6ccf-c9d9-4c1d-97f4-516b572b2f9d,1697663573424877777
6a69421f-e399-4db8-897a-d8ef21b5e0a7,707b6ccf-c9d9-4c1d-97f4-516b572b2f9d,1697663573455922222
6a69421f-e399-4db8-897a-d8ef21b5e0a7,707b6ccf-c9d9-4c1d-97f4-516b572b2f9d,1697663573493222222
6a69421f-e399-4db8-897a-d8ef21b5e0a7,707b6ccf-c9d9-4c1d-97f4-516b572b2f9d,1697663573527044444
6a69421f-e399-4db8-897a-d8ef21b5e0a7,707b6ccf-c9d9-4c1d-97f4-516b572b2f9d,1697663573558233333
6a69421f-e399-4db8-897a-d8ef21b5e0a7,707b6ccf-c9d9-4c1d-97f4-516b572b2f9d,1697663573590266666
6a69421f-e399-4db8-897a-d8ef21b5e0a7,707b6ccf-c9d9-4c1d-97f4-516b572b2f9d,1697663573638566666
6a69421f-e399-4db8-897a-d8ef21b5e0a7,707b6ccf-c9d9-4c1d-97f4-516b572b2f9d,1697663573653600000
6a69421f-e399-4db8-897a-d8ef21b5e0a7,707b6ccf-c9d9-4c1d-97f4-516b572b2f9d,1697663573693777777
6a69421f-e399-4db8-897a-d8ef21b5e0a7,707b6ccf-c9d9-4c1d-97f4-516b572b2f9d,1697663573716544444
6a69421f-e399-4db8-897a-d8ef21b5e0a7,707b6ccf-c9d9-4c1d-97f4-516b572b2f9d,1697663573749200000
6a69421f-e399-4db8-897a-d8ef21b5e0a7,707b6ccf-c9d9-4c1d-97f4-516b572b2f9d,1697663573796622222
6a69421f-e399-4db8-897a-d8ef21b5e0a7,707b6ccf-c9d9-4c1d-97f4-516b572b2f9d,1697663573828711111
6a69421f-e399-4db8-897a-d8ef21b5e0a7,707b6ccf-c9d9-4c1d-97f4-516b572b2f9d,1697663573855955555
6a69421f-e399-4db8-897a-d8ef21b5e0a7,707b6ccf-c9d9-4c1d-97f4-516b572b2f9d,1697663573892422222
6a69421f-e399-4db8-897a-d8ef21b5e0a7,707b6ccf-c9d9-4c1d-97f4-516b572b2f9d,1697663573921955555
6a69421f-e399-4db8-897a-d8ef21b5e0a7,707b6ccf-c9d9-4c1d-97f4-516b572b2f9d,1697663573955755555
6a69421f-e399-4db8-897a-d8ef21b5e0a7,707b6ccf-c9d9-4c1d-97f4-516b572b2f9d,1697663573990133333
6a69421f-e399-4db8-897a-d8ef21b5e0a7,707b6ccf-c9d9-4c1d-97f4-516b572b2f9d,1697663574029666666
6a69421f-e399-4db8-897a-d8ef21b5e0a7,707b6ccf-c9d9-4c1d-97f4-516b572b2f9d,1697663574054655555
6a69421f-e399-4db8-897a-d8ef21b5e0a7,707b6ccf-c9d9-4c1d-97f4-516b572b2f9d,1697663574089966666
6a69421f-e399-4db8-897a-d8ef21b5e0a7,707b6ccf-c9d9-4c1d-97f4-516b572b2f9d,1697663574126088888
6a69421f-e399-4db8-897a-d8ef21b5e0a7,707b6ccf-c9d9-4c1d-97f4-516b572b2f9d,1697663574156377777
6a69421f-e399-4db8-897a-d8ef21b5e0a7,707b6ccf-c9d9-4c1d-97f4-516b572b2f9d,1697663574193000000
6a69421f-e399-4db8-897a-d8ef21b5e0a7,707b6ccf-c9d9-4c1d-97f4-516b572b2f9d,1697663574222811111
6a69421f-e399-4db8-897a-d8ef21b5e0a7,707b6ccf-c9d9-4c1d-97f4-516b572b2f9d,1697663574257700000
6a69421f-e399-4db8-897a-d8ef21b5e0a7,707b6ccf-c9d9-4c1d-97f4-516b572b2f9d,1697663574303977777
6a69421f-e399-4db8-897a-d8ef21b5e0a7,707b6ccf-c9d9-4c1d-97f4-516b572b2f9d,1697663574313933333
6a69421f-e399-4db8-897a-d8ef21b5e0a7,707b6ccf-c9d9-4c1d-97f4-516b572b2f9d,1697663574347744444
6a69421f-e399-4db8-897a-d8ef21b5e0a7,707b6ccf-c9d9-4c1d-97f4-516b572b2f9d,1697663574400055555
6a69421f-e399-4db8-897a-d8ef21b5e0a7,707b6ccf-c9d9-4c1d-97f4-516b572b2f9d,1697663574417388888
6a69421f-e399-4db8-897a-d8ef21b5e0a7,707b6ccf-c9d9-4c1d-97f4-516b572b2f9d,1697663574445833333
6a69421f-e399-4db8-897a-d8ef21b5e0a7,707b6ccf-c9d9-4c1d-97f4-516b572b2f9d,1697663574495466666
6a69421f-e399-4db8-897a-d8ef21b5e0a7,707b6ccf-c9d9-4c1d-97f4-516b572b2f9d,1697663574523988888
6a69421f-e399-4db8-897a-d8ef21b5e0a7,707b6ccf-c9d9-4c1d-97f4-516b572b2f9d,1697663574558133333
6a69421f-e399-4db8-897a-d8ef21b5e0a7,707b6ccf-c9d9-4c1d-97f4-516b572b2f9d,1697663574592944444
6a69421f-e399-4db8-897a-d8ef21b5e0a7,707b6ccf-c9d9-4c1d-97f4-516b572b2f9d,1697663574627500000
6a69421f-e399-4db8-897a-d8ef21b5e0a7,707b6ccf-c9d9-4c1d-97f4-516b572b2f9d,1697663574655511111
6a69421f-e399-4db8-897a-d8ef21b5e0a7,707b6ccf-c9d9-4c1d-97f4-516b572b2f9d,1697663574694166666
6a69421f-e399-4db8-897a-d8ef21b5e0a7,707b6ccf-c9d9-4c1d-97f4-516b572b2f9d,1697663574723900000
6a69421f-e399-4db8-897a-d8ef21b5e0a7,707b6ccf-c9d9-4c1d-97f4-516b572b2f9d,1697663574759000000
6a69421f-e399-4db8-897a-d8ef21b5e0a7,707b6ccf-c9d9-4c1d-97f4-516b572b2f9d,1697663574794922222
6a69421f-e399-4db8-897a-d8ef21b5e0a7,707b6ccf-c9d9-4c1d-97f4-516b572b2f9d,1697663574822800000
6a69421f-e399-4db8-897a-d8ef21b5e0a7,707b6ccf-c9d9-4c1d-97f4-516b572b2f9d,1697663574856688888
6a69421f-e399-4db8-897a-d8ef21b5e0a7,707b6ccf-c9d9-4c1d-97f4-516b572b2f9d,1697663574891655555
6a69421f-e399-4db8-897a-d8ef21b5e0a7,707b6ccf-c9d9-4c1d-97f4-516b572b2f9d,1697663574924455555
6a69421f-e399-4db8-897a-d8ef21b5e0a7,707b6ccf-c9d9-4c1d-97f4-516b572b2f9d,1697663574972022222
6a69421f-e399-4db8-897a-d8ef21b5e0a7,707b6ccf-c9d9-4c1d-97f4-516b572b2f9d,1697663574984188888
6a69421f-e399-4db8-897a-d8ef21b5e0a7,707b6ccf-c9d9-4c1d-97f4-516b572b2f9d,1697663575016122222
6a69421f-e399-4db8-897a-d8ef21b5e0a7,707b6ccf-c9d9-4c1d-97f4-516b572b2f9d,1697663575047833333
6a69421f-e399-4db8-897a-d8ef21b5e0a7,707b6ccf-c9d9-4c1d-97f4-516b572b2f9d,1697663575081233333
6a69421f-e399-4db8-897a-d8ef21b5e0a7,707b6ccf-c9d9-4c1d-97f4-516b572b2f9d,1697663575122877777
6a69421f-e399-4db8-897a-d8ef21b5e0a7,707b6ccf-c9d9-4c1d-97f4-516b572b2f9d,1697663575159366666
6a69421f-e399-4db8-897a-d8ef21b5e0a7,707b6ccf-c9d9-4c1d-97f4-516b572b2f9d,1697663575185722222
6a69421f-e399-4db8-897a-d8ef21b5e0a7,707b6ccf-c9d9-4c1d-97f4-516b572b2f9d,1697663575226544444
6a69421f-e399-4db8-897a-d8ef21b5e0a7,707b6ccf-c9d9-4c1d-97f4-516b572b2f9d,1697663575256877777
6a69421f-e399-4db8-897a-d8ef21b5e0a7,707b6ccf-c9d9-4c1d-97f4-516b572b2f9d,1697663575287211111
6a69421f-e399-4db8-897a-d8ef21b5e0a7,707b6ccf-c9d9-4c1d-97f4-516b572b2f9d,1697663575326855555
6a69421f-e399-4db8-897a-d8ef21b5e0a7,707b6ccf-c9d9-4c1d-97f4-516b572b2f9d,1697663575354800000
6a69421f-e399-4db8-897a-d8ef21b5e0a7,707b6ccf-c9d9-4c1d-97f4-516b572b2f9d,1697663575386000000
6a69421f-e399-4db8-897a-d8ef21b5e0a7,707b6ccf-c9d9-4c1d-97f4-516b572b2f9d,1697663575424477777
6a69421f-e399-4db8-897a-d8ef21b5e0a7,707b6ccf-c9d9-4c1d-97f4-516b572b2f9d,1697663575457277777
6a69421f-e399-4db8-897a-d8ef21b5e0a7,707b6ccf-c9d9-4c1d-97f4-516b572b2f9d,1697663575486200000
6a69421f-e399-4db8-897a-d8ef21b5e0a7,707b6ccf-c9d9-4c1d-97f4-516b572b2f9d,1697663575521977777
6a69421f-e399-4db8-897a-d8ef21b5e0a7,707b6ccf-c9d9-4c1d-97f4-516b572b2f9d,1697663575559344444
6a69421f-e399-4db8-897a-d8ef21b5e0a7,707b6ccf-c9d9-4c1d-97f4-516b572b2f9d,1697663575593511111
6a69421f-e399-4db8-897a-d8ef21b5e0a7,707b6ccf-c9d9-4c1d-97f4-516b572b2f9d,1697663575634155555
6a69421f-e399-4db8-897a-d8ef21b5e0a7,707b6ccf-c9d9-4c1d-97f4-516b572b2f9d,1697663575656733333
6a69421f-e399-4db8-897a-d8ef21b5e0a7,707b6ccf-c9d9-4c1d-97f4-516b572b2f9d,1697663575681877777
6a69421f-e399-4db8-897a-d8ef21b5e0a7,707b6ccf-c9d9-4c1d-97f4-516b572b2f9d,1697663575730122222
6a69421f-e399-4db8-897a-d8ef21b5e0a7,707b6ccf-c9d9-4c1d-97f4-516b572b2f9d,1697663575748155555
6a69421f-e399-4db8-897a-d8ef21b5e0a7,707b6ccf-c9d9-4c1d-97f4-516b572b2f9d,1697663575791488888
6a69421f-e399-4db8-897a-d8ef21b5e0a7,707b6ccf-c9d9-4c1d-97f4-516b572b2f9d,1697663575822555555
6a69421f-e399-4db8-897a-d8ef21b5e0a7,707b6ccf-c9d9-4c1d-97f4-516b572b2f9d,1697663575856011111
6a69421f-e399-4db8-897a-d8ef21b5e0a7,707b6ccf-c9d9-4c1d-97f4-516b572b2f9d,1697663575887588888
6a69421f-e399-4db8-897a-d8ef21b5e0a7,707b6ccf-c9d9-4c1d-97f4-516b572b2f9d,1697663575926866666
6a69421f-e399-4db8-897a-d8ef21b5e0a7,707b6ccf-c9d9-4c1d-97f4-516b572b2f9d,1697663575955288888
6a69421f-e399-4db8-897a-d8ef21b5e0a7,707b6ccf-c9d9-4c1d-97f4-516b572b2f9d,1697663575987666666
6a69421f-e399-4db8-897a-d8ef21b5e0a7,707b6ccf-c9d9-4c1d-97f4-516b572b2f9d,1697663576023688888
6a69421f-e399-4db8-897a-d8ef21b5e0a7,707b6ccf-c9d9-4c1d-97f4-516b572b2f9d,1697663576055611111
6a69421f-e399-4db8-897a-d8ef21b5e0a7,707b6ccf-c9d9-4c1d-97f4-516b572b2f9d,1697663576089388888
6a69421f-e399-4db8-897a-d8ef21b5e0a7,707b6ccf-c9d9-4c1d-97f4-516b572b2f9d,1697663576123300000
6a69421f-e399-4db8-897a-d8ef21b5e0a7,707b6ccf-c9d9-4c1d-97f4-516b572b2f9d,1697663576155466666
6a69421f-e399-4db8-897a-d8ef21b5e0a7,707b6ccf-c9d9-4c1d-97f4-516b572b2f9d,1697663576190477777
6a69421f-e399-4db8-897a-d8ef21b5e0a7,707b6ccf-c9d9-4c1d-97f4-516b572b2f9d,1697663576222255555
6a69421f-e399-4db8-897a-d8ef21b5e0a7,707b6ccf-c9d9-4c1d-97f4-516b572b2f9d,1697663576257911111
6a69421f-e399-4db8-897a-d8ef21b5e0a7,707b6ccf-c9d9-4c1d-97f4-516b572b2f9d,1697663576295988888
6a69421f-e399-4db8-897a-d8ef21b5e0a7,707b6ccf-c9d9-4c1d-97f4-516b572b2f9d,1697663576338466666
6a69421f-e399-4db8-897a-d8ef21b5e0a7,707b6ccf-c9d9-4c1d-97f4-516b572b2f9d,1697663576362066666
6a69421f-e399-4db8-897a-d8ef21b5e0a7,707b6ccf-c9d9-4c1d-97f4-516b572b2f9d,1697663576389422222
6a69421f-e399-4db8-897a-d8ef21b5e0a7,707b6ccf-c9d9-4c1d-97f4-516b572b2f9d,1697663576420755555
6a69421f-e399-4db8-897a-d8ef21b5e0a7,707b6ccf-c9d9-4c1d-97f4-516b572b2f9d,1697663576459766666
6a69421f-e399-4db8-897a-d8ef21b5e0a7,707b6ccf-c9d9-4c1d-97f4-516b572b2f9d,1697663576477233333
6a69421f-e399-4db8-897a-d8ef21b5e0a7,707b6ccf-c9d9-4c1d-97f4-516b572b2f9d,1697663576527222222
6a69421f-e399-4db8-897a-d8ef21b5e0a7,707b6ccf-c9d9-4c1d-97f4-516b572b2f9d,1697663576557677777
6a69421f-e399-4db8-897a-d8ef21b5e0a7,707b6ccf-c9d9-4c1d-97f4-516b572b2f9d,1697663576589255555
6a69421f-e399-4db8-897a-d8ef21b5e0a7,707b6ccf-c9d9-4c1d-97f4-516b572b2f9d,1697663576623600000
6a69421f-e399-4db8-897a-d8ef21b5e0a7,707b6ccf-c9d9-4c1d-97f4-516b572b2f9d,1697663576657833333
6a69421f-e399-4db8-897a-d8ef21b5e0a7,707b6ccf-c9d9-4c1d-97f4-516b572b2f9d,1697663576692600000
6a69421f-e399-4db8-897a-d8ef21b5e0a7,707b6ccf-c9d9-4c1d-97f4-516b572b2f9d,1697663576722911111
6a69421f-e399-4db8-897a-d8ef21b5e0a7,707b6ccf-c9d9-4c1d-97f4-516b572b2f9d,1697663576754888888
6a69421f-e399-4db8-897a-d8ef21b5e0a7,707b6ccf-c9d9-4c1d-97f4-516b572b2f9d,1697663576786666666
6a69421f-e399-4db8-897a-d8ef21b5e0a7,707b6ccf-c9d9-4c1d-97f4-516b572b2f9d,1697663576827933333
6a69421f-e399-4db8-897a-d8ef21b5e0a7,707b6ccf-c9d9-4c1d-97f4-516b572b2f9d,1697663576860355555
6a69421f-e399-4db8-897a-d8ef21b5e0a7,707b6ccf-c9d9-4c1d-97f4-516b572b2f9d,1697663576890744444
6a69421f-e399-4db8-897a-d8ef21b5e0a7,707b6ccf-c9d9-4c1d-97f4-516b572b2f9d,1697663576923000000
6a69421f-e399-4db8-897a-d8ef21b5e0a7,707b6ccf-c9d9-4c1d-97f4-516b572b2f9d,1697663576956055555
6a69421f-e399-4db8-897a-d8ef21b5e0a7,707b6ccf-c9d9-4c1d-97f4-516b572b2f9d,1697663577005477777
6a69421f-e399-4db8-897a-d8ef21b5e0a7,707b6ccf-c9d9-4c1d-97f4-516b572b2f9d,1697663577015322222
6a69421f-e399-4db8-897a-d8ef21b5e0a7,707b6ccf-c9d9-4c1d-97f4-516b572b2f9d,1697663577062266666
6a69421f-e399-4db8-897a-d8ef21b5e0a7,707b6ccf-c9d9-4c1d-97f4-516b572b2f9d,1697663577079766666
6a69421f-e399-4db8-897a-d8ef21b5e0a7,707b6ccf-c9d9-4c1d-97f4-516b572b2f9d,1697663577116688888
6a69421f-e399-4db8-897a-d8ef21b5e0a7,707b6ccf-c9d9-4c1d-97f4-516b572b2f9d,1697663577147322222
6a69421f-e399-4db8-897a-d8ef21b5e0a7,707b6ccf-c9d9-4c1d-97f4-516b572b2f9d,1697663577189566666
6a69421f-e399-4db8-897a-d8ef21b5e0a7,707b6ccf-c9d9-4c1d-97f4-516b572b2f9d,1697663577223044444
6a69421f-e399-4db8-897a-d8ef21b5e0a7,707b6ccf-c9d9-4c1d-97f4-516b572b2f9d,1697663577256911111
6a69421f-e399-4db8-897a-d8ef21b5e0a7,707b6ccf-c9d9-4c1d-97f4-516b572b2f9d,1697663577288922222
6a69421f-e399-4db8-897a-d8ef21b5e0a7,707b6ccf-c9d9-4c1d-97f4-516b572b2f9d,1697663577323477777
6a69421f-e399-4db8-897a-d8ef21b5e0a7,707b6ccf-c9d9-4c1d-97f4-516b572b2f9d,1697663577357311111
6a69421f-e399-4db8-897a-d8ef21b5e0a7,707b6ccf-c9d9-4c1d-97f4-516b572b2f9d,1697663577388000000
6a69421f-e399-4db8-897a-d8ef21b5e0a7,707b6ccf-c9d9-4c1d-97f4-516b572b2f9d,1697663577425255555
6a69421f-e399-4db8-897a-d8ef21b5e0a7,707b6ccf-c9d9-4c1d-97f4-516b572b2f9d,1697663577456344444
6a69421f-e399-4db8-897a-d8ef21b5e0a7,707b6ccf-c9d9-4c1d-97f4-516b572b2f9d,1697663577486733333
6a69421f-e399-4db8-897a-d8ef21b5e0a7,707b6ccf-c9d9-4c1d-97f4-516b572b2f9d,1697663577523966666
6a69421f-e399-4db8-897a-d8ef21b5e0a7,707b6ccf-c9d9-4c1d-97f4-516b572b2f9d,1697663577558466666
6a69421f-e399-4db8-897a-d8ef21b5e0a7,707b6ccf-c9d9-4c1d-97f4-516b572b2f9d,1697663577589000000
6a69421f-e399-4db8-897a-d8ef21b5e0a7,707b6ccf-c9d9-4c1d-97f4-516b572b2f9d,1697663577628255555
6a69421f-e399-4db8-897a-d8ef21b5e0a7,707b6ccf-c9d9-4c1d-97f4-516b572b2f9d,1697663577659000000
6a69421f-e399-4db8-897a-d8ef21b5e0a7,707b6ccf-c9d9-4c1d-97f4-516b572b2f9d,1697663577680255555
6a69421f-e399-4db8-897a-d8ef21b5e0a7,707b6ccf-c9d9-4c1d-97f4-516b572b2f9d,1697663577714833333
6a69421f-e399-4db8-897a-d8ef21b5e0a7,707b6ccf-c9d9-4c1d-97f4-516b572b2f9d,1697663577761844444
6a69421f-e399-4db8-897a-d8ef21b5e0a7,707b6ccf-c9d9-4c1d-97f4-516b572b2f9d,1697663577779322222
6a69421f-e399-4db8-897a-d8ef21b5e0a7,707b6ccf-c9d9-4c1d-97f4-516b572b2f9d,1697663577813744444
6a69421f-e399-4db8-897a-d8ef21b5e0a7,707b6ccf-c9d9-4c1d-97f4-516b572b2f9d,1697663577854922222
6a69421f-e399-4db8-897a-d8ef21b5e0a7,707b6ccf-c9d9-4c1d-97f4-516b572b2f9d,1697663577886766666
6a69421f-e399-4db8-897a-d8ef21b5e0a7,707b6ccf-c9d9-4c1d-97f4-516b572b2f9d,1697663577923377777
6a69421f-e399-4db8-897a-d8ef21b5e0a7,707b6ccf-c9d9-4c1d-97f4-516b572b2f9d,1697663577955966666
6a69421f-e399-4db8-897a-d8ef21b5e0a7,707b6ccf-c9d9-4c1d-97f4-516b572b2f9d,1697663577986488888
6a69421f-e399-4db8-897a-d8ef21b5e0a7,707b6ccf-c9d9-4c1d-97f4-516b572b2f9d,1697663578032288888
6a69421f-e399-4db8-897a-d8ef21b5e0a7,707b6ccf-c9d9-4c1d-97f4-516b572b2f9d,1697663578056622222
6a69421f-e399-4db8-897a-d8ef21b5e0a7,707b6ccf-c9d9-4c1d-97f4-516b572b2f9d,1697663578094766666
6a69421f-e399-4db8-897a-d8ef21b5e0a7,707b6ccf-c9d9-4c1d-97f4-516b572b2f9d,1697663578123455555
6a69421f-e399-4db8-897a-d8ef21b5e0a7,707b6ccf-c9d9-4c1d-97f4-516b572b2f9d,1697663578154333333
6a69421f-e399-4db8-897a-d8ef21b5e0a7,707b6ccf-c9d9-4c1d-97f4-516b572b2f9d,1697663578186722222
6a69421f-e399-4db8-897a-d8ef21b5e0a7,707b6ccf-c9d9-4c1d-97f4-516b572b2f9d,1697663578226233333
6a69421f-e399-4db8-897a-d8ef21b5e0a7,707b6ccf-c9d9-4c1d-97f4-516b572b2f9d,1697663578255188888
6a69421f-e399-4db8-897a-d8ef21b5e0a7,707b6ccf-c9d9-4c1d-97f4-516b572b2f9d,1697663578284433333
6a69421f-e399-4db8-897a-d8ef21b5e0a7,707b6ccf-c9d9-4c1d-97f4-516b572b2f9d,1697663578333455555
6a69421f-e399-4db8-897a-d8ef21b5e0a7,707b6ccf-c9d9-4c1d-97f4-516b572b2f9d,1697663578364311111
6a69421f-e399-4db8-897a-d8ef21b5e0a7,707b6ccf-c9d9-4c1d-97f4-516b572b2f9d,1697663578381255555
6a69421f-e399-4db8-897a-d8ef21b5e0a7,707b6ccf-c9d9-4c1d-97f4-516b572b2f9d,1697663578424666666
6a69421f-e399-4db8-897a-d8ef21b5e0a7,707b6ccf-c9d9-4c1d-97f4-516b572b2f9d,1697663578448933333
6a69421f-e399-4db8-897a-d8ef21b5e0a7,707b6ccf-c9d9-4c1d-97f4-516b572b2f9d,1697663578490344444
6a69421f-e399-4db8-897a-d8ef21b5e0a7,707b6ccf-c9d9-4c1d-97f4-516b572b2f9d,1697663578518966666
6a69421f-e399-4db8-897a-d8ef21b5e0a7,707b6ccf-c9d9-4c1d-97f4-516b572b2f9d,1697663578553088888
6a69421f-e399-4db8-897a-d8ef21b5e0a7,707b6ccf-c9d9-4c1d-97f4-516b572b2f9d,1697663578588066666
6a69421f-e399-4db8-897a-d8ef21b5e0a7,707b6ccf-c9d9-4c1d-97f4-516b572b2f9d,1697663578622344444
6a69421f-e399-4db8-897a-d8ef21b5e0a7,707b6ccf-c9d9-4c1d-97f4-516b572b2f9d,1697663578653466666
6a69421f-e399-4db8-897a-d8ef21b5e0a7,707b6ccf-c9d9-4c1d-97f4-516b572b2f9d,1697663578686955555
6a69421f-e399-4db8-897a-d8ef21b5e0a7,707b6ccf-c9d9-4c1d-97f4-516b572b2f9d,1697663578719255555
6a69421f-e399-4db8-897a-d8ef21b5e0a7,707b6ccf-c9d9-4c1d-97f4-516b572b2f9d,1697663578757311111
6a69421f-e399-4db8-897a-d8ef21b5e0a7,707b6ccf-c9d9-4c1d-97f4-516b572b2f9d,1697663578784544444
6a69421f-e399-4db8-897a-d8ef21b5e0a7,707b6ccf-c9d9-4c1d-97f4-516b572b2f9d,1697663578820400000
6a69421f-e399-4db8-897a-d8ef21b5e0a7,707b6ccf-c9d9-4c1d-97f4-516b572b2f9d,1697663578854811111
6a69421f-e399-4db8-897a-d8ef21b5e0a7,707b6ccf-c9d9-4c1d-97f4-516b572b2f9d,1697663578884866666
6a69421f-e399-4db8-897a-d8ef21b5e0a7,707b6ccf-c9d9-4c1d-97f4-516b572b2f9d,1697663578917633333
6a69421f-e399-4db8-897a-d8ef21b5e0a7,707b6ccf-c9d9-4c1d-97f4-516b572b2f9d,1697663578954088888
6a69421f-e399-4db8-897a-d8ef21b5e0a7,707b6ccf-c9d9-4c1d-97f4-516b572b2f9d,1697663578988566666
6a69421f-e399-4db8-897a-d8ef21b5e0a7,707b6ccf-c9d9-4c1d-97f4-516b572b2f9d,1697663579010488888
6a69421f-e399-4db8-897a-d8ef21b5e0a7,707b6ccf-c9d9-4c1d-97f4-516b572b2f9d,1697663579063188888
6a69421f-e399-4db8-897a-d8ef21b5e0a7,707b6ccf-c9d9-4c1d-97f4-516b572b2f9d,1697663579082811111
6a69421f-e399-4db8-897a-d8ef21b5e0a7,707b6ccf-c9d9-4c1d-97f4-516b572b2f9d,1697663579112411111
6a69421f-e399-4db8-897a-d8ef21b5e0a7,707b6ccf-c9d9-4c1d-97f4-516b572b2f9d,1697663579146322222
6a69421f-e399-4db8-897a-d8ef21b5e0a7,707b6ccf-c9d9-4c1d-97f4-516b572b2f9d,1697663579190733333
6a69421f-e399-4db8-897a-d8ef21b5e0a7,707b6ccf-c9d9-4c1d-97f4-516b572b2f9d,1697663579221233333
6a69421f-e399-4db8-897a-d8ef21b5e0a7,707b6ccf-c9d9-4c1d-97f4-516b572b2f9d,1697663579250833333
6a69421f-e399-4db8-897a-d8ef21b5e0a7,707b6ccf-c9d9-4c1d-97f4-516b572b2f9d,1697663579286422222
6a69421f-e399-4db8-897a-d8ef21b5e0a7,707b6ccf-c9d9-4c1d-97f4-516b572b2f9d,1697663579321066666
6a69421f-e399-4db8-897a-d8ef21b5e0a7,707b6ccf-c9d9-4c1d-97f4-516b572b2f9d,1697663579359811111
6a69421f-e399-4db8-897a-d8ef21b5e0a7,707b6ccf-c9d9-4c1d-97f4-516b572b2f9d,1697663579389977777
6a69421f-e399-4db8-897a-d8ef21b5e0a7,707b6ccf-c9d9-4c1d-97f4-516b572b2f9d,1697663579419633333
6a69421f-e399-4db8-897a-d8ef21b5e0a7,707b6ccf-c9d9-4c1d-97f4-516b572b2f9d,1697663579454700000
6a69421f-e399-4db8-897a-d8ef21b5e0a7,707b6ccf-c9d9-4c1d-97f4-516b572b2f9d,1697663579492444444
6a69421f-e399-4db8-897a-d8ef21b5e0a7,707b6ccf-c9d9-4c1d-97f4-516b572b2f9d,1697663579518555555
6a69421f-e399-4db8-897a-d8ef21b5e0a7,707b6ccf-c9d9-4c1d-97f4-516b572b2f9d,1697663579554877777
6a69421f-e399-4db8-897a-d8ef21b5e0a7,707b6ccf-c9d9-4c1d-97f4-516b572b2f9d,1697663579585477777
6a69421f-e399-4db8-897a-d8ef21b5e0a7,707b6ccf-c9d9-4c1d-97f4-516b572b2f9d,1697663579623566666
6a69421f-e399-4db8-897a-d8ef21b5e0a7,707b6ccf-c9d9-4c1d-97f4-516b572b2f9d,1697663579655477777
6a69421f-e399-4db8-897a-d8ef21b5e0a7,707b6ccf-c9d9-4c1d-97f4-516b572b2f9d,1697663579685144444
6a69421f-e399-4db8-897a-d8ef21b5e0a7,707b6ccf-c9d9-4c1d-97f4-516b572b2f9d,1697663579711400000
6a69421f-e399-4db8-897a-d8ef21b5e0a7,707b6ccf-c9d9-4c1d-97f4-516b572b2f9d,1697663579754488888
6a69421f-e399-4db8-897a-d8ef21b5e0a7,707b6ccf-c9d9-4c1d-97f4-516b572b2f9d,1697663579791155555
6a69421f-e399-4db8-897a-d8ef21b5e0a7,707b6ccf-c9d9-4c1d-97f4-516b572b2f9d,1697663579810888888
6a69421f-e399-4db8-897a-d8ef21b5e0a7,707b6ccf-c9d9-4c1d-97f4-516b572b2f9d,1697663579857966666
6a69421f-e399-4db8-897a-d8ef21b5e0a7,707b6ccf-c9d9-4c1d-97f4-516b572b2f9d,1697663579889277777
6a69421f-e399-4db8-897a-d8ef21b5e0a7,707b6ccf-c9d9-4c1d-97f4-516b572b2f9d,1697663579918355555
6a69421f-e399-4db8-897a-d8ef21b5e0a7,707b6ccf-c9d9-4c1d-97f4-516b572b2f9d,1697663579955511111
6a69421f-e399-4db8-897a-d8ef21b5e0a7,707b6ccf-c9d9-4c1d-97f4-516b572b2f9d,1697663579984333333
6a69421f-e399-4db8-897a-d8ef21b5e0a7,707b6ccf-c9d9-4c1d-97f4-516b572b2f9d,1697663580021555555
6a69421f-e399-4db8-897a-d8ef21b5e0a7,707b6ccf-c9d9-4c1d-97f4-516b572b2f9d,1697663580056644444
6a69421f-e399-4db8-897a-d8ef21b5e0a7,707b6ccf-c9d9-4c1d-97f4-516b572b2f9d,1697663580087566666
6a69421f-e399-4db8-897a-d8ef21b5e0a7,707b6ccf-c9d9-4c1d-97f4-516b572b2f9d,1697663580119500000
6a69421f-e399-4db8-897a-d8ef21b5e0a7,707b6ccf-c9d9-4c1d-97f4-516b572b2f9d,1697663580155577777
6a69421f-e399-4db8-897a-d8ef21b5e0a7,707b6ccf-c9d9-4c1d-97f4-516b572b2f9d,1697663580186000000
6a69421f-e399-4db8-897a-d8ef21b5e0a7,707b6ccf-c9d9-4c1d-97f4-516b572b2f9d,1697663580221700000
6a69421f-e399-4db8-897a-d8ef21b5e0a7,707b6ccf-c9d9-4c1d-97f4-516b572b2f9d,1697663580254755555
6a69421f-e399-4db8-897a-d8ef21b5e0a7,707b6ccf-c9d9-4c1d-97f4-516b572b2f9d,1697663580288600000
6a69421f-e399-4db8-897a-d8ef21b5e0a7,707b6ccf-c9d9-4c1d-97f4-516b572b2f9d,1697663580322722222
6a69421f-e399-4db8-897a-d8ef21b5e0a7,707b6ccf-c9d9-4c1d-97f4-516b572b2f9d,1697663580349044444
6a69421f-e399-4db8-897a-d8ef21b5e0a7,707b6ccf-c9d9-4c1d-97f4-516b572b2f9d,1697663580383277777
6a69421f-e399-4db8-897a-d8ef21b5e0a7,707b6ccf-c9d9-4c1d-97f4-516b572b2f9d,1697663580411777777
6a69421f-e399-4db8-897a-d8ef21b5e0a7,707b6ccf-c9d9-4c1d-97f4-516b572b2f9d,1697663580446633333
6a69421f-e399-4db8-897a-d8ef21b5e0a7,707b6ccf-c9d9-4c1d-97f4-516b572b2f9d,1697663580486344444
6a69421f-e399-4db8-897a-d8ef21b5e0a7,707b6ccf-c9d9-4c1d-97f4-516b572b2f9d,1697663580519688888
6a69421f-e399-4db8-897a-d8ef21b5e0a7,707b6ccf-c9d9-4c1d-97f4-516b572b2f9d,1697663580554711111
6a69421f-e399-4db8-897a-d8ef21b5e0a7,707b6ccf-c9d9-4c1d-97f4-516b572b2f9d,1697663580587555555
6a69421f-e399-4db8-897a-d8ef21b5e0a7,707b6ccf-c9d9-4c1d-97f4-516b572b2f9d,1697663580623400000
6a69421f-e399-4db8-897a-d8ef21b5e0a7,707b6ccf-c9d9-4c1d-97f4-516b572b2f9d,1697663580659333333
6a69421f-e399-4db8-897a-d8ef21b5e0a7,707b6ccf-c9d9-4c1d-97f4-516b572b2f9d,1697663580690655555
6a69421f-e399-4db8-897a-d8ef21b5e0a7,707b6ccf-c9d9-4c1d-97f4-516b572b2f9d,1697663580718888888
6a69421f-e399-4db8-897a-d8ef21b5e0a7,707b6ccf-c9d9-4c1d-97f4-516b572b2f9d,1697663580757722222
6a69421f-e399-4db8-897a-d8ef21b5e0a7,707b6ccf-c9d9-4c1d-97f4-516b572b2f9d,1697663580786966666
6a69421f-e399-4db8-897a-d8ef21b5e0a7,707b6ccf-c9d9-4c1d-97f4-516b572b2f9d,1697663580820511111
6a69421f-e399-4db8-897a-d8ef21b5e0a7,707b6ccf-c9d9-4c1d-97f4-516b572b2f9d,1697663580854133333
6a69421f-e399-4db8-897a-d8ef21b5e0a7,707b6ccf-c9d9-4c1d-97f4-516b572b2f9d,1697663580885666666
6a69421f-e399-4db8-897a-d8ef21b5e0a7,707b6ccf-c9d9-4c1d-97f4-516b572b2f9d,1697663580921400000
6a69421f-e399-4db8-897a-d8ef21b5e0a7,707b6ccf-c9d9-4c1d-97f4-516b572b2f9d,1697663580955388888
6a69421f-e399-4db8-897a-d8ef21b5e0a7,707b6ccf-c9d9-4c1d-97f4-516b572b2f9d,1697663580985033333
6a69421f-e399-4db8-897a-d8ef21b5e0a7,707b6ccf-c9d9-4c1d-97f4-516b572b2f9d,1697663581011600000
6a69421f-e399-4db8-897a-d8ef21b5e0a7,707b6ccf-c9d9-4c1d-97f4-516b572b2f9d,1697663581047644444
6a69421f-e399-4db8-897a-d8ef21b5e0a7,707b6ccf-c9d9-4c1d-97f4-516b572b2f9d,1697663581078022222
6a69421f-e399-4db8-897a-d8ef21b5e0a7,707b6ccf-c9d9-4c1d-97f4-516b572b2f9d,1697663581126044444
6a69421f-e399-4db8-897a-d8ef21b5e0a7,707b6ccf-c9d9-4c1d-97f4-516b572b2f9d,1697663581148711111
6a69421f-e399-4db8-897a-d8ef21b5e0a7,707b6ccf-c9d9-4c1d-97f4-516b572b2f9d,1697663581187744444
6a69421f-e399-4db8-897a-d8ef21b5e0a7,707b6ccf-c9d9-4c1d-97f4-516b572b2f9d,1697663581216600000
6a69421f-e399-4db8-897a-d8ef21b5e0a7,707b6ccf-c9d9-4c1d-97f4-516b572b2f9d,1697663581259522222
6a69421f-e399-4db8-897a-d8ef21b5e0a7,707b6ccf-c9d9-4c1d-97f4-516b572b2f9d,1697663581285400000
6a69421f-e399-4db8-897a-d8ef21b5e0a7,707b6ccf-c9d9-4c1d-97f4-516b572b2f9d,1697663581321700000
6a69421f-e399-4db8-897a-d8ef21b5e0a7,707b6ccf-c9d9-4c1d-97f4-516b572b2f9d,1697663581362733333
6a69421f-e399-4db8-897a-d8ef21b5e0a7,707b6ccf-c9d9-4c1d-97f4-516b572b2f9d,1697663581377488888
6a69421f-e399-4db8-897a-d8ef21b5e0a7,707b6ccf-c9d9-4c1d-97f4-516b572b2f9d,1697663581420455555
6a69421f-e399-4db8-897a-d8ef21b5e0a7,707b6ccf-c9d9-4c1d-97f4-516b572b2f9d,1697663581454566666
6a69421f-e399-4db8-897a-d8ef21b5e0a7,707b6ccf-c9d9-4c1d-97f4-516b572b2f9d,1697663581488055555
6a69421f-e399-4db8-897a-d8ef21b5e0a7,707b6ccf-c9d9-4c1d-97f4-516b572b2f9d,1697663581517733333
6a69421f-e399-4db8-897a-d8ef21b5e0a7,707b6ccf-c9d9-4c1d-97f4-516b572b2f9d,1697663581551966666
6a69421f-e399-4db8-897a-d8ef21b5e0a7,707b6ccf-c9d9-4c1d-97f4-516b572b2f9d,1697663581586644444
6a69421f-e399-4db8-897a-d8ef21b5e0a7,707b6ccf-c9d9-4c1d-97f4-516b572b2f9d,1697663581629444444
6a69421f-e399-4db8-897a-d8ef21b5e0a7,707b6ccf-c9d9-4c1d-97f4-516b572b2f9d,1697663581644033333
6a69421f-e399-4db8-897a-d8ef21b5e0a7,707b6ccf-c9d9-4c1d-97f4-516b572b2f9d,1697663581687755555
6a69421f-e399-4db8-897a-d8ef21b5e0a7,707b6ccf-c9d9-4c1d-97f4-516b572b2f9d,1697663581725911111
6a69421f-e399-4db8-897a-d8ef21b5e0a7,707b6ccf-c9d9-4c1d-97f4-516b572b2f9d,1697663581756588888
6a69421f-e399-4db8-897a-d8ef21b5e0a7,707b6ccf-c9d9-4c1d-97f4-516b572b2f9d,1697663581786411111
6a69421f-e399-4db8-897a-d8ef21b5e0a7,707b6ccf-c9d9-4c1d-97f4-516b572b2f9d,1697663581817411111
6a69421f-e399-4db8-897a-d8ef21b5e0a7,707b6ccf-c9d9-4c1d-97f4-516b572b2f9d,1697663581849711111
6a69421f-e399-4db8-897a-d8ef21b5e0a7,707b6ccf-c9d9-4c1d-97f4-516b572b2f9d,1697663581888688888
6a69421f-e399-4db8-897a-d8ef21b5e0a7,707b6ccf-c9d9-4c1d-97f4-516b572b2f9d,1697663581918122222
6a69421f-e399-4db8-897a-d8ef21b5e0a7,707b6ccf-c9d9-4c1d-97f4-516b572b2f9d,1697663581950766666
6a69421f-e399-4db8-897a-d8ef21b5e0a7,707b6ccf-c9d9-4c1d-97f4-516b572b2f9d,1697663581988833333
6a69421f-e399-4db8-897a-d8ef21b5e0a7,707b6ccf-c9d9-4c1d-97f4-516b572b2f9d,1697663582020700000
6a69421f-e399-4db8-897a-d8ef21b5e0a7,707b6ccf-c9d9-4c1d-97f4-516b572b2f9d,1697663582054211111
6a69421f-e399-4db8-897a-d8ef21b5e0a7,707b6ccf-c9d9-4c1d-97f4-516b572b2f9d,1697663582085566666
6a69421f-e399-4db8-897a-d8ef21b5e0a7,707b6ccf-c9d9-4c1d-97f4-516b572b2f9d,1697663582120700000
6a69421f-e399-4db8-897a-d8ef21b5e0a7,707b6ccf-c9d9-4c1d-97f4-516b572b2f9d,1697663582153466666
6a69421f-e399-4db8-897a-d8ef21b5e0a7,707b6ccf-c9d9-4c1d-97f4-516b572b2f9d,1697663582186255555
6a69421f-e399-4db8-897a-d8ef21b5e0a7,707b6ccf-c9d9-4c1d-97f4-516b572b2f9d,1697663582218288888
6a69421f-e399-4db8-897a-d8ef21b5e0a7,707b6ccf-c9d9-4c1d-97f4-516b572b2f9d,1697663582251200000
6a69421f-e399-4db8-897a-d8ef21b5e0a7,707b6ccf-c9d9-4c1d-97f4-516b572b2f9d,1697663582287366666
6a69421f-e399-4db8-897a-d8ef21b5e0a7,707b6ccf-c9d9-4c1d-97f4-516b572b2f9d,1697663582316122222
6a69421f-e399-4db8-897a-d8ef21b5e0a7,707b6ccf-c9d9-4c1d-97f4-516b572b2f9d,1697663582342155555
6a69421f-e399-4db8-897a-d8ef21b5e0a7,707b6ccf-c9d9-4c1d-97f4-516b572b2f9d,1697663582379400000
6a69421f-e399-4db8-897a-d8ef21b5e0a7,707b6ccf-c9d9-4c1d-97f4-516b572b2f9d,1697663582415511111
6a69421f-e399-4db8-897a-d8ef21b5e0a7,707b6ccf-c9d9-4c1d-97f4-516b572b2f9d,1697663582448388888
6a69421f-e399-4db8-897a-d8ef21b5e0a7,707b6ccf-c9d9-4c1d-97f4-516b572b2f9d,1697663582486511111
6a69421f-e399-4db8-897a-d8ef21b5e0a7,707b6ccf-c9d9-4c1d-97f4-516b572b2f9d,1697663582517933333
6a69421f-e399-4db8-897a-d8ef21b5e0a7,707b6ccf-c9d9-4c1d-97f4-516b572b2f9d,1697663582549333333
6a69421f-e399-4db8-897a-d8ef21b5e0a7,707b6ccf-c9d9-4c1d-97f4-516b572b2f9d,1697663582591600000
6a69421f-e399-4db8-897a-d8ef21b5e0a7,707b6ccf-c9d9-4c1d-97f4-516b572b2f9d,1697663582618911111
6a69421f-e399-4db8-897a-d8ef21b5e0a7,707b6ccf-c9d9-4c1d-97f4-516b572b2f9d,1697663582652466666
6a69421f-e399-4db8-897a-d8ef21b5e0a7,707b6ccf-c9d9-4c1d-97f4-516b572b2f9d,1697663582686922222
6a69421f-e399-4db8-897a-d8ef21b5e0a7,707b6ccf-c9d9-4c1d-97f4-516b572b2f9d,1697663582720966666
6a69421f-e399-4db8-897a-d8ef21b5e0a7,707b6ccf-c9d9-4c1d-97f4-516b572b2f9d,1697663582743333333
6a69421f-e399-4db8-897a-d8ef21b5e0a7,707b6ccf-c9d9-4c1d-97f4-516b572b2f9d,1697663582792888888
6a69421f-e399-4db8-897a-d8ef21b5e0a7,707b6ccf-c9d9-4c1d-97f4-516b572b2f9d,1697663582821700000
6a69421f-e399-4db8-897a-d8ef21b5e0a7,707b6ccf-c9d9-4c1d-97f4-516b572b2f9d,1697663582851244444
6a69421f-e399-4db8-897a-d8ef21b5e0a7,707b6ccf-c9d9-4c1d-97f4-516b572b2f9d,1697663582890733333
6a69421f-e399-4db8-897a-d8ef21b5e0a7,707b6ccf-c9d9-4c1d-97f4-516b572b2f9d,1697663582918588888
6a69421f-e399-4db8-897a-d8ef21b5e0a7,707b6ccf-c9d9-4c1d-97f4-516b572b2f9d,1697663582951777777
6a69421f-e399-4db8-897a-d8ef21b5e0a7,707b6ccf-c9d9-4c1d-97f4-516b572b2f9d,1697663583010966666
6a69421f-e399-4db8-897a-d8ef21b5e0a7,707b6ccf-c9d9-4c1d-97f4-516b572b2f9d,1697663583020322222
6a69421f-e399-4db8-897a-d8ef21b5e0a7,707b6ccf-c9d9-4c1d-97f4-516b572b2f9d,1697663583046722222
6a69421f-e399-4db8-897a-d8ef21b5e0a7,707b6ccf-c9d9-4c1d-97f4-516b572b2f9d,1697663583079644444
6a69421f-e399-4db8-897a-d8ef21b5e0a7,707b6ccf-c9d9-4c1d-97f4-516b572b2f9d,1697663583110855555
6a69421f-e399-4db8-897a-d8ef21b5e0a7,707b6ccf-c9d9-4c1d-97f4-516b572b2f9d,1697663583162688888
6a69421f-e399-4db8-897a-d8ef21b5e0a7,707b6ccf-c9d9-4c1d-97f4-516b572b2f9d,1697663583176833333
6a69421f-e399-4db8-897a-d8ef21b5e0a7,707b6ccf-c9d9-4c1d-97f4-516b572b2f9d,1697663583219255555
6a69421f-e399-4db8-897a-d8ef21b5e0a7,707b6ccf-c9d9-4c1d-97f4-516b572b2f9d,1697663583253966666
6a69421f-e399-4db8-897a-d8ef21b5e0a7,707b6ccf-c9d9-4c1d-97f4-516b572b2f9d,1697663583289711111
6a69421f-e399-4db8-897a-d8ef21b5e0a7,707b6ccf-c9d9-4c1d-97f4-516b572b2f9d,1697663583319700000
6a69421f-e399-4db8-897a-d8ef21b5e0a7,707b6ccf-c9d9-4c1d-97f4-516b572b2f9d,1697663583349077777
6a69421f-e399-4db8-897a-d8ef21b5e0a7,707b6ccf-c9d9-4c1d-97f4-516b572b2f9d,1697663583388977777
6a69421f-e399-4db8-897a-d8ef21b5e0a7,707b6ccf-c9d9-4c1d-97f4-516b572b2f9d,1697663583420000000
6a69421f-e399-4db8-897a-d8ef21b5e0a7,707b6ccf-c9d9-4c1d-97f4-516b572b2f9d,1697663583449144444
6a69421f-e399-4db8-897a-d8ef21b5e0a7,707b6ccf-c9d9-4c1d-97f4-516b572b2f9d,1697663583488600000
6a69421f-e399-4db8-897a-d8ef21b5e0a7,707b6ccf-c9d9-4c1d-97f4-516b572b2f9d,1697663583519955555
6a69421f-e399-4db8-897a-d8ef21b5e0a7,707b6ccf-c9d9-4c1d-97f4-516b572b2f9d,1697663583551455555
6a69421f-e399-4db8-897a-d8ef21b5e0a7,707b6ccf-c9d9-4c1d-97f4-516b572b2f9d,1697663583585655555
6a69421f-e399-4db8-897a-d8ef21b5e0a7,707b6ccf-c9d9-4c1d-97f4-516b572b2f9d,1697663583622755555
6a69421f-e399-4db8-897a-d8ef21b5e0a7,707b6ccf-c9d9-4c1d-97f4-516b572b2f9d,1697663583642188888
6a69421f-e399-4db8-897a-d8ef21b5e0a7,707b6ccf-c9d9-4c1d-97f4-516b572b2f9d,1697663583689411111
6a69421f-e399-4db8-897a-d8ef21b5e0a7,707b6ccf-c9d9-4c1d-97f4-516b572b2f9d,1697663583712488888
6a69421f-e399-4db8-897a-d8ef21b5e0a7,707b6ccf-c9d9-4c1d-97f4-516b572b2f9d,1697663583744233333
6a69421f-e399-4db8-897a-d8ef21b5e0a7,707b6ccf-c9d9-4c1d-97f4-516b572b2f9d,1697663583776800000
6a69421f-e399-4db8-897a-d8ef21b5e0a7,707b6ccf-c9d9-4c1d-97f4-516b572b2f9d,1697663583819633333
6a69421f-e399-4db8-897a-d8ef21b5e0a7,707b6ccf-c9d9-4c1d-97f4-516b572b2f9d,1697663583850911111
6a69421f-e399-4db8-897a-d8ef21b5e0a7,707b6ccf-c9d9-4c1d-97f4-516b572b2f9d,1697663583887377777
6a69421f-e399-4db8-897a-d8ef21b5e0a7,707b6ccf-c9d9-4c1d-97f4-516b572b2f9d,1697663583918733333
6a69421f-e399-4db8-897a-d8ef21b5e0a7,707b6ccf-c9d9-4c1d-97f4-516b572b2f9d,1697663583951633333
6a69421f-e399-4db8-897a-d8ef21b5e0a7,707b6ccf-c9d9-4c1d-97f4-516b572b2f9d,1697663583989322222
6a69421f-e399-4db8-897a-d8ef21b5e0a7,707b6ccf-c9d9-4c1d-97f4-516b572b2f9d,1697663584020888888
6a69421f-e399-4db8-897a-d8ef21b5e0a7,707b6ccf-c9d9-4c1d-97f4-516b572b2f9d,1697663584054655555
6a69421f-e399-4db8-897a-d8ef21b5e0a7,707b6ccf-c9d9-4c1d-97f4-516b572b2f9d,1697663584087255555
6a69421f-e399-4db8-897a-d8ef21b5e0a7,707b6ccf-c9d9-4c1d-97f4-516b572b2f9d,1697663584121511111
6a69421f-e399-4db8-897a-d8ef21b5e0a7,707b6ccf-c9d9-4c1d-97f4-516b572b2f9d,1697663584152688888
6a69421f-e399-4db8-897a-d8ef21b5e0a7,707b6ccf-c9d9-4c1d-97f4-516b572b2f9d,1697663584188611111
6a69421f-e399-4db8-897a-d8ef21b5e0a7,707b6ccf-c9d9-4c1d-97f4-516b572b2f9d,1697663584227266666
6a69421f-e399-4db8-897a-d8ef21b5e0a7,707b6ccf-c9d9-4c1d-97f4-516b572b2f9d,1697663584249933333
6a69421f-e399-4db8-897a-d8ef21b5e0a7,707b6ccf-c9d9-4c1d-97f4-516b572b2f9d,1697663584303355555
6a69421f-e399-4db8-897a-d8ef21b5e0a7,707b6ccf-c9d9-4c1d-97f4-516b572b2f9d,1697663584316211111
6a69421f-e399-4db8-897a-d8ef21b5e0a7,707b6ccf-c9d9-4c1d-97f4-516b572b2f9d,1697663584343600000
6a69421f-e399-4db8-897a-d8ef21b5e0a7,707b6ccf-c9d9-4c1d-97f4-516b572b2f9d,1697663584379800000
6a69421f-e399-4db8-897a-d8ef21b5e0a7,707b6ccf-c9d9-4c1d-97f4-516b572b2f9d,1697663584423155555
6a69421f-e399-4db8-897a-d8ef21b5e0a7,707b6ccf-c9d9-4c1d-97f4-516b572b2f9d,1697663584440322222
6a69421f-e399-4db8-897a-d8ef21b5e0a7,707b6ccf-c9d9-4c1d-97f4-516b572b2f9d,1697663584488100000
6a69421f-e399-4db8-897a-d8ef21b5e0a7,707b6ccf-c9d9-4c1d-97f4-516b572b2f9d,1697663584517733333
6a69421f-e399-4db8-897a-d8ef21b5e0a7,707b6ccf-c9d9-4c1d-97f4-516b572b2f9d,1697663584550722222
6a69421f-e399-4db8-897a-d8ef21b5e0a7,707b6ccf-c9d9-4c1d-97f4-516b572b2f9d,1697663584587844444
6a69421f-e399-4db8-897a-d8ef21b5e0a7,707b6ccf-c9d9-4c1d-97f4-516b572b2f9d,1697663584617822222
6a69421f-e399-4db8-897a-d8ef21b5e0a7,707b6ccf-c9d9-4c1d-97f4-516b572b2f9d,1697663584655377777
6a69421f-e399-4db8-897a-d8ef21b5e0a7,707b6ccf-c9d9-4c1d-97f4-516b572b2f9d,1697663584683966666
6a69421f-e399-4db8-897a-d8ef21b5e0a7,707b6ccf-c9d9-4c1d-97f4-516b572b2f9d,1697663584719688888
6a69421f-e399-4db8-897a-d8ef21b5e0a7,707b6ccf-c9d9-4c1d-97f4-516b572b2f9d,1697663584749033333
6a69421f-e399-4db8-897a-d8ef21b5e0a7,707b6ccf-c9d9-4c1d-97f4-516b572b2f9d,1697663584784888888
6a69421f-e399-4db8-897a-d8ef21b5e0a7,707b6ccf-c9d9-4c1d-97f4-516b572b2f9d,1697663584821377777
6a69421f-e399-4db8-897a-d8ef21b5e0a7,707b6ccf-c9d9-4c1d-97f4-516b572b2f9d,1697663584852544444
6a69421f-e399-4db8-897a-d8ef21b5e0a7,707b6ccf-c9d9-4c1d-97f4-516b572b2f9d,1697663584882333333
6a69421f-e399-4db8-897a-d8ef21b5e0a7,707b6ccf-c9d9-4c1d-97f4-516b572b2f9d,1697663584921311111
6a69421f-e399-4db8-897a-d8ef21b5e0a7,707b6ccf-c9d9-4c1d-97f4-516b572b2f9d,1697663584961611111
6a69421f-e399-4db8-897a-d8ef21b5e0a7,707b6ccf-c9d9-4c1d-97f4-516b572b2f9d,1697663584974377777
6a69421f-e399-4db8-897a-d8ef21b5e0a7,707b6ccf-c9d9-4c1d-97f4-516b572b2f9d,1697663585013255555
6a69421f-e399-4db8-897a-d8ef21b5e0a7,707b6ccf-c9d9-4c1d-97f4-516b572b2f9d,1697663585059211111
6a69421f-e399-4db8-897a-d8ef21b5e0a7,707b6ccf-c9d9-4c1d-97f4-516b572b2f9d,1697663585091544444
6a69421f-e399-4db8-897a-d8ef21b5e0a7,707b6ccf-c9d9-4c1d-97f4-516b572b2f9d,1697663585114844444
6a69421f-e399-4db8-897a-d8ef21b5e0a7,707b6ccf-c9d9-4c1d-97f4-516b572b2f9d,1697663585141888888
6a69421f-e399-4db8-897a-d8ef21b5e0a7,707b6ccf-c9d9-4c1d-97f4-516b572b2f9d,1697663585183844444
6a69421f-e399-4db8-897a-d8ef21b5e0a7,707b6ccf-c9d9-4c1d-97f4-516b572b2f9d,1697663585222422222
6a69421f-e399-4db8-897a-d8ef21b5e0a7,707b6ccf-c9d9-4c1d-97f4-516b572b2f9d,1697663585249555555
6a69421f-e399-4db8-897a-d8ef21b5e0a7,707b6ccf-c9d9-4c1d-97f4-516b572b2f9d,1697663585286966666
6a69421f-e399-4db8-897a-d8ef21b5e0a7,707b6ccf-c9d9-4c1d-97f4-516b572b2f9d,1697663585320722222
6a69421f-e399-4db8-897a-d8ef21b5e0a7,707b6ccf-c9d9-4c1d-97f4-516b572b2f9d,1697663585349944444
6a69421f-e399-4db8-897a-d8ef21b5e0a7,707b6ccf-c9d9-4c1d-97f4-516b572b2f9d,1697663585385733333
6a69421f-e399-4db8-897a-d8ef21b5e0a7,707b6ccf-c9d9-4c1d-97f4-516b572b2f9d,1697663585419244444
6a69421f-e399-4db8-897a-d8ef21b5e0a7,707b6ccf-c9d9-4c1d-97f4-516b572b2f9d,1697663585449855555
6a69421f-e399-4db8-897a-d8ef21b5e0a7,707b6ccf-c9d9-4c1d-97f4-516b572b2f9d,1697663585482800000
6a69421f-e399-4db8-897a-d8ef21b5e0a7,707b6ccf-c9d9-4c1d-97f4-516b572b2f9d,1697663585522866666
6a69421f-e399-4db8-897a-d8ef21b5e0a7,707b6ccf-c9d9-4c1d-97f4-516b572b2f9d,1697663585552833333
6a69421f-e399-4db8-897a-d8ef21b5e0a7,707b6ccf-c9d9-4c1d-97f4-516b572b2f9d,1697663585582977777
6a69421f-e399-4db8-897a-d8ef21b5e0a7,707b6ccf-c9d9-4c1d-97f4-516b572b2f9d,1697663585619444444
6a69421f-e399-4db8-897a-d8ef21b5e0a7,707b6ccf-c9d9-4c1d-97f4-516b572b2f9d,1697663585650777777
6a69421f-e399-4db8-897a-d8ef21b5e0a7,707b6ccf-c9d9-4c1d-97f4-516b572b2f9d,1697663585676133333
6a69421f-e399-4db8-897a-d8ef21b5e0a7,707b6ccf-c9d9-4c1d-97f4-516b572b2f9d,1697663585712311111
6a69421f-e399-4db8-897a-d8ef21b5e0a7,707b6ccf-c9d9-4c1d-97f4-516b572b2f9d,1697663585766188888
6a69421f-e399-4db8-897a-d8ef21b5e0a7,707b6ccf-c9d9-4c1d-97f4-516b572b2f9d,1697663585774600000
6a69421f-e399-4db8-897a-d8ef21b5e0a7,707b6ccf-c9d9-4c1d-97f4-516b572b2f9d,1697663585818100000
6a69421f-e399-4db8-897a-d8ef21b5e0a7,707b6ccf-c9d9-4c1d-97f4-516b572b2f9d,1697663585853355555
6a69421f-e399-4db8-897a-d8ef21b5e0a7,707b6ccf-c9d9-4c1d-97f4-516b572b2f9d,1697663585883433333
6a69421f-e399-4db8-897a-d8ef21b5e0a7,707b6ccf-c9d9-4c1d-97f4-516b572b2f9d,1697663585917811111
6a69421f-e399-4db8-897a-d8ef21b5e0a7,707b6ccf-c9d9-4c1d-97f4-516b572b2f9d,1697663585952555555
6a69421f-e399-4db8-897a-d8ef21b5e0a7,707b6ccf-c9d9-4c1d-97f4-516b572b2f9d,1697663585984544444
6a69421f-e399-4db8-897a-d8ef21b5e0a7,707b6ccf-c9d9-4c1d-97f4-516b572b2f9d,1697663586019733333
6a69421f-e399-4db8-897a-d8ef21b5e0a7,707b6ccf-c9d9-4c1d-97f4-516b572b2f9d,1697663586050033333
6a69421f-e399-4db8-897a-d8ef21b5e0a7,707b6ccf-c9d9-4c1d-97f4-516b572b2f9d,1697663586082311111
6a69421f-e399-4db8-897a-d8ef21b5e0a7,707b6ccf-c9d9-4c1d-97f4-516b572b2f9d,1697663586122266666
6a69421f-e399-4db8-897a-d8ef21b5e0a7,707b6ccf-c9d9-4c1d-97f4-516b572b2f9d,1697663586150911111
6a69421f-e399-4db8-897a-d8ef21b5e0a7,707b6ccf-c9d9-4c1d-97f4-516b572b2f9d,1697663586187177777
6a69421f-e399-4db8-897a-d8ef21b5e0a7,707b6ccf-c9d9-4c1d-97f4-516b572b2f9d,1697663586222488888
6a69421f-e399-4db8-897a-d8ef21b5e0a7,707b6ccf-c9d9-4c1d-97f4-516b572b2f9d,1697663586255200000
6a69421f-e399-4db8-897a-d8ef21b5e0a7,707b6ccf-c9d9-4c1d-97f4-516b572b2f9d,1697663586280355555
6a69421f-e399-4db8-897a-d8ef21b5e0a7,707b6ccf-c9d9-4c1d-97f4-516b572b2f9d,1697663586312533333
6a69421f-e399-4db8-897a-d8ef21b5e0a7,707b6ccf-c9d9-4c1d-97f4-516b572b2f9d,1697663586346055555
6a69421f-e399-4db8-897a-d8ef21b5e0a7,707b6ccf-c9d9-4c1d-97f4-516b572b2f9d,1697663586372844444
6a69421f-e399-4db8-897a-d8ef21b5e0a7,707b6ccf-c9d9-4c1d-97f4-516b572b2f9d,1697663586412088888
6a69421f-e399-4db8-897a-d8ef21b5e0a7,707b6ccf-c9d9-4c1d-97f4-516b572b2f9d,1697663586451766666
6a69421f-e399-4db8-897a-d8ef21b5e0a7,707b6ccf-c9d9-4c1d-97f4-516b572b2f9d,1697663586481966666
6a69421f-e399-4db8-897a-d8ef21b5e0a7,707b6ccf-c9d9-4c1d-97f4-516b572b2f9d,1697663586518044444
6a69421f-e399-4db8-897a-d8ef21b5e0a7,707b6ccf-c9d9-4c1d-97f4-516b572b2f9d,1697663586554188888
6a69421f-e399-4db8-897a-d8ef21b5e0a7,707b6ccf-c9d9-4c1d-97f4-516b572b2f9d,1697663586580855555
6a69421f-e399-4db8-897a-d8ef21b5e0a7,707b6ccf-c9d9-4c1d-97f4-516b572b2f9d,1697663586628488888
6a69421f-e399-4db8-897a-d8ef21b5e0a7,707b6ccf-c9d9-4c1d-97f4-516b572b2f9d,1697663586655322222
6a69421f-e399-4db8-897a-d8ef21b5e0a7,707b6ccf-c9d9-4c1d-97f4-516b572b2f9d,1697663586681522222
6a69421f-e399-4db8-897a-d8ef21b5e0a7,707b6ccf-c9d9-4c1d-97f4-516b572b2f9d,1697663586717577777
6a69421f-e399-4db8-897a-d8ef21b5e0a7,707b6ccf-c9d9-4c1d-97f4-516b572b2f9d,1697663586750888888
6a69421f-e399-4db8-897a-d8ef21b5e0a7,707b6ccf-c9d9-4c1d-97f4-516b572b2f9d,1697663586785644444
6a69421f-e399-4db8-897a-d8ef21b5e0a7,707b6ccf-c9d9-4c1d-97f4-516b572b2f9d,1697663586820766666
6a69421f-e399-4db8-897a-d8ef21b5e0a7,707b6ccf-c9d9-4c1d-97f4-516b572b2f9d,1697663586850088888
6a69421f-e399-4db8-897a-d8ef21b5e0a7,707b6ccf-c9d9-4c1d-97f4-516b572b2f9d,1697663586882155555
6a69421f-e399-4db8-897a-d8ef21b5e0a7,707b6ccf-c9d9-4c1d-97f4-516b572b2f9d,1697663586929366666
6a69421f-e399-4db8-897a-d8ef21b5e0a7,707b6ccf-c9d9-4c1d-97f4-516b572b2f9d,1697663586944200000
6a69421f-e399-4db8-897a-d8ef21b5e0a7,707b6ccf-c9d9-4c1d-97f4-516b572b2f9d,1697663586991300000
6a69421f-e399-4db8-897a-d8ef21b5e0a7,707b6ccf-c9d9-4c1d-97f4-516b572b2f9d,1697663587019788888
6a69421f-e399-4db8-897a-d8ef21b5e0a7,707b6ccf-c9d9-4c1d-97f4-516b572b2f9d,1697663587043900000
6a69421f-e399-4db8-897a-d8ef21b5e0a7,707b6ccf-c9d9-4c1d-97f4-516b572b2f9d,1697663587078777777
6a69421f-e399-4db8-897a-d8ef21b5e0a7,707b6ccf-c9d9-4c1d-97f4-516b572b2f9d,1697663587117711111
6a69421f-e399-4db8-897a-d8ef21b5e0a7,707b6ccf-c9d9-4c1d-97f4-516b572b2f9d,1697663587151400000
6a69421f-e399-4db8-897a-d8ef21b5e0a7,707b6ccf-c9d9-4c1d-97f4-516b572b2f9d,1697663587183577777
6a69421f-e399-4db8-897a-d8ef21b5e0a7,707b6ccf-c9d9-4c1d-97f4-516b572b2f9d,1697663587222366666
6a69421f-e399-4db8-897a-d8ef21b5e0a7,707b6ccf-c9d9-4c1d-97f4-516b572b2f9d,1697663587250233333
6a69421f-e399-4db8-897a-d8ef21b5e0a7,707b6ccf-c9d9-4c1d-97f4-516b572b2f9d,1697663587281755555
6a69421f-e399-4db8-897a-d8ef21b5e0a7,707b6ccf-c9d9-4c1d-97f4-516b572b2f9d,1697663587319233333
6a69421f-e399-4db8-897a-d8ef21b5e0a7,707b6ccf-c9d9-4c1d-97f4-516b572b2f9d,1697663587351311111
6a69421f-e399-4db8-897a-d8ef21b5e0a7,707b6ccf-c9d9-4c1d-97f4-516b572b2f9d,1697663587382111111
6a69421f-e399-4db8-897a-d8ef21b5e0a7,707b6ccf-c9d9-4c1d-97f4-516b572b2f9d,1697663587421622222
6a69421f-e399-4db8-897a-d8ef21b5e0a7,707b6ccf-c9d9-4c1d-97f4-516b572b2f9d,1697663587449333333
6a69421f-e399-4db8-897a-d8ef21b5e0a7,707b6ccf-c9d9-4c1d-97f4-516b572b2f9d,1697663587482244444
6a69421f-e399-4db8-897a-d8ef21b5e0a7,707b6ccf-c9d9-4c1d-97f4-516b572b2f9d,1697663587522522222
6a69421f-e399-4db8-897a-d8ef21b5e0a7,707b6ccf-c9d9-4c1d-97f4-516b572b2f9d,1697663587552766666
6a69421f-e399-4db8-897a-d8ef21b5e0a7,707b6ccf-c9d9-4c1d-97f4-516b572b2f9d,1697663587586800000
6a69421f-e399-4db8-897a-d8ef21b5e0a7,707b6ccf-c9d9-4c1d-97f4-516b572b2f9d,1697663587612466666
6a69421f-e399-4db8-897a-d8ef21b5e0a7,707b6ccf-c9d9-4c1d-97f4-516b572b2f9d,1697663587647544444
6a69421f-e399-4db8-897a-d8ef21b5e0a7,707b6ccf-c9d9-4c1d-97f4-516b572b2f9d,1697663587679533333
6a69421f-e399-4db8-897a-d8ef21b5e0a7,707b6ccf-c9d9-4c1d-97f4-516b572b2f9d,1697663587712944444
6a69421f-e399-4db8-897a-d8ef21b5e0a7,707b6ccf-c9d9-4c1d-97f4-516b572b2f9d,1697663587745800000
6a69421f-e399-4db8-897a-d8ef21b5e0a7,707b6ccf-c9d9-4c1d-97f4-516b572b2f9d,1697663587783488888
6a69421f-e399-4db8-897a-d8ef21b5e0a7,707b6ccf-c9d9-4c1d-97f4-516b572b2f9d,1697663587819333333
6a69421f-e399-4db8-897a-d8ef21b5e0a7,707b6ccf-c9d9-4c1d-97f4-516b572b2f9d,1697663587850455555
6a69421f-e399-4db8-897a-d8ef21b5e0a7,707b6ccf-c9d9-4c1d-97f4-516b572b2f9d,1697663587885744444
6a69421f-e399-4db8-897a-d8ef21b5e0a7,707b6ccf-c9d9-4c1d-97f4-516b572b2f9d,1697663587920733333
6a69421f-e399-4db8-897a-d8ef21b5e0a7,707b6ccf-c9d9-4c1d-97f4-516b572b2f9d,1697663587950833333
6a69421f-e399-4db8-897a-d8ef21b5e0a7,707b6ccf-c9d9-4c1d-97f4-516b572b2f9d,1697663587987377777
6a69421f-e399-4db8-897a-d8ef21b5e0a7,707b6ccf-c9d9-4c1d-97f4-516b572b2f9d,1697663588014733333
6a69421f-e399-4db8-897a-d8ef21b5e0a7,707b6ccf-c9d9-4c1d-97f4-516b572b2f9d,1697663588050844444
6a69421f-e399-4db8-897a-d8ef21b5e0a7,707b6ccf-c9d9-4c1d-97f4-516b572b2f9d,1697663588083577777
6a69421f-e399-4db8-897a-d8ef21b5e0a7,707b6ccf-c9d9-4c1d-97f4-516b572b2f9d,1697663588116000000
6a69421f-e399-4db8-897a-d8ef21b5e0a7,707b6ccf-c9d9-4c1d-97f4-516b572b2f9d,1697663588151466666
6a69421f-e399-4db8-897a-d8ef21b5e0a7,707b6ccf-c9d9-4c1d-97f4-516b572b2f9d,1697663588187122222
6a69421f-e399-4db8-897a-d8ef21b5e0a7,707b6ccf-c9d9-4c1d-97f4-516b572b2f9d,1697663588219033333
6a69421f-e399-4db8-897a-d8ef21b5e0a7,707b6ccf-c9d9-4c1d-97f4-516b572b2f9d,1697663588255244444
6a69421f-e399-4db8-897a-d8ef21b5e0a7,707b6ccf-c9d9-4c1d-97f4-516b572b2f9d,1697663588275100000
6a69421f-e399-4db8-897a-d8ef21b5e0a7,707b6ccf-c9d9-4c1d-97f4-516b572b2f9d,1697663588325511111
6a69421f-e399-4db8-897a-d8ef21b5e0a7,707b6ccf-c9d9-4c1d-97f4-516b572b2f9d,1697663588347277777
6a69421f-e399-4db8-897a-d8ef21b5e0a7,707b6ccf-c9d9-4c1d-97f4-516b572b2f9d,1697663588391300000
6a69421f-e399-4db8-897a-d8ef21b5e0a7,707b6ccf-c9d9-4c1d-97f4-516b572b2f9d,1697663588412711111
6a69421f-e399-4db8-897a-d8ef21b5e0a7,707b6ccf-c9d9-4c1d-97f4-516b572b2f9d,1697663588450822222
6a69421f-e399-4db8-897a-d8ef21b5e0a7,707b6ccf-c9d9-4c1d-97f4-516b572b2f9d,1697663588485388888
6a69421f-e399-4db8-897a-d8ef21b5e0a7,707b6ccf-c9d9-4c1d-97f4-516b572b2f9d,1697663588514244444
6a69421f-e399-4db8-897a-d8ef21b5e0a7,707b6ccf-c9d9-4c1d-97f4-516b572b2f9d,1697663588550633333
6a69421f-e399-4db8-897a-d8ef21b5e0a7,707b6ccf-c9d9-4c1d-97f4-516b572b2f9d,1697663588583011111
6a69421f-e399-4db8-897a-d8ef21b5e0a7,707b6ccf-c9d9-4c1d-97f4-516b572b2f9d,1697663588613666666
6a69421f-e399-4db8-897a-d8ef21b5e0a7,707b6ccf-c9d9-4c1d-97f4-516b572b2f9d,1697663588651555555
6a69421f-e399-4db8-897a-d8ef21b5e0a7,707b6ccf-c9d9-4c1d-97f4-516b572b2f9d,1697663588682511111
6a69421f-e399-4db8-897a-d8ef21b5e0a7,707b6ccf-c9d9-4c1d-97f4-516b572b2f9d,1697663588715700000
6a69421f-e399-4db8-897a-d8ef21b5e0a7,707b6ccf-c9d9-4c1d-97f4-516b572b2f9d,1697663588754422222
6a69421f-e399-4db8-897a-d8ef21b5e0a7,707b6ccf-c9d9-4c1d-97f4-516b572b2f9d,1697663588784911111
6a69421f-e399-4db8-897a-d8ef21b5e0a7,707b6ccf-c9d9-4c1d-97f4-516b572b2f9d,1697663588817100000
6a69421f-e399-4db8-897a-d8ef21b5e0a7,707b6ccf-c9d9-4c1d-97f4-516b572b2f9d,1697663588853566666
6a69421f-e399-4db8-897a-d8ef21b5e0a7,707b6ccf-c9d9-4c1d-97f4-516b572b2f9d,1697663588887166666
6a69421f-e399-4db8-897a-d8ef21b5e0a7,707b6ccf-c9d9-4c1d-97f4-516b572b2f9d,1697663588916400000
6a69421f-e399-4db8-897a-d8ef21b5e0a7,707b6ccf-c9d9-4c1d-97f4-516b572b2f9d,1697663588950644444
6a69421f-e399-4db8-897a-d8ef21b5e0a7,707b6ccf-c9d9-4c1d-97f4-516b572b2f9d,1697663588974888888
6a69421f-e399-4db8-897a-d8ef21b5e0a7,707b6ccf-c9d9-4c1d-97f4-516b572b2f9d,1697663589018077777
6a69421f-e399-4db8-897a-d8ef21b5e0a7,707b6ccf-c9d9-4c1d-97f4-516b572b2f9d,1697663589049388888
6a69421f-e399-4db8-897a-d8ef21b5e0a7,707b6ccf-c9d9-4c1d-97f4-516b572b2f9d,1697663589089077777
6a69421f-e399-4db8-897a-d8ef21b5e0a7,707b6ccf-c9d9-4c1d-97f4-516b572b2f9d,1697663589114677777
6a69421f-e399-4db8-897a-d8ef21b5e0a7,707b6ccf-c9d9-4c1d-97f4-516b572b2f9d,1697663589151277777
6a69421f-e399-4db8-897a-d8ef21b5e0a7,707b6ccf-c9d9-4c1d-97f4-516b572b2f9d,1697663589181033333
6a69421f-e399-4db8-897a-d8ef21b5e0a7,707b6ccf-c9d9-4c1d-97f4-516b572b2f9d,1697663589216211111
6a69421f-e399-4db8-897a-d8ef21b5e0a7,707b6ccf-c9d9-4c1d-97f4-516b572b2f9d,1697663589252133333
6a69421f-e399-4db8-897a-d8ef21b5e0a7,707b6ccf-c9d9-4c1d-97f4-516b572b2f9d,1697663589282611111
6a69421f-e399-4db8-897a-d8ef21b5e0a7,707b6ccf-c9d9-4c1d-97f4-516b572b2f9d,1697663589318833333
6a69421f-e399-4db8-897a-d8ef21b5e0a7,707b6ccf-c9d9-4c1d-97f4-516b572b2f9d,1697663589349622222
6a69421f-e399-4db8-897a-d8ef21b5e0a7,707b6ccf-c9d9-4c1d-97f4-516b572b2f9d,1697663589385844444
6a69421f-e399-4db8-897a-d8ef21b5e0a7,707b6ccf-c9d9-4c1d-97f4-516b572b2f9d,1697663589416400000
6a69421f-e399-4db8-897a-d8ef21b5e0a7,707b6ccf-c9d9-4c1d-97f4-516b572b2f9d,1697663589449922222
6a69421f-e399-4db8-897a-d8ef21b5e0a7,707b6ccf-c9d9-4c1d-97f4-516b572b2f9d,1697663589483611111
6a69421f-e399-4db8-897a-d8ef21b5e0a7,707b6ccf-c9d9-4c1d-97f4-516b572b2f9d,1697663589515566666
6a69421f-e399-4db8-897a-d8ef21b5e0a7,707b6ccf-c9d9-4c1d-97f4-516b572b2f9d,1697663589550355555
6a69421f-e399-4db8-897a-d8ef21b5e0a7,707b6ccf-c9d9-4c1d-97f4-516b572b2f9d,1697663589591088888
6a69421f-e399-4db8-897a-d8ef21b5e0a7,707b6ccf-c9d9-4c1d-97f4-516b572b2f9d,1697663589623488888
6a69421f-e399-4db8-897a-d8ef21b5e0a7,707b6ccf-c9d9-4c1d-97f4-516b572b2f9d,1697663589642477777
6a69421f-e399-4db8-897a-d8ef21b5e0a7,707b6ccf-c9d9-4c1d-97f4-516b572b2f9d,1697663589674300000
6a69421f-e399-4db8-897a-d8ef21b5e0a7,707b6ccf-c9d9-4c1d-97f4-516b572b2f9d,1697663589718244444
6a69421f-e399-4db8-897a-d8ef21b5e0a7,707b6ccf-c9d9-4c1d-97f4-516b572b2f9d,1697663589756444444
6a69421f-e399-4db8-897a-d8ef21b5e0a7,707b6ccf-c9d9-4c1d-97f4-516b572b2f9d,1697663589789333333
6a69421f-e399-4db8-897a-d8ef21b5e0a7,707b6ccf-c9d9-4c1d-97f4-516b572b2f9d,1697663589816100000
6a69421f-e399-4db8-897a-d8ef21b5e0a7,707b6ccf-c9d9-4c1d-97f4-516b572b2f9d,1697663589854255555
6a69421f-e399-4db8-897a-d8ef21b5e0a7,707b6ccf-c9d9-4c1d-97f4-516b572b2f9d,1697663589884655555
6a69421f-e399-4db8-897a-d8ef21b5e0a7,707b6ccf-c9d9-4c1d-97f4-516b572b2f9d,1697663589916133333
6a69421f-e399-4db8-897a-d8ef21b5e0a7,707b6ccf-c9d9-4c1d-97f4-516b572b2f9d,1697663589949955555
6a69421f-e399-4db8-897a-d8ef21b5e0a7,707b6ccf-c9d9-4c1d-97f4-516b572b2f9d,1697663589985877777
6a69421f-e399-4db8-897a-d8ef21b5e0a7,707b6ccf-c9d9-4c1d-97f4-516b572b2f9d,1697663590013988888
6a69421f-e399-4db8-897a-d8ef21b5e0a7,707b6ccf-c9d9-4c1d-97f4-516b572b2f9d,1697663590052488888
6a69421f-e399-4db8-897a-d8ef21b5e0a7,707b6ccf-c9d9-4c1d-97f4-516b572b2f9d,1697663590085988888
6a69421f-e399-4db8-897a-d8ef21b5e0a7,707b6ccf-c9d9-4c1d-97f4-516b572b2f9d,1697663590115444444
6a69421f-e399-4db8-897a-d8ef21b5e0a7,707b6ccf-c9d9-4c1d-97f4-516b572b2f9d,1697663590151900000
6a69421f-e399-4db8-897a-d8ef21b5e0a7,707b6ccf-c9d9-4c1d-97f4-516b572b2f9d,1697663590183922222
6a69421f-e399-4db8-897a-d8ef21b5e0a7,707b6ccf-c9d9-4c1d-97f4-516b572b2f9d,1697663590215766666
6a69421f-e399-4db8-897a-d8ef21b5e0a7,707b6ccf-c9d9-4c1d-97f4-516b572b2f9d,1697663590258388888
6a69421f-e399-4db8-897a-d8ef21b5e0a7,707b6ccf-c9d9-4c1d-97f4-516b572b2f9d,1697663590278144444
6a69421f-e399-4db8-897a-d8ef21b5e0a7,707b6ccf-c9d9-4c1d-97f4-516b572b2f9d,1697663590308455555
6a69421f-e399-4db8-897a-d8ef21b5e0a7,707b6ccf-c9d9-4c1d-97f4-516b572b2f9d,1697663590344377777
6a69421f-e399-4db8-897a-d8ef21b5e0a7,707b6ccf-c9d9-4c1d-97f4-516b572b2f9d,1697663590378600000
6a69421f-e399-4db8-897a-d8ef21b5e0a7,707b6ccf-c9d9-4c1d-97f4-516b572b2f9d,1697663590408333333
6a69421f-e399-4db8-897a-d8ef21b5e0a7,707b6ccf-c9d9-4c1d-97f4-516b572b2f9d,1697663590449066666
6a69421f-e399-4db8-897a-d8ef21b5e0a7,707b6ccf-c9d9-4c1d-97f4-516b572b2f9d,1697663590482188888
6a69421f-e399-4db8-897a-d8ef21b5e0a7,707b6ccf-c9d9-4c1d-97f4-516b572b2f9d,1697663590514400000
6a69421f-e399-4db8-897a-d8ef21b5e0a7,707b6ccf-c9d9-4c1d-97f4-516b572b2f9d,1697663590550233333
6a69421f-e399-4db8-897a-d8ef21b5e0a7,707b6ccf-c9d9-4c1d-97f4-516b572b2f9d,1697663590582511111
6a69421f-e399-4db8-897a-d8ef21b5e0a7,707b6ccf-c9d9-4c1d-97f4-516b572b2f9d,1697663590614533333
6a69421f-e399-4db8-897a-d8ef21b5e0a7,707b6ccf-c9d9-4c1d-97f4-516b572b2f9d,1697663590650144444
6a69421f-e399-4db8-897a-d8ef21b5e0a7,707b6ccf-c9d9-4c1d-97f4-516b572b2f9d,1697663590682044444
6a69421f-e399-4db8-897a-d8ef21b5e0a7,707b6ccf-c9d9-4c1d-97f4-516b572b2f9d,1697663590714144444
6a69421f-e399-4db8-897a-d8ef21b5e0a7,707b6ccf-c9d9-4c1d-97f4-516b572b2f9d,1697663590752011111
6a69421f-e399-4db8-897a-d8ef21b5e0a7,707b6ccf-c9d9-4c1d-97f4-516b572b2f9d,1697663590784611111
6a69421f-e399-4db8-897a-d8ef21b5e0a7,707b6ccf-c9d9-4c1d-97f4-516b572b2f9d,1697663590815933333
6a69421f-e399-4db8-897a-d8ef21b5e0a7,707b6ccf-c9d9-4c1d-97f4-516b572b2f9d,1697663590850822222
6a69421f-e399-4db8-897a-d8ef21b5e0a7,707b6ccf-c9d9-4c1d-97f4-516b572b2f9d,1697663590885688888
6a69421f-e399-4db8-897a-d8ef21b5e0a7,707b6ccf-c9d9-4c1d-97f4-516b572b2f9d,1697663590918411111
6a69421f-e399-4db8-897a-d8ef21b5e0a7,707b6ccf-c9d9-4c1d-97f4-516b572b2f9d,1697663590965688888
6a69421f-e399-4db8-897a-d8ef21b5e0a7,707b6ccf-c9d9-4c1d-97f4-516b572b2f9d,1697663590980455555
6a69421f-e399-4db8-897a-d8ef21b5e0a7,707b6ccf-c9d9-4c1d-97f4-516b572b2f9d,1697663591017955555
6a69421f-e399-4db8-897a-d8ef21b5e0a7,707b6ccf-c9d9-4c1d-97f4-516b572b2f9d,1697663591045866666
6a69421f-e399-4db8-897a-d8ef21b5e0a7,707b6ccf-c9d9-4c1d-97f4-516b572b2f9d,1697663591092344444
6a69421f-e399-4db8-897a-d8ef21b5e0a7,707b6ccf-c9d9-4c1d-97f4-516b572b2f9d,1697663591116355555
6a69421f-e399-4db8-897a-d8ef21b5e0a7,707b6ccf-c9d9-4c1d-97f4-516b572b2f9d,1697663591153466666
6a69421f-e399-4db8-897a-d8ef21b5e0a7,707b6ccf-c9d9-4c1d-97f4-516b572b2f9d,1697663591181822222
6a69421f-e399-4db8-897a-d8ef21b5e0a7,707b6ccf-c9d9-4c1d-97f4-516b572b2f9d,1697663591214333333
6a69421f-e399-4db8-897a-d8ef21b5e0a7,707b6ccf-c9d9-4c1d-97f4-516b572b2f9d,1697663591249555555
6a69421f-e399-4db8-897a-d8ef21b5e0a7,707b6ccf-c9d9-4c1d-97f4-516b572b2f9d,1697663591281344444
6a69421f-e399-4db8-897a-d8ef21b5e0a7,707b6ccf-c9d9-4c1d-97f4-516b572b2f9d,1697663591317055555
6a69421f-e399-4db8-897a-d8ef21b5e0a7,707b6ccf-c9d9-4c1d-97f4-516b572b2f9d,1697663591346366666
6a69421f-e399-4db8-897a-d8ef21b5e0a7,707b6ccf-c9d9-4c1d-97f4-516b572b2f9d,1697663591387488888
6a69421f-e399-4db8-897a-d8ef21b5e0a7,707b6ccf-c9d9-4c1d-97f4-516b572b2f9d,1697663591413355555
6a69421f-e399-4db8-897a-d8ef21b5e0a7,707b6ccf-c9d9-4c1d-97f4-516b572b2f9d,1697663591448177777
6a69421f-e399-4db8-897a-d8ef21b5e0a7,707b6ccf-c9d9-4c1d-97f4-516b572b2f9d,1697663591483244444
6a69421f-e399-4db8-897a-d8ef21b5e0a7,707b6ccf-c9d9-4c1d-97f4-516b572b2f9d,1697663591523800000
6a69421f-e399-4db8-897a-d8ef21b5e0a7,707b6ccf-c9d9-4c1d-97f4-516b572b2f9d,1697663591555288888
6a69421f-e399-4db8-897a-d8ef21b5e0a7,707b6ccf-c9d9-4c1d-97f4-516b572b2f9d,1697663591592044444
6a69421f-e399-4db8-897a-d8ef21b5e0a7,707b6ccf-c9d9-4c1d-97f4-516b572b2f9d,1697663591606133333
6a69421f-e399-4db8-897a-d8ef21b5e0a7,707b6ccf-c9d9-4c1d-97f4-516b572b2f9d,1697663591651411111
6a69421f-e399-4db8-897a-d8ef21b5e0a7,707b6ccf-c9d9-4c1d-97f4-516b572b2f9d,1697663591673755555
6a69421f-e399-4db8-897a-d8ef21b5e0a7,707b6ccf-c9d9-4c1d-97f4-516b572b2f9d,1697663591709611111
6a69421f-e399-4db8-897a-d8ef21b5e0a7,707b6ccf-c9d9-4c1d-97f4-516b572b2f9d,1697663591743544444
6a69421f-e399-4db8-897a-d8ef21b5e0a7,707b6ccf-c9d9-4c1d-97f4-516b572b2f9d,1697663591783922222
6a69421f-e399-4db8-897a-d8ef21b5e0a7,707b6ccf-c9d9-4c1d-97f4-516b572b2f9d,1697663591816544444
6a69421f-e399-4db8-897a-d8ef21b5e0a7,707b6ccf-c9d9-4c1d-97f4-516b572b2f9d,1697663591848788888
6a69421f-e399-4db8-897a-d8ef21b5e0a7,707b6ccf-c9d9-4c1d-97f4-516b572b2f9d,1697663591881500000
6a69421f-e399-4db8-897a-d8ef21b5e0a7,707b6ccf-c9d9-4c1d-97f4-516b572b2f9d,1697663591916233333
6a69421f-e399-4db8-897a-d8ef21b5e0a7,707b6ccf-c9d9-4c1d-97f4-516b572b2f9d,1697663591949822222
6a69421f-e399-4db8-897a-d8ef21b5e0a7,707b6ccf-c9d9-4c1d-97f4-516b572b2f9d,1697663591982500000
6a69421f-e399-4db8-897a-d8ef21b5e0a7,707b6ccf-c9d9-4c1d-97f4-516b572b2f9d,1697663592017911111
6a69421f-e399-4db8-897a-d8ef21b5e0a7,707b6ccf-c9d9-4c1d-97f4-516b572b2f9d,1697663592043322222
6a69421f-e399-4db8-897a-d8ef21b5e0a7,707b6ccf-c9d9-4c1d-97f4-516b572b2f9d,1697663592084322222
6a69421f-e399-4db8-897a-d8ef21b5e0a7,707b6ccf-c9d9-4c1d-97f4-516b572b2f9d,1697663592119800000
6a69421f-e399-4db8-897a-d8ef21b5e0a7,707b6ccf-c9d9-4c1d-97f4-516b572b2f9d,1697663592138711111
6a69421f-e399-4db8-897a-d8ef21b5e0a7,707b6ccf-c9d9-4c1d-97f4-516b572b2f9d,1697663592183000000
6a69421f-e399-4db8-897a-d8ef21b5e0a7,707b6ccf-c9d9-4c1d-97f4-516b572b2f9d,1697663592214655555
6a69421f-e399-4db8-897a-d8ef21b5e0a7,707b6ccf-c9d9-4c1d-97f4-516b572b2f9d,1697663592246288888
6a69421f-e399-4db8-897a-d8ef21b5e0a7,707b6ccf-c9d9-4c1d-97f4-516b572b2f9d,1697663592304811111
6a69421f-e399-4db8-897a-d8ef21b5e0a7,707b6ccf-c9d9-4c1d-97f4-516b572b2f9d,1697663592315155555
6a69421f-e399-4db8-897a-d8ef21b5e0a7,707b6ccf-c9d9-4c1d-97f4-516b572b2f9d,1697663592340566666
6a69421f-e399-4db8-897a-d8ef21b5e0a7,707b6ccf-c9d9-4c1d-97f4-516b572b2f9d,1697663592374566666
6a69421f-e399-4db8-897a-d8ef21b5e0a7,707b6ccf-c9d9-4c1d-97f4-516b572b2f9d,1697663592411088888
6a69421f-e399-4db8-897a-d8ef21b5e0a7,707b6ccf-c9d9-4c1d-97f4-516b572b2f9d,1697663592450022222
6a69421f-e399-4db8-897a-d8ef21b5e0a7,707b6ccf-c9d9-4c1d-97f4-516b572b2f9d,1697663592482888888
6a69421f-e399-4db8-897a-d8ef21b5e0a7,707b6ccf-c9d9-4c1d-97f4-516b572b2f9d,1697663592514788888
6a69421f-e399-4db8-897a-d8ef21b5e0a7,707b6ccf-c9d9-4c1d-97f4-516b572b2f9d,1697663592545155555
6a69421f-e399-4db8-897a-d8ef21b5e0a7,707b6ccf-c9d9-4c1d-97f4-516b572b2f9d,1697663592582100000
6a69421f-e399-4db8-897a-d8ef21b5e0a7,707b6ccf-c9d9-4c1d-97f4-516b572b2f9d,1697663592616200000
6a69421f-e399-4db8-897a-d8ef21b5e0a7,707b6ccf-c9d9-4c1d-97f4-516b572b2f9d,1697663592649244444
6a69421f-e399-4db8-897a-d8ef21b5e0a7,707b6ccf-c9d9-4c1d-97f4-516b572b2f9d,1697663592690755555
6a69421f-e399-4db8-897a-d8ef21b5e0a7,707b6ccf-c9d9-4c1d-97f4-516b572b2f9d,1697663592713811111
6a69421f-e399-4db8-897a-d8ef21b5e0a7,707b6ccf-c9d9-4c1d-97f4-516b572b2f9d,1697663592745344444
6a69421f-e399-4db8-897a-d8ef21b5e0a7,707b6ccf-c9d9-4c1d-97f4-516b572b2f9d,1697663592784455555
6a69421f-e399-4db8-897a-d8ef21b5e0a7,707b6ccf-c9d9-4c1d-97f4-516b572b2f9d,1697663592813588888
6a69421f-e399-4db8-897a-d8ef21b5e0a7,707b6ccf-c9d9-4c1d-97f4-516b572b2f9d,1697663592846244444
6a69421f-e399-4db8-897a-d8ef21b5e0a7,707b6ccf-c9d9-4c1d-97f4-516b572b2f9d,1697663592887033333
6a69421f-e399-4db8-897a-d8ef21b5e0a7,707b6ccf-c9d9-4c1d-97f4-516b572b2f9d,1697663592922677777
6a69421f-e399-4db8-897a-d8ef21b5e0a7,707b6ccf-c9d9-4c1d-97f4-516b572b2f9d,1697663592937822222
6a69421f-e399-4db8-897a-d8ef21b5e0a7,707b6ccf-c9d9-4c1d-97f4-516b572b2f9d,1697663592973277777
6a69421f-e399-4db8-897a-d8ef21b5e0a7,707b6ccf-c9d9-4c1d-97f4-516b572b2f9d,1697663593020044444
6a69421f-e399-4db8-897a-d8ef21b5e0a7,707b6ccf-c9d9-4c1d-97f4-516b572b2f9d,1697663593038911111
6a69421f-e399-4db8-897a-d8ef21b5e0a7,707b6ccf-c9d9-4c1d-97f4-516b572b2f9d,1697663593085455555
6a69421f-e399-4db8-897a-d8ef21b5e0a7,707b6ccf-c9d9-4c1d-97f4-516b572b2f9d,1697663593114222222
6a69421f-e399-4db8-897a-d8ef21b5e0a7,707b6ccf-c9d9-4c1d-97f4-516b572b2f9d,1697663593146011111
6a69421f-e399-4db8-897a-d8ef21b5e0a7,707b6ccf-c9d9-4c1d-97f4-516b572b2f9d,1697663593182611111
6a69421f-e399-4db8-897a-d8ef21b5e0a7,707b6ccf-c9d9-4c1d-97f4-516b572b2f9d,1697663593213600000
6a69421f-e399-4db8-897a-d8ef21b5e0a7,707b6ccf-c9d9-4c1d-97f4-516b572b2f9d,1697663593247555555
6a69421f-e399-4db8-897a-d8ef21b5e0a7,707b6ccf-c9d9-4c1d-97f4-516b572b2f9d,1697663593282666666
6a69421f-e399-4db8-897a-d8ef21b5e0a7,707b6ccf-c9d9-4c1d-97f4-516b572b2f9d,1697663593314966666
6a69421f-e399-4db8-897a-d8ef21b5e0a7,707b6ccf-c9d9-4c1d-97f4-516b572b2f9d,1697663593347622222
6a69421f-e399-4db8-897a-d8ef21b5e0a7,707b6ccf-c9d9-4c1d-97f4-516b572b2f9d,1697663593384133333
6a69421f-e399-4db8-897a-d8ef21b5e0a7,707b6ccf-c9d9-4c1d-97f4-516b572b2f9d,1697663593415511111
6a69421f-e399-4db8-897a-d8ef21b5e0a7,707b6ccf-c9d9-4c1d-97f4-516b572b2f9d,1697663593446722222
6a69421f-e399-4db8-897a-d8ef21b5e0a7,707b6ccf-c9d9-4c1d-97f4-516b572b2f9d,1697663593487255555
6a69421f-e399-4db8-897a-d8ef21b5e0a7,707b6ccf-c9d9-4c1d-97f4-516b572b2f9d,1697663593513566666
6a69421f-e399-4db8-897a-d8ef21b5e0a7,707b6ccf-c9d9-4c1d-97f4-516b572b2f9d,1697663593546911111
6a69421f-e399-4db8-897a-d8ef21b5e0a7,707b6ccf-c9d9-4c1d-97f4-516b572b2f9d,1697663593589811111
6a69421f-e399-4db8-897a-d8ef21b5e0a7,707b6ccf-c9d9-4c1d-97f4-516b572b2f9d,1697663593635644444
6a69421f-e399-4db8-897a-d8ef21b5e0a7,707b6ccf-c9d9-4c1d-97f4-516b572b2f9d,1697663593647344444
6a69421f-e399-4db8-897a-d8ef21b5e0a7,707b6ccf-c9d9-4c1d-97f4-516b572b2f9d,1697663593672511111
6a69421f-e399-4db8-897a-d8ef21b5e0a7,707b6ccf-c9d9-4c1d-97f4-516b572b2f9d,1697663593710022222
6a69421f-e399-4db8-897a-d8ef21b5e0a7,707b6ccf-c9d9-4c1d-97f4-516b572b2f9d,1697663593749211111
6a69421f-e399-4db8-897a-d8ef21b5e0a7,707b6ccf-c9d9-4c1d-97f4-516b572b2f9d,1697663593790055555
6a69421f-e399-4db8-897a-d8ef21b5e0a7,707b6ccf-c9d9-4c1d-97f4-516b572b2f9d,1697663593817200000
6a69421f-e399-4db8-897a-d8ef21b5e0a7,707b6ccf-c9d9-4c1d-97f4-516b572b2f9d,1697663593847322222
6a69421f-e399-4db8-897a-d8ef21b5e0a7,707b6ccf-c9d9-4c1d-97f4-516b572b2f9d,1697663593882577777
6a69421f-e399-4db8-897a-d8ef21b5e0a7,707b6ccf-c9d9-4c1d-97f4-516b572b2f9d,1697663593917588888
6a69421f-e399-4db8-897a-d8ef21b5e0a7,707b6ccf-c9d9-4c1d-97f4-516b572b2f9d,1697663593949133333
6a69421f-e399-4db8-897a-d8ef21b5e0a7,707b6ccf-c9d9-4c1d-97f4-516b572b2f9d,1697663593987666666
6a69421f-e399-4db8-897a-d8ef21b5e0a7,707b6ccf-c9d9-4c1d-97f4-516b572b2f9d,1697663594015055555
6a69421f-e399-4db8-897a-d8ef21b5e0a7,707b6ccf-c9d9-4c1d-97f4-516b572b2f9d,1697663594048755555
6a69421f-e399-4db8-897a-d8ef21b5e0a7,707b6ccf-c9d9-4c1d-97f4-516b572b2f9d,1697663594081433333
6a69421f-e399-4db8-897a-d8ef21b5e0a7,707b6ccf-c9d9-4c1d-97f4-516b572b2f9d,1697663594114722222
6a69421f-e399-4db8-897a-d8ef21b5e0a7,707b6ccf-c9d9-4c1d-97f4-516b572b2f9d,1697663594147833333
6a69421f-e399-4db8-897a-d8ef21b5e0a7,707b6ccf-c9d9-4c1d-97f4-516b572b2f9d,1697663594178122222
6a69421f-e399-4db8-897a-d8ef21b5e0a7,707b6ccf-c9d9-4c1d-97f4-516b572b2f9d,1697663594215155555
6a69421f-e399-4db8-897a-d8ef21b5e0a7,707b6ccf-c9d9-4c1d-97f4-516b572b2f9d,1697663594247466666
6a69421f-e399-4db8-897a-d8ef21b5e0a7,707b6ccf-c9d9-4c1d-97f4-516b572b2f9d,1697663594286788888
6a69421f-e399-4db8-897a-d8ef21b5e0a7,707b6ccf-c9d9-4c1d-97f4-516b572b2f9d,1697663594310233333
6a69421f-e399-4db8-897a-d8ef21b5e0a7,707b6ccf-c9d9-4c1d-97f4-516b572b2f9d,1697663594341777777
6a69421f-e399-4db8-897a-d8ef21b5e0a7,707b6ccf-c9d9-4c1d-97f4-516b572b2f9d,1697663594374066666
6a69421f-e399-4db8-897a-d8ef21b5e0a7,707b6ccf-c9d9-4c1d-97f4-516b572b2f9d,1697663594404888888
6a69421f-e399-4db8-897a-d8ef21b5e0a7,707b6ccf-c9d9-4c1d-97f4-516b572b2f9d,1697663594451766666
6a69421f-e399-4db8-897a-d8ef21b5e0a7,707b6ccf-c9d9-4c1d-97f4-516b572b2f9d,1697663594478733333
6a69421f-e399-4db8-897a-d8ef21b5e0a7,707b6ccf-c9d9-4c1d-97f4-516b572b2f9d,1697663594515233333
6a69421f-e399-4db8-897a-d8ef21b5e0a7,707b6ccf-c9d9-4c1d-97f4-516b572b2f9d,1697663594549355555
6a69421f-e399-4db8-897a-d8ef21b5e0a7,707b6ccf-c9d9-4c1d-97f4-516b572b2f9d,1697663594579344444
6a69421f-e399-4db8-897a-d8ef21b5e0a7,707b6ccf-c9d9-4c1d-97f4-516b572b2f9d,1697663594614066666
6a69421f-e399-4db8-897a-d8ef21b5e0a7,707b6ccf-c9d9-4c1d-97f4-516b572b2f9d,1697663594651100000
6a69421f-e399-4db8-897a-d8ef21b5e0a7,707b6ccf-c9d9-4c1d-97f4-516b572b2f9d,1697663594681833333
6a69421f-e399-4db8-897a-d8ef21b5e0a7,707b6ccf-c9d9-4c1d-97f4-516b572b2f9d,1697663594715200000
6a69421f-e399-4db8-897a-d8ef21b5e0a7,707b6ccf-c9d9-4c1d-97f4-516b572b2f9d,1697663594748511111
6a69421f-e399-4db8-897a-d8ef21b5e0a7,707b6ccf-c9d9-4c1d-97f4-516b572b2f9d,1697663594781888888
6a69421f-e399-4db8-897a-d8ef21b5e0a7,707b6ccf-c9d9-4c1d-97f4-516b572b2f9d,1697663594816111111
6a69421f-e399-4db8-897a-d8ef21b5e0a7,707b6ccf-c9d9-4c1d-97f4-516b572b2f9d,1697663594848744444
6a69421f-e399-4db8-897a-d8ef21b5e0a7,707b6ccf-c9d9-4c1d-97f4-516b572b2f9d,1697663594881944444
6a69421f-e399-4db8-897a-d8ef21b5e0a7,707b6ccf-c9d9-4c1d-97f4-516b572b2f9d,1697663594924400000
6a69421f-e399-4db8-897a-d8ef21b5e0a7,707b6ccf-c9d9-4c1d-97f4-516b572b2f9d,1697663594941111111
6a69421f-e399-4db8-897a-d8ef21b5e0a7,707b6ccf-c9d9-4c1d-97f4-516b572b2f9d,1697663594973422222
6a69421f-e399-4db8-897a-d8ef21b5e0a7,707b6ccf-c9d9-4c1d-97f4-516b572b2f9d,1697663595005911111
6a69421f-e399-4db8-897a-d8ef21b5e0a7,707b6ccf-c9d9-4c1d-97f4-516b572b2f9d,1697663595054788888
6a69421f-e399-4db8-897a-d8ef21b5e0a7,707b6ccf-c9d9-4c1d-97f4-516b572b2f9d,1697663595078422222
6a69421f-e399-4db8-897a-d8ef21b5e0a7,707b6ccf-c9d9-4c1d-97f4-516b572b2f9d,1697663595117300000
6a69421f-e399-4db8-897a-d8ef21b5e0a7,707b6ccf-c9d9-4c1d-97f4-516b572b2f9d,1697663595144744444
6a69421f-e399-4db8-897a-d8ef21b5e0a7,707b6ccf-c9d9-4c1d-97f4-516b572b2f9d,1697663595180366666
6a69421f-e399-4db8-897a-d8ef21b5e0a7,707b6ccf-c9d9-4c1d-97f4-516b572b2f9d,1697663595213644444
6a69421f-e399-4db8-897a-d8ef21b5e0a7,707b6ccf-c9d9-4c1d-97f4-516b572b2f9d,1697663595245333333
6a69421f-e399-4db8-897a-d8ef21b5e0a7,707b6ccf-c9d9-4c1d-97f4-516b572b2f9d,1697663595280511111
6a69421f-e399-4db8-897a-d8ef21b5e0a7,707b6ccf-c9d9-4c1d-97f4-516b572b2f9d,1697663595314166666
6a69421f-e399-4db8-897a-d8ef21b5e0a7,707b6ccf-c9d9-4c1d-97f4-516b572b2f9d,1697663595350011111
6a69421f-e399-4db8-897a-d8ef21b5e0a7,707b6ccf-c9d9-4c1d-97f4-516b572b2f9d,1697663595382255555
6a69421f-e399-4db8-897a-d8ef21b5e0a7,707b6ccf-c9d9-4c1d-97f4-516b572b2f9d,1697663595414866666
6a69421f-e399-4db8-897a-d8ef21b5e0a7,707b6ccf-c9d9-4c1d-97f4-516b572b2f9d,1697663595444377777
6a69421f-e399-4db8-897a-d8ef21b5e0a7,707b6ccf-c9d9-4c1d-97f4-516b572b2f9d,1697663595479844444
6a69421f-e399-4db8-897a-d8ef21b5e0a7,707b6ccf-c9d9-4c1d-97f4-516b572b2f9d,1697663595514555555
6a69421f-e399-4db8-897a-d8ef21b5e0a7,707b6ccf-c9d9-4c1d-97f4-516b572b2f9d,1697663595545500000
6a69421f-e399-4db8-897a-d8ef21b5e0a7,707b6ccf-c9d9-4c1d-97f4-516b572b2f9d,1697663595572955555
6a69421f-e399-4db8-897a-d8ef21b5e0a7,707b6ccf-c9d9-4c1d-97f4-516b572b2f9d,1697663595608488888
6a69421f-e399-4db8-897a-d8ef21b5e0a7,707b6ccf-c9d9-4c1d-97f4-516b572b2f9d,1697663595639266666
6a69421f-e399-4db8-897a-d8ef21b5e0a7,707b6ccf-c9d9-4c1d-97f4-516b572b2f9d,1697663595670100000
6a69421f-e399-4db8-897a-d8ef21b5e0a7,707b6ccf-c9d9-4c1d-97f4-516b572b2f9d,1697663595708944444
6a69421f-e399-4db8-897a-d8ef21b5e0a7,707b6ccf-c9d9-4c1d-97f4-516b572b2f9d,1697663595749788888
6a69421f-e399-4db8-897a-d8ef21b5e0a7,707b6ccf-c9d9-4c1d-97f4-516b572b2f9d,1697663595783022222
6a69421f-e399-4db8-897a-d8ef21b5e0a7,707b6ccf-c9d9-4c1d-97f4-516b572b2f9d,1697663595812833333
6a69421f-e399-4db8-897a-d8ef21b5e0a7,707b6ccf-c9d9-4c1d-97f4-516b572b2f9d,1697663595850755555
6a69421f-e399-4db8-897a-d8ef21b5e0a7,707b6ccf-c9d9-4c1d-97f4-516b572b2f9d,1697663595880133333
6a69421f-e399-4db8-897a-d8ef21b5e0a7,707b6ccf-c9d9-4c1d-97f4-516b572b2f9d,1697663595914022222
6a69421f-e399-4db8-897a-d8ef21b5e0a7,707b6ccf-c9d9-4c1d-97f4-516b572b2f9d,1697663595944244444
6a69421f-e399-4db8-897a-d8ef21b5e0a7,707b6ccf-c9d9-4c1d-97f4-516b572b2f9d,1697663595977600000
6a69421f-e399-4db8-897a-d8ef21b5e0a7,707b6ccf-c9d9-4c1d-97f4-516b572b2f9d,1697663596012655555
6a69421f-e399-4db8-897a-d8ef21b5e0a7,707b6ccf-c9d9-4c1d-97f4-516b572b2f9d,1697663596045066666
6a69421f-e399-4db8-897a-d8ef21b5e0a7,707b6ccf-c9d9-4c1d-97f4-516b572b2f9d,1697663596082633333
6a69421f-e399-4db8-897a-d8ef21b5e0a7,707b6ccf-c9d9-4c1d-97f4-516b572b2f9d,1697663596114322222
6a69421f-e399-4db8-897a-d8ef21b5e0a7,707b6ccf-c9d9-4c1d-97f4-516b572b2f9d,1697663596144888888
6a69421f-e399-4db8-897a-d8ef21b5e0a7,707b6ccf-c9d9-4c1d-97f4-516b572b2f9d,1697663596180533333
6a69421f-e399-4db8-897a-d8ef21b5e0a7,707b6ccf-c9d9-4c1d-97f4-516b572b2f9d,1697663596218400000
6a69421f-e399-4db8-897a-d8ef21b5e0a7,707b6ccf-c9d9-4c1d-97f4-516b572b2f9d,1697663596259500000
6a69421f-e399-4db8-897a-d8ef21b5e0a7,707b6ccf-c9d9-4c1d-97f4-516b572b2f9d,1697663596272511111
6a69421f-e399-4db8-897a-d8ef21b5e0a7,707b6ccf-c9d9-4c1d-97f4-516b572b2f9d,1697663596308366666
6a69421f-e399-4db8-897a-d8ef21b5e0a7,707b6ccf-c9d9-4c1d-97f4-516b572b2f9d,1697663596342788888
6a69421f-e399-4db8-897a-d8ef21b5e0a7,707b6ccf-c9d9-4c1d-97f4-516b572b2f9d,1697663596373333333
6a69421f-e399-4db8-897a-d8ef21b5e0a7,707b6ccf-c9d9-4c1d-97f4-516b572b2f9d,1697663596407244444
6a69421f-e399-4db8-897a-d8ef21b5e0a7,707b6ccf-c9d9-4c1d-97f4-516b572b2f9d,1697663596443833333
6a69421f-e399-4db8-897a-d8ef21b5e0a7,707b6ccf-c9d9-4c1d-97f4-516b572b2f9d,1697663596478255555
6a69421f-e399-4db8-897a-d8ef21b5e0a7,707b6ccf-c9d9-4c1d-97f4-516b572b2f9d,1697663596517855555
6a69421f-e399-4db8-897a-d8ef21b5e0a7,707b6ccf-c9d9-4c1d-97f4-516b572b2f9d,1697663596545077777
6a69421f-e399-4db8-897a-d8ef21b5e0a7,707b6ccf-c9d9-4c1d-97f4-516b572b2f9d,1697663596580655555
6a69421f-e399-4db8-897a-d8ef21b5e0a7,707b6ccf-c9d9-4c1d-97f4-516b572b2f9d,1697663596614500000
6a69421f-e399-4db8-897a-d8ef21b5e0a7,707b6ccf-c9d9-4c1d-97f4-516b572b2f9d,1697663596646222222
6a69421f-e399-4db8-897a-d8ef21b5e0a7,707b6ccf-c9d9-4c1d-97f4-516b572b2f9d,1697663596677577777
6a69421f-e399-4db8-897a-d8ef21b5e0a7,707b6ccf-c9d9-4c1d-97f4-516b572b2f9d,1697663596715711111
6a69421f-e399-4db8-897a-d8ef21b5e0a7,707b6ccf-c9d9-4c1d-97f4-516b572b2f9d,1697663596747766666
6a69421f-e399-4db8-897a-d8ef21b5e0a7,707b6ccf-c9d9-4c1d-97f4-516b572b2f9d,1697663596782577777
6a69421f-e399-4db8-897a-d8ef21b5e0a7,707b6ccf-c9d9-4c1d-97f4-516b572b2f9d,1697663596814255555
6a69421f-e399-4db8-897a-d8ef21b5e0a7,707b6ccf-c9d9-4c1d-97f4-516b572b2f9d,1697663596846244444
6a69421f-e399-4db8-897a-d8ef21b5e0a7,707b6ccf-c9d9-4c1d-97f4-516b572b2f9d,1697663596883411111
6a69421f-e399-4db8-897a-d8ef21b5e0a7,707b6ccf-c9d9-4c1d-97f4-516b572b2f9d,1697663596910122222
6a69421f-e399-4db8-897a-d8ef21b5e0a7,707b6ccf-c9d9-4c1d-97f4-516b572b2f9d,1697663596942744444
6a69421f-e399-4db8-897a-d8ef21b5e0a7,707b6ccf-c9d9-4c1d-97f4-516b572b2f9d,1697663596970488888
6a69421f-e399-4db8-897a-d8ef21b5e0a7,707b6ccf-c9d9-4c1d-97f4-516b572b2f9d,1697663597010177777
6a69421f-e399-4db8-897a-d8ef21b5e0a7,707b6ccf-c9d9-4c1d-97f4-516b572b2f9d,1697663597040300000
6a69421f-e399-4db8-897a-d8ef21b5e0a7,707b6ccf-c9d9-4c1d-97f4-516b572b2f9d,1697663597075366666
6a69421f-e399-4db8-897a-d8ef21b5e0a7,707b6ccf-c9d9-4c1d-97f4-516b572b2f9d,1697663597115555555
6a69421f-e399-4db8-897a-d8ef21b5e0a7,707b6ccf-c9d9-4c1d-97f4-516b572b2f9d,1697663597144400000
6a69421f-e399-4db8-897a-d8ef21b5e0a7,707b6ccf-c9d9-4c1d-97f4-516b572b2f9d,1697663597181866666
6a69421f-e399-4db8-897a-d8ef21b5e0a7,707b6ccf-c9d9-4c1d-97f4-516b572b2f9d,1697663597211588888
6a69421f-e399-4db8-897a-d8ef21b5e0a7,707b6ccf-c9d9-4c1d-97f4-516b572b2f9d,1697663597248555555
6a69421f-e399-4db8-897a-d8ef21b5e0a7,707b6ccf-c9d9-4c1d-97f4-516b572b2f9d,1697663597280733333
6a69421f-e399-4db8-897a-d8ef21b5e0a7,707b6ccf-c9d9-4c1d-97f4-516b572b2f9d,1697663597313033333
6a69421f-e399-4db8-897a-d8ef21b5e0a7,707b6ccf-c9d9-4c1d-97f4-516b572b2f9d,1697663597346511111
6a69421f-e399-4db8-897a-d8ef21b5e0a7,707b6ccf-c9d9-4c1d-97f4-516b572b2f9d,1697663597378733333
6a69421f-e399-4db8-897a-d8ef21b5e0a7,707b6ccf-c9d9-4c1d-97f4-516b572b2f9d,1697663597413911111
6a69421f-e399-4db8-897a-d8ef21b5e0a7,707b6ccf-c9d9-4c1d-97f4-516b572b2f9d,1697663597445655555
6a69421f-e399-4db8-897a-d8ef21b5e0a7,707b6ccf-c9d9-4c1d-97f4-516b572b2f9d,1697663597479200000
6a69421f-e399-4db8-897a-d8ef21b5e0a7,707b6ccf-c9d9-4c1d-97f4-516b572b2f9d,1697663597520722222
6a69421f-e399-4db8-897a-d8ef21b5e0a7,707b6ccf-c9d9-4c1d-97f4-516b572b2f9d,1697663597551988888
6a69421f-e399-4db8-897a-d8ef21b5e0a7,707b6ccf-c9d9-4c1d-97f4-516b572b2f9d,1697663597571455555
6a69421f-e399-4db8-897a-d8ef21b5e0a7,707b6ccf-c9d9-4c1d-97f4-516b572b2f9d,1697663597605644444
6a69421f-e399-4db8-897a-d8ef21b5e0a7,707b6ccf-c9d9-4c1d-97f4-516b572b2f9d,1697663597639744444
6a69421f-e399-4db8-897a-d8ef21b5e0a7,707b6ccf-c9d9-4c1d-97f4-516b572b2f9d,1697663597672944444
6a69421f-e399-4db8-897a-d8ef21b5e0a7,707b6ccf-c9d9-4c1d-97f4-516b572b2f9d,1697663597702133333
6a69421f-e399-4db8-897a-d8ef21b5e0a7,707b6ccf-c9d9-4c1d-97f4-516b572b2f9d,1697663597749155555
6a69421f-e399-4db8-897a-d8ef21b5e0a7,707b6ccf-c9d9-4c1d-97f4-516b572b2f9d,1697663597781600000
6a69421f-e399-4db8-897a-d8ef21b5e0a7,707b6ccf-c9d9-4c1d-97f4-516b572b2f9d,1697663597803633333
6a69421f-e399-4db8-897a-d8ef21b5e0a7,707b6ccf-c9d9-4c1d-97f4-516b572b2f9d,1697663597851511111
6a69421f-e399-4db8-897a-d8ef21b5e0a7,707b6ccf-c9d9-4c1d-97f4-516b572b2f9d,1697663597876522222
6a69421f-e399-4db8-897a-d8ef21b5e0a7,707b6ccf-c9d9-4c1d-97f4-516b572b2f9d,1697663597914066666
6a69421f-e399-4db8-897a-d8ef21b5e0a7,707b6ccf-c9d9-4c1d-97f4-516b572b2f9d,1697663597945566666
6a69421f-e399-4db8-897a-d8ef21b5e0a7,707b6ccf-c9d9-4c1d-97f4-516b572b2f9d,1697663597982100000
6a69421f-e399-4db8-897a-d8ef21b5e0a7,707b6ccf-c9d9-4c1d-97f4-516b572b2f9d,1697663598001333333
6a69421f-e399-4db8-897a-d8ef21b5e0a7,707b6ccf-c9d9-4c1d-97f4-516b572b2f9d,1697663598051366666
6a69421f-e399-4db8-897a-d8ef21b5e0a7,707b6ccf-c9d9-4c1d-97f4-516b572b2f9d,1697663598083166666
6a69421f-e399-4db8-897a-d8ef21b5e0a7,707b6ccf-c9d9-4c1d-97f4-516b572b2f9d,1697663598111722222
6a69421f-e399-4db8-897a-d8ef21b5e0a7,707b6ccf-c9d9-4c1d-97f4-516b572b2f9d,1697663598147677777
6a69421f-e399-4db8-897a-d8ef21b5e0a7,707b6ccf-c9d9-4c1d-97f4-516b572b2f9d,1697663598178233333
6a69421f-e399-4db8-897a-d8ef21b5e0a7,707b6ccf-c9d9-4c1d-97f4-516b572b2f9d,1697663598213477777
6a69421f-e399-4db8-897a-d8ef21b5e0a7,707b6ccf-c9d9-4c1d-97f4-516b572b2f9d,1697663598269788888
6a69421f-e399-4db8-897a-d8ef21b5e0a7,707b6ccf-c9d9-4c1d-97f4-516b572b2f9d,1697663598286577777
6a69421f-e399-4db8-897a-d8ef21b5e0a7,707b6ccf-c9d9-4c1d-97f4-516b572b2f9d,1697663598309644444
6a69421f-e399-4db8-897a-d8ef21b5e0a7,707b6ccf-c9d9-4c1d-97f4-516b572b2f9d,1697663598341400000
6a69421f-e399-4db8-897a-d8ef21b5e0a7,707b6ccf-c9d9-4c1d-97f4-516b572b2f9d,1697663598373555555
6a69421f-e399-4db8-897a-d8ef21b5e0a7,707b6ccf-c9d9-4c1d-97f4-516b572b2f9d,1697663598402088888
6a69421f-e399-4db8-897a-d8ef21b5e0a7,707b6ccf-c9d9-4c1d-97f4-516b572b2f9d,1697663598452088888
6a69421f-e399-4db8-897a-d8ef21b5e0a7,707b6ccf-c9d9-4c1d-97f4-516b572b2f9d,1697663598478633333
6a69421f-e399-4db8-897a-d8ef21b5e0a7,707b6ccf-c9d9-4c1d-97f4-516b572b2f9d,1697663598509855555
6a69421f-e399-4db8-897a-d8ef21b5e0a7,707b6ccf-c9d9-4c1d-97f4-516b572b2f9d,1697663598544477777
6a69421f-e399-4db8-897a-d8ef21b5e0a7,707b6ccf-c9d9-4c1d-97f4-516b572b2f9d,1697663598580055555
6a69421f-e399-4db8-897a-d8ef21b5e0a7,707b6ccf-c9d9-4c1d-97f4-516b572b2f9d,1697663598610655555
6a69421f-e399-4db8-897a-d8ef21b5e0a7,707b6ccf-c9d9-4c1d-97f4-516b572b2f9d,1697663598653722222
6a69421f-e399-4db8-897a-d8ef21b5e0a7,707b6ccf-c9d9-4c1d-97f4-516b572b2f9d,1697663598680000000
6a69421f-e399-4db8-897a-d8ef21b5e0a7,707b6ccf-c9d9-4c1d-97f4-516b572b2f9d,1697663598715200000
6a69421f-e399-4db8-897a-d8ef21b5e0a7,707b6ccf-c9d9-4c1d-97f4-516b572b2f9d,1697663598749866666
6a69421f-e399-4db8-897a-d8ef21b5e0a7,707b6ccf-c9d9-4c1d-97f4-516b572b2f9d,1697663598780555555
6a69421f-e399-4db8-897a-d8ef21b5e0a7,707b6ccf-c9d9-4c1d-97f4-516b572b2f9d,1697663598811555555
6a69421f-e399-4db8-897a-d8ef21b5e0a7,707b6ccf-c9d9-4c1d-97f4-516b572b2f9d,1697663598851244444
6a69421f-e399-4db8-897a-d8ef21b5e0a7,707b6ccf-c9d9-4c1d-97f4-516b572b2f9d,1697663598877022222
6a69421f-e399-4db8-897a-d8ef21b5e0a7,707b6ccf-c9d9-4c1d-97f4-516b572b2f9d,1697663598901622222
6a69421f-e399-4db8-897a-d8ef21b5e0a7,707b6ccf-c9d9-4c1d-97f4-516b572b2f9d,1697663598943366666
6a69421f-e399-4db8-897a-d8ef21b5e0a7,707b6ccf-c9d9-4c1d-97f4-516b572b2f9d,1697663598974144444
6a69421f-e399-4db8-897a-d8ef21b5e0a7,707b6ccf-c9d9-4c1d-97f4-516b572b2f9d,1697663599024000000
6a69421f-e399-4db8-897a-d8ef21b5e0a7,707b6ccf-c9d9-4c1d-97f4-516b572b2f9d,1697663599037933333
6a69421f-e399-4db8-897a-d8ef21b5e0a7,707b6ccf-c9d9-4c1d-97f4-516b572b2f9d,1697663599078888888
6a69421f-e399-4db8-897a-d8ef21b5e0a7,707b6ccf-c9d9-4c1d-97f4-516b572b2f9d,1697663599112866666
6a69421f-e399-4db8-897a-d8ef21b5e0a7,707b6ccf-c9d9-4c1d-97f4-516b572b2f9d,1697663599147511111
6a69421f-e399-4db8-897a-d8ef21b5e0a7,707b6ccf-c9d9-4c1d-97f4-516b572b2f9d,1697663599178655555
6a69421f-e399-4db8-897a-d8ef21b5e0a7,707b6ccf-c9d9-4c1d-97f4-516b572b2f9d,1697663599209666666
6a69421f-e399-4db8-897a-d8ef21b5e0a7,707b6ccf-c9d9-4c1d-97f4-516b572b2f9d,1697663599251355555
6a69421f-e399-4db8-897a-d8ef21b5e0a7,707b6ccf-c9d9-4c1d-97f4-516b572b2f9d,1697663599279355555
6a69421f-e399-4db8-897a-d8ef21b5e0a7,707b6ccf-c9d9-4c1d-97f4-516b572b2f9d,1697663599311633333
6a69421f-e399-4db8-897a-d8ef21b5e0a7,707b6ccf-c9d9-4c1d-97f4-516b572b2f9d,1697663599348355555
6a69421f-e399-4db8-897a-d8ef21b5e0a7,707b6ccf-c9d9-4c1d-97f4-516b572b2f9d,1697663599381222222
6a69421f-e399-4db8-897a-d8ef21b5e0a7,707b6ccf-c9d9-4c1d-97f4-516b572b2f9d,1697663599410266666
6a69421f-e399-4db8-897a-d8ef21b5e0a7,707b6ccf-c9d9-4c1d-97f4-516b572b2f9d,1697663599448955555
6a69421f-e399-4db8-897a-d8ef21b5e0a7,707b6ccf-c9d9-4c1d-97f4-516b572b2f9d,1697663599478677777
6a69421f-e399-4db8-897a-d8ef21b5e0a7,707b6ccf-c9d9-4c1d-97f4-516b572b2f9d,1697663599511777777
6a69421f-e399-4db8-897a-d8ef21b5e0a7,707b6ccf-c9d9-4c1d-97f4-516b572b2f9d,1697663599563988888
6a69421f-e399-4db8-897a-d8ef21b5e0a7,707b6ccf-c9d9-4c1d-97f4-516b572b2f9d,1697663599574300000
6a69421f-e399-4db8-897a-d8ef21b5e0a7,707b6ccf-c9d9-4c1d-97f4-516b572b2f9d,1697663599601922222
6a69421f-e399-4db8-897a-d8ef21b5e0a7,707b6ccf-c9d9-4c1d-97f4-516b572b2f9d,1697663599640244444
6a69421f-e399-4db8-897a-d8ef21b5e0a7,707b6ccf-c9d9-4c1d-97f4-516b572b2f9d,1697663599673677777
6a69421f-e399-4db8-897a-d8ef21b5e0a7,707b6ccf-c9d9-4c1d-97f4-516b572b2f9d,1697663599702477777
6a69421f-e399-4db8-897a-d8ef21b5e0a7,707b6ccf-c9d9-4c1d-97f4-516b572b2f9d,1697663599747488888
6a69421f-e399-4db8-897a-d8ef21b5e0a7,707b6ccf-c9d9-4c1d-97f4-516b572b2f9d,1697663599782144444
6a69421f-e399-4db8-897a-d8ef21b5e0a7,707b6ccf-c9d9-4c1d-97f4-516b572b2f9d,1697663599805244444
6a69421f-e399-4db8-897a-d8ef21b5e0a7,707b6ccf-c9d9-4c1d-97f4-516b572b2f9d,1697663599849711111
6a69421f-e399-4db8-897a-d8ef21b5e0a7,707b6ccf-c9d9-4c1d-97f4-516b572b2f9d,1697663599881711111
6a69421f-e399-4db8-897a-d8ef21b5e0a7,707b6ccf-c9d9-4c1d-97f4-516b572b2f9d,1697663599910044444
6a69421f-e399-4db8-897a-d8ef21b5e0a7,707b6ccf-c9d9-4c1d-97f4-516b572b2f9d,1697663599948355555
6a69421f-e399-4db8-897a-d8ef21b5e0a7,707b6ccf-c9d9-4c1d-97f4-516b572b2f9d,1697663599979177777
6a69421f-e399-4db8-897a-d8ef21b5e0a7,707b6ccf-c9d9-4c1d-97f4-516b572b2f9d,1697663600011055555
6a69421f-e399-4db8-897a-d8ef21b5e0a7,707b6ccf-c9d9-4c1d-97f4-516b572b2f9d,1697663600049966666
6a69421f-e399-4db8-897a-d8ef21b5e0a7,707b6ccf-c9d9-4c1d-97f4-516b572b2f9d,1697663600080122222
6a69421f-e399-4db8-897a-d8ef21b5e0a7,707b6ccf-c9d9-4c1d-97f4-516b572b2f9d,1697663600114844444
6a69421f-e399-4db8-897a-d8ef21b5e0a7,707b6ccf-c9d9-4c1d-97f4-516b572b2f9d,1697663600149744444
6a69421f-e399-4db8-897a-d8ef21b5e0a7,707b6ccf-c9d9-4c1d-97f4-516b572b2f9d,1697663600179988888
6a69421f-e399-4db8-897a-d8ef21b5e0a7,707b6ccf-c9d9-4c1d-97f4-516b572b2f9d,1697663600206222222
6a69421f-e399-4db8-897a-d8ef21b5e0a7,707b6ccf-c9d9-4c1d-97f4-516b572b2f9d,1697663600247022222
6a69421f-e399-4db8-897a-d8ef21b5e0a7,707b6ccf-c9d9-4c1d-97f4-516b572b2f9d,1697663600272555555
6a69421f-e399-4db8-897a-d8ef21b5e0a7,707b6ccf-c9d9-4c1d-97f4-516b572b2f9d,1697663600304888888
6a69421f-e399-4db8-897a-d8ef21b5e0a7,707b6ccf-c9d9-4c1d-97f4-516b572b2f9d,1697663600341755555
6a69421f-e399-4db8-897a-d8ef21b5e0a7,707b6ccf-c9d9-4c1d-97f4-516b572b2f9d,1697663600369777777
6a69421f-e399-4db8-897a-d8ef21b5e0a7,707b6ccf-c9d9-4c1d-97f4-516b572b2f9d,1697663600410055555
6a69421f-e399-4db8-897a-d8ef21b5e0a7,707b6ccf-c9d9-4c1d-97f4-516b572b2f9d,1697663600452755555
6a69421f-e399-4db8-897a-d8ef21b5e0a7,707b6ccf-c9d9-4c1d-97f4-516b572b2f9d,1697663600479833333
6a69421f-e399-4db8-897a-d8ef21b5e0a7,707b6ccf-c9d9-4c1d-97f4-516b572b2f9d,1697663600510855555
6a69421f-e399-4db8-897a-d8ef21b5e0a7,707b6ccf-c9d9-4c1d-97f4-516b572b2f9d,1697663600548522222
6a69421f-e399-4db8-897a-d8ef21b5e0a7,707b6ccf-c9d9-4c1d-97f4-516b572b2f9d,1697663600578433333
6a69421f-e399-4db8-897a-d8ef21b5e0a7,707b6ccf-c9d9-4c1d-97f4-516b572b2f9d,1697663600612144444
6a69421f-e399-4db8-897a-d8ef21b5e0a7,707b6ccf-c9d9-4c1d-97f4-516b572b2f9d,1697663600647344444
6a69421f-e399-4db8-897a-d8ef21b5e0a7,707b6ccf-c9d9-4c1d-97f4-516b572b2f9d,1697663600678522222
6a69421f-e399-4db8-897a-d8ef21b5e0a7,707b6ccf-c9d9-4c1d-97f4-516b572b2f9d,1697663600709877777
6a69421f-e399-4db8-897a-d8ef21b5e0a7,707b6ccf-c9d9-4c1d-97f4-516b572b2f9d,1697663600745900000
6a69421f-e399-4db8-897a-d8ef21b5e0a7,707b6ccf-c9d9-4c1d-97f4-516b572b2f9d,1697663600783222222
6a69421f-e399-4db8-897a-d8ef21b5e0a7,707b6ccf-c9d9-4c1d-97f4-516b572b2f9d,1697663600809855555
6a69421f-e399-4db8-897a-d8ef21b5e0a7,707b6ccf-c9d9-4c1d-97f4-516b572b2f9d,1697663600842888888
6a69421f-e399-4db8-897a-d8ef21b5e0a7,707b6ccf-c9d9-4c1d-97f4-516b572b2f9d,1697663600893266666
6a69421f-e399-4db8-897a-d8ef21b5e0a7,707b6ccf-c9d9-4c1d-97f4-516b572b2f9d,1697663600903577777
6a69421f-e399-4db8-897a-d8ef21b5e0a7,707b6ccf-c9d9-4c1d-97f4-516b572b2f9d,1697663600935844444
6a69421f-e399-4db8-897a-d8ef21b5e0a7,707b6ccf-c9d9-4c1d-97f4-516b572b2f9d,1697663600979755555
6a69421f-e399-4db8-897a-d8ef21b5e0a7,707b6ccf-c9d9-4c1d-97f4-516b572b2f9d,1697663601004933333
6a69421f-e399-4db8-897a-d8ef21b5e0a7,707b6ccf-c9d9-4c1d-97f4-516b572b2f9d,1697663601044788888
6a69421f-e399-4db8-897a-d8ef21b5e0a7,707b6ccf-c9d9-4c1d-97f4-516b572b2f9d,1697663601079122222
6a69421f-e399-4db8-897a-d8ef21b5e0a7,707b6ccf-c9d9-4c1d-97f4-516b572b2f9d,1697663601111644444
6a69421f-e399-4db8-897a-d8ef21b5e0a7,707b6ccf-c9d9-4c1d-97f4-516b572b2f9d,1697663601144077777
6a69421f-e399-4db8-897a-d8ef21b5e0a7,707b6ccf-c9d9-4c1d-97f4-516b572b2f9d,1697663601178177777
6a69421f-e399-4db8-897a-d8ef21b5e0a7,707b6ccf-c9d9-4c1d-97f4-516b572b2f9d,1697663601212188888
6a69421f-e399-4db8-897a-d8ef21b5e0a7,707b6ccf-c9d9-4c1d-97f4-516b572b2f9d,1697663601246833333
6a69421f-e399-4db8-897a-d8ef21b5e0a7,707b6ccf-c9d9-4c1d-97f4-516b572b2f9d,1697663601282877777
6a69421f-e399-4db8-897a-d8ef21b5e0a7,707b6ccf-c9d9-4c1d-97f4-516b572b2f9d,1697663601303955555
6a69421f-e399-4db8-897a-d8ef21b5e0a7,707b6ccf-c9d9-4c1d-97f4-516b572b2f9d,1697663601344377777
6a69421f-e399-4db8-897a-d8ef21b5e0a7,707b6ccf-c9d9-4c1d-97f4-516b572b2f9d,1697663601381566666
6a69421f-e399-4db8-897a-d8ef21b5e0a7,707b6ccf-c9d9-4c1d-97f4-516b572b2f9d,1697663601404544444
6a69421f-e399-4db8-897a-d8ef21b5e0a7,707b6ccf-c9d9-4c1d-97f4-516b572b2f9d,1697663601449866666
6a69421f-e399-4db8-897a-d8ef21b5e0a7,707b6ccf-c9d9-4c1d-97f4-516b572b2f9d,1697663601482544444
6a69421f-e399-4db8-897a-d8ef21b5e0a7,707b6ccf-c9d9-4c1d-97f4-516b572b2f9d,1697663601510877777
6a69421f-e399-4db8-897a-d8ef21b5e0a7,707b6ccf-c9d9-4c1d-97f4-516b572b2f9d,1697663601548611111
6a69421f-e399-4db8-897a-d8ef21b5e0a7,707b6ccf-c9d9-4c1d-97f4-516b572b2f9d,1697663601572922222
6a69421f-e399-4db8-897a-d8ef21b5e0a7,707b6ccf-c9d9-4c1d-97f4-516b572b2f9d,1697663601606611111
6a69421f-e399-4db8-897a-d8ef21b5e0a7,707b6ccf-c9d9-4c1d-97f4-516b572b2f9d,1697663601652066666
6a69421f-e399-4db8-897a-d8ef21b5e0a7,707b6ccf-c9d9-4c1d-97f4-516b572b2f9d,1697663601672566666
6a69421f-e399-4db8-897a-d8ef21b5e0a7,707b6ccf-c9d9-4c1d-97f4-516b572b2f9d,1697663601700688888
6a69421f-e399-4db8-897a-d8ef21b5e0a7,707b6ccf-c9d9-4c1d-97f4-516b572b2f9d,1697663601744877777
6a69421f-e399-4db8-897a-d8ef21b5e0a7,707b6ccf-c9d9-4c1d-97f4-516b572b2f9d,1697663601782300000
6a69421f-e399-4db8-897a-d8ef21b5e0a7,707b6ccf-c9d9-4c1d-97f4-516b572b2f9d,1697663601806444444
6a69421f-e399-4db8-897a-d8ef21b5e0a7,707b6ccf-c9d9-4c1d-97f4-516b572b2f9d,1697663601843844444
6a69421f-e399-4db8-897a-d8ef21b5e0a7,707b6ccf-c9d9-4c1d-97f4-516b572b2f9d,1697663601881222222
6a69421f-e399-4db8-897a-d8ef21b5e0a7,707b6ccf-c9d9-4c1d-97f4-516b572b2f9d,1697663601904277777
6a69421f-e399-4db8-897a-d8ef21b5e0a7,707b6ccf-c9d9-4c1d-97f4-516b572b2f9d,1697663601949022222
6a69421f-e399-4db8-897a-d8ef21b5e0a7,707b6ccf-c9d9-4c1d-97f4-516b572b2f9d,1697663601978577777
6a69421f-e399-4db8-897a-d8ef21b5e0a7,707b6ccf-c9d9-4c1d-97f4-516b572b2f9d,1697663602011488888
6a69421f-e399-4db8-897a-d8ef21b5e0a7,707b6ccf-c9d9-4c1d-97f4-516b572b2f9d,1697663602045688888
6a69421f-e399-4db8-897a-d8ef21b5e0a7,707b6ccf-c9d9-4c1d-97f4-516b572b2f9d,1697663602080655555
6a69421f-e399-4db8-897a-d8ef21b5e0a7,707b6ccf-c9d9-4c1d-97f4-516b572b2f9d,1697663602104788888
6a69421f-e399-4db8-897a-d8ef21b5e0a7,707b6ccf-c9d9-4c1d-97f4-516b572b2f9d,1697663602147166666
6a69421f-e399-4db8-897a-d8ef21b5e0a7,707b6ccf-c9d9-4c1d-97f4-516b572b2f9d,1697663602181877777
6a69421f-e399-4db8-897a-d8ef21b5e0a7,707b6ccf-c9d9-4c1d-97f4-516b572b2f9d,1697663602223400000
6a69421f-e399-4db8-897a-d8ef21b5e0a7,707b6ccf-c9d9-4c1d-97f4-516b572b2f9d,1697663602236744444
6a69421f-e399-4db8-897a-d8ef21b5e0a7,707b6ccf-c9d9-4c1d-97f4-516b572b2f9d,1697663602277177777
6a69421f-e399-4db8-897a-d8ef21b5e0a7,707b6ccf-c9d9-4c1d-97f4-516b572b2f9d,1697663602307511111
6a69421f-e399-4db8-897a-d8ef21b5e0a7,707b6ccf-c9d9-4c1d-97f4-516b572b2f9d,1697663602335933333
6a69421f-e399-4db8-897a-d8ef21b5e0a7,707b6ccf-c9d9-4c1d-97f4-516b572b2f9d,1697663602373433333
6a69421f-e399-4db8-897a-d8ef21b5e0a7,707b6ccf-c9d9-4c1d-97f4-516b572b2f9d,1697663602401855555
6a69421f-e399-4db8-897a-d8ef21b5e0a7,707b6ccf-c9d9-4c1d-97f4-516b572b2f9d,1697663602451933333
6a69421f-e399-4db8-897a-d8ef21b5e0a7,707b6ccf-c9d9-4c1d-97f4-516b572b2f9d,1697663602479800000
6a69421f-e399-4db8-897a-d8ef21b5e0a7,707b6ccf-c9d9-4c1d-97f4-516b572b2f9d,1697663602511944444
6a69421f-e399-4db8-897a-d8ef21b5e0a7,707b6ccf-c9d9-4c1d-97f4-516b572b2f9d,1697663602544077777
6a69421f-e399-4db8-897a-d8ef21b5e0a7,707b6ccf-c9d9-4c1d-97f4-516b572b2f9d,1697663602586433333
6a69421f-e399-4db8-897a-d8ef21b5e0a7,707b6ccf-c9d9-4c1d-97f4-516b572b2f9d,1697663602614188888
6a69421f-e399-4db8-897a-d8ef21b5e0a7,707b6ccf-c9d9-4c1d-97f4-516b572b2f9d,1697663602643877777
6a69421f-e399-4db8-897a-d8ef21b5e0a7,707b6ccf-c9d9-4c1d-97f4-516b572b2f9d,1697663602678444444
6a69421f-e399-4db8-897a-d8ef21b5e0a7,707b6ccf-c9d9-4c1d-97f4-516b572b2f9d,1697663602709433333
6a69421f-e399-4db8-897a-d8ef21b5e0a7,707b6ccf-c9d9-4c1d-97f4-516b572b2f9d,1697663602747688888
6a69421f-e399-4db8-897a-d8ef21b5e0a7,707b6ccf-c9d9-4c1d-97f4-516b572b2f9d,1697663602777088888
6a69421f-e399-4db8-897a-d8ef21b5e0a7,707b6ccf-c9d9-4c1d-97f4-516b572b2f9d,1697663602809688888
6a69421f-e399-4db8-897a-d8ef21b5e0a7,707b6ccf-c9d9-4c1d-97f4-516b572b2f9d,1697663602840355555
6a69421f-e399-4db8-897a-d8ef21b5e0a7,707b6ccf-c9d9-4c1d-97f4-516b572b2f9d,1697663602877311111
6a69421f-e399-4db8-897a-d8ef21b5e0a7,707b6ccf-c9d9-4c1d-97f4-516b572b2f9d,1697663602907000000
6a69421f-e399-4db8-897a-d8ef21b5e0a7,707b6ccf-c9d9-4c1d-97f4-516b572b2f9d,1697663602943433333
6a69421f-e399-4db8-897a-d8ef21b5e0a7,707b6ccf-c9d9-4c1d-97f4-516b572b2f9d,1697663602977400000
6a69421f-e399-4db8-897a-d8ef21b5e0a7,707b6ccf-c9d9-4c1d-97f4-516b572b2f9d,1697663603006400000
6a69421f-e399-4db8-897a-d8ef21b5e0a7,707b6ccf-c9d9-4c1d-97f4-516b572b2f9d,1697663603045600000
6a69421f-e399-4db8-897a-d8ef21b5e0a7,707b6ccf-c9d9-4c1d-97f4-516b572b2f9d,1697663603079766666
6a69421f-e399-4db8-897a-d8ef21b5e0a7,707b6ccf-c9d9-4c1d-97f4-516b572b2f9d,1697663603111100000
6a69421f-e399-4db8-897a-d8ef21b5e0a7,707b6ccf-c9d9-4c1d-97f4-516b572b2f9d,1697663603142377777
6a69421f-e399-4db8-897a-d8ef21b5e0a7,707b6ccf-c9d9-4c1d-97f4-516b572b2f9d,1697663603182055555
6a69421f-e399-4db8-897a-d8ef21b5e0a7,707b6ccf-c9d9-4c1d-97f4-516b572b2f9d,1697663603211555555
6a69421f-e399-4db8-897a-d8ef21b5e0a7,707b6ccf-c9d9-4c1d-97f4-516b572b2f9d,1697663603241388888
6a69421f-e399-4db8-897a-d8ef21b5e0a7,707b6ccf-c9d9-4c1d-97f4-516b572b2f9d,1697663603280522222
6a69421f-e399-4db8-897a-d8ef21b5e0a7,707b6ccf-c9d9-4c1d-97f4-516b572b2f9d,1697663603312666666
6a69421f-e399-4db8-897a-d8ef21b5e0a7,707b6ccf-c9d9-4c1d-97f4-516b572b2f9d,1697663603342555555
6a69421f-e399-4db8-897a-d8ef21b5e0a7,707b6ccf-c9d9-4c1d-97f4-516b572b2f9d,1697663603383222222
6a69421f-e399-4db8-897a-d8ef21b5e0a7,707b6ccf-c9d9-4c1d-97f4-516b572b2f9d,1697663603411566666
6a69421f-e399-4db8-897a-d8ef21b5e0a7,707b6ccf-c9d9-4c1d-97f4-516b572b2f9d,1697663603441988888
6a69421f-e399-4db8-897a-d8ef21b5e0a7,707b6ccf-c9d9-4c1d-97f4-516b572b2f9d,1697663603479711111
6a69421f-e399-4db8-897a-d8ef21b5e0a7,707b6ccf-c9d9-4c1d-97f4-516b572b2f9d,1697663603513288888
6a69421f-e399-4db8-897a-d8ef21b5e0a7,707b6ccf-c9d9-4c1d-97f4-516b572b2f9d,1697663603543600000
6a69421f-e399-4db8-897a-d8ef21b5e0a7,707b6ccf-c9d9-4c1d-97f4-516b572b2f9d,1697663603572922222
6a69421f-e399-4db8-897a-d8ef21b5e0a7,707b6ccf-c9d9-4c1d-97f4-516b572b2f9d,1697663603617255555
6a69421f-e399-4db8-897a-d8ef21b5e0a7,707b6ccf-c9d9-4c1d-97f4-516b572b2f9d,1697663603661111111
6a69421f-e399-4db8-897a-d8ef21b5e0a7,707b6ccf-c9d9-4c1d-97f4-516b572b2f9d,1697663603676788888
6a69421f-e399-4db8-897a-d8ef21b5e0a7,707b6ccf-c9d9-4c1d-97f4-516b572b2f9d,1697663603712933333
6a69421f-e399-4db8-897a-d8ef21b5e0a7,707b6ccf-c9d9-4c1d-97f4-516b572b2f9d,1697663603741433333
6a69421f-e399-4db8-897a-d8ef21b5e0a7,707b6ccf-c9d9-4c1d-97f4-516b572b2f9d,1697663603777988888
6a69421f-e399-4db8-897a-d8ef21b5e0a7,707b6ccf-c9d9-4c1d-97f4-516b572b2f9d,1697663603812677777
6a69421f-e399-4db8-897a-d8ef21b5e0a7,707b6ccf-c9d9-4c1d-97f4-516b572b2f9d,1697663603843355555
6a69421f-e399-4db8-897a-d8ef21b5e0a7,707b6ccf-c9d9-4c1d-97f4-516b572b2f9d,1697663603882588888
6a69421f-e399-4db8-897a-d8ef21b5e0a7,707b6ccf-c9d9-4c1d-97f4-516b572b2f9d,1697663603912533333
6a69421f-e399-4db8-897a-d8ef21b5e0a7,707b6ccf-c9d9-4c1d-97f4-516b572b2f9d,1697663603941400000
6a69421f-e399-4db8-897a-d8ef21b5e0a7,707b6ccf-c9d9-4c1d-97f4-516b572b2f9d,1697663603982266666
6a69421f-e399-4db8-897a-d8ef21b5e0a7,707b6ccf-c9d9-4c1d-97f4-516b572b2f9d,1697663604010388888
6a69421f-e399-4db8-897a-d8ef21b5e0a7,707b6ccf-c9d9-4c1d-97f4-516b572b2f9d,1697663604046333333
6a69421f-e399-4db8-897a-d8ef21b5e0a7,707b6ccf-c9d9-4c1d-97f4-516b572b2f9d,1697663604074777777
6a69421f-e399-4db8-897a-d8ef21b5e0a7,707b6ccf-c9d9-4c1d-97f4-516b572b2f9d,1697663604110811111
6a69421f-e399-4db8-897a-d8ef21b5e0a7,707b6ccf-c9d9-4c1d-97f4-516b572b2f9d,1697663604142944444
6a69421f-e399-4db8-897a-d8ef21b5e0a7,707b6ccf-c9d9-4c1d-97f4-516b572b2f9d,1697663604175988888
6a69421f-e399-4db8-897a-d8ef21b5e0a7,707b6ccf-c9d9-4c1d-97f4-516b572b2f9d,1697663604227844444
6a69421f-e399-4db8-897a-d8ef21b5e0a7,707b6ccf-c9d9-4c1d-97f4-516b572b2f9d,1697663604248666666
6a69421f-e399-4db8-897a-d8ef21b5e0a7,707b6ccf-c9d9-4c1d-97f4-516b572b2f9d,1697663604267733333
6a69421f-e399-4db8-897a-d8ef21b5e0a7,707b6ccf-c9d9-4c1d-97f4-516b572b2f9d,1697663604302077777
6a69421f-e399-4db8-897a-d8ef21b5e0a7,707b6ccf-c9d9-4c1d-97f4-516b572b2f9d,1697663604336777777
6a69421f-e399-4db8-897a-d8ef21b5e0a7,707b6ccf-c9d9-4c1d-97f4-516b572b2f9d,1697663604366900000
6a69421f-e399-4db8-897a-d8ef21b5e0a7,707b6ccf-c9d9-4c1d-97f4-516b572b2f9d,1697663604412633333
6a69421f-e399-4db8-897a-d8ef21b5e0a7,707b6ccf-c9d9-4c1d-97f4-516b572b2f9d,1697663604442777777
6a69421f-e399-4db8-897a-d8ef21b5e0a7,707b6ccf-c9d9-4c1d-97f4-516b572b2f9d,1697663604475577777
6a69421f-e399-4db8-897a-d8ef21b5e0a7,707b6ccf-c9d9-4c1d-97f4-516b572b2f9d,1697663604512622222
6a69421f-e399-4db8-897a-d8ef21b5e0a7,707b6ccf-c9d9-4c1d-97f4-516b572b2f9d,1697663604544111111
6a69421f-e399-4db8-897a-d8ef21b5e0a7,707b6ccf-c9d9-4c1d-97f4-516b572b2f9d,1697663604577466666
6a69421f-e399-4db8-897a-d8ef21b5e0a7,707b6ccf-c9d9-4c1d-97f4-516b572b2f9d,1697663604610911111
6a69421f-e399-4db8-897a-d8ef21b5e0a7,707b6ccf-c9d9-4c1d-97f4-516b572b2f9d,1697663604643844444
6a69421f-e399-4db8-897a-d8ef21b5e0a7,707b6ccf-c9d9-4c1d-97f4-516b572b2f9d,1697663604675277777
6a69421f-e399-4db8-897a-d8ef21b5e0a7,707b6ccf-c9d9-4c1d-97f4-516b572b2f9d,1697663604714900000
6a69421f-e399-4db8-897a-d8ef21b5e0a7,707b6ccf-c9d9-4c1d-97f4-516b572b2f9d,1697663604743977777
6a69421f-e399-4db8-897a-d8ef21b5e0a7,707b6ccf-c9d9-4c1d-97f4-516b572b2f9d,1697663604775044444
6a69421f-e399-4db8-897a-d8ef21b5e0a7,707b6ccf-c9d9-4c1d-97f4-516b572b2f9d,1697663604808977777
6a69421f-e399-4db8-897a-d8ef21b5e0a7,707b6ccf-c9d9-4c1d-97f4-516b572b2f9d,1697663604842677777
6a69421f-e399-4db8-897a-d8ef21b5e0a7,707b6ccf-c9d9-4c1d-97f4-516b572b2f9d,1697663604875500000
6a69421f-e399-4db8-897a-d8ef21b5e0a7,707b6ccf-c9d9-4c1d-97f4-516b572b2f9d,1697663604902733333
6a69421f-e399-4db8-897a-d8ef21b5e0a7,707b6ccf-c9d9-4c1d-97f4-516b572b2f9d,1697663604949955555
6a69421f-e399-4db8-897a-d8ef21b5e0a7,707b6ccf-c9d9-4c1d-97f4-516b572b2f9d,1697663604973511111
6a69421f-e399-4db8-897a-d8ef21b5e0a7,707b6ccf-c9d9-4c1d-97f4-516b572b2f9d,1697663605019422222
6a69421f-e399-4db8-897a-d8ef21b5e0a7,707b6ccf-c9d9-4c1d-97f4-516b572b2f9d,1697663605034477777
6a69421f-e399-4db8-897a-d8ef21b5e0a7,707b6ccf-c9d9-4c1d-97f4-516b572b2f9d,1697663605078144444
6a69421f-e399-4db8-897a-d8ef21b5e0a7,707b6ccf-c9d9-4c1d-97f4-516b572b2f9d,1697663605112100000
6a69421f-e399-4db8-897a-d8ef21b5e0a7,707b6ccf-c9d9-4c1d-97f4-516b572b2f9d,1697663605143311111
6a69421f-e399-4db8-897a-d8ef21b5e0a7,707b6ccf-c9d9-4c1d-97f4-516b572b2f9d,1697663605179288888
6a69421f-e399-4db8-897a-d8ef21b5e0a7,707b6ccf-c9d9-4c1d-97f4-516b572b2f9d,1697663605214577777
6a69421f-e399-4db8-897a-d8ef21b5e0a7,707b6ccf-c9d9-4c1d-97f4-516b572b2f9d,1697663605241944444
6a69421f-e399-4db8-897a-d8ef21b5e0a7,707b6ccf-c9d9-4c1d-97f4-516b572b2f9d,1697663605279655555
6a69421f-e399-4db8-897a-d8ef21b5e0a7,707b6ccf-c9d9-4c1d-97f4-516b572b2f9d,1697663605312288888
6a69421f-e399-4db8-897a-d8ef21b5e0a7,707b6ccf-c9d9-4c1d-97f4-516b572b2f9d,1697663605344100000
6a69421f-e399-4db8-897a-d8ef21b5e0a7,707b6ccf-c9d9-4c1d-97f4-516b572b2f9d,1697663605379122222
6a69421f-e399-4db8-897a-d8ef21b5e0a7,707b6ccf-c9d9-4c1d-97f4-516b572b2f9d,1697663605413322222
6a69421f-e399-4db8-897a-d8ef21b5e0a7,707b6ccf-c9d9-4c1d-97f4-516b572b2f9d,1697663605442600000
6a69421f-e399-4db8-897a-d8ef21b5e0a7,707b6ccf-c9d9-4c1d-97f4-516b572b2f9d,1697663605474066666
6a69421f-e399-4db8-897a-d8ef21b5e0a7,707b6ccf-c9d9-4c1d-97f4-516b572b2f9d,1697663605510977777
6a69421f-e399-4db8-897a-d8ef21b5e0a7,707b6ccf-c9d9-4c1d-97f4-516b572b2f9d,1697663605546566666
6a69421f-e399-4db8-897a-d8ef21b5e0a7,707b6ccf-c9d9-4c1d-97f4-516b572b2f9d,1697663605576322222
6a69421f-e399-4db8-897a-d8ef21b5e0a7,707b6ccf-c9d9-4c1d-97f4-516b572b2f9d,1697663605603755555
6a69421f-e399-4db8-897a-d8ef21b5e0a7,707b6ccf-c9d9-4c1d-97f4-516b572b2f9d,1697663605637166666
6a69421f-e399-4db8-897a-d8ef21b5e0a7,707b6ccf-c9d9-4c1d-97f4-516b572b2f9d,1697663605678766666
6a69421f-e399-4db8-897a-d8ef21b5e0a7,707b6ccf-c9d9-4c1d-97f4-516b572b2f9d,1697663605701122222
6a69421f-e399-4db8-897a-d8ef21b5e0a7,707b6ccf-c9d9-4c1d-97f4-516b572b2f9d,1697663605744300000
6a69421f-e399-4db8-897a-d8ef21b5e0a7,707b6ccf-c9d9-4c1d-97f4-516b572b2f9d,1697663605777600000
6a69421f-e399-4db8-897a-d8ef21b5e0a7,707b6ccf-c9d9-4c1d-97f4-516b572b2f9d,1697663605812422222
6a69421f-e399-4db8-897a-d8ef21b5e0a7,707b6ccf-c9d9-4c1d-97f4-516b572b2f9d,1697663605845055555
6a69421f-e399-4db8-897a-d8ef21b5e0a7,707b6ccf-c9d9-4c1d-97f4-516b572b2f9d,1697663605875944444
6a69421f-e399-4db8-897a-d8ef21b5e0a7,707b6ccf-c9d9-4c1d-97f4-516b572b2f9d,1697663605912366666
6a69421f-e399-4db8-897a-d8ef21b5e0a7,707b6ccf-c9d9-4c1d-97f4-516b572b2f9d,1697663605948766666
6a69421f-e399-4db8-897a-d8ef21b5e0a7,707b6ccf-c9d9-4c1d-97f4-516b572b2f9d,1697663605978066666
6a69421f-e399-4db8-897a-d8ef21b5e0a7,707b6ccf-c9d9-4c1d-97f4-516b572b2f9d,1697663606012355555
6a69421f-e399-4db8-897a-d8ef21b5e0a7,707b6ccf-c9d9-4c1d-97f4-516b572b2f9d,1697663606042266666
6a69421f-e399-4db8-897a-d8ef21b5e0a7,707b6ccf-c9d9-4c1d-97f4-516b572b2f9d,1697663606073722222
6a69421f-e399-4db8-897a-d8ef21b5e0a7,707b6ccf-c9d9-4c1d-97f4-516b572b2f9d,1697663606112600000
6a69421f-e399-4db8-897a-d8ef21b5e0a7,707b6ccf-c9d9-4c1d-97f4-516b572b2f9d,1697663606146788888
6a69421f-e399-4db8-897a-d8ef21b5e0a7,707b6ccf-c9d9-4c1d-97f4-516b572b2f9d,1697663606176611111
6a69421f-e399-4db8-897a-d8ef21b5e0a7,707b6ccf-c9d9-4c1d-97f4-516b572b2f9d,1697663606213533333
6a69421f-e399-4db8-897a-d8ef21b5e0a7,707b6ccf-c9d9-4c1d-97f4-516b572b2f9d,1697663606235355555
6a69421f-e399-4db8-897a-d8ef21b5e0a7,707b6ccf-c9d9-4c1d-97f4-516b572b2f9d,1697663606267777777
6a69421f-e399-4db8-897a-d8ef21b5e0a7,707b6ccf-c9d9-4c1d-97f4-516b572b2f9d,1697663606302311111
6a69421f-e399-4db8-897a-d8ef21b5e0a7,707b6ccf-c9d9-4c1d-97f4-516b572b2f9d,1697663606334588888
6a69421f-e399-4db8-897a-d8ef21b5e0a7,707b6ccf-c9d9-4c1d-97f4-516b572b2f9d,1697663606367766666
6a69421f-e399-4db8-897a-d8ef21b5e0a7,707b6ccf-c9d9-4c1d-97f4-516b572b2f9d,1697663606411500000
6a69421f-e399-4db8-897a-d8ef21b5e0a7,707b6ccf-c9d9-4c1d-97f4-516b572b2f9d,1697663606442222222
6a69421f-e399-4db8-897a-d8ef21b5e0a7,707b6ccf-c9d9-4c1d-97f4-516b572b2f9d,1697663606476622222
6a69421f-e399-4db8-897a-d8ef21b5e0a7,707b6ccf-c9d9-4c1d-97f4-516b572b2f9d,1697663606510633333
6a69421f-e399-4db8-897a-d8ef21b5e0a7,707b6ccf-c9d9-4c1d-97f4-516b572b2f9d,1697663606543355555
6a69421f-e399-4db8-897a-d8ef21b5e0a7,707b6ccf-c9d9-4c1d-97f4-516b572b2f9d,1697663606574055555
6a69421f-e399-4db8-897a-d8ef21b5e0a7,707b6ccf-c9d9-4c1d-97f4-516b572b2f9d,1697663606611966666
6a69421f-e399-4db8-897a-d8ef21b5e0a7,707b6ccf-c9d9-4c1d-97f4-516b572b2f9d,1697663606646966666
6a69421f-e399-4db8-897a-d8ef21b5e0a7,707b6ccf-c9d9-4c1d-97f4-516b572b2f9d,1697663606674455555
6a69421f-e399-4db8-897a-d8ef21b5e0a7,707b6ccf-c9d9-4c1d-97f4-516b572b2f9d,1697663606709844444
6a69421f-e399-4db8-897a-d8ef21b5e0a7,707b6ccf-c9d9-4c1d-97f4-516b572b2f9d,1697663606741022222
6a69421f-e399-4db8-897a-d8ef21b5e0a7,707b6ccf-c9d9-4c1d-97f4-516b572b2f9d,1697663606775088888
6a69421f-e399-4db8-897a-d8ef21b5e0a7,707b6ccf-c9d9-4c1d-97f4-516b572b2f9d,1697663606811588888
6a69421f-e399-4db8-897a-d8ef21b5e0a7,707b6ccf-c9d9-4c1d-97f4-516b572b2f9d,1697663606843633333
6a69421f-e399-4db8-897a-d8ef21b5e0a7,707b6ccf-c9d9-4c1d-97f4-516b572b2f9d,1697663606876444444
6a69421f-e399-4db8-897a-d8ef21b5e0a7,707b6ccf-c9d9-4c1d-97f4-516b572b2f9d,1697663606903800000
6a69421f-e399-4db8-897a-d8ef21b5e0a7,707b6ccf-c9d9-4c1d-97f4-516b572b2f9d,1697663606955177777
6a69421f-e399-4db8-897a-d8ef21b5e0a7,707b6ccf-c9d9-4c1d-97f4-516b572b2f9d,1697663606969488888
6a69421f-e399-4db8-897a-d8ef21b5e0a7,707b6ccf-c9d9-4c1d-97f4-516b572b2f9d,1697663607007255555
6a69421f-e399-4db8-897a-d8ef21b5e0a7,707b6ccf-c9d9-4c1d-97f4-516b572b2f9d,1697663607034711111
6a69421f-e399-4db8-897a-d8ef21b5e0a7,707b6ccf-c9d9-4c1d-97f4-516b572b2f9d,1697663607075733333
6a69421f-e399-4db8-897a-d8ef21b5e0a7,707b6ccf-c9d9-4c1d-97f4-516b572b2f9d,1697663607110688888
6a69421f-e399-4db8-897a-d8ef21b5e0a7,707b6ccf-c9d9-4c1d-97f4-516b572b2f9d,1697663607142044444
6a69421f-e399-4db8-897a-d8ef21b5e0a7,707b6ccf-c9d9-4c1d-97f4-516b572b2f9d,1697663607176733333
6a69421f-e399-4db8-897a-d8ef21b5e0a7,707b6ccf-c9d9-4c1d-97f4-516b572b2f9d,1697663607210911111
6a69421f-e399-4db8-897a-d8ef21b5e0a7,707b6ccf-c9d9-4c1d-97f4-516b572b2f9d,1697663607243600000
6a69421f-e399-4db8-897a-d8ef21b5e0a7,707b6ccf-c9d9-4c1d-97f4-516b572b2f9d,1697663607275777777
6a69421f-e399-4db8-897a-d8ef21b5e0a7,707b6ccf-c9d9-4c1d-97f4-516b572b2f9d,1697663607304144444
6a69421f-e399-4db8-897a-d8ef21b5e0a7,707b6ccf-c9d9-4c1d-97f4-516b572b2f9d,1697663607342888888
6a69421f-e399-4db8-897a-d8ef21b5e0a7,707b6ccf-c9d9-4c1d-97f4-516b572b2f9d,1697663607377233333
6a69421f-e399-4db8-897a-d8ef21b5e0a7,707b6ccf-c9d9-4c1d-97f4-516b572b2f9d,1697663607407544444
6a69421f-e399-4db8-897a-d8ef21b5e0a7,707b6ccf-c9d9-4c1d-97f4-516b572b2f9d,1697663607447033333
6a69421f-e399-4db8-897a-d8ef21b5e0a7,707b6ccf-c9d9-4c1d-97f4-516b572b2f9d,1697663607474355555
6a69421f-e399-4db8-897a-d8ef21b5e0a7,707b6ccf-c9d9-4c1d-97f4-516b572b2f9d,1697663607505877777
6a69421f-e399-4db8-897a-d8ef21b5e0a7,707b6ccf-c9d9-4c1d-97f4-516b572b2f9d,1697663607551044444
6a69421f-e399-4db8-897a-d8ef21b5e0a7,707b6ccf-c9d9-4c1d-97f4-516b572b2f9d,1697663607566333333
6a69421f-e399-4db8-897a-d8ef21b5e0a7,707b6ccf-c9d9-4c1d-97f4-516b572b2f9d,1697663607598633333
6a69421f-e399-4db8-897a-d8ef21b5e0a7,707b6ccf-c9d9-4c1d-97f4-516b572b2f9d,1697663607646811111
6a69421f-e399-4db8-897a-d8ef21b5e0a7,707b6ccf-c9d9-4c1d-97f4-516b572b2f9d,1697663607667944444
6a69421f-e399-4db8-897a-d8ef21b5e0a7,707b6ccf-c9d9-4c1d-97f4-516b572b2f9d,1697663607705511111
6a69421f-e399-4db8-897a-d8ef21b5e0a7,707b6ccf-c9d9-4c1d-97f4-516b572b2f9d,1697663607743688888
6a69421f-e399-4db8-897a-d8ef21b5e0a7,707b6ccf-c9d9-4c1d-97f4-516b572b2f9d,1697663607778133333
6a69421f-e399-4db8-897a-d8ef21b5e0a7,707b6ccf-c9d9-4c1d-97f4-516b572b2f9d,1697663607808600000
6a69421f-e399-4db8-897a-d8ef21b5e0a7,707b6ccf-c9d9-4c1d-97f4-516b572b2f9d,1697663607843666666
6a69421f-e399-4db8-897a-d8ef21b5e0a7,707b6ccf-c9d9-4c1d-97f4-516b572b2f9d,1697663607874844444
6a69421f-e399-4db8-897a-d8ef21b5e0a7,707b6ccf-c9d9-4c1d-97f4-516b572b2f9d,1697663607906088888
6a69421f-e399-4db8-897a-d8ef21b5e0a7,707b6ccf-c9d9-4c1d-97f4-516b572b2f9d,1697663607940344444
6a69421f-e399-4db8-897a-d8ef21b5e0a7,707b6ccf-c9d9-4c1d-97f4-516b572b2f9d,1697663607979166666
6a69421f-e399-4db8-897a-d8ef21b5e0a7,707b6ccf-c9d9-4c1d-97f4-516b572b2f9d,1697663608012188888
6a69421f-e399-4db8-897a-d8ef21b5e0a7,707b6ccf-c9d9-4c1d-97f4-516b572b2f9d,1697663608045355555
6a69421f-e399-4db8-897a-d8ef21b5e0a7,707b6ccf-c9d9-4c1d-97f4-516b572b2f9d,1697663608075677777
6a69421f-e399-4db8-897a-d8ef21b5e0a7,707b6ccf-c9d9-4c1d-97f4-516b572b2f9d,1697663608105222222
6a69421f-e399-4db8-897a-d8ef21b5e0a7,707b6ccf-c9d9-4c1d-97f4-516b572b2f9d,1697663608146266666
6a69421f-e399-4db8-897a-d8ef21b5e0a7,707b6ccf-c9d9-4c1d-97f4-516b572b2f9d,1697663608177100000
6a69421f-e399-4db8-897a-d8ef21b5e0a7,707b6ccf-c9d9-4c1d-97f4-516b572b2f9d,1697663608206188888
6a69421f-e399-4db8-897a-d8ef21b5e0a7,707b6ccf-c9d9-4c1d-97f4-516b572b2f9d,1697663608237988888
6a69421f-e399-4db8-897a-d8ef21b5e0a7,707b6ccf-c9d9-4c1d-97f4-516b572b2f9d,1697663608271288888
6a69421f-e399-4db8-897a-d8ef21b5e0a7,707b6ccf-c9d9-4c1d-97f4-516b572b2f9d,1697663608302755555
6a69421f-e399-4db8-897a-d8ef21b5e0a7,707b6ccf-c9d9-4c1d-97f4-516b572b2f9d,1697663608334200000
6a69421f-e399-4db8-897a-d8ef21b5e0a7,707b6ccf-c9d9-4c1d-97f4-516b572b2f9d,1697663608371011111
6a69421f-e399-4db8-897a-d8ef21b5e0a7,707b6ccf-c9d9-4c1d-97f4-516b572b2f9d,1697663608406822222
6a69421f-e399-4db8-897a-d8ef21b5e0a7,707b6ccf-c9d9-4c1d-97f4-516b572b2f9d,1697663608447666666
6a69421f-e399-4db8-897a-d8ef21b5e0a7,707b6ccf-c9d9-4c1d-97f4-516b572b2f9d,1697663608473855555
6a69421f-e399-4db8-897a-d8ef21b5e0a7,707b6ccf-c9d9-4c1d-97f4-516b572b2f9d,1697663608505577777
6a69421f-e399-4db8-897a-d8ef21b5e0a7,707b6ccf-c9d9-4c1d-97f4-516b572b2f9d,1697663608544744444
6a69421f-e399-4db8-897a-d8ef21b5e0a7,707b6ccf-c9d9-4c1d-97f4-516b572b2f9d,1697663608575688888
6a69421f-e399-4db8-897a-d8ef21b5e0a7,707b6ccf-c9d9-4c1d-97f4-516b572b2f9d,1697663608605666666
6a69421f-e399-4db8-897a-d8ef21b5e0a7,707b6ccf-c9d9-4c1d-97f4-516b572b2f9d,1697663608643711111
6a69421f-e399-4db8-897a-d8ef21b5e0a7,707b6ccf-c9d9-4c1d-97f4-516b572b2f9d,1697663608674433333
6a69421f-e399-4db8-897a-d8ef21b5e0a7,707b6ccf-c9d9-4c1d-97f4-516b572b2f9d,1697663608704322222
6a69421f-e399-4db8-897a-d8ef21b5e0a7,707b6ccf-c9d9-4c1d-97f4-516b572b2f9d,1697663608745444444
6a69421f-e399-4db8-897a-d8ef21b5e0a7,707b6ccf-c9d9-4c1d-97f4-516b572b2f9d,1697663608775455555
6a69421f-e399-4db8-897a-d8ef21b5e0a7,707b6ccf-c9d9-4c1d-97f4-516b572b2f9d,1697663608805944444
6a69421f-e399-4db8-897a-d8ef21b5e0a7,707b6ccf-c9d9-4c1d-97f4-516b572b2f9d,1697663608843700000
6a69421f-e399-4db8-897a-d8ef21b5e0a7,707b6ccf-c9d9-4c1d-97f4-516b572b2f9d,1697663608877411111
6a69421f-e399-4db8-897a-d8ef21b5e0a7,707b6ccf-c9d9-4c1d-97f4-516b572b2f9d,1697663608898755555
6a69421f-e399-4db8-897a-d8ef21b5e0a7,707b6ccf-c9d9-4c1d-97f4-516b572b2f9d,1697663608945444444
6a69421f-e399-4db8-897a-d8ef21b5e0a7,707b6ccf-c9d9-4c1d-97f4-516b572b2f9d,1697663608966511111
6a69421f-e399-4db8-897a-d8ef21b5e0a7,707b6ccf-c9d9-4c1d-97f4-516b572b2f9d,1697663609004222222
6a69421f-e399-4db8-897a-d8ef21b5e0a7,707b6ccf-c9d9-4c1d-97f4-516b572b2f9d,1697663609033622222
6a69421f-e399-4db8-897a-d8ef21b5e0a7,707b6ccf-c9d9-4c1d-97f4-516b572b2f9d,1697663609075400000
6a69421f-e399-4db8-897a-d8ef21b5e0a7,707b6ccf-c9d9-4c1d-97f4-516b572b2f9d,1697663609106088888
6a69421f-e399-4db8-897a-d8ef21b5e0a7,707b6ccf-c9d9-4c1d-97f4-516b572b2f9d,1697663609143411111
6a69421f-e399-4db8-897a-d8ef21b5e0a7,707b6ccf-c9d9-4c1d-97f4-516b572b2f9d,1697663609174700000
6a69421f-e399-4db8-897a-d8ef21b5e0a7,707b6ccf-c9d9-4c1d-97f4-516b572b2f9d,1697663609205822222
6a69421f-e399-4db8-897a-d8ef21b5e0a7,707b6ccf-c9d9-4c1d-97f4-516b572b2f9d,1697663609242311111
6a69421f-e399-4db8-897a-d8ef21b5e0a7,707b6ccf-c9d9-4c1d-97f4-516b572b2f9d,1697663609273177777
6a69421f-e399-4db8-897a-d8ef21b5e0a7,707b6ccf-c9d9-4c1d-97f4-516b572b2f9d,1697663609306955555
6a69421f-e399-4db8-897a-d8ef21b5e0a7,707b6ccf-c9d9-4c1d-97f4-516b572b2f9d,1697663609341944444
6a69421f-e399-4db8-897a-d8ef21b5e0a7,707b6ccf-c9d9-4c1d-97f4-516b572b2f9d,1697663609374944444
6a69421f-e399-4db8-897a-d8ef21b5e0a7,707b6ccf-c9d9-4c1d-97f4-516b572b2f9d,1697663609407077777
6a69421f-e399-4db8-897a-d8ef21b5e0a7,707b6ccf-c9d9-4c1d-97f4-516b572b2f9d,1697663609446933333
6a69421f-e399-4db8-897a-d8ef21b5e0a7,707b6ccf-c9d9-4c1d-97f4-516b572b2f9d,1697663609476500000
6a69421f-e399-4db8-897a-d8ef21b5e0a7,707b6ccf-c9d9-4c1d-97f4-516b572b2f9d,1697663609508677777
6a69421f-e399-4db8-897a-d8ef21b5e0a7,707b6ccf-c9d9-4c1d-97f4-516b572b2f9d,1697663609539600000
6a69421f-e399-4db8-897a-d8ef21b5e0a7,707b6ccf-c9d9-4c1d-97f4-516b572b2f9d,1697663609569866666
6a69421f-e399-4db8-897a-d8ef21b5e0a7,707b6ccf-c9d9-4c1d-97f4-516b572b2f9d,1697663609598500000
6a69421f-e399-4db8-897a-d8ef21b5e0a7,707b6ccf-c9d9-4c1d-97f4-516b572b2f9d,1697663609633200000
6a69421f-e399-4db8-897a-d8ef21b5e0a7,707b6ccf-c9d9-4c1d-97f4-516b572b2f9d,1697663609667511111
6a69421f-e399-4db8-897a-d8ef21b5e0a7,707b6ccf-c9d9-4c1d-97f4-516b572b2f9d,1697663609697155555
6a69421f-e399-4db8-897a-d8ef21b5e0a7,707b6ccf-c9d9-4c1d-97f4-516b572b2f9d,1697663609743277777
6a69421f-e399-4db8-897a-d8ef21b5e0a7,707b6ccf-c9d9-4c1d-97f4-516b572b2f9d,1697663609773166666
6a69421f-e399-4db8-897a-d8ef21b5e0a7,707b6ccf-c9d9-4c1d-97f4-516b572b2f9d,1697663609805511111
6a69421f-e399-4db8-897a-d8ef21b5e0a7,707b6ccf-c9d9-4c1d-97f4-516b572b2f9d,1697663609843055555
6a69421f-e399-4db8-897a-d8ef21b5e0a7,707b6ccf-c9d9-4c1d-97f4-516b572b2f9d,1697663609876200000
6a69421f-e399-4db8-897a-d8ef21b5e0a7,707b6ccf-c9d9-4c1d-97f4-516b572b2f9d,1697663609905188888
6a69421f-e399-4db8-897a-d8ef21b5e0a7,707b6ccf-c9d9-4c1d-97f4-516b572b2f9d,1697663609940288888
6a69421f-e399-4db8-897a-d8ef21b5e0a7,707b6ccf-c9d9-4c1d-97f4-516b572b2f9d,1697663609976144444
6a69421f-e399-4db8-897a-d8ef21b5e0a7,707b6ccf-c9d9-4c1d-97f4-516b572b2f9d,1697663610006211111
6a69421f-e399-4db8-897a-d8ef21b5e0a7,707b6ccf-c9d9-4c1d-97f4-516b572b2f9d,1697663610044277777
6a69421f-e399-4db8-897a-d8ef21b5e0a7,707b6ccf-c9d9-4c1d-97f4-516b572b2f9d,1697663610077211111
6a69421f-e399-4db8-897a-d8ef21b5e0a7,707b6ccf-c9d9-4c1d-97f4-516b572b2f9d,1697663610108144444
6a69421f-e399-4db8-897a-d8ef21b5e0a7,707b6ccf-c9d9-4c1d-97f4-516b572b2f9d,1697663610144800000
6a69421f-e399-4db8-897a-d8ef21b5e0a7,707b6ccf-c9d9-4c1d-97f4-516b572b2f9d,1697663610173733333
6a69421f-e399-4db8-897a-d8ef21b5e0a7,707b6ccf-c9d9-4c1d-97f4-516b572b2f9d,1697663610231044444
6a69421f-e399-4db8-897a-d8ef21b5e0a7,707b6ccf-c9d9-4c1d-97f4-516b572b2f9d,1697663610241311111
6a69421f-e399-4db8-897a-d8ef21b5e0a7,707b6ccf-c9d9-4c1d-97f4-516b572b2f9d,1697663610278522222
6a69421f-e399-4db8-897a-d8ef21b5e0a7,707b6ccf-c9d9-4c1d-97f4-516b572b2f9d,1697663610298777777
6a69421f-e399-4db8-897a-d8ef21b5e0a7,707b6ccf-c9d9-4c1d-97f4-516b572b2f9d,1697663610337777777
6a69421f-e399-4db8-897a-d8ef21b5e0a7,707b6ccf-c9d9-4c1d-97f4-516b572b2f9d,1697663610377111111
6a69421f-e399-4db8-897a-d8ef21b5e0a7,707b6ccf-c9d9-4c1d-97f4-516b572b2f9d,1697663610408000000
6a69421f-e399-4db8-897a-d8ef21b5e0a7,707b6ccf-c9d9-4c1d-97f4-516b572b2f9d,1697663610442800000
6a69421f-e399-4db8-897a-d8ef21b5e0a7,707b6ccf-c9d9-4c1d-97f4-516b572b2f9d,1697663610473900000
6a69421f-e399-4db8-897a-d8ef21b5e0a7,707b6ccf-c9d9-4c1d-97f4-516b572b2f9d,1697663610504133333
6a69421f-e399-4db8-897a-d8ef21b5e0a7,707b6ccf-c9d9-4c1d-97f4-516b572b2f9d,1697663610541666666
6a69421f-e399-4db8-897a-d8ef21b5e0a7,707b6ccf-c9d9-4c1d-97f4-516b572b2f9d,1697663610579300000
6a69421f-e399-4db8-897a-d8ef21b5e0a7,707b6ccf-c9d9-4c1d-97f4-516b572b2f9d,1697663610604266666
6a69421f-e399-4db8-897a-d8ef21b5e0a7,707b6ccf-c9d9-4c1d-97f4-516b572b2f9d,1697663610638622222
6a69421f-e399-4db8-897a-d8ef21b5e0a7,707b6ccf-c9d9-4c1d-97f4-516b572b2f9d,1697663610674733333
6a69421f-e399-4db8-897a-d8ef21b5e0a7,707b6ccf-c9d9-4c1d-97f4-516b572b2f9d,1697663610707811111
6a69421f-e399-4db8-897a-d8ef21b5e0a7,707b6ccf-c9d9-4c1d-97f4-516b572b2f9d,1697663610737700000
6a69421f-e399-4db8-897a-d8ef21b5e0a7,707b6ccf-c9d9-4c1d-97f4-516b572b2f9d,1697663610778933333
6a69421f-e399-4db8-897a-d8ef21b5e0a7,707b6ccf-c9d9-4c1d-97f4-516b572b2f9d,1697663610806988888
6a69421f-e399-4db8-897a-d8ef21b5e0a7,707b6ccf-c9d9-4c1d-97f4-516b572b2f9d,1697663610840900000
6a69421f-e399-4db8-897a-d8ef21b5e0a7,707b6ccf-c9d9-4c1d-97f4-516b572b2f9d,1697663610871722222
6a69421f-e399-4db8-897a-d8ef21b5e0a7,707b6ccf-c9d9-4c1d-97f4-516b572b2f9d,1697663610922888888
6a69421f-e399-4db8-897a-d8ef21b5e0a7,707b6ccf-c9d9-4c1d-97f4-516b572b2f9d,1697663610933422222
6a69421f-e399-4db8-897a-d8ef21b5e0a7,707b6ccf-c9d9-4c1d-97f4-516b572b2f9d,1697663610966133333
6a69421f-e399-4db8-897a-d8ef21b5e0a7,707b6ccf-c9d9-4c1d-97f4-516b572b2f9d,1697663611007211111
6a69421f-e399-4db8-897a-d8ef21b5e0a7,707b6ccf-c9d9-4c1d-97f4-516b572b2f9d,1697663611038000000
6a69421f-e399-4db8-897a-d8ef21b5e0a7,707b6ccf-c9d9-4c1d-97f4-516b572b2f9d,1697663611077144444
6a69421f-e399-4db8-897a-d8ef21b5e0a7,707b6ccf-c9d9-4c1d-97f4-516b572b2f9d,1697663611107077777
6a69421f-e399-4db8-897a-d8ef21b5e0a7,707b6ccf-c9d9-4c1d-97f4-516b572b2f9d,1697663611142222222
6a69421f-e399-4db8-897a-d8ef21b5e0a7,707b6ccf-c9d9-4c1d-97f4-516b572b2f9d,1697663611175955555
6a69421f-e399-4db8-897a-d8ef21b5e0a7,707b6ccf-c9d9-4c1d-97f4-516b572b2f9d,1697663611209155555
6a69421f-e399-4db8-897a-d8ef21b5e0a7,707b6ccf-c9d9-4c1d-97f4-516b572b2f9d,1697663611242255555
6a69421f-e399-4db8-897a-d8ef21b5e0a7,707b6ccf-c9d9-4c1d-97f4-516b572b2f9d,1697663611277044444
6a69421f-e399-4db8-897a-d8ef21b5e0a7,707b6ccf-c9d9-4c1d-97f4-516b572b2f9d,1697663611304311111
6a69421f-e399-4db8-897a-d8ef21b5e0a7,707b6ccf-c9d9-4c1d-97f4-516b572b2f9d,1697663611339744444
6a69421f-e399-4db8-897a-d8ef21b5e0a7,707b6ccf-c9d9-4c1d-97f4-516b572b2f9d,1697663611379411111
6a69421f-e399-4db8-897a-d8ef21b5e0a7,707b6ccf-c9d9-4c1d-97f4-516b572b2f9d,1697663611408866666
6a69421f-e399-4db8-897a-d8ef21b5e0a7,707b6ccf-c9d9-4c1d-97f4-516b572b2f9d,1697663611440655555
6a69421f-e399-4db8-897a-d8ef21b5e0a7,707b6ccf-c9d9-4c1d-97f4-516b572b2f9d,1697663611478300000
6a69421f-e399-4db8-897a-d8ef21b5e0a7,707b6ccf-c9d9-4c1d-97f4-516b572b2f9d,1697663611504144444
6a69421f-e399-4db8-897a-d8ef21b5e0a7,707b6ccf-c9d9-4c1d-97f4-516b572b2f9d,1697663611534744444
6a69421f-e399-4db8-897a-d8ef21b5e0a7,707b6ccf-c9d9-4c1d-97f4-516b572b2f9d,1697663611577177777
6a69421f-e399-4db8-897a-d8ef21b5e0a7,707b6ccf-c9d9-4c1d-97f4-516b572b2f9d,1697663611598333333
6a69421f-e399-4db8-897a-d8ef21b5e0a7,707b6ccf-c9d9-4c1d-97f4-516b572b2f9d,1697663611631577777
6a69421f-e399-4db8-897a-d8ef21b5e0a7,707b6ccf-c9d9-4c1d-97f4-516b572b2f9d,1697663611676911111
6a69421f-e399-4db8-897a-d8ef21b5e0a7,707b6ccf-c9d9-4c1d-97f4-516b572b2f9d,1697663611708500000
6a69421f-e399-4db8-897a-d8ef21b5e0a7,707b6ccf-c9d9-4c1d-97f4-516b572b2f9d,1697663611742322222
6a69421f-e399-4db8-897a-d8ef21b5e0a7,707b6ccf-c9d9-4c1d-97f4-516b572b2f9d,1697663611773877777
6a69421f-e399-4db8-897a-d8ef21b5e0a7,707b6ccf-c9d9-4c1d-97f4-516b572b2f9d,1697663611805955555
6a69421f-e399-4db8-897a-d8ef21b5e0a7,707b6ccf-c9d9-4c1d-97f4-516b572b2f9d,1697663611841522222
6a69421f-e399-4db8-897a-d8ef21b5e0a7,707b6ccf-c9d9-4c1d-97f4-516b572b2f9d,1697663611875811111
6a69421f-e399-4db8-897a-d8ef21b5e0a7,707b6ccf-c9d9-4c1d-97f4-516b572b2f9d,1697663611907266666
6a69421f-e399-4db8-897a-d8ef21b5e0a7,707b6ccf-c9d9-4c1d-97f4-516b572b2f9d,1697663611937822222
6a69421f-e399-4db8-897a-d8ef21b5e0a7,707b6ccf-c9d9-4c1d-97f4-516b572b2f9d,1697663611976866666
6a69421f-e399-4db8-897a-d8ef21b5e0a7,707b6ccf-c9d9-4c1d-97f4-516b572b2f9d,1697663612009055555
6a69421f-e399-4db8-897a-d8ef21b5e0a7,707b6ccf-c9d9-4c1d-97f4-516b572b2f9d,1697663612041544444
6a69421f-e399-4db8-897a-d8ef21b5e0a7,707b6ccf-c9d9-4c1d-97f4-516b572b2f9d,1697663612075711111
6a69421f-e399-4db8-897a-d8ef21b5e0a7,707b6ccf-c9d9-4c1d-97f4-516b572b2f9d,1697663612106055555
6a69421f-e399-4db8-897a-d8ef21b5e0a7,707b6ccf-c9d9-4c1d-97f4-516b572b2f9d,1697663612139500000
6a69421f-e399-4db8-897a-d8ef21b5e0a7,707b6ccf-c9d9-4c1d-97f4-516b572b2f9d,1697663612183466666
6a69421f-e399-4db8-897a-d8ef21b5e0a7,707b6ccf-c9d9-4c1d-97f4-516b572b2f9d,1697663612198733333
6a69421f-e399-4db8-897a-d8ef21b5e0a7,707b6ccf-c9d9-4c1d-97f4-516b572b2f9d,1697663612229977777
6a69421f-e399-4db8-897a-d8ef21b5e0a7,707b6ccf-c9d9-4c1d-97f4-516b572b2f9d,1697663612284400000
6a69421f-e399-4db8-897a-d8ef21b5e0a7,707b6ccf-c9d9-4c1d-97f4-516b572b2f9d,1697663612307122222
6a69421f-e399-4db8-897a-d8ef21b5e0a7,707b6ccf-c9d9-4c1d-97f4-516b572b2f9d,1697663612331811111
6a69421f-e399-4db8-897a-d8ef21b5e0a7,707b6ccf-c9d9-4c1d-97f4-516b572b2f9d,1697663612375766666
6a69421f-e399-4db8-897a-d8ef21b5e0a7,707b6ccf-c9d9-4c1d-97f4-516b572b2f9d,1697663612407122222
6a69421f-e399-4db8-897a-d8ef21b5e0a7,707b6ccf-c9d9-4c1d-97f4-516b572b2f9d,1697663612440455555
6a69421f-e399-4db8-897a-d8ef21b5e0a7,707b6ccf-c9d9-4c1d-97f4-516b572b2f9d,1697663612473966666
6a69421f-e399-4db8-897a-d8ef21b5e0a7,707b6ccf-c9d9-4c1d-97f4-516b572b2f9d,1697663612508611111
6a69421f-e399-4db8-897a-d8ef21b5e0a7,707b6ccf-c9d9-4c1d-97f4-516b572b2f9d,1697663612539544444
6a69421f-e399-4db8-897a-d8ef21b5e0a7,707b6ccf-c9d9-4c1d-97f4-516b572b2f9d,1697663612573455555
6a69421f-e399-4db8-897a-d8ef21b5e0a7,707b6ccf-c9d9-4c1d-97f4-516b572b2f9d,1697663612606000000
6a69421f-e399-4db8-897a-d8ef21b5e0a7,707b6ccf-c9d9-4c1d-97f4-516b572b2f9d,1697663612642011111
6a69421f-e399-4db8-897a-d8ef21b5e0a7,707b6ccf-c9d9-4c1d-97f4-516b572b2f9d,1697663612675555555
6a69421f-e399-4db8-897a-d8ef21b5e0a7,707b6ccf-c9d9-4c1d-97f4-516b572b2f9d,1697663612705577777
6a69421f-e399-4db8-897a-d8ef21b5e0a7,707b6ccf-c9d9-4c1d-97f4-516b572b2f9d,1697663612741922222
6a69421f-e399-4db8-897a-d8ef21b5e0a7,707b6ccf-c9d9-4c1d-97f4-516b572b2f9d,1697663612788966666
6a69421f-e399-4db8-897a-d8ef21b5e0a7,707b6ccf-c9d9-4c1d-97f4-516b572b2f9d,1697663612801133333
6a69421f-e399-4db8-897a-d8ef21b5e0a7,707b6ccf-c9d9-4c1d-97f4-516b572b2f9d,1697663612848111111
6a69421f-e399-4db8-897a-d8ef21b5e0a7,707b6ccf-c9d9-4c1d-97f4-516b572b2f9d,1697663612875600000
6a69421f-e399-4db8-897a-d8ef21b5e0a7,707b6ccf-c9d9-4c1d-97f4-516b572b2f9d,1697663612900266666
6a69421f-e399-4db8-897a-d8ef21b5e0a7,707b6ccf-c9d9-4c1d-97f4-516b572b2f9d,1697663612931500000
6a69421f-e399-4db8-897a-d8ef21b5e0a7,707b6ccf-c9d9-4c1d-97f4-516b572b2f9d,1697663612970522222
6a69421f-e399-4db8-897a-d8ef21b5e0a7,707b6ccf-c9d9-4c1d-97f4-516b572b2f9d,1697663613003233333
6a69421f-e399-4db8-897a-d8ef21b5e0a7,707b6ccf-c9d9-4c1d-97f4-516b572b2f9d,1697663613031433333
6a69421f-e399-4db8-897a-d8ef21b5e0a7,707b6ccf-c9d9-4c1d-97f4-516b572b2f9d,1697663613075444444
6a69421f-e399-4db8-897a-d8ef21b5e0a7,707b6ccf-c9d9-4c1d-97f4-516b572b2f9d,1697663613105977777
6a69421f-e399-4db8-897a-d8ef21b5e0a7,707b6ccf-c9d9-4c1d-97f4-516b572b2f9d,1697663613138688888
6a69421f-e399-4db8-897a-d8ef21b5e0a7,707b6ccf-c9d9-4c1d-97f4-516b572b2f9d,1697663613176222222
6a69421f-e399-4db8-897a-d8ef21b5e0a7,707b6ccf-c9d9-4c1d-97f4-516b572b2f9d,1697663613207766666
6a69421f-e399-4db8-897a-d8ef21b5e0a7,707b6ccf-c9d9-4c1d-97f4-516b572b2f9d,1697663613241822222
6a69421f-e399-4db8-897a-d8ef21b5e0a7,707b6ccf-c9d9-4c1d-97f4-516b572b2f9d,1697663613278466666
6a69421f-e399-4db8-897a-d8ef21b5e0a7,707b6ccf-c9d9-4c1d-97f4-516b572b2f9d,1697663613309066666
6a69421f-e399-4db8-897a-d8ef21b5e0a7,707b6ccf-c9d9-4c1d-97f4-516b572b2f9d,1697663613341366666
6a69421f-e399-4db8-897a-d8ef21b5e0a7,707b6ccf-c9d9-4c1d-97f4-516b572b2f9d,1697663613376955555
6a69421f-e399-4db8-897a-d8ef21b5e0a7,707b6ccf-c9d9-4c1d-97f4-516b572b2f9d,1697663613408277777
6a69421f-e399-4db8-897a-d8ef21b5e0a7,707b6ccf-c9d9-4c1d-97f4-516b572b2f9d,1697663613440433333
6a69421f-e399-4db8-897a-d8ef21b5e0a7,707b6ccf-c9d9-4c1d-97f4-516b572b2f9d,1697663613475933333
6a69421f-e399-4db8-897a-d8ef21b5e0a7,707b6ccf-c9d9-4c1d-97f4-516b572b2f9d,1697663613510922222
6a69421f-e399-4db8-897a-d8ef21b5e0a7,707b6ccf-c9d9-4c1d-97f4-516b572b2f9d,1697663613544100000
6a69421f-e399-4db8-897a-d8ef21b5e0a7,707b6ccf-c9d9-4c1d-97f4-516b572b2f9d,1697663613583944444
6a69421f-e399-4db8-897a-d8ef21b5e0a7,707b6ccf-c9d9-4c1d-97f4-516b572b2f9d,1697663613597644444
6a69421f-e399-4db8-897a-d8ef21b5e0a7,707b6ccf-c9d9-4c1d-97f4-516b572b2f9d,1697663613631377777
6a69421f-e399-4db8-897a-d8ef21b5e0a7,707b6ccf-c9d9-4c1d-97f4-516b572b2f9d,1697663613667355555
6a69421f-e399-4db8-897a-d8ef21b5e0a7,707b6ccf-c9d9-4c1d-97f4-516b572b2f9d,1697663613697933333
6a69421f-e399-4db8-897a-d8ef21b5e0a7,707b6ccf-c9d9-4c1d-97f4-516b572b2f9d,1697663613740366666
6a69421f-e399-4db8-897a-d8ef21b5e0a7,707b6ccf-c9d9-4c1d-97f4-516b572b2f9d,1697663613765822222
6a69421f-e399-4db8-897a-d8ef21b5e0a7,707b6ccf-c9d9-4c1d-97f4-516b572b2f9d,1697663613811844444
6a69421f-e399-4db8-897a-d8ef21b5e0a7,707b6ccf-c9d9-4c1d-97f4-516b572b2f9d,1697663613842033333
6a69421f-e399-4db8-897a-d8ef21b5e0a7,707b6ccf-c9d9-4c1d-97f4-516b572b2f9d,1697663613870755555
6a69421f-e399-4db8-897a-d8ef21b5e0a7,707b6ccf-c9d9-4c1d-97f4-516b572b2f9d,1697663613914466666
6a69421f-e399-4db8-897a-d8ef21b5e0a7,707b6ccf-c9d9-4c1d-97f4-516b572b2f9d,1697663613940611111
6a69421f-e399-4db8-897a-d8ef21b5e0a7,707b6ccf-c9d9-4c1d-97f4-516b572b2f9d,1697663613963700000
6a69421f-e399-4db8-897a-d8ef21b5e0a7,707b6ccf-c9d9-4c1d-97f4-516b572b2f9d,1697663614015077777
6a69421f-e399-4db8-897a-d8ef21b5e0a7,707b6ccf-c9d9-4c1d-97f4-516b572b2f9d,1697663614043622222
6a69421f-e399-4db8-897a-d8ef21b5e0a7,707b6ccf-c9d9-4c1d-97f4-516b572b2f9d,1697663614073888888
6a69421f-e399-4db8-897a-d8ef21b5e0a7,707b6ccf-c9d9-4c1d-97f4-516b572b2f9d,1697663614108777777
6a69421f-e399-4db8-897a-d8ef21b5e0a7,707b6ccf-c9d9-4c1d-97f4-516b572b2f9d,1697663614139033333
6a69421f-e399-4db8-897a-d8ef21b5e0a7,707b6ccf-c9d9-4c1d-97f4-516b572b2f9d,1697663614174433333
6a69421f-e399-4db8-897a-d8ef21b5e0a7,707b6ccf-c9d9-4c1d-97f4-516b572b2f9d,1697663614211033333
6a69421f-e399-4db8-897a-d8ef21b5e0a7,707b6ccf-c9d9-4c1d-97f4-516b572b2f9d,1697663614249188888
6a69421f-e399-4db8-897a-d8ef21b5e0a7,707b6ccf-c9d9-4c1d-97f4-516b572b2f9d,1697663614261288888
6a69421f-e399-4db8-897a-d8ef21b5e0a7,707b6ccf-c9d9-4c1d-97f4-516b572b2f9d,1697663614298144444
6a69421f-e399-4db8-897a-d8ef21b5e0a7,707b6ccf-c9d9-4c1d-97f4-516b572b2f9d,1697663614331211111
6a69421f-e399-4db8-897a-d8ef21b5e0a7,707b6ccf-c9d9-4c1d-97f4-516b572b2f9d,1697663614360300000
6a69421f-e399-4db8-897a-d8ef21b5e0a7,707b6ccf-c9d9-4c1d-97f4-516b572b2f9d,1697663614405722222
6a69421f-e399-4db8-897a-d8ef21b5e0a7,707b6ccf-c9d9-4c1d-97f4-516b572b2f9d,1697663614439344444
6a69421f-e399-4db8-897a-d8ef21b5e0a7,707b6ccf-c9d9-4c1d-97f4-516b572b2f9d,1697663614467688888
6a69421f-e399-4db8-897a-d8ef21b5e0a7,707b6ccf-c9d9-4c1d-97f4-516b572b2f9d,1697663614508022222
6a69421f-e399-4db8-897a-d8ef21b5e0a7,707b6ccf-c9d9-4c1d-97f4-516b572b2f9d,1697663614540933333
6a69421f-e399-4db8-897a-d8ef21b5e0a7,707b6ccf-c9d9-4c1d-97f4-516b572b2f9d,1697663614569744444
6a69421f-e399-4db8-897a-d8ef21b5e0a7,707b6ccf-c9d9-4c1d-97f4-516b572b2f9d,1697663614610600000
6a69421f-e399-4db8-897a-d8ef21b5e0a7,707b6ccf-c9d9-4c1d-97f4-516b572b2f9d,1697663614636300000
6a69421f-e399-4db8-897a-d8ef21b5e0a7,707b6ccf-c9d9-4c1d-97f4-516b572b2f9d,1697663614669711111
6a69421f-e399-4db8-897a-d8ef21b5e0a7,707b6ccf-c9d9-4c1d-97f4-516b572b2f9d,1697663614705088888
6a69421f-e399-4db8-897a-d8ef21b5e0a7,707b6ccf-c9d9-4c1d-97f4-516b572b2f9d,1697663614736444444
6a69421f-e399-4db8-897a-d8ef21b5e0a7,707b6ccf-c9d9-4c1d-97f4-516b572b2f9d,1697663614770611111
6a69421f-e399-4db8-897a-d8ef21b5e0a7,707b6ccf-c9d9-4c1d-97f4-516b572b2f9d,1697663614806522222
6a69421f-e399-4db8-897a-d8ef21b5e0a7,707b6ccf-c9d9-4c1d-97f4-516b572b2f9d,1697663614840177777
6a69421f-e399-4db8-897a-d8ef21b5e0a7,707b6ccf-c9d9-4c1d-97f4-516b572b2f9d,1697663614872633333
6a69421f-e399-4db8-897a-d8ef21b5e0a7,707b6ccf-c9d9-4c1d-97f4-516b572b2f9d,1697663614898922222
6a69421f-e399-4db8-897a-d8ef21b5e0a7,707b6ccf-c9d9-4c1d-97f4-516b572b2f9d,1697663614942755555
6a69421f-e399-4db8-897a-d8ef21b5e0a7,707b6ccf-c9d9-4c1d-97f4-516b572b2f9d,1697663614963544444
6a69421f-e399-4db8-897a-d8ef21b5e0a7,707b6ccf-c9d9-4c1d-97f4-516b572b2f9d,1697663615000144444
6a69421f-e399-4db8-897a-d8ef21b5e0a7,707b6ccf-c9d9-4c1d-97f4-516b572b2f9d,1697663615030066666
6a69421f-e399-4db8-897a-d8ef21b5e0a7,707b6ccf-c9d9-4c1d-97f4-516b572b2f9d,1697663615072655555
6a69421f-e399-4db8-897a-d8ef21b5e0a7,707b6ccf-c9d9-4c1d-97f4-516b572b2f9d,1697663615110133333
6a69421f-e399-4db8-897a-d8ef21b5e0a7,707b6ccf-c9d9-4c1d-97f4-516b572b2f9d,1697663615139111111
6a69421f-e399-4db8-897a-d8ef21b5e0a7,707b6ccf-c9d9-4c1d-97f4-516b572b2f9d,1697663615172966666
6a69421f-e399-4db8-897a-d8ef21b5e0a7,707b6ccf-c9d9-4c1d-97f4-516b572b2f9d,1697663615206755555
6a69421f-e399-4db8-897a-d8ef21b5e0a7,707b6ccf-c9d9-4c1d-97f4-516b572b2f9d,1697663615240500000
6a69421f-e399-4db8-897a-d8ef21b5e0a7,707b6ccf-c9d9-4c1d-97f4-516b572b2f9d,1697663615271766666
6a69421f-e399-4db8-897a-d8ef21b5e0a7,707b6ccf-c9d9-4c1d-97f4-516b572b2f9d,1697663615308500000
6a69421f-e399-4db8-897a-d8ef21b5e0a7,707b6ccf-c9d9-4c1d-97f4-516b572b2f9d,1697663615341011111
6a69421f-e399-4db8-897a-d8ef21b5e0a7,707b6ccf-c9d9-4c1d-97f4-516b572b2f9d,1697663615370933333
6a69421f-e399-4db8-897a-d8ef21b5e0a7,707b6ccf-c9d9-4c1d-97f4-516b572b2f9d,1697663615409433333
6a69421f-e399-4db8-897a-d8ef21b5e0a7,707b6ccf-c9d9-4c1d-97f4-516b572b2f9d,1697663615439555555
6a69421f-e399-4db8-897a-d8ef21b5e0a7,707b6ccf-c9d9-4c1d-97f4-516b572b2f9d,1697663615463911111
6a69421f-e399-4db8-897a-d8ef21b5e0a7,707b6ccf-c9d9-4c1d-97f4-516b572b2f9d,1697663615509355555
6a69421f-e399-4db8-897a-d8ef21b5e0a7,707b6ccf-c9d9-4c1d-97f4-516b572b2f9d,1697663615547166666
6a69421f-e399-4db8-897a-d8ef21b5e0a7,707b6ccf-c9d9-4c1d-97f4-516b572b2f9d,1697663615562977777
6a69421f-e399-4db8-897a-d8ef21b5e0a7,707b6ccf-c9d9-4c1d-97f4-516b572b2f9d,1697663615599300000
6a69421f-e399-4db8-897a-d8ef21b5e0a7,707b6ccf-c9d9-4c1d-97f4-516b572b2f9d,1697663615636588888
6a69421f-e399-4db8-897a-d8ef21b5e0a7,707b6ccf-c9d9-4c1d-97f4-516b572b2f9d,1697663615667511111
6a69421f-e399-4db8-897a-d8ef21b5e0a7,707b6ccf-c9d9-4c1d-97f4-516b572b2f9d,1697663615712044444
6a69421f-e399-4db8-897a-d8ef21b5e0a7,707b6ccf-c9d9-4c1d-97f4-516b572b2f9d,1697663615739666666
6a69421f-e399-4db8-897a-d8ef21b5e0a7,707b6ccf-c9d9-4c1d-97f4-516b572b2f9d,1697663615769855555
6a69421f-e399-4db8-897a-d8ef21b5e0a7,707b6ccf-c9d9-4c1d-97f4-516b572b2f9d,1697663615810100000
6a69421f-e399-4db8-897a-d8ef21b5e0a7,707b6ccf-c9d9-4c1d-97f4-516b572b2f9d,1697663615841166666
6a69421f-e399-4db8-897a-d8ef21b5e0a7,707b6ccf-c9d9-4c1d-97f4-516b572b2f9d,1697663615870544444
6a69421f-e399-4db8-897a-d8ef21b5e0a7,707b6ccf-c9d9-4c1d-97f4-516b572b2f9d,1697663615909333333
6a69421f-e399-4db8-897a-d8ef21b5e0a7,707b6ccf-c9d9-4c1d-97f4-516b572b2f9d,1697663615943788888
6a69421f-e399-4db8-897a-d8ef21b5e0a7,707b6ccf-c9d9-4c1d-97f4-516b572b2f9d,1697663615973411111
6a69421f-e399-4db8-897a-d8ef21b5e0a7,707b6ccf-c9d9-4c1d-97f4-516b572b2f9d,1697663616010855555
6a69421f-e399-4db8-897a-d8ef21b5e0a7,707b6ccf-c9d9-4c1d-97f4-516b572b2f9d,1697663616040588888
6a69421f-e399-4db8-897a-d8ef21b5e0a7,707b6ccf-c9d9-4c1d-97f4-516b572b2f9d,1697663616073877777
6a69421f-e399-4db8-897a-d8ef21b5e0a7,707b6ccf-c9d9-4c1d-97f4-516b572b2f9d,1697663616107066666
6a69421f-e399-4db8-897a-d8ef21b5e0a7,707b6ccf-c9d9-4c1d-97f4-516b572b2f9d,1697663616139222222
6a69421f-e399-4db8-897a-d8ef21b5e0a7,707b6ccf-c9d9-4c1d-97f4-516b572b2f9d,1697663616174488888
6a69421f-e399-4db8-897a-d8ef21b5e0a7,707b6ccf-c9d9-4c1d-97f4-516b572b2f9d,1697663616211366666
6a69421f-e399-4db8-897a-d8ef21b5e0a7,707b6ccf-c9d9-4c1d-97f4-516b572b2f9d,1697663616231944444
6a69421f-e399-4db8-897a-d8ef21b5e0a7,707b6ccf-c9d9-4c1d-97f4-516b572b2f9d,1697663616263177777
6a69421f-e399-4db8-897a-d8ef21b5e0a7,707b6ccf-c9d9-4c1d-97f4-516b572b2f9d,1697663616310166666
6a69421f-e399-4db8-897a-d8ef21b5e0a7,707b6ccf-c9d9-4c1d-97f4-516b572b2f9d,1697663616346411111
6a69421f-e399-4db8-897a-d8ef21b5e0a7,707b6ccf-c9d9-4c1d-97f4-516b572b2f9d,1697663616361433333
6a69421f-e399-4db8-897a-d8ef21b5e0a7,707b6ccf-c9d9-4c1d-97f4-516b572b2f9d,1697663616399544444
6a69421f-e399-4db8-897a-d8ef21b5e0a7,707b6ccf-c9d9-4c1d-97f4-516b572b2f9d,1697663616441366666
6a69421f-e399-4db8-897a-d8ef21b5e0a7,707b6ccf-c9d9-4c1d-97f4-516b572b2f9d,1697663616474955555
6a69421f-e399-4db8-897a-d8ef21b5e0a7,707b6ccf-c9d9-4c1d-97f4-516b572b2f9d,1697663616509033333
6a69421f-e399-4db8-897a-d8ef21b5e0a7,707b6ccf-c9d9-4c1d-97f4-516b572b2f9d,1697663616537700000
6a69421f-e399-4db8-897a-d8ef21b5e0a7,707b6ccf-c9d9-4c1d-97f4-516b572b2f9d,1697663616571622222
6a69421f-e399-4db8-897a-d8ef21b5e0a7,707b6ccf-c9d9-4c1d-97f4-516b572b2f9d,1697663616610222222
6a69421f-e399-4db8-897a-d8ef21b5e0a7,707b6ccf-c9d9-4c1d-97f4-516b572b2f9d,1697663616636744444
6a69421f-e399-4db8-897a-d8ef21b5e0a7,707b6ccf-c9d9-4c1d-97f4-516b572b2f9d,1697663616672377777
6a69421f-e399-4db8-897a-d8ef21b5e0a7,707b6ccf-c9d9-4c1d-97f4-516b572b2f9d,1697663616705877777
6a69421f-e399-4db8-897a-d8ef21b5e0a7,707b6ccf-c9d9-4c1d-97f4-516b572b2f9d,1697663616738244444
6a69421f-e399-4db8-897a-d8ef21b5e0a7,707b6ccf-c9d9-4c1d-97f4-516b572b2f9d,1697663616770844444
6a69421f-e399-4db8-897a-d8ef21b5e0a7,707b6ccf-c9d9-4c1d-97f4-516b572b2f9d,1697663616809244444
6a69421f-e399-4db8-897a-d8ef21b5e0a7,707b6ccf-c9d9-4c1d-97f4-516b572b2f9d,1697663616838266666
6a69421f-e399-4db8-897a-d8ef21b5e0a7,707b6ccf-c9d9-4c1d-97f4-516b572b2f9d,1697663616872911111
6a69421f-e399-4db8-897a-d8ef21b5e0a7,707b6ccf-c9d9-4c1d-97f4-516b572b2f9d,1697663616898933333
6a69421f-e399-4db8-897a-d8ef21b5e0a7,707b6ccf-c9d9-4c1d-97f4-516b572b2f9d,1697663616930788888
6a69421f-e399-4db8-897a-d8ef21b5e0a7,707b6ccf-c9d9-4c1d-97f4-516b572b2f9d,1697663616978066666
6a69421f-e399-4db8-897a-d8ef21b5e0a7,707b6ccf-c9d9-4c1d-97f4-516b572b2f9d,1697663616998722222
6a69421f-e399-4db8-897a-d8ef21b5e0a7,707b6ccf-c9d9-4c1d-97f4-516b572b2f9d,1697663617033755555
6a69421f-e399-4db8-897a-d8ef21b5e0a7,707b6ccf-c9d9-4c1d-97f4-516b572b2f9d,1697663617073755555
6a69421f-e399-4db8-897a-d8ef21b5e0a7,707b6ccf-c9d9-4c1d-97f4-516b572b2f9d,1697663617104544444
6a69421f-e399-4db8-897a-d8ef21b5e0a7,707b6ccf-c9d9-4c1d-97f4-516b572b2f9d,1697663617142277777
6a69421f-e399-4db8-897a-d8ef21b5e0a7,707b6ccf-c9d9-4c1d-97f4-516b572b2f9d,1697663617169477777
6a69421f-e399-4db8-897a-d8ef21b5e0a7,707b6ccf-c9d9-4c1d-97f4-516b572b2f9d,1697663617207000000
6a69421f-e399-4db8-897a-d8ef21b5e0a7,707b6ccf-c9d9-4c1d-97f4-516b572b2f9d,1697663617240566666
6a69421f-e399-4db8-897a-d8ef21b5e0a7,707b6ccf-c9d9-4c1d-97f4-516b572b2f9d,1697663617273033333
6a69421f-e399-4db8-897a-d8ef21b5e0a7,707b6ccf-c9d9-4c1d-97f4-516b572b2f9d,1697663617300911111
6a69421f-e399-4db8-897a-d8ef21b5e0a7,707b6ccf-c9d9-4c1d-97f4-516b572b2f9d,1697663617343933333
6a69421f-e399-4db8-897a-d8ef21b5e0a7,707b6ccf-c9d9-4c1d-97f4-516b572b2f9d,1697663617371211111
6a69421f-e399-4db8-897a-d8ef21b5e0a7,707b6ccf-c9d9-4c1d-97f4-516b572b2f9d,1697663617403066666
6a69421f-e399-4db8-897a-d8ef21b5e0a7,707b6ccf-c9d9-4c1d-97f4-516b572b2f9d,1697663617442311111
6a69421f-e399-4db8-897a-d8ef21b5e0a7,707b6ccf-c9d9-4c1d-97f4-516b572b2f9d,1697663617474033333
6a69421f-e399-4db8-897a-d8ef21b5e0a7,707b6ccf-c9d9-4c1d-97f4-516b572b2f9d,1697663617503511111
6a69421f-e399-4db8-897a-d8ef21b5e0a7,707b6ccf-c9d9-4c1d-97f4-516b572b2f9d,1697663617553488888
6a69421f-e399-4db8-897a-d8ef21b5e0a7,707b6ccf-c9d9-4c1d-97f4-516b572b2f9d,1697663617563888888
6a69421f-e399-4db8-897a-d8ef21b5e0a7,707b6ccf-c9d9-4c1d-97f4-516b572b2f9d,1697663617600855555
6a69421f-e399-4db8-897a-d8ef21b5e0a7,707b6ccf-c9d9-4c1d-97f4-516b572b2f9d,1697663617643800000
6a69421f-e399-4db8-897a-d8ef21b5e0a7,707b6ccf-c9d9-4c1d-97f4-516b572b2f9d,1697663617664555555
6a69421f-e399-4db8-897a-d8ef21b5e0a7,707b6ccf-c9d9-4c1d-97f4-516b572b2f9d,1697663617702833333
6a69421f-e399-4db8-897a-d8ef21b5e0a7,707b6ccf-c9d9-4c1d-97f4-516b572b2f9d,1697663617737244444
6a69421f-e399-4db8-897a-d8ef21b5e0a7,707b6ccf-c9d9-4c1d-97f4-516b572b2f9d,1697663617770566666
6a69421f-e399-4db8-897a-d8ef21b5e0a7,707b6ccf-c9d9-4c1d-97f4-516b572b2f9d,1697663617804722222
6a69421f-e399-4db8-897a-d8ef21b5e0a7,707b6ccf-c9d9-4c1d-97f4-516b572b2f9d,1697663617839977777
6a69421f-e399-4db8-897a-d8ef21b5e0a7,707b6ccf-c9d9-4c1d-97f4-516b572b2f9d,1697663617871955555
6a69421f-e399-4db8-897a-d8ef21b5e0a7,707b6ccf-c9d9-4c1d-97f4-516b572b2f9d,1697663617902933333
6a69421f-e399-4db8-897a-d8ef21b5e0a7,707b6ccf-c9d9-4c1d-97f4-516b572b2f9d,1697663617941133333
6a69421f-e399-4db8-897a-d8ef21b5e0a7,707b6ccf-c9d9-4c1d-97f4-516b572b2f9d,1697663617970477777
6a69421f-e399-4db8-897a-d8ef21b5e0a7,707b6ccf-c9d9-4c1d-97f4-516b572b2f9d,1697663618005588888
6a69421f-e399-4db8-897a-d8ef21b5e0a7,707b6ccf-c9d9-4c1d-97f4-516b572b2f9d,1697663618039600000
6a69421f-e399-4db8-897a-d8ef21b5e0a7,707b6ccf-c9d9-4c1d-97f4-516b572b2f9d,1697663618069977777
6a69421f-e399-4db8-897a-d8ef21b5e0a7,707b6ccf-c9d9-4c1d-97f4-516b572b2f9d,1697663618111111111
6a69421f-e399-4db8-897a-d8ef21b5e0a7,707b6ccf-c9d9-4c1d-97f4-516b572b2f9d,1697663618142877777
6a69421f-e399-4db8-897a-d8ef21b5e0a7,707b6ccf-c9d9-4c1d-97f4-516b572b2f9d,1697663618170111111
6a69421f-e399-4db8-897a-d8ef21b5e0a7,707b6ccf-c9d9-4c1d-97f4-516b572b2f9d,1697663618217811111
6a69421f-e399-4db8-897a-d8ef21b5e0a7,707b6ccf-c9d9-4c1d-97f4-516b572b2f9d,1697663618236700000
6a69421f-e399-4db8-897a-d8ef21b5e0a7,707b6ccf-c9d9-4c1d-97f4-516b572b2f9d,1697663618269777777
6a69421f-e399-4db8-897a-d8ef21b5e0a7,707b6ccf-c9d9-4c1d-97f4-516b572b2f9d,1697663618295644444
6a69421f-e399-4db8-897a-d8ef21b5e0a7,707b6ccf-c9d9-4c1d-97f4-516b572b2f9d,1697663618342544444
6a69421f-e399-4db8-897a-d8ef21b5e0a7,707b6ccf-c9d9-4c1d-97f4-516b572b2f9d,1697663618361577777
6a69421f-e399-4db8-897a-d8ef21b5e0a7,707b6ccf-c9d9-4c1d-97f4-516b572b2f9d,1697663618403588888
6a69421f-e399-4db8-897a-d8ef21b5e0a7,707b6ccf-c9d9-4c1d-97f4-516b572b2f9d,1697663618438844444
6a69421f-e399-4db8-897a-d8ef21b5e0a7,707b6ccf-c9d9-4c1d-97f4-516b572b2f9d,1697663618469822222
6a69421f-e399-4db8-897a-d8ef21b5e0a7,707b6ccf-c9d9-4c1d-97f4-516b572b2f9d,1697663618502533333
6a69421f-e399-4db8-897a-d8ef21b5e0a7,707b6ccf-c9d9-4c1d-97f4-516b572b2f9d,1697663618541777777
6a69421f-e399-4db8-897a-d8ef21b5e0a7,707b6ccf-c9d9-4c1d-97f4-516b572b2f9d,1697663618572077777
6a69421f-e399-4db8-897a-d8ef21b5e0a7,707b6ccf-c9d9-4c1d-97f4-516b572b2f9d,1697663618601544444
6a69421f-e399-4db8-897a-d8ef21b5e0a7,707b6ccf-c9d9-4c1d-97f4-516b572b2f9d,1697663618638188888
6a69421f-e399-4db8-897a-d8ef21b5e0a7,707b6ccf-c9d9-4c1d-97f4-516b572b2f9d,1697663618671300000
6a69421f-e399-4db8-897a-d8ef21b5e0a7,707b6ccf-c9d9-4c1d-97f4-516b572b2f9d,1697663618705944444
6a69421f-e399-4db8-897a-d8ef21b5e0a7,707b6ccf-c9d9-4c1d-97f4-516b572b2f9d,1697663618738322222
6a69421f-e399-4db8-897a-d8ef21b5e0a7,707b6ccf-c9d9-4c1d-97f4-516b572b2f9d,1697663618770222222
6a69421f-e399-4db8-897a-d8ef21b5e0a7,707b6ccf-c9d9-4c1d-97f4-516b572b2f9d,1697663618803022222
6a69421f-e399-4db8-897a-d8ef21b5e0a7,707b6ccf-c9d9-4c1d-97f4-516b572b2f9d,1697663618843844444
6a69421f-e399-4db8-897a-d8ef21b5e0a7,707b6ccf-c9d9-4c1d-97f4-516b572b2f9d,1697663618865822222
6a69421f-e399-4db8-897a-d8ef21b5e0a7,707b6ccf-c9d9-4c1d-97f4-516b572b2f9d,1697663618905466666
6a69421f-e399-4db8-897a-d8ef21b5e0a7,707b6ccf-c9d9-4c1d-97f4-516b572b2f9d,1697663618939255555
6a69421f-e399-4db8-897a-d8ef21b5e0a7,707b6ccf-c9d9-4c1d-97f4-516b572b2f9d,1697663618967133333
6a69421f-e399-4db8-897a-d8ef21b5e0a7,707b6ccf-c9d9-4c1d-97f4-516b572b2f9d,1697663618997111111
6a69421f-e399-4db8-897a-d8ef21b5e0a7,707b6ccf-c9d9-4c1d-97f4-516b572b2f9d,1697663619033688888
6a69421f-e399-4db8-897a-d8ef21b5e0a7,707b6ccf-c9d9-4c1d-97f4-516b572b2f9d,1697663619069955555
6a69421f-e399-4db8-897a-d8ef21b5e0a7,707b6ccf-c9d9-4c1d-97f4-516b572b2f9d,1697663619103588888
6a69421f-e399-4db8-897a-d8ef21b5e0a7,707b6ccf-c9d9-4c1d-97f4-516b572b2f9d,1697663619141077777
6a69421f-e399-4db8-897a-d8ef21b5e0a7,707b6ccf-c9d9-4c1d-97f4-516b572b2f9d,1697663619176055555
6a69421f-e399-4db8-897a-d8ef21b5e0a7,707b6ccf-c9d9-4c1d-97f4-516b572b2f9d,1697663619206011111
6a69421f-e399-4db8-897a-d8ef21b5e0a7,707b6ccf-c9d9-4c1d-97f4-516b572b2f9d,1697663619242077777
6a69421f-e399-4db8-897a-d8ef21b5e0a7,707b6ccf-c9d9-4c1d-97f4-516b572b2f9d,1697663619269766666
6a69421f-e399-4db8-897a-d8ef21b5e0a7,707b6ccf-c9d9-4c1d-97f4-516b572b2f9d,1697663619302788888
6a69421f-e399-4db8-897a-d8ef21b5e0a7,707b6ccf-c9d9-4c1d-97f4-516b572b2f9d,1697663619338233333
6a69421f-e399-4db8-897a-d8ef21b5e0a7,707b6ccf-c9d9-4c1d-97f4-516b572b2f9d,1697663619374755555
6a69421f-e399-4db8-897a-d8ef21b5e0a7,707b6ccf-c9d9-4c1d-97f4-516b572b2f9d,1697663619407622222
6a69421f-e399-4db8-897a-d8ef21b5e0a7,707b6ccf-c9d9-4c1d-97f4-516b572b2f9d,1697663619438622222
6a69421f-e399-4db8-897a-d8ef21b5e0a7,707b6ccf-c9d9-4c1d-97f4-516b572b2f9d,1697663619472677777
6a69421f-e399-4db8-897a-d8ef21b5e0a7,707b6ccf-c9d9-4c1d-97f4-516b572b2f9d,1697663619505233333
6a69421f-e399-4db8-897a-d8ef21b5e0a7,707b6ccf-c9d9-4c1d-97f4-516b572b2f9d,1697663619531977777
6a69421f-e399-4db8-897a-d8ef21b5e0a7,707b6ccf-c9d9-4c1d-97f4-516b572b2f9d,1697663619561188888
6a69421f-e399-4db8-897a-d8ef21b5e0a7,707b6ccf-c9d9-4c1d-97f4-516b572b2f9d,1697663619620444444
6a69421f-e399-4db8-897a-d8ef21b5e0a7,707b6ccf-c9d9-4c1d-97f4-516b572b2f9d,1697663619642022222
6a69421f-e399-4db8-897a-d8ef21b5e0a7,707b6ccf-c9d9-4c1d-97f4-516b572b2f9d,1697663619663400000
6a69421f-e399-4db8-897a-d8ef21b5e0a7,707b6ccf-c9d9-4c1d-97f4-516b572b2f9d,1697663619702822222
6a69421f-e399-4db8-897a-d8ef21b5e0a7,707b6ccf-c9d9-4c1d-97f4-516b572b2f9d,1697663619740455555
6a69421f-e399-4db8-897a-d8ef21b5e0a7,707b6ccf-c9d9-4c1d-97f4-516b572b2f9d,1697663619773677777
6a69421f-e399-4db8-897a-d8ef21b5e0a7,707b6ccf-c9d9-4c1d-97f4-516b572b2f9d,1697663619803666666
6a69421f-e399-4db8-897a-d8ef21b5e0a7,707b6ccf-c9d9-4c1d-97f4-516b572b2f9d,1697663619839000000
6a69421f-e399-4db8-897a-d8ef21b5e0a7,707b6ccf-c9d9-4c1d-97f4-516b572b2f9d,1697663619870800000
6a69421f-e399-4db8-897a-d8ef21b5e0a7,707b6ccf-c9d9-4c1d-97f4-516b572b2f9d,1697663619908133333
6a69421f-e399-4db8-897a-d8ef21b5e0a7,707b6ccf-c9d9-4c1d-97f4-516b572b2f9d,1697663619937933333
6a69421f-e399-4db8-897a-d8ef21b5e0a7,707b6ccf-c9d9-4c1d-97f4-516b572b2f9d,1697663619974522222
6a69421f-e399-4db8-897a-d8ef21b5e0a7,707b6ccf-c9d9-4c1d-97f4-516b572b2f9d,1697663620004488888
6a69421f-e399-4db8-897a-d8ef21b5e0a7,707b6ccf-c9d9-4c1d-97f4-516b572b2f9d,1697663620047000000
6a69421f-e399-4db8-897a-d8ef21b5e0a7,707b6ccf-c9d9-4c1d-97f4-516b572b2f9d,1697663620072522222
6a69421f-e399-4db8-897a-d8ef21b5e0a7,707b6ccf-c9d9-4c1d-97f4-516b572b2f9d,1697663620102788888
6a69421f-e399-4db8-897a-d8ef21b5e0a7,707b6ccf-c9d9-4c1d-97f4-516b572b2f9d,1697663620142711111
6a69421f-e399-4db8-897a-d8ef21b5e0a7,707b6ccf-c9d9-4c1d-97f4-516b572b2f9d,1697663620172155555
6a69421f-e399-4db8-897a-d8ef21b5e0a7,707b6ccf-c9d9-4c1d-97f4-516b572b2f9d,1697663620209911111
6a69421f-e399-4db8-897a-d8ef21b5e0a7,707b6ccf-c9d9-4c1d-97f4-516b572b2f9d,1697663620227377777
6a69421f-e399-4db8-897a-d8ef21b5e0a7,707b6ccf-c9d9-4c1d-97f4-516b572b2f9d,1697663620261122222
6a69421f-e399-4db8-897a-d8ef21b5e0a7,707b6ccf-c9d9-4c1d-97f4-516b572b2f9d,1697663620299466666
6a69421f-e399-4db8-897a-d8ef21b5e0a7,707b6ccf-c9d9-4c1d-97f4-516b572b2f9d,1697663620326744444
6a69421f-e399-4db8-897a-d8ef21b5e0a7,707b6ccf-c9d9-4c1d-97f4-516b572b2f9d,1697663620372455555
6a69421f-e399-4db8-897a-d8ef21b5e0a7,707b6ccf-c9d9-4c1d-97f4-516b572b2f9d,1697663620401777777
6a69421f-e399-4db8-897a-d8ef21b5e0a7,707b6ccf-c9d9-4c1d-97f4-516b572b2f9d,1697663620434911111
6a69421f-e399-4db8-897a-d8ef21b5e0a7,707b6ccf-c9d9-4c1d-97f4-516b572b2f9d,1697663620472311111
6a69421f-e399-4db8-897a-d8ef21b5e0a7,707b6ccf-c9d9-4c1d-97f4-516b572b2f9d,1697663620503000000
6a69421f-e399-4db8-897a-d8ef21b5e0a7,707b6ccf-c9d9-4c1d-97f4-516b572b2f9d,1697663620536244444
6a69421f-e399-4db8-897a-d8ef21b5e0a7,707b6ccf-c9d9-4c1d-97f4-516b572b2f9d,1697663620569488888
6a69421f-e399-4db8-897a-d8ef21b5e0a7,707b6ccf-c9d9-4c1d-97f4-516b572b2f9d,1697663620603400000
6a69421f-e399-4db8-897a-d8ef21b5e0a7,707b6ccf-c9d9-4c1d-97f4-516b572b2f9d,1697663620634966666
6a69421f-e399-4db8-897a-d8ef21b5e0a7,707b6ccf-c9d9-4c1d-97f4-516b572b2f9d,1697663620668944444
6a69421f-e399-4db8-897a-d8ef21b5e0a7,707b6ccf-c9d9-4c1d-97f4-516b572b2f9d,1697663620706300000
6a69421f-e399-4db8-897a-d8ef21b5e0a7,707b6ccf-c9d9-4c1d-97f4-516b572b2f9d,1697663620735033333
6a69421f-e399-4db8-897a-d8ef21b5e0a7,707b6ccf-c9d9-4c1d-97f4-516b572b2f9d,1697663620770177777
6a69421f-e399-4db8-897a-d8ef21b5e0a7,707b6ccf-c9d9-4c1d-97f4-516b572b2f9d,1697663620802600000
6a69421f-e399-4db8-897a-d8ef21b5e0a7,707b6ccf-c9d9-4c1d-97f4-516b572b2f9d,1697663620837577777
6a69421f-e399-4db8-897a-d8ef21b5e0a7,707b6ccf-c9d9-4c1d-97f4-516b572b2f9d,1697663620865555555
6a69421f-e399-4db8-897a-d8ef21b5e0a7,707b6ccf-c9d9-4c1d-97f4-516b572b2f9d,1697663620899555555
6a69421f-e399-4db8-897a-d8ef21b5e0a7,707b6ccf-c9d9-4c1d-97f4-516b572b2f9d,1697663620926633333
6a69421f-e399-4db8-897a-d8ef21b5e0a7,707b6ccf-c9d9-4c1d-97f4-516b572b2f9d,1697663620962255555
6a69421f-e399-4db8-897a-d8ef21b5e0a7,707b6ccf-c9d9-4c1d-97f4-516b572b2f9d,1697663620997466666
6a69421f-e399-4db8-897a-d8ef21b5e0a7,707b6ccf-c9d9-4c1d-97f4-516b572b2f9d,1697663621027633333
6a69421f-e399-4db8-897a-d8ef21b5e0a7,707b6ccf-c9d9-4c1d-97f4-516b572b2f9d,1697663621079300000
6a69421f-e399-4db8-897a-d8ef21b5e0a7,707b6ccf-c9d9-4c1d-97f4-516b572b2f9d,1697663621103511111
6a69421f-e399-4db8-897a-d8ef21b5e0a7,707b6ccf-c9d9-4c1d-97f4-516b572b2f9d,1697663621135244444
6a69421f-e399-4db8-897a-d8ef21b5e0a7,707b6ccf-c9d9-4c1d-97f4-516b572b2f9d,1697663621170977777
6a69421f-e399-4db8-897a-d8ef21b5e0a7,707b6ccf-c9d9-4c1d-97f4-516b572b2f9d,1697663621206755555
6a69421f-e399-4db8-897a-d8ef21b5e0a7,707b6ccf-c9d9-4c1d-97f4-516b572b2f9d,1697663621235633333
6a69421f-e399-4db8-897a-d8ef21b5e0a7,707b6ccf-c9d9-4c1d-97f4-516b572b2f9d,1697663621269577777
6a69421f-e399-4db8-897a-d8ef21b5e0a7,707b6ccf-c9d9-4c1d-97f4-516b572b2f9d,1697663621307766666
6a69421f-e399-4db8-897a-d8ef21b5e0a7,707b6ccf-c9d9-4c1d-97f4-516b572b2f9d,1697663621338100000
6a69421f-e399-4db8-897a-d8ef21b5e0a7,707b6ccf-c9d9-4c1d-97f4-516b572b2f9d,1697663621370922222
6a69421f-e399-4db8-897a-d8ef21b5e0a7,707b6ccf-c9d9-4c1d-97f4-516b572b2f9d,1697663621405788888
6a69421f-e399-4db8-897a-d8ef21b5e0a7,707b6ccf-c9d9-4c1d-97f4-516b572b2f9d,1697663621434055555
6a69421f-e399-4db8-897a-d8ef21b5e0a7,707b6ccf-c9d9-4c1d-97f4-516b572b2f9d,1697663621472644444
6a69421f-e399-4db8-897a-d8ef21b5e0a7,707b6ccf-c9d9-4c1d-97f4-516b572b2f9d,1697663621501666666
6a69421f-e399-4db8-897a-d8ef21b5e0a7,707b6ccf-c9d9-4c1d-97f4-516b572b2f9d,1697663621544711111
6a69421f-e399-4db8-897a-d8ef21b5e0a7,707b6ccf-c9d9-4c1d-97f4-516b572b2f9d,1697663621562288888
6a69421f-e399-4db8-897a-d8ef21b5e0a7,707b6ccf-c9d9-4c1d-97f4-516b572b2f9d,1697663621599588888
6a69421f-e399-4db8-897a-d8ef21b5e0a7,707b6ccf-c9d9-4c1d-97f4-516b572b2f9d,1697663621640188888
6a69421f-e399-4db8-897a-d8ef21b5e0a7,707b6ccf-c9d9-4c1d-97f4-516b572b2f9d,1697663621663633333
6a69421f-e399-4db8-897a-d8ef21b5e0a7,707b6ccf-c9d9-4c1d-97f4-516b572b2f9d,1697663621703177777
6a69421f-e399-4db8-897a-d8ef21b5e0a7,707b6ccf-c9d9-4c1d-97f4-516b572b2f9d,1697663621734700000
6a69421f-e399-4db8-897a-d8ef21b5e0a7,707b6ccf-c9d9-4c1d-97f4-516b572b2f9d,1697663621773877777
6a69421f-e399-4db8-897a-d8ef21b5e0a7,707b6ccf-c9d9-4c1d-97f4-516b572b2f9d,1697663621802633333
6a69421f-e399-4db8-897a-d8ef21b5e0a7,707b6ccf-c9d9-4c1d-97f4-516b572b2f9d,1697663621836633333
6a69421f-e399-4db8-897a-d8ef21b5e0a7,707b6ccf-c9d9-4c1d-97f4-516b572b2f9d,1697663621874000000
6a69421f-e399-4db8-897a-d8ef21b5e0a7,707b6ccf-c9d9-4c1d-97f4-516b572b2f9d,1697663621902177777
6a69421f-e399-4db8-897a-d8ef21b5e0a7,707b6ccf-c9d9-4c1d-97f4-516b572b2f9d,1697663621935611111
6a69421f-e399-4db8-897a-d8ef21b5e0a7,707b6ccf-c9d9-4c1d-97f4-516b572b2f9d,1697663621968622222
6a69421f-e399-4db8-897a-d8ef21b5e0a7,707b6ccf-c9d9-4c1d-97f4-516b572b2f9d,1697663622000955555
6a69421f-e399-4db8-897a-d8ef21b5e0a7,707b6ccf-c9d9-4c1d-97f4-516b572b2f9d,1697663622036388888
6a69421f-e399-4db8-897a-d8ef21b5e0a7,707b6ccf-c9d9-4c1d-97f4-516b572b2f9d,1697663622070422222
6a69421f-e399-4db8-897a-d8ef21b5e0a7,707b6ccf-c9d9-4c1d-97f4-516b572b2f9d,1697663622104211111
6a69421f-e399-4db8-897a-d8ef21b5e0a7,707b6ccf-c9d9-4c1d-97f4-516b572b2f9d,1697663622135644444
6a69421f-e399-4db8-897a-d8ef21b5e0a7,707b6ccf-c9d9-4c1d-97f4-516b572b2f9d,1697663622174988888
6a69421f-e399-4db8-897a-d8ef21b5e0a7,707b6ccf-c9d9-4c1d-97f4-516b572b2f9d,1697663622217588888
6a69421f-e399-4db8-897a-d8ef21b5e0a7,707b6ccf-c9d9-4c1d-97f4-516b572b2f9d,1697663622234166666
6a69421f-e399-4db8-897a-d8ef21b5e0a7,707b6ccf-c9d9-4c1d-97f4-516b572b2f9d,1697663622263366666
6a69421f-e399-4db8-897a-d8ef21b5e0a7,707b6ccf-c9d9-4c1d-97f4-516b572b2f9d,1697663622296733333
6a69421f-e399-4db8-897a-d8ef21b5e0a7,707b6ccf-c9d9-4c1d-97f4-516b572b2f9d,1697663622328844444
6a69421f-e399-4db8-897a-d8ef21b5e0a7,707b6ccf-c9d9-4c1d-97f4-516b572b2f9d,1697663622373288888
6a69421f-e399-4db8-897a-d8ef21b5e0a7,707b6ccf-c9d9-4c1d-97f4-516b572b2f9d,1697663622403344444
6a69421f-e399-4db8-897a-d8ef21b5e0a7,707b6ccf-c9d9-4c1d-97f4-516b572b2f9d,1697663622434622222
6a69421f-e399-4db8-897a-d8ef21b5e0a7,707b6ccf-c9d9-4c1d-97f4-516b572b2f9d,1697663622471433333
6a69421f-e399-4db8-897a-d8ef21b5e0a7,707b6ccf-c9d9-4c1d-97f4-516b572b2f9d,1697663622500811111
6a69421f-e399-4db8-897a-d8ef21b5e0a7,707b6ccf-c9d9-4c1d-97f4-516b572b2f9d,1697663622536722222
6a69421f-e399-4db8-897a-d8ef21b5e0a7,707b6ccf-c9d9-4c1d-97f4-516b572b2f9d,1697663622570777777
6a69421f-e399-4db8-897a-d8ef21b5e0a7,707b6ccf-c9d9-4c1d-97f4-516b572b2f9d,1697663622602755555
6a69421f-e399-4db8-897a-d8ef21b5e0a7,707b6ccf-c9d9-4c1d-97f4-516b572b2f9d,1697663622633644444
6a69421f-e399-4db8-897a-d8ef21b5e0a7,707b6ccf-c9d9-4c1d-97f4-516b572b2f9d,1697663622672555555
6a69421f-e399-4db8-897a-d8ef21b5e0a7,707b6ccf-c9d9-4c1d-97f4-516b572b2f9d,1697663622708988888
6a69421f-e399-4db8-897a-d8ef21b5e0a7,707b6ccf-c9d9-4c1d-97f4-516b572b2f9d,1697663622743044444
6a69421f-e399-4db8-897a-d8ef21b5e0a7,707b6ccf-c9d9-4c1d-97f4-516b572b2f9d,1697663622774022222
6a69421f-e399-4db8-897a-d8ef21b5e0a7,707b6ccf-c9d9-4c1d-97f4-516b572b2f9d,1697663622802188888
6a69421f-e399-4db8-897a-d8ef21b5e0a7,707b6ccf-c9d9-4c1d-97f4-516b572b2f9d,1697663622834844444
6a69421f-e399-4db8-897a-d8ef21b5e0a7,707b6ccf-c9d9-4c1d-97f4-516b572b2f9d,1697663622863300000
6a69421f-e399-4db8-897a-d8ef21b5e0a7,707b6ccf-c9d9-4c1d-97f4-516b572b2f9d,1697663622900433333
6a69421f-e399-4db8-897a-d8ef21b5e0a7,707b6ccf-c9d9-4c1d-97f4-516b572b2f9d,1697663622937588888
6a69421f-e399-4db8-897a-d8ef21b5e0a7,707b6ccf-c9d9-4c1d-97f4-516b572b2f9d,1697663622962655555
6a69421f-e399-4db8-897a-d8ef21b5e0a7,707b6ccf-c9d9-4c1d-97f4-516b572b2f9d,1697663623004000000
6a69421f-e399-4db8-897a-d8ef21b5e0a7,707b6ccf-c9d9-4c1d-97f4-516b572b2f9d,1697663623035322222
6a69421f-e399-4db8-897a-d8ef21b5e0a7,707b6ccf-c9d9-4c1d-97f4-516b572b2f9d,1697663623073933333
6a69421f-e399-4db8-897a-d8ef21b5e0a7,707b6ccf-c9d9-4c1d-97f4-516b572b2f9d,1697663623101422222
6a69421f-e399-4db8-897a-d8ef21b5e0a7,707b6ccf-c9d9-4c1d-97f4-516b572b2f9d,1697663623136055555
6a69421f-e399-4db8-897a-d8ef21b5e0a7,707b6ccf-c9d9-4c1d-97f4-516b572b2f9d,1697663623173911111
6a69421f-e399-4db8-897a-d8ef21b5e0a7,707b6ccf-c9d9-4c1d-97f4-516b572b2f9d,1697663623200566666
6a69421f-e399-4db8-897a-d8ef21b5e0a7,707b6ccf-c9d9-4c1d-97f4-516b572b2f9d,1697663623234688888
6a69421f-e399-4db8-897a-d8ef21b5e0a7,707b6ccf-c9d9-4c1d-97f4-516b572b2f9d,1697663623268100000
6a69421f-e399-4db8-897a-d8ef21b5e0a7,707b6ccf-c9d9-4c1d-97f4-516b572b2f9d,1697663623306544444
6a69421f-e399-4db8-897a-d8ef21b5e0a7,707b6ccf-c9d9-4c1d-97f4-516b572b2f9d,1697663623334588888
6a69421f-e399-4db8-897a-d8ef21b5e0a7,707b6ccf-c9d9-4c1d-97f4-516b572b2f9d,1697663623370922222
6a69421f-e399-4db8-897a-d8ef21b5e0a7,707b6ccf-c9d9-4c1d-97f4-516b572b2f9d,1697663623404322222
6a69421f-e399-4db8-897a-d8ef21b5e0a7,707b6ccf-c9d9-4c1d-97f4-516b572b2f9d,1697663623436555555
6a69421f-e399-4db8-897a-d8ef21b5e0a7,707b6ccf-c9d9-4c1d-97f4-516b572b2f9d,1697663623468588888
6a69421f-e399-4db8-897a-d8ef21b5e0a7,707b6ccf-c9d9-4c1d-97f4-516b572b2f9d,1697663623520966666
6a69421f-e399-4db8-897a-d8ef21b5e0a7,707b6ccf-c9d9-4c1d-97f4-516b572b2f9d,1697663623537911111
6a69421f-e399-4db8-897a-d8ef21b5e0a7,707b6ccf-c9d9-4c1d-97f4-516b572b2f9d,1697663623563411111
6a69421f-e399-4db8-897a-d8ef21b5e0a7,707b6ccf-c9d9-4c1d-97f4-516b572b2f9d,1697663623601622222
6a69421f-e399-4db8-897a-d8ef21b5e0a7,707b6ccf-c9d9-4c1d-97f4-516b572b2f9d,1697663623626355555
6a69421f-e399-4db8-897a-d8ef21b5e0a7,707b6ccf-c9d9-4c1d-97f4-516b572b2f9d,1697663623658255555
6a69421f-e399-4db8-897a-d8ef21b5e0a7,707b6ccf-c9d9-4c1d-97f4-516b572b2f9d,1697663623704111111
6a69421f-e399-4db8-897a-d8ef21b5e0a7,707b6ccf-c9d9-4c1d-97f4-516b572b2f9d,1697663623734888888
6a69421f-e399-4db8-897a-d8ef21b5e0a7,707b6ccf-c9d9-4c1d-97f4-516b572b2f9d,1697663623766655555
6a69421f-e399-4db8-897a-d8ef21b5e0a7,707b6ccf-c9d9-4c1d-97f4-516b572b2f9d,1697663623802455555
6a69421f-e399-4db8-897a-d8ef21b5e0a7,707b6ccf-c9d9-4c1d-97f4-516b572b2f9d,1697663623836988888
6a69421f-e399-4db8-897a-d8ef21b5e0a7,707b6ccf-c9d9-4c1d-97f4-516b572b2f9d,1697663623864811111
6a69421f-e399-4db8-897a-d8ef21b5e0a7,707b6ccf-c9d9-4c1d-97f4-516b572b2f9d,1697663623903122222
6a69421f-e399-4db8-897a-d8ef21b5e0a7,707b6ccf-c9d9-4c1d-97f4-516b572b2f9d,1697663623935122222
6a69421f-e399-4db8-897a-d8ef21b5e0a7,707b6ccf-c9d9-4c1d-97f4-516b572b2f9d,1697663623966433333
6a69421f-e399-4db8-897a-d8ef21b5e0a7,707b6ccf-c9d9-4c1d-97f4-516b572b2f9d,1697663624002588888
6a69421f-e399-4db8-897a-d8ef21b5e0a7,707b6ccf-c9d9-4c1d-97f4-516b572b2f9d,1697663624034888888
6a69421f-e399-4db8-897a-d8ef21b5e0a7,707b6ccf-c9d9-4c1d-97f4-516b572b2f9d,1697663624068622222
6a69421f-e399-4db8-897a-d8ef21b5e0a7,707b6ccf-c9d9-4c1d-97f4-516b572b2f9d,1697663624106933333
6a69421f-e399-4db8-897a-d8ef21b5e0a7,707b6ccf-c9d9-4c1d-97f4-516b572b2f9d,1697663624135222222
6a69421f-e399-4db8-897a-d8ef21b5e0a7,707b6ccf-c9d9-4c1d-97f4-516b572b2f9d,1697663624187488888
6a69421f-e399-4db8-897a-d8ef21b5e0a7,707b6ccf-c9d9-4c1d-97f4-516b572b2f9d,1697663624201022222
6a69421f-e399-4db8-897a-d8ef21b5e0a7,707b6ccf-c9d9-4c1d-97f4-516b572b2f9d,1697663624229066666
6a69421f-e399-4db8-897a-d8ef21b5e0a7,707b6ccf-c9d9-4c1d-97f4-516b572b2f9d,1697663624260444444
6a69421f-e399-4db8-897a-d8ef21b5e0a7,707b6ccf-c9d9-4c1d-97f4-516b572b2f9d,1697663624296588888
6a69421f-e399-4db8-897a-d8ef21b5e0a7,707b6ccf-c9d9-4c1d-97f4-516b572b2f9d,1697663624325422222
6a69421f-e399-4db8-897a-d8ef21b5e0a7,707b6ccf-c9d9-4c1d-97f4-516b572b2f9d,1697663624367655555
6a69421f-e399-4db8-897a-d8ef21b5e0a7,707b6ccf-c9d9-4c1d-97f4-516b572b2f9d,1697663624404822222
6a69421f-e399-4db8-897a-d8ef21b5e0a7,707b6ccf-c9d9-4c1d-97f4-516b572b2f9d,1697663624434855555
6a69421f-e399-4db8-897a-d8ef21b5e0a7,707b6ccf-c9d9-4c1d-97f4-516b572b2f9d,1697663624467955555
6a69421f-e399-4db8-897a-d8ef21b5e0a7,707b6ccf-c9d9-4c1d-97f4-516b572b2f9d,1697663624508822222
6a69421f-e399-4db8-897a-d8ef21b5e0a7,707b6ccf-c9d9-4c1d-97f4-516b572b2f9d,1697663624539288888
6a69421f-e399-4db8-897a-d8ef21b5e0a7,707b6ccf-c9d9-4c1d-97f4-516b572b2f9d,1697663624568500000
6a69421f-e399-4db8-897a-d8ef21b5e0a7,707b6ccf-c9d9-4c1d-97f4-516b572b2f9d,1697663624604166666
6a69421f-e399-4db8-897a-d8ef21b5e0a7,707b6ccf-c9d9-4c1d-97f4-516b572b2f9d,1697663624634877777
6a69421f-e399-4db8-897a-d8ef21b5e0a7,707b6ccf-c9d9-4c1d-97f4-516b572b2f9d,1697663624668577777
6a69421f-e399-4db8-897a-d8ef21b5e0a7,707b6ccf-c9d9-4c1d-97f4-516b572b2f9d,1697663624707088888
6a69421f-e399-4db8-897a-d8ef21b5e0a7,707b6ccf-c9d9-4c1d-97f4-516b572b2f9d,1697663624734200000
6a69421f-e399-4db8-897a-d8ef21b5e0a7,707b6ccf-c9d9-4c1d-97f4-516b572b2f9d,1697663624769200000
6a69421f-e399-4db8-897a-d8ef21b5e0a7,707b6ccf-c9d9-4c1d-97f4-516b572b2f9d,1697663624804522222
6a69421f-e399-4db8-897a-d8ef21b5e0a7,707b6ccf-c9d9-4c1d-97f4-516b572b2f9d,1697663624850877777
6a69421f-e399-4db8-897a-d8ef21b5e0a7,707b6ccf-c9d9-4c1d-97f4-516b572b2f9d,1697663624866622222
6a69421f-e399-4db8-897a-d8ef21b5e0a7,707b6ccf-c9d9-4c1d-97f4-516b572b2f9d,1697663624898411111
6a69421f-e399-4db8-897a-d8ef21b5e0a7,707b6ccf-c9d9-4c1d-97f4-516b572b2f9d,1697663624926122222
6a69421f-e399-4db8-897a-d8ef21b5e0a7,707b6ccf-c9d9-4c1d-97f4-516b572b2f9d,1697663624974200000
6a69421f-e399-4db8-897a-d8ef21b5e0a7,707b6ccf-c9d9-4c1d-97f4-516b572b2f9d,1697663625001300000
6a69421f-e399-4db8-897a-d8ef21b5e0a7,707b6ccf-c9d9-4c1d-97f4-516b572b2f9d,1697663625033488888
6a69421f-e399-4db8-897a-d8ef21b5e0a7,707b6ccf-c9d9-4c1d-97f4-516b572b2f9d,1697663625069544444
6a69421f-e399-4db8-897a-d8ef21b5e0a7,707b6ccf-c9d9-4c1d-97f4-516b572b2f9d,1697663625105811111
6a69421f-e399-4db8-897a-d8ef21b5e0a7,707b6ccf-c9d9-4c1d-97f4-516b572b2f9d,1697663625135000000
6a69421f-e399-4db8-897a-d8ef21b5e0a7,707b6ccf-c9d9-4c1d-97f4-516b572b2f9d,1697663625167655555
6a69421f-e399-4db8-897a-d8ef21b5e0a7,707b6ccf-c9d9-4c1d-97f4-516b572b2f9d,1697663625204444444
6a69421f-e399-4db8-897a-d8ef21b5e0a7,707b6ccf-c9d9-4c1d-97f4-516b572b2f9d,1697663625233100000
6a69421f-e399-4db8-897a-d8ef21b5e0a7,707b6ccf-c9d9-4c1d-97f4-516b572b2f9d,1697663625269366666
6a69421f-e399-4db8-897a-d8ef21b5e0a7,707b6ccf-c9d9-4c1d-97f4-516b572b2f9d,1697663625302944444
6a69421f-e399-4db8-897a-d8ef21b5e0a7,707b6ccf-c9d9-4c1d-97f4-516b572b2f9d,1697663625334622222
6a69421f-e399-4db8-897a-d8ef21b5e0a7,707b6ccf-c9d9-4c1d-97f4-516b572b2f9d,1697663625365566666
6a69421f-e399-4db8-897a-d8ef21b5e0a7,707b6ccf-c9d9-4c1d-97f4-516b572b2f9d,1697663625403777777
6a69421f-e399-4db8-897a-d8ef21b5e0a7,707b6ccf-c9d9-4c1d-97f4-516b572b2f9d,1697663625437388888
6a69421f-e399-4db8-897a-d8ef21b5e0a7,707b6ccf-c9d9-4c1d-97f4-516b572b2f9d,1697663625468600000
6a69421f-e399-4db8-897a-d8ef21b5e0a7,707b6ccf-c9d9-4c1d-97f4-516b572b2f9d,1697663625522011111
6a69421f-e399-4db8-897a-d8ef21b5e0a7,707b6ccf-c9d9-4c1d-97f4-516b572b2f9d,1697663625531622222
6a69421f-e399-4db8-897a-d8ef21b5e0a7,707b6ccf-c9d9-4c1d-97f4-516b572b2f9d,1697663625559166666
6a69421f-e399-4db8-897a-d8ef21b5e0a7,707b6ccf-c9d9-4c1d-97f4-516b572b2f9d,1697663625596922222
6a69421f-e399-4db8-897a-d8ef21b5e0a7,707b6ccf-c9d9-4c1d-97f4-516b572b2f9d,1697663625640100000
6a69421f-e399-4db8-897a-d8ef21b5e0a7,707b6ccf-c9d9-4c1d-97f4-516b572b2f9d,1697663625657599999
6a69421f-e399-4db8-897a-d8ef21b5e0a7,707b6ccf-c9d9-4c1d-97f4-516b572b2f9d,1697663625702511111
6a69421f-e399-4db8-897a-d8ef21b5e0a7,707b6ccf-c9d9-4c1d-97f4-516b572b2f9d,1697663625735488888
6a69421f-e399-4db8-897a-d8ef21b5e0a7,707b6ccf-c9d9-4c1d-97f4-516b572b2f9d,1697663625768711111
6a69421f-e399-4db8-897a-d8ef21b5e0a7,707b6ccf-c9d9-4c1d-97f4-516b572b2f9d,1697663625802077777
6a69421f-e399-4db8-897a-d8ef21b5e0a7,707b6ccf-c9d9-4c1d-97f4-516b572b2f9d,1697663625833855555
6a69421f-e399-4db8-897a-d8ef21b5e0a7,707b6ccf-c9d9-4c1d-97f4-516b572b2f9d,1697663625869600000
6a69421f-e399-4db8-897a-d8ef21b5e0a7,707b6ccf-c9d9-4c1d-97f4-516b572b2f9d,1697663625902166666
6a69421f-e399-4db8-897a-d8ef21b5e0a7,707b6ccf-c9d9-4c1d-97f4-516b572b2f9d,1697663625935522222
6a69421f-e399-4db8-897a-d8ef21b5e0a7,707b6ccf-c9d9-4c1d-97f4-516b572b2f9d,1697663625965666666
6a69421f-e399-4db8-897a-d8ef21b5e0a7,707b6ccf-c9d9-4c1d-97f4-516b572b2f9d,1697663626002877777
6a69421f-e399-4db8-897a-d8ef21b5e0a7,707b6ccf-c9d9-4c1d-97f4-516b572b2f9d,1697663626034399999
6a69421f-e399-4db8-897a-d8ef21b5e0a7,707b6ccf-c9d9-4c1d-97f4-516b572b2f9d,1697663626067933333
6a69421f-e399-4db8-897a-d8ef21b5e0a7,707b6ccf-c9d9-4c1d-97f4-516b572b2f9d,1697663626101677777
6a69421f-e399-4db8-897a-d8ef21b5e0a7,707b6ccf-c9d9-4c1d-97f4-516b572b2f9d,1697663626134499999
6a69421f-e399-4db8-897a-d8ef21b5e0a7,707b6ccf-c9d9-4c1d-97f4-516b572b2f9d,1697663626165622222
6a69421f-e399-4db8-897a-d8ef21b5e0a7,707b6ccf-c9d9-4c1d-97f4-516b572b2f9d,1697663626210044444
6a69421f-e399-4db8-897a-d8ef21b5e0a7,707b6ccf-c9d9-4c1d-97f4-516b572b2f9d,1697663626228866666
6a69421f-e399-4db8-897a-d8ef21b5e0a7,707b6ccf-c9d9-4c1d-97f4-516b572b2f9d,1697663626261344444
6a69421f-e399-4db8-897a-d8ef21b5e0a7,707b6ccf-c9d9-4c1d-97f4-516b572b2f9d,1697663626293844444
6a69421f-e399-4db8-897a-d8ef21b5e0a7,707b6ccf-c9d9-4c1d-97f4-516b572b2f9d,1697663626338188888
6a69421f-e399-4db8-897a-d8ef21b5e0a7,707b6ccf-c9d9-4c1d-97f4-516b572b2f9d,1697663626367055555
6a69421f-e399-4db8-897a-d8ef21b5e0a7,707b6ccf-c9d9-4c1d-97f4-516b572b2f9d,1697663626403277777
6a69421f-e399-4db8-897a-d8ef21b5e0a7,707b6ccf-c9d9-4c1d-97f4-516b572b2f9d,1697663626435577777
6a69421f-e399-4db8-897a-d8ef21b5e0a7,707b6ccf-c9d9-4c1d-97f4-516b572b2f9d,1697663626466444444
6a69421f-e399-4db8-897a-d8ef21b5e0a7,707b6ccf-c9d9-4c1d-97f4-516b572b2f9d,1697663626501622222
6a69421f-e399-4db8-897a-d8ef21b5e0a7,707b6ccf-c9d9-4c1d-97f4-516b572b2f9d,1697663626534322222
6a69421f-e399-4db8-897a-d8ef21b5e0a7,707b6ccf-c9d9-4c1d-97f4-516b572b2f9d,1697663626565122222
6a69421f-e399-4db8-897a-d8ef21b5e0a7,707b6ccf-c9d9-4c1d-97f4-516b572b2f9d,1697663626602900000
6a69421f-e399-4db8-897a-d8ef21b5e0a7,707b6ccf-c9d9-4c1d-97f4-516b572b2f9d,1697663626636000000
6a69421f-e399-4db8-897a-d8ef21b5e0a7,707b6ccf-c9d9-4c1d-97f4-516b572b2f9d,1697663626669766666
6a69421f-e399-4db8-897a-d8ef21b5e0a7,707b6ccf-c9d9-4c1d-97f4-516b572b2f9d,1697663626702833333
6a69421f-e399-4db8-897a-d8ef21b5e0a7,707b6ccf-c9d9-4c1d-97f4-516b572b2f9d,1697663626731811111
6a69421f-e399-4db8-897a-d8ef21b5e0a7,707b6ccf-c9d9-4c1d-97f4-516b572b2f9d,1697663626768133333
6a69421f-e399-4db8-897a-d8ef21b5e0a7,707b6ccf-c9d9-4c1d-97f4-516b572b2f9d,1697663626813155555
6a69421f-e399-4db8-897a-d8ef21b5e0a7,707b6ccf-c9d9-4c1d-97f4-516b572b2f9d,1697663626830655555
6a69421f-e399-4db8-897a-d8ef21b5e0a7,707b6ccf-c9d9-4c1d-97f4-516b572b2f9d,1697663626862244444
6a69421f-e399-4db8-897a-d8ef21b5e0a7,707b6ccf-c9d9-4c1d-97f4-516b572b2f9d,1697663626891277777
6a69421f-e399-4db8-897a-d8ef21b5e0a7,707b6ccf-c9d9-4c1d-97f4-516b572b2f9d,1697663626941611111
6a69421f-e399-4db8-897a-d8ef21b5e0a7,707b6ccf-c9d9-4c1d-97f4-516b572b2f9d,1697663626958222222
6a69421f-e399-4db8-897a-d8ef21b5e0a7,707b6ccf-c9d9-4c1d-97f4-516b572b2f9d,1697663627000044444
6a69421f-e399-4db8-897a-d8ef21b5e0a7,707b6ccf-c9d9-4c1d-97f4-516b572b2f9d,1697663627030622222
6a69421f-e399-4db8-897a-d8ef21b5e0a7,707b6ccf-c9d9-4c1d-97f4-516b572b2f9d,1697663627070366666
6a69421f-e399-4db8-897a-d8ef21b5e0a7,707b6ccf-c9d9-4c1d-97f4-516b572b2f9d,1697663627099444444
6a69421f-e399-4db8-897a-d8ef21b5e0a7,707b6ccf-c9d9-4c1d-97f4-516b572b2f9d,1697663627134911111
6a69421f-e399-4db8-897a-d8ef21b5e0a7,707b6ccf-c9d9-4c1d-97f4-516b572b2f9d,1697663627168166666
6a69421f-e399-4db8-897a-d8ef21b5e0a7,707b6ccf-c9d9-4c1d-97f4-516b572b2f9d,1697663627201244444
6a69421f-e399-4db8-897a-d8ef21b5e0a7,707b6ccf-c9d9-4c1d-97f4-516b572b2f9d,1697663627236688888
6a69421f-e399-4db8-897a-d8ef21b5e0a7,707b6ccf-c9d9-4c1d-97f4-516b572b2f9d,1697663627267944444
6a69421f-e399-4db8-897a-d8ef21b5e0a7,707b6ccf-c9d9-4c1d-97f4-516b572b2f9d,1697663627297911111
6a69421f-e399-4db8-897a-d8ef21b5e0a7,707b6ccf-c9d9-4c1d-97f4-516b572b2f9d,1697663627337300000
6a69421f-e399-4db8-897a-d8ef21b5e0a7,707b6ccf-c9d9-4c1d-97f4-516b572b2f9d,1697663627366466666
6a69421f-e399-4db8-897a-d8ef21b5e0a7,707b6ccf-c9d9-4c1d-97f4-516b572b2f9d,1697663627402622222
6a69421f-e399-4db8-897a-d8ef21b5e0a7,707b6ccf-c9d9-4c1d-97f4-516b572b2f9d,1697663627433988888
6a69421f-e399-4db8-897a-d8ef21b5e0a7,707b6ccf-c9d9-4c1d-97f4-516b572b2f9d,1697663627473488888
6a69421f-e399-4db8-897a-d8ef21b5e0a7,707b6ccf-c9d9-4c1d-97f4-516b572b2f9d,1697663627511077777
6a69421f-e399-4db8-897a-d8ef21b5e0a7,707b6ccf-c9d9-4c1d-97f4-516b572b2f9d,1697663627527011111
6a69421f-e399-4db8-897a-d8ef21b5e0a7,707b6ccf-c9d9-4c1d-97f4-516b572b2f9d,1697663627573966666
6a69421f-e399-4db8-897a-d8ef21b5e0a7,707b6ccf-c9d9-4c1d-97f4-516b572b2f9d,1697663627589944444
6a69421f-e399-4db8-897a-d8ef21b5e0a7,707b6ccf-c9d9-4c1d-97f4-516b572b2f9d,1697663627634577777
6a69421f-e399-4db8-897a-d8ef21b5e0a7,707b6ccf-c9d9-4c1d-97f4-516b572b2f9d,1697663627672533333
6a69421f-e399-4db8-897a-d8ef21b5e0a7,707b6ccf-c9d9-4c1d-97f4-516b572b2f9d,1697663627702566666
6a69421f-e399-4db8-897a-d8ef21b5e0a7,707b6ccf-c9d9-4c1d-97f4-516b572b2f9d,1697663627730722222
6a69421f-e399-4db8-897a-d8ef21b5e0a7,707b6ccf-c9d9-4c1d-97f4-516b572b2f9d,1697663627766299999
6a69421f-e399-4db8-897a-d8ef21b5e0a7,707b6ccf-c9d9-4c1d-97f4-516b572b2f9d,1697663627798111111
6a69421f-e399-4db8-897a-d8ef21b5e0a7,707b6ccf-c9d9-4c1d-97f4-516b572b2f9d,1697663627839422222
6a69421f-e399-4db8-897a-d8ef21b5e0a7,707b6ccf-c9d9-4c1d-97f4-516b572b2f9d,1697663627871444444
6a69421f-e399-4db8-897a-d8ef21b5e0a7,707b6ccf-c9d9-4c1d-97f4-516b572b2f9d,1697663627898911111
6a69421f-e399-4db8-897a-d8ef21b5e0a7,707b6ccf-c9d9-4c1d-97f4-516b572b2f9d,1697663627935111111
6a69421f-e399-4db8-897a-d8ef21b5e0a7,707b6ccf-c9d9-4c1d-97f4-516b572b2f9d,1697663627965222222
6a69421f-e399-4db8-897a-d8ef21b5e0a7,707b6ccf-c9d9-4c1d-97f4-516b572b2f9d,1697663627997566666
6a69421f-e399-4db8-897a-d8ef21b5e0a7,707b6ccf-c9d9-4c1d-97f4-516b572b2f9d,1697663628036699999
6a69421f-e399-4db8-897a-d8ef21b5e0a7,707b6ccf-c9d9-4c1d-97f4-516b572b2f9d,1697663628067588888
6a69421f-e399-4db8-897a-d8ef21b5e0a7,707b6ccf-c9d9-4c1d-97f4-516b572b2f9d,1697663628098466666
6a69421f-e399-4db8-897a-d8ef21b5e0a7,707b6ccf-c9d9-4c1d-97f4-516b572b2f9d,1697663628150844444
6a69421f-e399-4db8-897a-d8ef21b5e0a7,707b6ccf-c9d9-4c1d-97f4-516b572b2f9d,1697663628160511111
6a69421f-e399-4db8-897a-d8ef21b5e0a7,707b6ccf-c9d9-4c1d-97f4-516b572b2f9d,1697663628193388888
6a69421f-e399-4db8-897a-d8ef21b5e0a7,707b6ccf-c9d9-4c1d-97f4-516b572b2f9d,1697663628229399999
6a69421f-e399-4db8-897a-d8ef21b5e0a7,707b6ccf-c9d9-4c1d-97f4-516b572b2f9d,1697663628259455555
6a69421f-e399-4db8-897a-d8ef21b5e0a7,707b6ccf-c9d9-4c1d-97f4-516b572b2f9d,1697663628290700000
6a69421f-e399-4db8-897a-d8ef21b5e0a7,707b6ccf-c9d9-4c1d-97f4-516b572b2f9d,1697663628338155555
6a69421f-e399-4db8-897a-d8ef21b5e0a7,707b6ccf-c9d9-4c1d-97f4-516b572b2f9d,1697663628369011111
6a69421f-e399-4db8-897a-d8ef21b5e0a7,707b6ccf-c9d9-4c1d-97f4-516b572b2f9d,1697663628403277777
6a69421f-e399-4db8-897a-d8ef21b5e0a7,707b6ccf-c9d9-4c1d-97f4-516b572b2f9d,1697663628438522222
6a69421f-e399-4db8-897a-d8ef21b5e0a7,707b6ccf-c9d9-4c1d-97f4-516b572b2f9d,1697663628469500000
6a69421f-e399-4db8-897a-d8ef21b5e0a7,707b6ccf-c9d9-4c1d-97f4-516b572b2f9d,1697663628499366666
6a69421f-e399-4db8-897a-d8ef21b5e0a7,707b6ccf-c9d9-4c1d-97f4-516b572b2f9d,1697663628535144444
6a69421f-e399-4db8-897a-d8ef21b5e0a7,707b6ccf-c9d9-4c1d-97f4-516b572b2f9d,1697663628567488888
6a69421f-e399-4db8-897a-d8ef21b5e0a7,707b6ccf-c9d9-4c1d-97f4-516b572b2f9d,1697663628598133333
6a69421f-e399-4db8-897a-d8ef21b5e0a7,707b6ccf-c9d9-4c1d-97f4-516b572b2f9d,1697663628642622222
6a69421f-e399-4db8-897a-d8ef21b5e0a7,707b6ccf-c9d9-4c1d-97f4-516b572b2f9d,1697663628667555555
6a69421f-e399-4db8-897a-d8ef21b5e0a7,707b6ccf-c9d9-4c1d-97f4-516b572b2f9d,1697663628700233333
6a69421f-e399-4db8-897a-d8ef21b5e0a7,707b6ccf-c9d9-4c1d-97f4-516b572b2f9d,1697663628735133333
6a69421f-e399-4db8-897a-d8ef21b5e0a7,707b6ccf-c9d9-4c1d-97f4-516b572b2f9d,1697663628765911111
6a69421f-e399-4db8-897a-d8ef21b5e0a7,707b6ccf-c9d9-4c1d-97f4-516b572b2f9d,1697663628813955555
6a69421f-e399-4db8-897a-d8ef21b5e0a7,707b6ccf-c9d9-4c1d-97f4-516b572b2f9d,1697663628827455555
6a69421f-e399-4db8-897a-d8ef21b5e0a7,707b6ccf-c9d9-4c1d-97f4-516b572b2f9d,1697663628857677777
6a69421f-e399-4db8-897a-d8ef21b5e0a7,707b6ccf-c9d9-4c1d-97f4-516b572b2f9d,1697663628890033333
6a69421f-e399-4db8-897a-d8ef21b5e0a7,707b6ccf-c9d9-4c1d-97f4-516b572b2f9d,1697663628940933333
6a69421f-e399-4db8-897a-d8ef21b5e0a7,707b6ccf-c9d9-4c1d-97f4-516b572b2f9d,1697663628958811111
6a69421f-e399-4db8-897a-d8ef21b5e0a7,707b6ccf-c9d9-4c1d-97f4-516b572b2f9d,1697663629003066666
6a69421f-e399-4db8-897a-d8ef21b5e0a7,707b6ccf-c9d9-4c1d-97f4-516b572b2f9d,1697663629034177777
6a69421f-e399-4db8-897a-d8ef21b5e0a7,707b6ccf-c9d9-4c1d-97f4-516b572b2f9d,1697663629065688888
6a69421f-e399-4db8-897a-d8ef21b5e0a7,707b6ccf-c9d9-4c1d-97f4-516b572b2f9d,1697663629099255555
6a69421f-e399-4db8-897a-d8ef21b5e0a7,707b6ccf-c9d9-4c1d-97f4-516b572b2f9d,1697663629134422222
6a69421f-e399-4db8-897a-d8ef21b5e0a7,707b6ccf-c9d9-4c1d-97f4-516b572b2f9d,1697663629168755555
6a69421f-e399-4db8-897a-d8ef21b5e0a7,707b6ccf-c9d9-4c1d-97f4-516b572b2f9d,1697663629198888888
6a69421f-e399-4db8-897a-d8ef21b5e0a7,707b6ccf-c9d9-4c1d-97f4-516b572b2f9d,1697663629234811111
6a69421f-e399-4db8-897a-d8ef21b5e0a7,707b6ccf-c9d9-4c1d-97f4-516b572b2f9d,1697663629266044444
6a69421f-e399-4db8-897a-d8ef21b5e0a7,707b6ccf-c9d9-4c1d-97f4-516b572b2f9d,1697663629300722222
6a69421f-e399-4db8-897a-d8ef21b5e0a7,707b6ccf-c9d9-4c1d-97f4-516b572b2f9d,1697663629335200000
6a69421f-e399-4db8-897a-d8ef21b5e0a7,707b6ccf-c9d9-4c1d-97f4-516b572b2f9d,1697663629367266666
6a69421f-e399-4db8-897a-d8ef21b5e0a7,707b6ccf-c9d9-4c1d-97f4-516b572b2f9d,1697663629404500000
6a69421f-e399-4db8-897a-d8ef21b5e0a7,707b6ccf-c9d9-4c1d-97f4-516b572b2f9d,1697663629438833333
6a69421f-e399-4db8-897a-d8ef21b5e0a7,707b6ccf-c9d9-4c1d-97f4-516b572b2f9d,1697663629459377777
6a69421f-e399-4db8-897a-d8ef21b5e0a7,707b6ccf-c9d9-4c1d-97f4-516b572b2f9d,1697663629503933333
6a69421f-e399-4db8-897a-d8ef21b5e0a7,707b6ccf-c9d9-4c1d-97f4-516b572b2f9d,1697663629527722222
6a69421f-e399-4db8-897a-d8ef21b5e0a7,707b6ccf-c9d9-4c1d-97f4-516b572b2f9d,1697663629559522222
6a69421f-e399-4db8-897a-d8ef21b5e0a7,707b6ccf-c9d9-4c1d-97f4-516b572b2f9d,1697663629599222222
6a69421f-e399-4db8-897a-d8ef21b5e0a7,707b6ccf-c9d9-4c1d-97f4-516b572b2f9d,1697663629634888888
6a69421f-e399-4db8-897a-d8ef21b5e0a7,707b6ccf-c9d9-4c1d-97f4-516b572b2f9d,1697663629668255555
6a69421f-e399-4db8-897a-d8ef21b5e0a7,707b6ccf-c9d9-4c1d-97f4-516b572b2f9d,1697663629698011111
6a69421f-e399-4db8-897a-d8ef21b5e0a7,707b6ccf-c9d9-4c1d-97f4-516b572b2f9d,1697663629736333333
6a69421f-e399-4db8-897a-d8ef21b5e0a7,707b6ccf-c9d9-4c1d-97f4-516b572b2f9d,1697663629769466666
6a69421f-e399-4db8-897a-d8ef21b5e0a7,707b6ccf-c9d9-4c1d-97f4-516b572b2f9d,1697663629799477777
6a69421f-e399-4db8-897a-d8ef21b5e0a7,707b6ccf-c9d9-4c1d-97f4-516b572b2f9d,1697663629837188888
6a69421f-e399-4db8-897a-d8ef21b5e0a7,707b6ccf-c9d9-4c1d-97f4-516b572b2f9d,1697663629869233333
6a69421f-e399-4db8-897a-d8ef21b5e0a7,707b6ccf-c9d9-4c1d-97f4-516b572b2f9d,1697663629899677777
6a69421f-e399-4db8-897a-d8ef21b5e0a7,707b6ccf-c9d9-4c1d-97f4-516b572b2f9d,1697663629930022222
6a69421f-e399-4db8-897a-d8ef21b5e0a7,707b6ccf-c9d9-4c1d-97f4-516b572b2f9d,1697663629966133333
6a69421f-e399-4db8-897a-d8ef21b5e0a7,707b6ccf-c9d9-4c1d-97f4-516b572b2f9d,1697663630000588888
6a69421f-e399-4db8-897a-d8ef21b5e0a7,707b6ccf-c9d9-4c1d-97f4-516b572b2f9d,1697663630029877777
6a69421f-e399-4db8-897a-d8ef21b5e0a7,707b6ccf-c9d9-4c1d-97f4-516b572b2f9d,1697663630070955555
6a69421f-e399-4db8-897a-d8ef21b5e0a7,707b6ccf-c9d9-4c1d-97f4-516b572b2f9d,1697663630098544444
6a69421f-e399-4db8-897a-d8ef21b5e0a7,707b6ccf-c9d9-4c1d-97f4-516b572b2f9d,1697663630123177777
6a69421f-e399-4db8-897a-d8ef21b5e0a7,707b6ccf-c9d9-4c1d-97f4-516b572b2f9d,1697663630172366666
6a69421f-e399-4db8-897a-d8ef21b5e0a7,707b6ccf-c9d9-4c1d-97f4-516b572b2f9d,1697663630197044444
6a69421f-e399-4db8-897a-d8ef21b5e0a7,707b6ccf-c9d9-4c1d-97f4-516b572b2f9d,1697663630225555555
6a69421f-e399-4db8-897a-d8ef21b5e0a7,707b6ccf-c9d9-4c1d-97f4-516b572b2f9d,1697663630266944444
6a69421f-e399-4db8-897a-d8ef21b5e0a7,707b6ccf-c9d9-4c1d-97f4-516b572b2f9d,1697663630298855555
6a69421f-e399-4db8-897a-d8ef21b5e0a7,707b6ccf-c9d9-4c1d-97f4-516b572b2f9d,1697663630329433333
6a69421f-e399-4db8-897a-d8ef21b5e0a7,707b6ccf-c9d9-4c1d-97f4-516b572b2f9d,1697663630368500000
6a69421f-e399-4db8-897a-d8ef21b5e0a7,707b6ccf-c9d9-4c1d-97f4-516b572b2f9d,1697663630405300000
6a69421f-e399-4db8-897a-d8ef21b5e0a7,707b6ccf-c9d9-4c1d-97f4-516b572b2f9d,1697663630430711111
6a69421f-e399-4db8-897a-d8ef21b5e0a7,707b6ccf-c9d9-4c1d-97f4-516b572b2f9d,1697663630467722222
6a69421f-e399-4db8-897a-d8ef21b5e0a7,707b6ccf-c9d9-4c1d-97f4-516b572b2f9d,1697663630498544444
6a69421f-e399-4db8-897a-d8ef21b5e0a7,707b6ccf-c9d9-4c1d-97f4-516b572b2f9d,1697663630530933333
6a69421f-e399-4db8-897a-d8ef21b5e0a7,707b6ccf-c9d9-4c1d-97f4-516b572b2f9d,1697663630569055555
6a69421f-e399-4db8-897a-d8ef21b5e0a7,707b6ccf-c9d9-4c1d-97f4-516b572b2f9d,1697663630607477777
6a69421f-e399-4db8-897a-d8ef21b5e0a7,707b6ccf-c9d9-4c1d-97f4-516b572b2f9d,1697663630632388888
6a69421f-e399-4db8-897a-d8ef21b5e0a7,707b6ccf-c9d9-4c1d-97f4-516b572b2f9d,1697663630667155555
6a69421f-e399-4db8-897a-d8ef21b5e0a7,707b6ccf-c9d9-4c1d-97f4-516b572b2f9d,1697663630700311111
6a69421f-e399-4db8-897a-d8ef21b5e0a7,707b6ccf-c9d9-4c1d-97f4-516b572b2f9d,1697663630725999999
6a69421f-e399-4db8-897a-d8ef21b5e0a7,707b6ccf-c9d9-4c1d-97f4-516b572b2f9d,1697663630785600000
6a69421f-e399-4db8-897a-d8ef21b5e0a7,707b6ccf-c9d9-4c1d-97f4-516b572b2f9d,1697663630798866666
6a69421f-e399-4db8-897a-d8ef21b5e0a7,707b6ccf-c9d9-4c1d-97f4-516b572b2f9d,1697663630822300000
6a69421f-e399-4db8-897a-d8ef21b5e0a7,707b6ccf-c9d9-4c1d-97f4-516b572b2f9d,1697663630858511111
6a69421f-e399-4db8-897a-d8ef21b5e0a7,707b6ccf-c9d9-4c1d-97f4-516b572b2f9d,1697663630891455555
6a69421f-e399-4db8-897a-d8ef21b5e0a7,707b6ccf-c9d9-4c1d-97f4-516b572b2f9d,1697663630934588888
6a69421f-e399-4db8-897a-d8ef21b5e0a7,707b6ccf-c9d9-4c1d-97f4-516b572b2f9d,1697663630969755555
6a69421f-e399-4db8-897a-d8ef21b5e0a7,707b6ccf-c9d9-4c1d-97f4-516b572b2f9d,1697663630999622222
6a69421f-e399-4db8-897a-d8ef21b5e0a7,707b6ccf-c9d9-4c1d-97f4-516b572b2f9d,1697663631027844444
6a69421f-e399-4db8-897a-d8ef21b5e0a7,707b6ccf-c9d9-4c1d-97f4-516b572b2f9d,1697663631066166666
6a69421f-e399-4db8-897a-d8ef21b5e0a7,707b6ccf-c9d9-4c1d-97f4-516b572b2f9d,1697663631099588888
6a69421f-e399-4db8-897a-d8ef21b5e0a7,707b6ccf-c9d9-4c1d-97f4-516b572b2f9d,1697663631130177777
6a69421f-e399-4db8-897a-d8ef21b5e0a7,707b6ccf-c9d9-4c1d-97f4-516b572b2f9d,1697663631166755555
6a69421f-e399-4db8-897a-d8ef21b5e0a7,707b6ccf-c9d9-4c1d-97f4-516b572b2f9d,1697663631201655555
6a69421f-e399-4db8-897a-d8ef21b5e0a7,707b6ccf-c9d9-4c1d-97f4-516b572b2f9d,1697663631229777777
6a69421f-e399-4db8-897a-d8ef21b5e0a7,707b6ccf-c9d9-4c1d-97f4-516b572b2f9d,1697663631268088888
6a69421f-e399-4db8-897a-d8ef21b5e0a7,707b6ccf-c9d9-4c1d-97f4-516b572b2f9d,1697663631299155555
6a69421f-e399-4db8-897a-d8ef21b5e0a7,707b6ccf-c9d9-4c1d-97f4-516b572b2f9d,1697663631334888888
6a69421f-e399-4db8-897a-d8ef21b5e0a7,707b6ccf-c9d9-4c1d-97f4-516b572b2f9d,1697663631366044444
6a69421f-e399-4db8-897a-d8ef21b5e0a7,707b6ccf-c9d9-4c1d-97f4-516b572b2f9d,1697663631401666666
6a69421f-e399-4db8-897a-d8ef21b5e0a7,707b6ccf-c9d9-4c1d-97f4-516b572b2f9d,1697663631439733333
6a69421f-e399-4db8-897a-d8ef21b5e0a7,707b6ccf-c9d9-4c1d-97f4-516b572b2f9d,1697663631474844444
6a69421f-e399-4db8-897a-d8ef21b5e0a7,707b6ccf-c9d9-4c1d-97f4-516b572b2f9d,1697663631491188888
6a69421f-e399-4db8-897a-d8ef21b5e0a7,707b6ccf-c9d9-4c1d-97f4-516b572b2f9d,1697663631534522222
6a69421f-e399-4db8-897a-d8ef21b5e0a7,707b6ccf-c9d9-4c1d-97f4-516b572b2f9d,1697663631562600000
6a69421f-e399-4db8-897a-d8ef21b5e0a7,707b6ccf-c9d9-4c1d-97f4-516b572b2f9d,1697663631591833333
6a69421f-e399-4db8-897a-d8ef21b5e0a7,707b6ccf-c9d9-4c1d-97f4-516b572b2f9d,1697663631630855555
6a69421f-e399-4db8-897a-d8ef21b5e0a7,707b6ccf-c9d9-4c1d-97f4-516b572b2f9d,1697663631666544444
6a69421f-e399-4db8-897a-d8ef21b5e0a7,707b6ccf-c9d9-4c1d-97f4-516b572b2f9d,1697663631698966666
6a69421f-e399-4db8-897a-d8ef21b5e0a7,707b6ccf-c9d9-4c1d-97f4-516b572b2f9d,1697663631731277777
6a69421f-e399-4db8-897a-d8ef21b5e0a7,707b6ccf-c9d9-4c1d-97f4-516b572b2f9d,1697663631769044444
6a69421f-e399-4db8-897a-d8ef21b5e0a7,707b6ccf-c9d9-4c1d-97f4-516b572b2f9d,1697663631799433333
6a69421f-e399-4db8-897a-d8ef21b5e0a7,707b6ccf-c9d9-4c1d-97f4-516b572b2f9d,1697663631829566666
6a69421f-e399-4db8-897a-d8ef21b5e0a7,707b6ccf-c9d9-4c1d-97f4-516b572b2f9d,1697663631875300000
6a69421f-e399-4db8-897a-d8ef21b5e0a7,707b6ccf-c9d9-4c1d-97f4-516b572b2f9d,1697663631900011111
6a69421f-e399-4db8-897a-d8ef21b5e0a7,707b6ccf-c9d9-4c1d-97f4-516b572b2f9d,1697663631935022222
6a69421f-e399-4db8-897a-d8ef21b5e0a7,707b6ccf-c9d9-4c1d-97f4-516b572b2f9d,1697663631967266666
6a69421f-e399-4db8-897a-d8ef21b5e0a7,707b6ccf-c9d9-4c1d-97f4-516b572b2f9d,1697663632002588888
6a69421f-e399-4db8-897a-d8ef21b5e0a7,707b6ccf-c9d9-4c1d-97f4-516b572b2f9d,1697663632033566666
6a69421f-e399-4db8-897a-d8ef21b5e0a7,707b6ccf-c9d9-4c1d-97f4-516b572b2f9d,1697663632070933333
6a69421f-e399-4db8-897a-d8ef21b5e0a7,707b6ccf-c9d9-4c1d-97f4-516b572b2f9d,1697663632102866666
6a69421f-e399-4db8-897a-d8ef21b5e0a7,707b6ccf-c9d9-4c1d-97f4-516b572b2f9d,1697663632123511111
6a69421f-e399-4db8-897a-d8ef21b5e0a7,707b6ccf-c9d9-4c1d-97f4-516b572b2f9d,1697663632158711111
6a69421f-e399-4db8-897a-d8ef21b5e0a7,707b6ccf-c9d9-4c1d-97f4-516b572b2f9d,1697663632193455555
6a69421f-e399-4db8-897a-d8ef21b5e0a7,707b6ccf-c9d9-4c1d-97f4-516b572b2f9d,1697663632222366666
6a69421f-e399-4db8-897a-d8ef21b5e0a7,707b6ccf-c9d9-4c1d-97f4-516b572b2f9d,1697663632268022222
6a69421f-e399-4db8-897a-d8ef21b5e0a7,707b6ccf-c9d9-4c1d-97f4-516b572b2f9d,1697663632299733333
6a69421f-e399-4db8-897a-d8ef21b5e0a7,707b6ccf-c9d9-4c1d-97f4-516b572b2f9d,1697663632331999999
6a69421f-e399-4db8-897a-d8ef21b5e0a7,707b6ccf-c9d9-4c1d-97f4-516b572b2f9d,1697663632368088888
6a69421f-e399-4db8-897a-d8ef21b5e0a7,707b6ccf-c9d9-4c1d-97f4-516b572b2f9d,1697663632398855555
6a69421f-e399-4db8-897a-d8ef21b5e0a7,707b6ccf-c9d9-4c1d-97f4-516b572b2f9d,1697663632432444444
6a69421f-e399-4db8-897a-d8ef21b5e0a7,707b6ccf-c9d9-4c1d-97f4-516b572b2f9d,1697663632467077777
6a69421f-e399-4db8-897a-d8ef21b5e0a7,707b6ccf-c9d9-4c1d-97f4-516b572b2f9d,1697663632499455555
6a69421f-e399-4db8-897a-d8ef21b5e0a7,707b6ccf-c9d9-4c1d-97f4-516b572b2f9d,1697663632534833333
6a69421f-e399-4db8-897a-d8ef21b5e0a7,707b6ccf-c9d9-4c1d-97f4-516b572b2f9d,1697663632568922222
6a69421f-e399-4db8-897a-d8ef21b5e0a7,707b6ccf-c9d9-4c1d-97f4-516b572b2f9d,1697663632600933333
6a69421f-e399-4db8-897a-d8ef21b5e0a7,707b6ccf-c9d9-4c1d-97f4-516b572b2f9d,1697663632631388888
6a69421f-e399-4db8-897a-d8ef21b5e0a7,707b6ccf-c9d9-4c1d-97f4-516b572b2f9d,1697663632668366666
6a69421f-e399-4db8-897a-d8ef21b5e0a7,707b6ccf-c9d9-4c1d-97f4-516b572b2f9d,1697663632699222222
6a69421f-e399-4db8-897a-d8ef21b5e0a7,707b6ccf-c9d9-4c1d-97f4-516b572b2f9d,1697663632730722222
6a69421f-e399-4db8-897a-d8ef21b5e0a7,707b6ccf-c9d9-4c1d-97f4-516b572b2f9d,1697663632785577777
6a69421f-e399-4db8-897a-d8ef21b5e0a7,707b6ccf-c9d9-4c1d-97f4-516b572b2f9d,1697663632799266666
6a69421f-e399-4db8-897a-d8ef21b5e0a7,707b6ccf-c9d9-4c1d-97f4-516b572b2f9d,1697663632827466666
6a69421f-e399-4db8-897a-d8ef21b5e0a7,707b6ccf-c9d9-4c1d-97f4-516b572b2f9d,1697663632863733333
6a69421f-e399-4db8-897a-d8ef21b5e0a7,707b6ccf-c9d9-4c1d-97f4-516b572b2f9d,1697663632890033333
6a69421f-e399-4db8-897a-d8ef21b5e0a7,707b6ccf-c9d9-4c1d-97f4-516b572b2f9d,1697663632930555555
6a69421f-e399-4db8-897a-d8ef21b5e0a7,707b6ccf-c9d9-4c1d-97f4-516b572b2f9d,1697663632965700000
6a69421f-e399-4db8-897a-d8ef21b5e0a7,707b6ccf-c9d9-4c1d-97f4-516b572b2f9d,1697663633000122222
6a69421f-e399-4db8-897a-d8ef21b5e0a7,707b6ccf-c9d9-4c1d-97f4-516b572b2f9d,1697663633025733333
6a69421f-e399-4db8-897a-d8ef21b5e0a7,707b6ccf-c9d9-4c1d-97f4-516b572b2f9d,1697663633068188888
6a69421f-e399-4db8-897a-d8ef21b5e0a7,707b6ccf-c9d9-4c1d-97f4-516b572b2f9d,1697663633098111111
6a69421f-e399-4db8-897a-d8ef21b5e0a7,707b6ccf-c9d9-4c1d-97f4-516b572b2f9d,1697663633130400000
6a69421f-e399-4db8-897a-d8ef21b5e0a7,707b6ccf-c9d9-4c1d-97f4-516b572b2f9d,1697663633163222222
6a69421f-e399-4db8-897a-d8ef21b5e0a7,707b6ccf-c9d9-4c1d-97f4-516b572b2f9d,1697663633200688888
6a69421f-e399-4db8-897a-d8ef21b5e0a7,707b6ccf-c9d9-4c1d-97f4-516b572b2f9d,1697663633229466666
6a69421f-e399-4db8-897a-d8ef21b5e0a7,707b6ccf-c9d9-4c1d-97f4-516b572b2f9d,1697663633262011111
6a69421f-e399-4db8-897a-d8ef21b5e0a7,707b6ccf-c9d9-4c1d-97f4-516b572b2f9d,1697663633300922222
6a69421f-e399-4db8-897a-d8ef21b5e0a7,707b6ccf-c9d9-4c1d-97f4-516b572b2f9d,1697663633330755555
6a69421f-e399-4db8-897a-d8ef21b5e0a7,707b6ccf-c9d9-4c1d-97f4-516b572b2f9d,1697663633368733333
6a69421f-e399-4db8-897a-d8ef21b5e0a7,707b6ccf-c9d9-4c1d-97f4-516b572b2f9d,1697663633401888888
6a69421f-e399-4db8-897a-d8ef21b5e0a7,707b6ccf-c9d9-4c1d-97f4-516b572b2f9d,1697663633447600000
6a69421f-e399-4db8-897a-d8ef21b5e0a7,707b6ccf-c9d9-4c1d-97f4-516b572b2f9d,1697663633459677777
6a69421f-e399-4db8-897a-d8ef21b5e0a7,707b6ccf-c9d9-4c1d-97f4-516b572b2f9d,1697663633491777777
6a69421f-e399-4db8-897a-d8ef21b5e0a7,707b6ccf-c9d9-4c1d-97f4-516b572b2f9d,1697663633521322222
6a69421f-e399-4db8-897a-d8ef21b5e0a7,707b6ccf-c9d9-4c1d-97f4-516b572b2f9d,1697663633556500000
6a69421f-e399-4db8-897a-d8ef21b5e0a7,707b6ccf-c9d9-4c1d-97f4-516b572b2f9d,1697663633589100000
6a69421f-e399-4db8-897a-d8ef21b5e0a7,707b6ccf-c9d9-4c1d-97f4-516b572b2f9d,1697663633633411111
6a69421f-e399-4db8-897a-d8ef21b5e0a7,707b6ccf-c9d9-4c1d-97f4-516b572b2f9d,1697663633663422222
6a69421f-e399-4db8-897a-d8ef21b5e0a7,707b6ccf-c9d9-4c1d-97f4-516b572b2f9d,1697663633699844444
6a69421f-e399-4db8-897a-d8ef21b5e0a7,707b6ccf-c9d9-4c1d-97f4-516b572b2f9d,1697663633734166666
6a69421f-e399-4db8-897a-d8ef21b5e0a7,707b6ccf-c9d9-4c1d-97f4-516b572b2f9d,1697663633767655555
6a69421f-e399-4db8-897a-d8ef21b5e0a7,707b6ccf-c9d9-4c1d-97f4-516b572b2f9d,1697663633809544444
6a69421f-e399-4db8-897a-d8ef21b5e0a7,707b6ccf-c9d9-4c1d-97f4-516b572b2f9d,1697663633833533333
6a69421f-e399-4db8-897a-d8ef21b5e0a7,707b6ccf-c9d9-4c1d-97f4-516b572b2f9d,1697663633862066666
6a69421f-e399-4db8-897a-d8ef21b5e0a7,707b6ccf-c9d9-4c1d-97f4-516b572b2f9d,1697663633897466666
6a69421f-e399-4db8-897a-d8ef21b5e0a7,707b6ccf-c9d9-4c1d-97f4-516b572b2f9d,1697663633931388888
6a69421f-e399-4db8-897a-d8ef21b5e0a7,707b6ccf-c9d9-4c1d-97f4-516b572b2f9d,1697663633968533333
6a69421f-e399-4db8-897a-d8ef21b5e0a7,707b6ccf-c9d9-4c1d-97f4-516b572b2f9d,1697663634003955555
6a69421f-e399-4db8-897a-d8ef21b5e0a7,707b6ccf-c9d9-4c1d-97f4-516b572b2f9d,1697663634031255555
6a69421f-e399-4db8-897a-d8ef21b5e0a7,707b6ccf-c9d9-4c1d-97f4-516b572b2f9d,1697663634063288888
6a69421f-e399-4db8-897a-d8ef21b5e0a7,707b6ccf-c9d9-4c1d-97f4-516b572b2f9d,1697663634107688888
6a69421f-e399-4db8-897a-d8ef21b5e0a7,707b6ccf-c9d9-4c1d-97f4-516b572b2f9d,1697663634124477777
6a69421f-e399-4db8-897a-d8ef21b5e0a7,707b6ccf-c9d9-4c1d-97f4-516b572b2f9d,1697663634153422222
6a69421f-e399-4db8-897a-d8ef21b5e0a7,707b6ccf-c9d9-4c1d-97f4-516b572b2f9d,1697663634191700000
6a69421f-e399-4db8-897a-d8ef21b5e0a7,707b6ccf-c9d9-4c1d-97f4-516b572b2f9d,1697663634222333333
6a69421f-e399-4db8-897a-d8ef21b5e0a7,707b6ccf-c9d9-4c1d-97f4-516b572b2f9d,1697663634265300000
6a69421f-e399-4db8-897a-d8ef21b5e0a7,707b6ccf-c9d9-4c1d-97f4-516b572b2f9d,1697663634302644444
6a69421f-e399-4db8-897a-d8ef21b5e0a7,707b6ccf-c9d9-4c1d-97f4-516b572b2f9d,1697663634325944444
6a69421f-e399-4db8-897a-d8ef21b5e0a7,707b6ccf-c9d9-4c1d-97f4-516b572b2f9d,1697663634363500000
6a69421f-e399-4db8-897a-d8ef21b5e0a7,707b6ccf-c9d9-4c1d-97f4-516b572b2f9d,1697663634400511111
6a69421f-e399-4db8-897a-d8ef21b5e0a7,707b6ccf-c9d9-4c1d-97f4-516b572b2f9d,1697663634429888888
6a69421f-e399-4db8-897a-d8ef21b5e0a7,707b6ccf-c9d9-4c1d-97f4-516b572b2f9d,1697663634462211111
6a69421f-e399-4db8-897a-d8ef21b5e0a7,707b6ccf-c9d9-4c1d-97f4-516b572b2f9d,1697663634501577777
6a69421f-e399-4db8-897a-d8ef21b5e0a7,707b6ccf-c9d9-4c1d-97f4-516b572b2f9d,1697663634529466666
6a69421f-e399-4db8-897a-d8ef21b5e0a7,707b6ccf-c9d9-4c1d-97f4-516b572b2f9d,1697663634563588888
6a69421f-e399-4db8-897a-d8ef21b5e0a7,707b6ccf-c9d9-4c1d-97f4-516b572b2f9d,1697663634602655555
6a69421f-e399-4db8-897a-d8ef21b5e0a7,707b6ccf-c9d9-4c1d-97f4-516b572b2f9d,1697663634633955555
6a69421f-e399-4db8-897a-d8ef21b5e0a7,707b6ccf-c9d9-4c1d-97f4-516b572b2f9d,1697663634662388888
6a69421f-e399-4db8-897a-d8ef21b5e0a7,707b6ccf-c9d9-4c1d-97f4-516b572b2f9d,1697663634698922222
6a69421f-e399-4db8-897a-d8ef21b5e0a7,707b6ccf-c9d9-4c1d-97f4-516b572b2f9d,1697663634730377777
6a69421f-e399-4db8-897a-d8ef21b5e0a7,707b6ccf-c9d9-4c1d-97f4-516b572b2f9d,1697663634763977777
6a69421f-e399-4db8-897a-d8ef21b5e0a7,707b6ccf-c9d9-4c1d-97f4-516b572b2f9d,1697663634790188888
6a69421f-e399-4db8-897a-d8ef21b5e0a7,707b6ccf-c9d9-4c1d-97f4-516b572b2f9d,1697663634825255555
6a69421f-e399-4db8-897a-d8ef21b5e0a7,707b6ccf-c9d9-4c1d-97f4-516b572b2f9d,1697663634854855555
6a69421f-e399-4db8-897a-d8ef21b5e0a7,707b6ccf-c9d9-4c1d-97f4-516b572b2f9d,1697663634895233333
6a69421f-e399-4db8-897a-d8ef21b5e0a7,707b6ccf-c9d9-4c1d-97f4-516b572b2f9d,1697663634922922222
6a69421f-e399-4db8-897a-d8ef21b5e0a7,707b6ccf-c9d9-4c1d-97f4-516b572b2f9d,1697663634962122222
6a69421f-e399-4db8-897a-d8ef21b5e0a7,707b6ccf-c9d9-4c1d-97f4-516b572b2f9d,1697663635001388888
6a69421f-e399-4db8-897a-d8ef21b5e0a7,707b6ccf-c9d9-4c1d-97f4-516b572b2f9d,1697663635033200000
6a69421f-e399-4db8-897a-d8ef21b5e0a7,707b6ccf-c9d9-4c1d-97f4-516b572b2f9d,1697663635060899999
6a69421f-e399-4db8-897a-d8ef21b5e0a7,707b6ccf-c9d9-4c1d-97f4-516b572b2f9d,1697663635101344444
6a69421f-e399-4db8-897a-d8ef21b5e0a7,707b6ccf-c9d9-4c1d-97f4-516b572b2f9d,1697663635130844444
6a69421f-e399-4db8-897a-d8ef21b5e0a7,707b6ccf-c9d9-4c1d-97f4-516b572b2f9d,1697663635163366666
6a69421f-e399-4db8-897a-d8ef21b5e0a7,707b6ccf-c9d9-4c1d-97f4-516b572b2f9d,1697663635201222222
6a69421f-e399-4db8-897a-d8ef21b5e0a7,707b6ccf-c9d9-4c1d-97f4-516b572b2f9d,1697663635230900000
6a69421f-e399-4db8-897a-d8ef21b5e0a7,707b6ccf-c9d9-4c1d-97f4-516b572b2f9d,1697663635264077777
6a69421f-e399-4db8-897a-d8ef21b5e0a7,707b6ccf-c9d9-4c1d-97f4-516b572b2f9d,1697663635297966666
6a69421f-e399-4db8-897a-d8ef21b5e0a7,707b6ccf-c9d9-4c1d-97f4-516b572b2f9d,1697663635332211111
6a69421f-e399-4db8-897a-d8ef21b5e0a7,707b6ccf-c9d9-4c1d-97f4-516b572b2f9d,1697663635366366666
6a69421f-e399-4db8-897a-d8ef21b5e0a7,707b6ccf-c9d9-4c1d-97f4-516b572b2f9d,1697663635397922222
6a69421f-e399-4db8-897a-d8ef21b5e0a7,707b6ccf-c9d9-4c1d-97f4-516b572b2f9d,1697663635441733333
6a69421f-e399-4db8-897a-d8ef21b5e0a7,707b6ccf-c9d9-4c1d-97f4-516b572b2f9d,1697663635453833333
6a69421f-e399-4db8-897a-d8ef21b5e0a7,707b6ccf-c9d9-4c1d-97f4-516b572b2f9d,1697663635513144444
6a69421f-e399-4db8-897a-d8ef21b5e0a7,707b6ccf-c9d9-4c1d-97f4-516b572b2f9d,1697663635525744444
6a69421f-e399-4db8-897a-d8ef21b5e0a7,707b6ccf-c9d9-4c1d-97f4-516b572b2f9d,1697663635559466666
6a69421f-e399-4db8-897a-d8ef21b5e0a7,707b6ccf-c9d9-4c1d-97f4-516b572b2f9d,1697663635590244444
6a69421f-e399-4db8-897a-d8ef21b5e0a7,707b6ccf-c9d9-4c1d-97f4-516b572b2f9d,1697663635636166666
6a69421f-e399-4db8-897a-d8ef21b5e0a7,707b6ccf-c9d9-4c1d-97f4-516b572b2f9d,1697663635668955555
6a69421f-e399-4db8-897a-d8ef21b5e0a7,707b6ccf-c9d9-4c1d-97f4-516b572b2f9d,1697663635702322222
6a69421f-e399-4db8-897a-d8ef21b5e0a7,707b6ccf-c9d9-4c1d-97f4-516b572b2f9d,1697663635722611111
6a69421f-e399-4db8-897a-d8ef21b5e0a7,707b6ccf-c9d9-4c1d-97f4-516b572b2f9d,1697663635767422222
6a69421f-e399-4db8-897a-d8ef21b5e0a7,707b6ccf-c9d9-4c1d-97f4-516b572b2f9d,1697663635800577777
6a69421f-e399-4db8-897a-d8ef21b5e0a7,707b6ccf-c9d9-4c1d-97f4-516b572b2f9d,1697663635832488888
6a69421f-e399-4db8-897a-d8ef21b5e0a7,707b6ccf-c9d9-4c1d-97f4-516b572b2f9d,1697663635861211111
6a69421f-e399-4db8-897a-d8ef21b5e0a7,707b6ccf-c9d9-4c1d-97f4-516b572b2f9d,1697663635898866666
6a69421f-e399-4db8-897a-d8ef21b5e0a7,707b6ccf-c9d9-4c1d-97f4-516b572b2f9d,1697663635930266666
6a69421f-e399-4db8-897a-d8ef21b5e0a7,707b6ccf-c9d9-4c1d-97f4-516b572b2f9d,1697663635962966666
6a69421f-e399-4db8-897a-d8ef21b5e0a7,707b6ccf-c9d9-4c1d-97f4-516b572b2f9d,1697663636001422222
6a69421f-e399-4db8-897a-d8ef21b5e0a7,707b6ccf-c9d9-4c1d-97f4-516b572b2f9d,1697663636030688888
6a69421f-e399-4db8-897a-d8ef21b5e0a7,707b6ccf-c9d9-4c1d-97f4-516b572b2f9d,1697663636063766666
6a69421f-e399-4db8-897a-d8ef21b5e0a7,707b6ccf-c9d9-4c1d-97f4-516b572b2f9d,1697663636107388888
6a69421f-e399-4db8-897a-d8ef21b5e0a7,707b6ccf-c9d9-4c1d-97f4-516b572b2f9d,1697663636121188888
6a69421f-e399-4db8-897a-d8ef21b5e0a7,707b6ccf-c9d9-4c1d-97f4-516b572b2f9d,1697663636153800000
6a69421f-e399-4db8-897a-d8ef21b5e0a7,707b6ccf-c9d9-4c1d-97f4-516b572b2f9d,1697663636198599999
6a69421f-e399-4db8-897a-d8ef21b5e0a7,707b6ccf-c9d9-4c1d-97f4-516b572b2f9d,1697663636223944444
6a69421f-e399-4db8-897a-d8ef21b5e0a7,707b6ccf-c9d9-4c1d-97f4-516b572b2f9d,1697663636263000000
6a69421f-e399-4db8-897a-d8ef21b5e0a7,707b6ccf-c9d9-4c1d-97f4-516b572b2f9d,1697663636302877777
6a69421f-e399-4db8-897a-d8ef21b5e0a7,707b6ccf-c9d9-4c1d-97f4-516b572b2f9d,1697663636323799999
6a69421f-e399-4db8-897a-d8ef21b5e0a7,707b6ccf-c9d9-4c1d-97f4-516b572b2f9d,1697663636364388888
6a69421f-e399-4db8-897a-d8ef21b5e0a7,707b6ccf-c9d9-4c1d-97f4-516b572b2f9d,1697663636394122222
6a69421f-e399-4db8-897a-d8ef21b5e0a7,707b6ccf-c9d9-4c1d-97f4-516b572b2f9d,1697663636430922222
6a69421f-e399-4db8-897a-d8ef21b5e0a7,707b6ccf-c9d9-4c1d-97f4-516b572b2f9d,1697663636465833333
6a69421f-e399-4db8-897a-d8ef21b5e0a7,707b6ccf-c9d9-4c1d-97f4-516b572b2f9d,1697663636494755555
6a69421f-e399-4db8-897a-d8ef21b5e0a7,707b6ccf-c9d9-4c1d-97f4-516b572b2f9d,1697663636531655555
6a69421f-e399-4db8-897a-d8ef21b5e0a7,707b6ccf-c9d9-4c1d-97f4-516b572b2f9d,1697663636564477777
6a69421f-e399-4db8-897a-d8ef21b5e0a7,707b6ccf-c9d9-4c1d-97f4-516b572b2f9d,1697663636594122222
6a69421f-e399-4db8-897a-d8ef21b5e0a7,707b6ccf-c9d9-4c1d-97f4-516b572b2f9d,1697663636630111111
6a69421f-e399-4db8-897a-d8ef21b5e0a7,707b6ccf-c9d9-4c1d-97f4-516b572b2f9d,1697663636663944444
6a69421f-e399-4db8-897a-d8ef21b5e0a7,707b6ccf-c9d9-4c1d-97f4-516b572b2f9d,1697663636700022222
6a69421f-e399-4db8-897a-d8ef21b5e0a7,707b6ccf-c9d9-4c1d-97f4-516b572b2f9d,1697663636729944444
6a69421f-e399-4db8-897a-d8ef21b5e0a7,707b6ccf-c9d9-4c1d-97f4-516b572b2f9d,1697663636773966666
6a69421f-e399-4db8-897a-d8ef21b5e0a7,707b6ccf-c9d9-4c1d-97f4-516b572b2f9d,1697663636789500000
6a69421f-e399-4db8-897a-d8ef21b5e0a7,707b6ccf-c9d9-4c1d-97f4-516b572b2f9d,1697663636822244444
6a69421f-e399-4db8-897a-d8ef21b5e0a7,707b6ccf-c9d9-4c1d-97f4-516b572b2f9d,1697663636855755555
6a69421f-e399-4db8-897a-d8ef21b5e0a7,707b6ccf-c9d9-4c1d-97f4-516b572b2f9d,1697663636889644444
6a69421f-e399-4db8-897a-d8ef21b5e0a7,707b6ccf-c9d9-4c1d-97f4-516b572b2f9d,1697663636920622222
6a69421f-e399-4db8-897a-d8ef21b5e0a7,707b6ccf-c9d9-4c1d-97f4-516b572b2f9d,1697663636966755555
6a69421f-e399-4db8-897a-d8ef21b5e0a7,707b6ccf-c9d9-4c1d-97f4-516b572b2f9d,1697663636995344444
6a69421f-e399-4db8-897a-d8ef21b5e0a7,707b6ccf-c9d9-4c1d-97f4-516b572b2f9d,1697663637030900000
6a69421f-e399-4db8-897a-d8ef21b5e0a7,707b6ccf-c9d9-4c1d-97f4-516b572b2f9d,1697663637060855555
6a69421f-e399-4db8-897a-d8ef21b5e0a7,707b6ccf-c9d9-4c1d-97f4-516b572b2f9d,1697663637098488888
6a69421f-e399-4db8-897a-d8ef21b5e0a7,707b6ccf-c9d9-4c1d-97f4-516b572b2f9d,1697663637133111111
6a69421f-e399-4db8-897a-d8ef21b5e0a7,707b6ccf-c9d9-4c1d-97f4-516b572b2f9d,1697663637166733333
6a69421f-e399-4db8-897a-d8ef21b5e0a7,707b6ccf-c9d9-4c1d-97f4-516b572b2f9d,1697663637196211111
6a69421f-e399-4db8-897a-d8ef21b5e0a7,707b6ccf-c9d9-4c1d-97f4-516b572b2f9d,1697663637230633333
6a69421f-e399-4db8-897a-d8ef21b5e0a7,707b6ccf-c9d9-4c1d-97f4-516b572b2f9d,1697663637263766666
6a69421f-e399-4db8-897a-d8ef21b5e0a7,707b6ccf-c9d9-4c1d-97f4-516b572b2f9d,1697663637294511111
6a69421f-e399-4db8-897a-d8ef21b5e0a7,707b6ccf-c9d9-4c1d-97f4-516b572b2f9d,1697663637332700000
6a69421f-e399-4db8-897a-d8ef21b5e0a7,707b6ccf-c9d9-4c1d-97f4-516b572b2f9d,1697663637367611111
6a69421f-e399-4db8-897a-d8ef21b5e0a7,707b6ccf-c9d9-4c1d-97f4-516b572b2f9d,1697663637395788888
6a69421f-e399-4db8-897a-d8ef21b5e0a7,707b6ccf-c9d9-4c1d-97f4-516b572b2f9d,1697663637429877777
6a69421f-e399-4db8-897a-d8ef21b5e0a7,707b6ccf-c9d9-4c1d-97f4-516b572b2f9d,1697663637457611111
6a69421f-e399-4db8-897a-d8ef21b5e0a7,707b6ccf-c9d9-4c1d-97f4-516b572b2f9d,1697663637499722222
6a69421f-e399-4db8-897a-d8ef21b5e0a7,707b6ccf-c9d9-4c1d-97f4-516b572b2f9d,1697663637536155555
6a69421f-e399-4db8-897a-d8ef21b5e0a7,707b6ccf-c9d9-4c1d-97f4-516b572b2f9d,1697663637565266666
6a69421f-e399-4db8-897a-d8ef21b5e0a7,707b6ccf-c9d9-4c1d-97f4-516b572b2f9d,1697663637585555555
6a69421f-e399-4db8-897a-d8ef21b5e0a7,707b6ccf-c9d9-4c1d-97f4-516b572b2f9d,1697663637631488888
6a69421f-e399-4db8-897a-d8ef21b5e0a7,707b6ccf-c9d9-4c1d-97f4-516b572b2f9d,1697663637661622222
6a69421f-e399-4db8-897a-d8ef21b5e0a7,707b6ccf-c9d9-4c1d-97f4-516b572b2f9d,1697663637699811111
6a69421f-e399-4db8-897a-d8ef21b5e0a7,707b6ccf-c9d9-4c1d-97f4-516b572b2f9d,1697663637732799999
6a69421f-e399-4db8-897a-d8ef21b5e0a7,707b6ccf-c9d9-4c1d-97f4-516b572b2f9d,1697663637763144444
6a69421f-e399-4db8-897a-d8ef21b5e0a7,707b6ccf-c9d9-4c1d-97f4-516b572b2f9d,1697663637796188888
6a69421f-e399-4db8-897a-d8ef21b5e0a7,707b6ccf-c9d9-4c1d-97f4-516b572b2f9d,1697663637830566666
6a69421f-e399-4db8-897a-d8ef21b5e0a7,707b6ccf-c9d9-4c1d-97f4-516b572b2f9d,1697663637867055555
6a69421f-e399-4db8-897a-d8ef21b5e0a7,707b6ccf-c9d9-4c1d-97f4-516b572b2f9d,1697663637896011111
6a69421f-e399-4db8-897a-d8ef21b5e0a7,707b6ccf-c9d9-4c1d-97f4-516b572b2f9d,1697663637932844444
6a69421f-e399-4db8-897a-d8ef21b5e0a7,707b6ccf-c9d9-4c1d-97f4-516b572b2f9d,1697663637961544444
6a69421f-e399-4db8-897a-d8ef21b5e0a7,707b6ccf-c9d9-4c1d-97f4-516b572b2f9d,1697663637994988888
6a69421f-e399-4db8-897a-d8ef21b5e0a7,707b6ccf-c9d9-4c1d-97f4-516b572b2f9d,1697663638034388888
6a69421f-e399-4db8-897a-d8ef21b5e0a7,707b6ccf-c9d9-4c1d-97f4-516b572b2f9d,1697663638065422222
6a69421f-e399-4db8-897a-d8ef21b5e0a7,707b6ccf-c9d9-4c1d-97f4-516b572b2f9d,1697663638103177777
6a69421f-e399-4db8-897a-d8ef21b5e0a7,707b6ccf-c9d9-4c1d-97f4-516b572b2f9d,1697663638122933333
6a69421f-e399-4db8-897a-d8ef21b5e0a7,707b6ccf-c9d9-4c1d-97f4-516b572b2f9d,1697663638171722222
6a69421f-e399-4db8-897a-d8ef21b5e0a7,707b6ccf-c9d9-4c1d-97f4-516b572b2f9d,1697663638202311111
6a69421f-e399-4db8-897a-d8ef21b5e0a7,707b6ccf-c9d9-4c1d-97f4-516b572b2f9d,1697663638230855555
6a69421f-e399-4db8-897a-d8ef21b5e0a7,707b6ccf-c9d9-4c1d-97f4-516b572b2f9d,1697663638261166666
6a69421f-e399-4db8-897a-d8ef21b5e0a7,707b6ccf-c9d9-4c1d-97f4-516b572b2f9d,1697663638296677777
6a69421f-e399-4db8-897a-d8ef21b5e0a7,707b6ccf-c9d9-4c1d-97f4-516b572b2f9d,1697663638331111111
6a69421f-e399-4db8-897a-d8ef21b5e0a7,707b6ccf-c9d9-4c1d-97f4-516b572b2f9d,1697663638362133333
6a69421f-e399-4db8-897a-d8ef21b5e0a7,707b6ccf-c9d9-4c1d-97f4-516b572b2f9d,1697663638394133333
6a69421f-e399-4db8-897a-d8ef21b5e0a7,707b6ccf-c9d9-4c1d-97f4-516b572b2f9d,1697663638430488888
6a69421f-e399-4db8-897a-d8ef21b5e0a7,707b6ccf-c9d9-4c1d-97f4-516b572b2f9d,1697663638459711111
6a69421f-e399-4db8-897a-d8ef21b5e0a7,707b6ccf-c9d9-4c1d-97f4-516b572b2f9d,1697663638495811111
6a69421f-e399-4db8-897a-d8ef21b5e0a7,707b6ccf-c9d9-4c1d-97f4-516b572b2f9d,1697663638529977777
6a69421f-e399-4db8-897a-d8ef21b5e0a7,707b6ccf-c9d9-4c1d-97f4-516b572b2f9d,1697663638562655555
6a69421f-e399-4db8-897a-d8ef21b5e0a7,707b6ccf-c9d9-4c1d-97f4-516b572b2f9d,1697663638593044444
6a69421f-e399-4db8-897a-d8ef21b5e0a7,707b6ccf-c9d9-4c1d-97f4-516b572b2f9d,1697663638634900000
6a69421f-e399-4db8-897a-d8ef21b5e0a7,707b6ccf-c9d9-4c1d-97f4-516b572b2f9d,1697663638663766666
6a69421f-e399-4db8-897a-d8ef21b5e0a7,707b6ccf-c9d9-4c1d-97f4-516b572b2f9d,1697663638696977777
6a69421f-e399-4db8-897a-d8ef21b5e0a7,707b6ccf-c9d9-4c1d-97f4-516b572b2f9d,1697663638730722222
6a69421f-e399-4db8-897a-d8ef21b5e0a7,707b6ccf-c9d9-4c1d-97f4-516b572b2f9d,1697663638767933333
6a69421f-e399-4db8-897a-d8ef21b5e0a7,707b6ccf-c9d9-4c1d-97f4-516b572b2f9d,1697663638789722222
6a69421f-e399-4db8-897a-d8ef21b5e0a7,707b6ccf-c9d9-4c1d-97f4-516b572b2f9d,1697663638823355555
6a69421f-e399-4db8-897a-d8ef21b5e0a7,707b6ccf-c9d9-4c1d-97f4-516b572b2f9d,1697663638861588888
6a69421f-e399-4db8-897a-d8ef21b5e0a7,707b6ccf-c9d9-4c1d-97f4-516b572b2f9d,1697663638896233333
6a69421f-e399-4db8-897a-d8ef21b5e0a7,707b6ccf-c9d9-4c1d-97f4-516b572b2f9d,1697663638921544444
6a69421f-e399-4db8-897a-d8ef21b5e0a7,707b6ccf-c9d9-4c1d-97f4-516b572b2f9d,1697663638962488888
6a69421f-e399-4db8-897a-d8ef21b5e0a7,707b6ccf-c9d9-4c1d-97f4-516b572b2f9d,1697663638993744444
6a69421f-e399-4db8-897a-d8ef21b5e0a7,707b6ccf-c9d9-4c1d-97f4-516b572b2f9d,1697663639032300000
6a69421f-e399-4db8-897a-d8ef21b5e0a7,707b6ccf-c9d9-4c1d-97f4-516b572b2f9d,1697663639061988888
6a69421f-e399-4db8-897a-d8ef21b5e0a7,707b6ccf-c9d9-4c1d-97f4-516b572b2f9d,1697663639096077777
6a69421f-e399-4db8-897a-d8ef21b5e0a7,707b6ccf-c9d9-4c1d-97f4-516b572b2f9d,1697663639130911111
6a69421f-e399-4db8-897a-d8ef21b5e0a7,707b6ccf-c9d9-4c1d-97f4-516b572b2f9d,1697663639164277777
6a69421f-e399-4db8-897a-d8ef21b5e0a7,707b6ccf-c9d9-4c1d-97f4-516b572b2f9d,1697663639197055555
6a69421f-e399-4db8-897a-d8ef21b5e0a7,707b6ccf-c9d9-4c1d-97f4-516b572b2f9d,1697663639234544444
6a69421f-e399-4db8-897a-d8ef21b5e0a7,707b6ccf-c9d9-4c1d-97f4-516b572b2f9d,1697663639263811111
6a69421f-e399-4db8-897a-d8ef21b5e0a7,707b6ccf-c9d9-4c1d-97f4-516b572b2f9d,1697663639295066666
6a69421f-e399-4db8-897a-d8ef21b5e0a7,707b6ccf-c9d9-4c1d-97f4-516b572b2f9d,1697663639330855555
6a69421f-e399-4db8-897a-d8ef21b5e0a7,707b6ccf-c9d9-4c1d-97f4-516b572b2f9d,1697663639363022222
6a69421f-e399-4db8-897a-d8ef21b5e0a7,707b6ccf-c9d9-4c1d-97f4-516b572b2f9d,1697663639394022222
6a69421f-e399-4db8-897a-d8ef21b5e0a7,707b6ccf-c9d9-4c1d-97f4-516b572b2f9d,1697663639426700000
6a69421f-e399-4db8-897a-d8ef21b5e0a7,707b6ccf-c9d9-4c1d-97f4-516b572b2f9d,1697663639463366666
6a69421f-e399-4db8-897a-d8ef21b5e0a7,707b6ccf-c9d9-4c1d-97f4-516b572b2f9d,1697663639485755555
6a69421f-e399-4db8-897a-d8ef21b5e0a7,707b6ccf-c9d9-4c1d-97f4-516b572b2f9d,1697663639533466666
6a69421f-e399-4db8-897a-d8ef21b5e0a7,707b6ccf-c9d9-4c1d-97f4-516b572b2f9d,1697663639566344444
6a69421f-e399-4db8-897a-d8ef21b5e0a7,707b6ccf-c9d9-4c1d-97f4-516b572b2f9d,1697663639594955555
6a69421f-e399-4db8-897a-d8ef21b5e0a7,707b6ccf-c9d9-4c1d-97f4-516b572b2f9d,1697663639624966666
6a69421f-e399-4db8-897a-d8ef21b5e0a7,707b6ccf-c9d9-4c1d-97f4-516b572b2f9d,1697663639663666666
6a69421f-e399-4db8-897a-d8ef21b5e0a7,707b6ccf-c9d9-4c1d-97f4-516b572b2f9d,1697663639694466666
6a69421f-e399-4db8-897a-d8ef21b5e0a7,707b6ccf-c9d9-4c1d-97f4-516b572b2f9d,1697663639729411111
6a69421f-e399-4db8-897a-d8ef21b5e0a7,707b6ccf-c9d9-4c1d-97f4-516b572b2f9d,1697663639763500000
6a69421f-e399-4db8-897a-d8ef21b5e0a7,707b6ccf-c9d9-4c1d-97f4-516b572b2f9d,1697663639797544444
6a69421f-e399-4db8-897a-d8ef21b5e0a7,707b6ccf-c9d9-4c1d-97f4-516b572b2f9d,1697663639828066666
6a69421f-e399-4db8-897a-d8ef21b5e0a7,707b6ccf-c9d9-4c1d-97f4-516b572b2f9d,1697663639865577777
6a69421f-e399-4db8-897a-d8ef21b5e0a7,707b6ccf-c9d9-4c1d-97f4-516b572b2f9d,1697663639892044444
6a69421f-e399-4db8-897a-d8ef21b5e0a7,707b6ccf-c9d9-4c1d-97f4-516b572b2f9d,1697663639927388888
6a69421f-e399-4db8-897a-d8ef21b5e0a7,707b6ccf-c9d9-4c1d-97f4-516b572b2f9d,1697663639969400000
6a69421f-e399-4db8-897a-d8ef21b5e0a7,707b6ccf-c9d9-4c1d-97f4-516b572b2f9d,1697663639995022222
6a69421f-e399-4db8-897a-d8ef21b5e0a7,707b6ccf-c9d9-4c1d-97f4-516b572b2f9d,1697663640027144444
6a69421f-e399-4db8-897a-d8ef21b5e0a7,707b6ccf-c9d9-4c1d-97f4-516b572b2f9d,1697663640072711111
6a69421f-e399-4db8-897a-d8ef21b5e0a7,707b6ccf-c9d9-4c1d-97f4-516b572b2f9d,1697663640091733333
6a69421f-e399-4db8-897a-d8ef21b5e0a7,707b6ccf-c9d9-4c1d-97f4-516b572b2f9d,1697663640121644444
6a69421f-e399-4db8-897a-d8ef21b5e0a7,707b6ccf-c9d9-4c1d-97f4-516b572b2f9d,1697663640164155555
6a69421f-e399-4db8-897a-d8ef21b5e0a7,707b6ccf-c9d9-4c1d-97f4-516b572b2f9d,1697663640185411111
6a69421f-e399-4db8-897a-d8ef21b5e0a7,707b6ccf-c9d9-4c1d-97f4-516b572b2f9d,1697663640226300000
6a69421f-e399-4db8-897a-d8ef21b5e0a7,707b6ccf-c9d9-4c1d-97f4-516b572b2f9d,1697663640263799999
6a69421f-e399-4db8-897a-d8ef21b5e0a7,707b6ccf-c9d9-4c1d-97f4-516b572b2f9d,1697663640293800000
6a69421f-e399-4db8-897a-d8ef21b5e0a7,707b6ccf-c9d9-4c1d-97f4-516b572b2f9d,1697663640326811111
6a69421f-e399-4db8-897a-d8ef21b5e0a7,707b6ccf-c9d9-4c1d-97f4-516b572b2f9d,1697663640369811111
6a69421f-e399-4db8-897a-d8ef21b5e0a7,707b6ccf-c9d9-4c1d-97f4-516b572b2f9d,1697663640396311111
6a69421f-e399-4db8-897a-d8ef21b5e0a7,707b6ccf-c9d9-4c1d-97f4-516b572b2f9d,1697663640430211111
6a69421f-e399-4db8-897a-d8ef21b5e0a7,707b6ccf-c9d9-4c1d-97f4-516b572b2f9d,1697663640465366666
6a69421f-e399-4db8-897a-d8ef21b5e0a7,707b6ccf-c9d9-4c1d-97f4-516b572b2f9d,1697663640498833333
6a69421f-e399-4db8-897a-d8ef21b5e0a7,707b6ccf-c9d9-4c1d-97f4-516b572b2f9d,1697663640530444444
6a69421f-e399-4db8-897a-d8ef21b5e0a7,707b6ccf-c9d9-4c1d-97f4-516b572b2f9d,1697663640563544444
6a69421f-e399-4db8-897a-d8ef21b5e0a7,707b6ccf-c9d9-4c1d-97f4-516b572b2f9d,1697663640594633333
6a69421f-e399-4db8-897a-d8ef21b5e0a7,707b6ccf-c9d9-4c1d-97f4-516b572b2f9d,1697663640625855555
6a69421f-e399-4db8-897a-d8ef21b5e0a7,707b6ccf-c9d9-4c1d-97f4-516b572b2f9d,1697663640663111111
6a69421f-e399-4db8-897a-d8ef21b5e0a7,707b6ccf-c9d9-4c1d-97f4-516b572b2f9d,1697663640694233333
6a69421f-e399-4db8-897a-d8ef21b5e0a7,707b6ccf-c9d9-4c1d-97f4-516b572b2f9d,1697663640727655555
6a69421f-e399-4db8-897a-d8ef21b5e0a7,707b6ccf-c9d9-4c1d-97f4-516b572b2f9d,1697663640777000000
6a69421f-e399-4db8-897a-d8ef21b5e0a7,707b6ccf-c9d9-4c1d-97f4-516b572b2f9d,1697663640787766666
6a69421f-e399-4db8-897a-d8ef21b5e0a7,707b6ccf-c9d9-4c1d-97f4-516b572b2f9d,1697663640830811111
6a69421f-e399-4db8-897a-d8ef21b5e0a7,707b6ccf-c9d9-4c1d-97f4-516b572b2f9d,1697663640863733333
6a69421f-e399-4db8-897a-d8ef21b5e0a7,707b6ccf-c9d9-4c1d-97f4-516b572b2f9d,1697663640895333333
6a69421f-e399-4db8-897a-d8ef21b5e0a7,707b6ccf-c9d9-4c1d-97f4-516b572b2f9d,1697663640923055555
6a69421f-e399-4db8-897a-d8ef21b5e0a7,707b6ccf-c9d9-4c1d-97f4-516b572b2f9d,1697663640961911111
6a69421f-e399-4db8-897a-d8ef21b5e0a7,707b6ccf-c9d9-4c1d-97f4-516b572b2f9d,1697663640995088888
6a69421f-e399-4db8-897a-d8ef21b5e0a7,707b6ccf-c9d9-4c1d-97f4-516b572b2f9d,1697663641026577777
6a69421f-e399-4db8-897a-d8ef21b5e0a7,707b6ccf-c9d9-4c1d-97f4-516b572b2f9d,1697663641062977777
6a69421f-e399-4db8-897a-d8ef21b5e0a7,707b6ccf-c9d9-4c1d-97f4-516b572b2f9d,1697663641097033333
6a69421f-e399-4db8-897a-d8ef21b5e0a7,707b6ccf-c9d9-4c1d-97f4-516b572b2f9d,1697663641125211111
6a69421f-e399-4db8-897a-d8ef21b5e0a7,707b6ccf-c9d9-4c1d-97f4-516b572b2f9d,1697663641171177777
6a69421f-e399-4db8-897a-d8ef21b5e0a7,707b6ccf-c9d9-4c1d-97f4-516b572b2f9d,1697663641195766666
6a69421f-e399-4db8-897a-d8ef21b5e0a7,707b6ccf-c9d9-4c1d-97f4-516b572b2f9d,1697663641224855555
6a69421f-e399-4db8-897a-d8ef21b5e0a7,707b6ccf-c9d9-4c1d-97f4-516b572b2f9d,1697663641269355555
6a69421f-e399-4db8-897a-d8ef21b5e0a7,707b6ccf-c9d9-4c1d-97f4-516b572b2f9d,1697663641295177777
6a69421f-e399-4db8-897a-d8ef21b5e0a7,707b6ccf-c9d9-4c1d-97f4-516b572b2f9d,1697663641325844444
6a69421f-e399-4db8-897a-d8ef21b5e0a7,707b6ccf-c9d9-4c1d-97f4-516b572b2f9d,1697663641364355555
6a69421f-e399-4db8-897a-d8ef21b5e0a7,707b6ccf-c9d9-4c1d-97f4-516b572b2f9d,1697663641395233333
6a69421f-e399-4db8-897a-d8ef21b5e0a7,707b6ccf-c9d9-4c1d-97f4-516b572b2f9d,1697663641427099999
6a69421f-e399-4db8-897a-d8ef21b5e0a7,707b6ccf-c9d9-4c1d-97f4-516b572b2f9d,1697663641460588888
6a69421f-e399-4db8-897a-d8ef21b5e0a7,707b6ccf-c9d9-4c1d-97f4-516b572b2f9d,1697663641491333333
6a69421f-e399-4db8-897a-d8ef21b5e0a7,707b6ccf-c9d9-4c1d-97f4-516b572b2f9d,1697663641523833333
6a69421f-e399-4db8-897a-d8ef21b5e0a7,707b6ccf-c9d9-4c1d-97f4-516b572b2f9d,1697663641556511111
6a69421f-e399-4db8-897a-d8ef21b5e0a7,707b6ccf-c9d9-4c1d-97f4-516b572b2f9d,1697663641590633333
6a69421f-e399-4db8-897a-d8ef21b5e0a7,707b6ccf-c9d9-4c1d-97f4-516b572b2f9d,1697663641628377777
6a69421f-e399-4db8-897a-d8ef21b5e0a7,707b6ccf-c9d9-4c1d-97f4-516b572b2f9d,1697663641664411111
6a69421f-e399-4db8-897a-d8ef21b5e0a7,707b6ccf-c9d9-4c1d-97f4-516b572b2f9d,1697663641698033333
6a69421f-e399-4db8-897a-d8ef21b5e0a7,707b6ccf-c9d9-4c1d-97f4-516b572b2f9d,1697663641728055555
6a69421f-e399-4db8-897a-d8ef21b5e0a7,707b6ccf-c9d9-4c1d-97f4-516b572b2f9d,1697663641762722222
6a69421f-e399-4db8-897a-d8ef21b5e0a7,707b6ccf-c9d9-4c1d-97f4-516b572b2f9d,1697663641793511111
6a69421f-e399-4db8-897a-d8ef21b5e0a7,707b6ccf-c9d9-4c1d-97f4-516b572b2f9d,1697663641831288888
6a69421f-e399-4db8-897a-d8ef21b5e0a7,707b6ccf-c9d9-4c1d-97f4-516b572b2f9d,1697663641861688888
6a69421f-e399-4db8-897a-d8ef21b5e0a7,707b6ccf-c9d9-4c1d-97f4-516b572b2f9d,1697663641895655555
6a69421f-e399-4db8-897a-d8ef21b5e0a7,707b6ccf-c9d9-4c1d-97f4-516b572b2f9d,1697663641925866666
6a69421f-e399-4db8-897a-d8ef21b5e0a7,707b6ccf-c9d9-4c1d-97f4-516b572b2f9d,1697663641962555555
6a69421f-e399-4db8-897a-d8ef21b5e0a7,707b6ccf-c9d9-4c1d-97f4-516b572b2f9d,1697663641996022222
6a69421f-e399-4db8-897a-d8ef21b5e0a7,707b6ccf-c9d9-4c1d-97f4-516b572b2f9d,1697663642026677777
6a69421f-e399-4db8-897a-d8ef21b5e0a7,707b6ccf-c9d9-4c1d-97f4-516b572b2f9d,1697663642067677777
6a69421f-e399-4db8-897a-d8ef21b5e0a7,707b6ccf-c9d9-4c1d-97f4-516b572b2f9d,1697663642097111111
6a69421f-e399-4db8-897a-d8ef21b5e0a7,707b6ccf-c9d9-4c1d-97f4-516b572b2f9d,1697663642118777777
6a69421f-e399-4db8-897a-d8ef21b5e0a7,707b6ccf-c9d9-4c1d-97f4-516b572b2f9d,1697663642169277777
6a69421f-e399-4db8-897a-d8ef21b5e0a7,707b6ccf-c9d9-4c1d-97f4-516b572b2f9d,1697663642187622222
6a69421f-e399-4db8-897a-d8ef21b5e0a7,707b6ccf-c9d9-4c1d-97f4-516b572b2f9d,1697663642222122222
6a69421f-e399-4db8-897a-d8ef21b5e0a7,707b6ccf-c9d9-4c1d-97f4-516b572b2f9d,1697663642274977777
6a69421f-e399-4db8-897a-d8ef21b5e0a7,707b6ccf-c9d9-4c1d-97f4-516b572b2f9d,1697663642287599999
6a69421f-e399-4db8-897a-d8ef21b5e0a7,707b6ccf-c9d9-4c1d-97f4-516b572b2f9d,1697663642328866666
6a69421f-e399-4db8-897a-d8ef21b5e0a7,707b6ccf-c9d9-4c1d-97f4-516b572b2f9d,1697663642363300000
6a69421f-e399-4db8-897a-d8ef21b5e0a7,707b6ccf-c9d9-4c1d-97f4-516b572b2f9d,1697663642394966666
6a69421f-e399-4db8-897a-d8ef21b5e0a7,707b6ccf-c9d9-4c1d-97f4-516b572b2f9d,1697663642423944444
6a69421f-e399-4db8-897a-d8ef21b5e0a7,707b6ccf-c9d9-4c1d-97f4-516b572b2f9d,1697663642465411111
6a69421f-e399-4db8-897a-d8ef21b5e0a7,707b6ccf-c9d9-4c1d-97f4-516b572b2f9d,1697663642494099999
6a69421f-e399-4db8-897a-d8ef21b5e0a7,707b6ccf-c9d9-4c1d-97f4-516b572b2f9d,1697663642526288888
6a69421f-e399-4db8-897a-d8ef21b5e0a7,707b6ccf-c9d9-4c1d-97f4-516b572b2f9d,1697663642562366666
6a69421f-e399-4db8-897a-d8ef21b5e0a7,707b6ccf-c9d9-4c1d-97f4-516b572b2f9d,1697663642599700000
6a69421f-e399-4db8-897a-d8ef21b5e0a7,707b6ccf-c9d9-4c1d-97f4-516b572b2f9d,1697663642628544444
6a69421f-e399-4db8-897a-d8ef21b5e0a7,707b6ccf-c9d9-4c1d-97f4-516b572b2f9d,1697663642662888888
6a69421f-e399-4db8-897a-d8ef21b5e0a7,707b6ccf-c9d9-4c1d-97f4-516b572b2f9d,1697663642694033333
6a69421f-e399-4db8-897a-d8ef21b5e0a7,707b6ccf-c9d9-4c1d-97f4-516b572b2f9d,1697663642728055555
6a69421f-e399-4db8-897a-d8ef21b5e0a7,707b6ccf-c9d9-4c1d-97f4-516b572b2f9d,1697663642768666666
6a69421f-e399-4db8-897a-d8ef21b5e0a7,707b6ccf-c9d9-4c1d-97f4-516b572b2f9d,1697663642797955555
6a69421f-e399-4db8-897a-d8ef21b5e0a7,707b6ccf-c9d9-4c1d-97f4-516b572b2f9d,1697663642819322222
6a69421f-e399-4db8-897a-d8ef21b5e0a7,707b6ccf-c9d9-4c1d-97f4-516b572b2f9d,1697663642850022222
6a69421f-e399-4db8-897a-d8ef21b5e0a7,707b6ccf-c9d9-4c1d-97f4-516b572b2f9d,1697663642888811111
6a69421f-e399-4db8-897a-d8ef21b5e0a7,707b6ccf-c9d9-4c1d-97f4-516b572b2f9d,1697663642920277777
6a69421f-e399-4db8-897a-d8ef21b5e0a7,707b6ccf-c9d9-4c1d-97f4-516b572b2f9d,1697663642952622222
6a69421f-e399-4db8-897a-d8ef21b5e0a7,707b6ccf-c9d9-4c1d-97f4-516b572b2f9d,1697663643000233333
6a69421f-e399-4db8-897a-d8ef21b5e0a7,707b6ccf-c9d9-4c1d-97f4-516b572b2f9d,1697663643019477777
6a69421f-e399-4db8-897a-d8ef21b5e0a7,707b6ccf-c9d9-4c1d-97f4-516b572b2f9d,1697663643064200000
6a69421f-e399-4db8-897a-d8ef21b5e0a7,707b6ccf-c9d9-4c1d-97f4-516b572b2f9d,1697663643094366666
6a69421f-e399-4db8-897a-d8ef21b5e0a7,707b6ccf-c9d9-4c1d-97f4-516b572b2f9d,1697663643127677777
6a69421f-e399-4db8-897a-d8ef21b5e0a7,707b6ccf-c9d9-4c1d-97f4-516b572b2f9d,1697663643164577777
6a69421f-e399-4db8-897a-d8ef21b5e0a7,707b6ccf-c9d9-4c1d-97f4-516b572b2f9d,1697663643198122222
6a69421f-e399-4db8-897a-d8ef21b5e0a7,707b6ccf-c9d9-4c1d-97f4-516b572b2f9d,1697663643230766666
6a69421f-e399-4db8-897a-d8ef21b5e0a7,707b6ccf-c9d9-4c1d-97f4-516b572b2f9d,1697663643256555555
6a69421f-e399-4db8-897a-d8ef21b5e0a7,707b6ccf-c9d9-4c1d-97f4-516b572b2f9d,1697663643294011111
6a69421f-e399-4db8-897a-d8ef21b5e0a7,707b6ccf-c9d9-4c1d-97f4-516b572b2f9d,1697663643328355555
6a69421f-e399-4db8-897a-d8ef21b5e0a7,707b6ccf-c9d9-4c1d-97f4-516b572b2f9d,1697663643361522222
6a69421f-e399-4db8-897a-d8ef21b5e0a7,707b6ccf-c9d9-4c1d-97f4-516b572b2f9d,1697663643395611111
6a69421f-e399-4db8-897a-d8ef21b5e0a7,707b6ccf-c9d9-4c1d-97f4-516b572b2f9d,1697663643427099999
6a69421f-e399-4db8-897a-d8ef21b5e0a7,707b6ccf-c9d9-4c1d-97f4-516b572b2f9d,1697663643473288888
6a69421f-e399-4db8-897a-d8ef21b5e0a7,707b6ccf-c9d9-4c1d-97f4-516b572b2f9d,1697663643491311111
6a69421f-e399-4db8-897a-d8ef21b5e0a7,707b6ccf-c9d9-4c1d-97f4-516b572b2f9d,1697663643520966666
6a69421f-e399-4db8-897a-d8ef21b5e0a7,707b6ccf-c9d9-4c1d-97f4-516b572b2f9d,1697663643550499999
6a69421f-e399-4db8-897a-d8ef21b5e0a7,707b6ccf-c9d9-4c1d-97f4-516b572b2f9d,1697663643589933333
6a69421f-e399-4db8-897a-d8ef21b5e0a7,707b6ccf-c9d9-4c1d-97f4-516b572b2f9d,1697663643625600000
6a69421f-e399-4db8-897a-d8ef21b5e0a7,707b6ccf-c9d9-4c1d-97f4-516b572b2f9d,1697663643656622222
6a69421f-e399-4db8-897a-d8ef21b5e0a7,707b6ccf-c9d9-4c1d-97f4-516b572b2f9d,1697663643696288888
6a69421f-e399-4db8-897a-d8ef21b5e0a7,707b6ccf-c9d9-4c1d-97f4-516b572b2f9d,1697663643725222222
6a69421f-e399-4db8-897a-d8ef21b5e0a7,707b6ccf-c9d9-4c1d-97f4-516b572b2f9d,1697663643757055555
6a69421f-e399-4db8-897a-d8ef21b5e0a7,707b6ccf-c9d9-4c1d-97f4-516b572b2f9d,1697663643798411111
6a69421f-e399-4db8-897a-d8ef21b5e0a7,707b6ccf-c9d9-4c1d-97f4-516b572b2f9d,1697663643827266666
6a69421f-e399-4db8-897a-d8ef21b5e0a7,707b6ccf-c9d9-4c1d-97f4-516b572b2f9d,1697663643860700000
6a69421f-e399-4db8-897a-d8ef21b5e0a7,707b6ccf-c9d9-4c1d-97f4-516b572b2f9d,1697663643898300000
6a69421f-e399-4db8-897a-d8ef21b5e0a7,707b6ccf-c9d9-4c1d-97f4-516b572b2f9d,1697663643928488888
6a69421f-e399-4db8-897a-d8ef21b5e0a7,707b6ccf-c9d9-4c1d-97f4-516b572b2f9d,1697663643959033333
6a69421f-e399-4db8-897a-d8ef21b5e0a7,707b6ccf-c9d9-4c1d-97f4-516b572b2f9d,1697663643995055555
6a69421f-e399-4db8-897a-d8ef21b5e0a7,707b6ccf-c9d9-4c1d-97f4-516b572b2f9d,1697663644026855555
6a69421f-e399-4db8-897a-d8ef21b5e0a7,707b6ccf-c9d9-4c1d-97f4-516b572b2f9d,1697663644058800000
6a69421f-e399-4db8-897a-d8ef21b5e0a7,707b6ccf-c9d9-4c1d-97f4-516b572b2f9d,1697663644094977777
6a69421f-e399-4db8-897a-d8ef21b5e0a7,707b6ccf-c9d9-4c1d-97f4-516b572b2f9d,1697663644147788888
6a69421f-e399-4db8-897a-d8ef21b5e0a7,707b6ccf-c9d9-4c1d-97f4-516b572b2f9d,1697663644159188888
6a69421f-e399-4db8-897a-d8ef21b5e0a7,707b6ccf-c9d9-4c1d-97f4-516b572b2f9d,1697663644187788888
6a69421f-e399-4db8-897a-d8ef21b5e0a7,707b6ccf-c9d9-4c1d-97f4-516b572b2f9d,1697663644219744444
6a69421f-e399-4db8-897a-d8ef21b5e0a7,707b6ccf-c9d9-4c1d-97f4-516b572b2f9d,1697663644263222222
6a69421f-e399-4db8-897a-d8ef21b5e0a7,707b6ccf-c9d9-4c1d-97f4-516b572b2f9d,1697663644286855555
6a69421f-e399-4db8-897a-d8ef21b5e0a7,707b6ccf-c9d9-4c1d-97f4-516b572b2f9d,1697663644331177777
6a69421f-e399-4db8-897a-d8ef21b5e0a7,707b6ccf-c9d9-4c1d-97f4-516b572b2f9d,1697663644359755555
6a69421f-e399-4db8-897a-d8ef21b5e0a7,707b6ccf-c9d9-4c1d-97f4-516b572b2f9d,1697663644395088888
6a69421f-e399-4db8-897a-d8ef21b5e0a7,707b6ccf-c9d9-4c1d-97f4-516b572b2f9d,1697663644426088888
6a69421f-e399-4db8-897a-d8ef21b5e0a7,707b6ccf-c9d9-4c1d-97f4-516b572b2f9d,1697663644457255555
6a69421f-e399-4db8-897a-d8ef21b5e0a7,707b6ccf-c9d9-4c1d-97f4-516b572b2f9d,1697663644494666666
6a69421f-e399-4db8-897a-d8ef21b5e0a7,707b6ccf-c9d9-4c1d-97f4-516b572b2f9d,1697663644526877777
6a69421f-e399-4db8-897a-d8ef21b5e0a7,707b6ccf-c9d9-4c1d-97f4-516b572b2f9d,1697663644562688888
6a69421f-e399-4db8-897a-d8ef21b5e0a7,707b6ccf-c9d9-4c1d-97f4-516b572b2f9d,1697663644595944444
6a69421f-e399-4db8-897a-d8ef21b5e0a7,707b6ccf-c9d9-4c1d-97f4-516b572b2f9d,1697663644627577777
6a69421f-e399-4db8-897a-d8ef21b5e0a7,707b6ccf-c9d9-4c1d-97f4-516b572b2f9d,1697663644659788888
6a69421f-e399-4db8-897a-d8ef21b5e0a7,707b6ccf-c9d9-4c1d-97f4-516b572b2f9d,1697663644703277777
6a69421f-e399-4db8-897a-d8ef21b5e0a7,707b6ccf-c9d9-4c1d-97f4-516b572b2f9d,1697663644729100000
6a69421f-e399-4db8-897a-d8ef21b5e0a7,707b6ccf-c9d9-4c1d-97f4-516b572b2f9d,1697663644762644444
6a69421f-e399-4db8-897a-d8ef21b5e0a7,707b6ccf-c9d9-4c1d-97f4-516b572b2f9d,1697663644793977777
6a69421f-e399-4db8-897a-d8ef21b5e0a7,707b6ccf-c9d9-4c1d-97f4-516b572b2f9d,1697663644820133333
6a69421f-e399-4db8-897a-d8ef21b5e0a7,707b6ccf-c9d9-4c1d-97f4-516b572b2f9d,1697663644866344444
6a69421f-e399-4db8-897a-d8ef21b5e0a7,707b6ccf-c9d9-4c1d-97f4-516b572b2f9d,1697663644888333333
6a69421f-e399-4db8-897a-d8ef21b5e0a7,707b6ccf-c9d9-4c1d-97f4-516b572b2f9d,1697663644926222222
6a69421f-e399-4db8-897a-d8ef21b5e0a7,707b6ccf-c9d9-4c1d-97f4-516b572b2f9d,1697663644960788888
6a69421f-e399-4db8-897a-d8ef21b5e0a7,707b6ccf-c9d9-4c1d-97f4-516b572b2f9d,1697663644991388888
6a69421f-e399-4db8-897a-d8ef21b5e0a7,707b6ccf-c9d9-4c1d-97f4-516b572b2f9d,1697663645026955555
6a69421f-e399-4db8-897a-d8ef21b5e0a7,707b6ccf-c9d9-4c1d-97f4-516b572b2f9d,1697663645059077777
6a69421f-e399-4db8-897a-d8ef21b5e0a7,707b6ccf-c9d9-4c1d-97f4-516b572b2f9d,1697663645095611111
6a69421f-e399-4db8-897a-d8ef21b5e0a7,707b6ccf-c9d9-4c1d-97f4-516b572b2f9d,1697663645127033333
6a69421f-e399-4db8-897a-d8ef21b5e0a7,707b6ccf-c9d9-4c1d-97f4-516b572b2f9d,1697663645159833333
6a69421f-e399-4db8-897a-d8ef21b5e0a7,707b6ccf-c9d9-4c1d-97f4-516b572b2f9d,1697663645197255555
6a69421f-e399-4db8-897a-d8ef21b5e0a7,707b6ccf-c9d9-4c1d-97f4-516b572b2f9d,1697663645231577777
6a69421f-e399-4db8-897a-d8ef21b5e0a7,707b6ccf-c9d9-4c1d-97f4-516b572b2f9d,1697663645262211111
6a69421f-e399-4db8-897a-d8ef21b5e0a7,707b6ccf-c9d9-4c1d-97f4-516b572b2f9d,1697663645294900000
6a69421f-e399-4db8-897a-d8ef21b5e0a7,707b6ccf-c9d9-4c1d-97f4-516b572b2f9d,1697663645326077777
6a69421f-e399-4db8-897a-d8ef21b5e0a7,707b6ccf-c9d9-4c1d-97f4-516b572b2f9d,1697663645360000000
6a69421f-e399-4db8-897a-d8ef21b5e0a7,707b6ccf-c9d9-4c1d-97f4-516b572b2f9d,1697663645394144444
6a69421f-e399-4db8-897a-d8ef21b5e0a7,707b6ccf-c9d9-4c1d-97f4-516b572b2f9d,1697663645429433333
6a69421f-e399-4db8-897a-d8ef21b5e0a7,707b6ccf-c9d9-4c1d-97f4-516b572b2f9d,1697663645466811111
6a69421f-e399-4db8-897a-d8ef21b5e0a7,707b6ccf-c9d9-4c1d-97f4-516b572b2f9d,1697663645487677777
6a69421f-e399-4db8-897a-d8ef21b5e0a7,707b6ccf-c9d9-4c1d-97f4-516b572b2f9d,1697663645518466666
6a69421f-e399-4db8-897a-d8ef21b5e0a7,707b6ccf-c9d9-4c1d-97f4-516b572b2f9d,1697663645551722222
6a69421f-e399-4db8-897a-d8ef21b5e0a7,707b6ccf-c9d9-4c1d-97f4-516b572b2f9d,1697663645599233333
6a69421f-e399-4db8-897a-d8ef21b5e0a7,707b6ccf-c9d9-4c1d-97f4-516b572b2f9d,1697663645629300000
6a69421f-e399-4db8-897a-d8ef21b5e0a7,707b6ccf-c9d9-4c1d-97f4-516b572b2f9d,1697663645659844444
6a69421f-e399-4db8-897a-d8ef21b5e0a7,707b6ccf-c9d9-4c1d-97f4-516b572b2f9d,1697663645698522222
6a69421f-e399-4db8-897a-d8ef21b5e0a7,707b6ccf-c9d9-4c1d-97f4-516b572b2f9d,1697663645727722222
6a69421f-e399-4db8-897a-d8ef21b5e0a7,707b6ccf-c9d9-4c1d-97f4-516b572b2f9d,1697663645761611111
6a69421f-e399-4db8-897a-d8ef21b5e0a7,707b6ccf-c9d9-4c1d-97f4-516b572b2f9d,1697663645796166666
6a69421f-e399-4db8-897a-d8ef21b5e0a7,707b6ccf-c9d9-4c1d-97f4-516b572b2f9d,1697663645825866666
6a69421f-e399-4db8-897a-d8ef21b5e0a7,707b6ccf-c9d9-4c1d-97f4-516b572b2f9d,1697663645858788888
6a69421f-e399-4db8-897a-d8ef21b5e0a7,707b6ccf-c9d9-4c1d-97f4-516b572b2f9d,1697663645895944444
6a69421f-e399-4db8-897a-d8ef21b5e0a7,707b6ccf-c9d9-4c1d-97f4-516b572b2f9d,1697663645927722222
6a69421f-e399-4db8-897a-d8ef21b5e0a7,707b6ccf-c9d9-4c1d-97f4-516b572b2f9d,1697663645959588888
6a69421f-e399-4db8-897a-d8ef21b5e0a7,707b6ccf-c9d9-4c1d-97f4-516b572b2f9d,1697663645995577777
6a69421f-e399-4db8-897a-d8ef21b5e0a7,707b6ccf-c9d9-4c1d-97f4-516b572b2f9d,1697663646025566666
6a69421f-e399-4db8-897a-d8ef21b5e0a7,707b6ccf-c9d9-4c1d-97f4-516b572b2f9d,1697663646062088888
6a69421f-e399-4db8-897a-d8ef21b5e0a7,707b6ccf-c9d9-4c1d-97f4-516b572b2f9d,1697663646096288888
6a69421f-e399-4db8-897a-d8ef21b5e0a7,707b6ccf-c9d9-4c1d-97f4-516b572b2f9d,1697663646121255555
6a69421f-e399-4db8-897a-d8ef21b5e0a7,707b6ccf-c9d9-4c1d-97f4-516b572b2f9d,1697663646149988888
6a69421f-e399-4db8-897a-d8ef21b5e0a7,707b6ccf-c9d9-4c1d-97f4-516b572b2f9d,1697663646202388888
6a69421f-e399-4db8-897a-d8ef21b5e0a7,707b6ccf-c9d9-4c1d-97f4-516b572b2f9d,1697663646220666666
6a69421f-e399-4db8-897a-d8ef21b5e0a7,707b6ccf-c9d9-4c1d-97f4-516b572b2f9d,1697663646249566666
6a69421f-e399-4db8-897a-d8ef21b5e0a7,707b6ccf-c9d9-4c1d-97f4-516b572b2f9d,1697663646290355555
6a69421f-e399-4db8-897a-d8ef21b5e0a7,707b6ccf-c9d9-4c1d-97f4-516b572b2f9d,1697663646326477777
6a69421f-e399-4db8-897a-d8ef21b5e0a7,707b6ccf-c9d9-4c1d-97f4-516b572b2f9d,1697663646364833333
6a69421f-e399-4db8-897a-d8ef21b5e0a7,707b6ccf-c9d9-4c1d-97f4-516b572b2f9d,1697663646390333333
6a69421f-e399-4db8-897a-d8ef21b5e0a7,707b6ccf-c9d9-4c1d-97f4-516b572b2f9d,1697663646426066666
6a69421f-e399-4db8-897a-d8ef21b5e0a7,707b6ccf-c9d9-4c1d-97f4-516b572b2f9d,1697663646461300000
6a69421f-e399-4db8-897a-d8ef21b5e0a7,707b6ccf-c9d9-4c1d-97f4-516b572b2f9d,1697663646489755555
6a69421f-e399-4db8-897a-d8ef21b5e0a7,707b6ccf-c9d9-4c1d-97f4-516b572b2f9d,1697663646527344444
6a69421f-e399-4db8-897a-d8ef21b5e0a7,707b6ccf-c9d9-4c1d-97f4-516b572b2f9d,1697663646559655555
6a69421f-e399-4db8-897a-d8ef21b5e0a7,707b6ccf-c9d9-4c1d-97f4-516b572b2f9d,1697663646592944444
6a69421f-e399-4db8-897a-d8ef21b5e0a7,707b6ccf-c9d9-4c1d-97f4-516b572b2f9d,1697663646624500000
6a69421f-e399-4db8-897a-d8ef21b5e0a7,707b6ccf-c9d9-4c1d-97f4-516b572b2f9d,1697663646662855555
6a69421f-e399-4db8-897a-d8ef21b5e0a7,707b6ccf-c9d9-4c1d-97f4-516b572b2f9d,1697663646686511111
6a69421f-e399-4db8-897a-d8ef21b5e0a7,707b6ccf-c9d9-4c1d-97f4-516b572b2f9d,1697663646728977777
6a69421f-e399-4db8-897a-d8ef21b5e0a7,707b6ccf-c9d9-4c1d-97f4-516b572b2f9d,1697663646762911111
6a69421f-e399-4db8-897a-d8ef21b5e0a7,707b6ccf-c9d9-4c1d-97f4-516b572b2f9d,1697663646780844444
6a69421f-e399-4db8-897a-d8ef21b5e0a7,707b6ccf-c9d9-4c1d-97f4-516b572b2f9d,1697663646819933333
6a69421f-e399-4db8-897a-d8ef21b5e0a7,707b6ccf-c9d9-4c1d-97f4-516b572b2f9d,1697663646851166666
6a69421f-e399-4db8-897a-d8ef21b5e0a7,707b6ccf-c9d9-4c1d-97f4-516b572b2f9d,1697663646884155555
6a69421f-e399-4db8-897a-d8ef21b5e0a7,707b6ccf-c9d9-4c1d-97f4-516b572b2f9d,1697663646917233333
6a69421f-e399-4db8-897a-d8ef21b5e0a7,707b6ccf-c9d9-4c1d-97f4-516b572b2f9d,1697663646961866666
6a69421f-e399-4db8-897a-d8ef21b5e0a7,707b6ccf-c9d9-4c1d-97f4-516b572b2f9d,1697663646989755555
6a69421f-e399-4db8-897a-d8ef21b5e0a7,707b6ccf-c9d9-4c1d-97f4-516b572b2f9d,1697663647028222222
6a69421f-e399-4db8-897a-d8ef21b5e0a7,707b6ccf-c9d9-4c1d-97f4-516b572b2f9d,1697663647060088888
6a69421f-e399-4db8-897a-d8ef21b5e0a7,707b6ccf-c9d9-4c1d-97f4-516b572b2f9d,1697663647090244444
6a69421f-e399-4db8-897a-d8ef21b5e0a7,707b6ccf-c9d9-4c1d-97f4-516b572b2f9d,1697663647128600000
6a69421f-e399-4db8-897a-d8ef21b5e0a7,707b6ccf-c9d9-4c1d-97f4-516b572b2f9d,1697663647159633333
6a69421f-e399-4db8-897a-d8ef21b5e0a7,707b6ccf-c9d9-4c1d-97f4-516b572b2f9d,1697663647190766666
6a69421f-e399-4db8-897a-d8ef21b5e0a7,707b6ccf-c9d9-4c1d-97f4-516b572b2f9d,1697663647230366666
6a69421f-e399-4db8-897a-d8ef21b5e0a7,707b6ccf-c9d9-4c1d-97f4-516b572b2f9d,1697663647261555555
6a69421f-e399-4db8-897a-d8ef21b5e0a7,707b6ccf-c9d9-4c1d-97f4-516b572b2f9d,1697663647291688888
6a69421f-e399-4db8-897a-d8ef21b5e0a7,707b6ccf-c9d9-4c1d-97f4-516b572b2f9d,1697663647328033333
6a69421f-e399-4db8-897a-d8ef21b5e0a7,707b6ccf-c9d9-4c1d-97f4-516b572b2f9d,1697663647363033333
6a69421f-e399-4db8-897a-d8ef21b5e0a7,707b6ccf-c9d9-4c1d-97f4-516b572b2f9d,1697663647391300000
6a69421f-e399-4db8-897a-d8ef21b5e0a7,707b6ccf-c9d9-4c1d-97f4-516b572b2f9d,1697663647433566666
6a69421f-e399-4db8-897a-d8ef21b5e0a7,707b6ccf-c9d9-4c1d-97f4-516b572b2f9d,1697663647452544444
6a69421f-e399-4db8-897a-d8ef21b5e0a7,707b6ccf-c9d9-4c1d-97f4-516b572b2f9d,1697663647489255555
6a69421f-e399-4db8-897a-d8ef21b5e0a7,707b6ccf-c9d9-4c1d-97f4-516b572b2f9d,1697663647522955555
6a69421f-e399-4db8-897a-d8ef21b5e0a7,707b6ccf-c9d9-4c1d-97f4-516b572b2f9d,1697663647558244444
6a69421f-e399-4db8-897a-d8ef21b5e0a7,707b6ccf-c9d9-4c1d-97f4-516b572b2f9d,1697663647583244444
6a69421f-e399-4db8-897a-d8ef21b5e0a7,707b6ccf-c9d9-4c1d-97f4-516b572b2f9d,1697663647626477777
6a69421f-e399-4db8-897a-d8ef21b5e0a7,707b6ccf-c9d9-4c1d-97f4-516b572b2f9d,1697663647660200000
6a69421f-e399-4db8-897a-d8ef21b5e0a7,707b6ccf-c9d9-4c1d-97f4-516b572b2f9d,1697663647689855555
6a69421f-e399-4db8-897a-d8ef21b5e0a7,707b6ccf-c9d9-4c1d-97f4-516b572b2f9d,1697663647731255555
6a69421f-e399-4db8-897a-d8ef21b5e0a7,707b6ccf-c9d9-4c1d-97f4-516b572b2f9d,1697663647759822222
6a69421f-e399-4db8-897a-d8ef21b5e0a7,707b6ccf-c9d9-4c1d-97f4-516b572b2f9d,1697663647790733333
6a69421f-e399-4db8-897a-d8ef21b5e0a7,707b6ccf-c9d9-4c1d-97f4-516b572b2f9d,1697663647827788888
6a69421f-e399-4db8-897a-d8ef21b5e0a7,707b6ccf-c9d9-4c1d-97f4-516b572b2f9d,1697663647858388888
6a69421f-e399-4db8-897a-d8ef21b5e0a7,707b6ccf-c9d9-4c1d-97f4-516b572b2f9d,1697663647891711111
6a69421f-e399-4db8-897a-d8ef21b5e0a7,707b6ccf-c9d9-4c1d-97f4-516b572b2f9d,1697663647928455555
6a69421f-e399-4db8-897a-d8ef21b5e0a7,707b6ccf-c9d9-4c1d-97f4-516b572b2f9d,1697663647961600000
6a69421f-e399-4db8-897a-d8ef21b5e0a7,707b6ccf-c9d9-4c1d-97f4-516b572b2f9d,1697663647990522222
6a69421f-e399-4db8-897a-d8ef21b5e0a7,707b6ccf-c9d9-4c1d-97f4-516b572b2f9d,1697663648029866666
6a69421f-e399-4db8-897a-d8ef21b5e0a7,707b6ccf-c9d9-4c1d-97f4-516b572b2f9d,1697663648061466666
6a69421f-e399-4db8-897a-d8ef21b5e0a7,707b6ccf-c9d9-4c1d-97f4-516b572b2f9d,1697663648092433333
6a69421f-e399-4db8-897a-d8ef21b5e0a7,707b6ccf-c9d9-4c1d-97f4-516b572b2f9d,1697663648118022222
6a69421f-e399-4db8-897a-d8ef21b5e0a7,707b6ccf-c9d9-4c1d-97f4-516b572b2f9d,1697663648166011111
6a69421f-e399-4db8-897a-d8ef21b5e0a7,707b6ccf-c9d9-4c1d-97f4-516b572b2f9d,1697663648188044444
6a69421f-e399-4db8-897a-d8ef21b5e0a7,707b6ccf-c9d9-4c1d-97f4-516b572b2f9d,1697663648220355555
6a69421f-e399-4db8-897a-d8ef21b5e0a7,707b6ccf-c9d9-4c1d-97f4-516b572b2f9d,1697663648251744444
6a69421f-e399-4db8-897a-d8ef21b5e0a7,707b6ccf-c9d9-4c1d-97f4-516b572b2f9d,1697663648291166666
6a69421f-e399-4db8-897a-d8ef21b5e0a7,707b6ccf-c9d9-4c1d-97f4-516b572b2f9d,1697663648326111111
6a69421f-e399-4db8-897a-d8ef21b5e0a7,707b6ccf-c9d9-4c1d-97f4-516b572b2f9d,1697663648366133333
6a69421f-e399-4db8-897a-d8ef21b5e0a7,707b6ccf-c9d9-4c1d-97f4-516b572b2f9d,1697663648382022222
6a69421f-e399-4db8-897a-d8ef21b5e0a7,707b6ccf-c9d9-4c1d-97f4-516b572b2f9d,1697663648426411111
6a69421f-e399-4db8-897a-d8ef21b5e0a7,707b6ccf-c9d9-4c1d-97f4-516b572b2f9d,1697663648458088888
6a69421f-e399-4db8-897a-d8ef21b5e0a7,707b6ccf-c9d9-4c1d-97f4-516b572b2f9d,1697663648490755555
6a69421f-e399-4db8-897a-d8ef21b5e0a7,707b6ccf-c9d9-4c1d-97f4-516b572b2f9d,1697663648526722222
6a69421f-e399-4db8-897a-d8ef21b5e0a7,707b6ccf-c9d9-4c1d-97f4-516b572b2f9d,1697663648558477777
6a69421f-e399-4db8-897a-d8ef21b5e0a7,707b6ccf-c9d9-4c1d-97f4-516b572b2f9d,1697663648590766666
6a69421f-e399-4db8-897a-d8ef21b5e0a7,707b6ccf-c9d9-4c1d-97f4-516b572b2f9d,1697663648627588888
6a69421f-e399-4db8-897a-d8ef21b5e0a7,707b6ccf-c9d9-4c1d-97f4-516b572b2f9d,1697663648661211111
6a69421f-e399-4db8-897a-d8ef21b5e0a7,707b6ccf-c9d9-4c1d-97f4-516b572b2f9d,1697663648694288888
6a69421f-e399-4db8-897a-d8ef21b5e0a7,707b6ccf-c9d9-4c1d-97f4-516b572b2f9d,1697663648727788888
6a69421f-e399-4db8-897a-d8ef21b5e0a7,707b6ccf-c9d9-4c1d-97f4-516b572b2f9d,1697663648769288888
6a69421f-e399-4db8-897a-d8ef21b5e0a7,707b6ccf-c9d9-4c1d-97f4-516b572b2f9d,1697663648784511111
6a69421f-e399-4db8-897a-d8ef21b5e0a7,707b6ccf-c9d9-4c1d-97f4-516b572b2f9d,1697663648829000000
6a69421f-e399-4db8-897a-d8ef21b5e0a7,707b6ccf-c9d9-4c1d-97f4-516b572b2f9d,1697663648851322222
6a69421f-e399-4db8-897a-d8ef21b5e0a7,707b6ccf-c9d9-4c1d-97f4-516b572b2f9d,1697663648891844444
6a69421f-e399-4db8-897a-d8ef21b5e0a7,707b6ccf-c9d9-4c1d-97f4-516b572b2f9d,1697663648929966666
6a69421f-e399-4db8-897a-d8ef21b5e0a7,707b6ccf-c9d9-4c1d-97f4-516b572b2f9d,1697663648958900000
6a69421f-e399-4db8-897a-d8ef21b5e0a7,707b6ccf-c9d9-4c1d-97f4-516b572b2f9d,1697663648990677777
6a69421f-e399-4db8-897a-d8ef21b5e0a7,707b6ccf-c9d9-4c1d-97f4-516b572b2f9d,1697663649030044444
6a69421f-e399-4db8-897a-d8ef21b5e0a7,707b6ccf-c9d9-4c1d-97f4-516b572b2f9d,1697663649068411111
6a69421f-e399-4db8-897a-d8ef21b5e0a7,707b6ccf-c9d9-4c1d-97f4-516b572b2f9d,1697663649091977777
6a69421f-e399-4db8-897a-d8ef21b5e0a7,707b6ccf-c9d9-4c1d-97f4-516b572b2f9d,1697663649125666666
6a69421f-e399-4db8-897a-d8ef21b5e0a7,707b6ccf-c9d9-4c1d-97f4-516b572b2f9d,1697663649161166666
6a69421f-e399-4db8-897a-d8ef21b5e0a7,707b6ccf-c9d9-4c1d-97f4-516b572b2f9d,1697663649190355555
6a69421f-e399-4db8-897a-d8ef21b5e0a7,707b6ccf-c9d9-4c1d-97f4-516b572b2f9d,1697663649229811111
6a69421f-e399-4db8-897a-d8ef21b5e0a7,707b6ccf-c9d9-4c1d-97f4-516b572b2f9d,1697663649257888888
6a69421f-e399-4db8-897a-d8ef21b5e0a7,707b6ccf-c9d9-4c1d-97f4-516b572b2f9d,1697663649294111111
6a69421f-e399-4db8-897a-d8ef21b5e0a7,707b6ccf-c9d9-4c1d-97f4-516b572b2f9d,1697663649322177777
6a69421f-e399-4db8-897a-d8ef21b5e0a7,707b6ccf-c9d9-4c1d-97f4-516b572b2f9d,1697663649359033333
6a69421f-e399-4db8-897a-d8ef21b5e0a7,707b6ccf-c9d9-4c1d-97f4-516b572b2f9d,1697663649389955555
6a69421f-e399-4db8-897a-d8ef21b5e0a7,707b6ccf-c9d9-4c1d-97f4-516b572b2f9d,1697663649422088888
6a69421f-e399-4db8-897a-d8ef21b5e0a7,707b6ccf-c9d9-4c1d-97f4-516b572b2f9d,1697663649453122222
6a69421f-e399-4db8-897a-d8ef21b5e0a7,707b6ccf-c9d9-4c1d-97f4-516b572b2f9d,1697663649488300000
6a69421f-e399-4db8-897a-d8ef21b5e0a7,707b6ccf-c9d9-4c1d-97f4-516b572b2f9d,1697663649521233333
6a69421f-e399-4db8-897a-d8ef21b5e0a7,707b6ccf-c9d9-4c1d-97f4-516b572b2f9d,1697663649551455555
6a69421f-e399-4db8-897a-d8ef21b5e0a7,707b6ccf-c9d9-4c1d-97f4-516b572b2f9d,1697663649593655555
6a69421f-e399-4db8-897a-d8ef21b5e0a7,707b6ccf-c9d9-4c1d-97f4-516b572b2f9d,1697663649623277777
6a69421f-e399-4db8-897a-d8ef21b5e0a7,707b6ccf-c9d9-4c1d-97f4-516b572b2f9d,1697663649657766666
6a69421f-e399-4db8-897a-d8ef21b5e0a7,707b6ccf-c9d9-4c1d-97f4-516b572b2f9d,1697663649691455555
6a69421f-e399-4db8-897a-d8ef21b5e0a7,707b6ccf-c9d9-4c1d-97f4-516b572b2f9d,1697663649726833333
6a69421f-e399-4db8-897a-d8ef21b5e0a7,707b6ccf-c9d9-4c1d-97f4-516b572b2f9d,1697663649761288888
6a69421f-e399-4db8-897a-d8ef21b5e0a7,707b6ccf-c9d9-4c1d-97f4-516b572b2f9d,1697663649782411111
6a69421f-e399-4db8-897a-d8ef21b5e0a7,707b6ccf-c9d9-4c1d-97f4-516b572b2f9d,1697663649825800000
6a69421f-e399-4db8-897a-d8ef21b5e0a7,707b6ccf-c9d9-4c1d-97f4-516b572b2f9d,1697663649858633333
6a69421f-e399-4db8-897a-d8ef21b5e0a7,707b6ccf-c9d9-4c1d-97f4-516b572b2f9d,1697663649890955555
6a69421f-e399-4db8-897a-d8ef21b5e0a7,707b6ccf-c9d9-4c1d-97f4-516b572b2f9d,1697663649922222222
6a69421f-e399-4db8-897a-d8ef21b5e0a7,707b6ccf-c9d9-4c1d-97f4-516b572b2f9d,1697663649963266666
6a69421f-e399-4db8-897a-d8ef21b5e0a7,707b6ccf-c9d9-4c1d-97f4-516b572b2f9d,1697663649994877777
6a69421f-e399-4db8-897a-d8ef21b5e0a7,707b6ccf-c9d9-4c1d-97f4-516b572b2f9d,1697663650021844444
6a69421f-e399-4db8-897a-d8ef21b5e0a7,707b6ccf-c9d9-4c1d-97f4-516b572b2f9d,1697663650060155555
6a69421f-e399-4db8-897a-d8ef21b5e0a7,707b6ccf-c9d9-4c1d-97f4-516b572b2f9d,1697663650097077777
6a69421f-e399-4db8-897a-d8ef21b5e0a7,707b6ccf-c9d9-4c1d-97f4-516b572b2f9d,1697663650135666666
6a69421f-e399-4db8-897a-d8ef21b5e0a7,707b6ccf-c9d9-4c1d-97f4-516b572b2f9d,1697663650155600000
6a69421f-e399-4db8-897a-d8ef21b5e0a7,707b6ccf-c9d9-4c1d-97f4-516b572b2f9d,1697663650199077777
6a69421f-e399-4db8-897a-d8ef21b5e0a7,707b6ccf-c9d9-4c1d-97f4-516b572b2f9d,1697663650222566666
6a69421f-e399-4db8-897a-d8ef21b5e0a7,707b6ccf-c9d9-4c1d-97f4-516b572b2f9d,1697663650262633333
6a69421f-e399-4db8-897a-d8ef21b5e0a7,707b6ccf-c9d9-4c1d-97f4-516b572b2f9d,1697663650282455555
6a69421f-e399-4db8-897a-d8ef21b5e0a7,707b6ccf-c9d9-4c1d-97f4-516b572b2f9d,1697663650327188888
6a69421f-e399-4db8-897a-d8ef21b5e0a7,707b6ccf-c9d9-4c1d-97f4-516b572b2f9d,1697663650359155555
6a69421f-e399-4db8-897a-d8ef21b5e0a7,707b6ccf-c9d9-4c1d-97f4-516b572b2f9d,1697663650391222222
6a69421f-e399-4db8-897a-d8ef21b5e0a7,707b6ccf-c9d9-4c1d-97f4-516b572b2f9d,1697663650422511111
6a69421f-e399-4db8-897a-d8ef21b5e0a7,707b6ccf-c9d9-4c1d-97f4-516b572b2f9d,1697663650462400000
6a69421f-e399-4db8-897a-d8ef21b5e0a7,707b6ccf-c9d9-4c1d-97f4-516b572b2f9d,1697663650484022222
6a69421f-e399-4db8-897a-d8ef21b5e0a7,707b6ccf-c9d9-4c1d-97f4-516b572b2f9d,1697663650529911111
6a69421f-e399-4db8-897a-d8ef21b5e0a7,707b6ccf-c9d9-4c1d-97f4-516b572b2f9d,1697663650561800000
6a69421f-e399-4db8-897a-d8ef21b5e0a7,707b6ccf-c9d9-4c1d-97f4-516b572b2f9d,1697663650589411111
6a69421f-e399-4db8-897a-d8ef21b5e0a7,707b6ccf-c9d9-4c1d-97f4-516b572b2f9d,1697663650622577777
6a69421f-e399-4db8-897a-d8ef21b5e0a7,707b6ccf-c9d9-4c1d-97f4-516b572b2f9d,1697663650661033333
6a69421f-e399-4db8-897a-d8ef21b5e0a7,707b6ccf-c9d9-4c1d-97f4-516b572b2f9d,1697663650689388888
6a69421f-e399-4db8-897a-d8ef21b5e0a7,707b6ccf-c9d9-4c1d-97f4-516b572b2f9d,1697663650721311111
6a69421f-e399-4db8-897a-d8ef21b5e0a7,707b6ccf-c9d9-4c1d-97f4-516b572b2f9d,1697663650754788888
6a69421f-e399-4db8-897a-d8ef21b5e0a7,707b6ccf-c9d9-4c1d-97f4-516b572b2f9d,1697663650791755555
6a69421f-e399-4db8-897a-d8ef21b5e0a7,707b6ccf-c9d9-4c1d-97f4-516b572b2f9d,1697663650819266666
6a69421f-e399-4db8-897a-d8ef21b5e0a7,707b6ccf-c9d9-4c1d-97f4-516b572b2f9d,1697663650856311111
6a69421f-e399-4db8-897a-d8ef21b5e0a7,707b6ccf-c9d9-4c1d-97f4-516b572b2f9d,1697663650884411111
6a69421f-e399-4db8-897a-d8ef21b5e0a7,707b6ccf-c9d9-4c1d-97f4-516b572b2f9d,1697663650926944444
6a69421f-e399-4db8-897a-d8ef21b5e0a7,707b6ccf-c9d9-4c1d-97f4-516b572b2f9d,1697663650958788888
6a69421f-e399-4db8-897a-d8ef21b5e0a7,707b6ccf-c9d9-4c1d-97f4-516b572b2f9d,1697663650989488888
6a69421f-e399-4db8-897a-d8ef21b5e0a7,707b6ccf-c9d9-4c1d-97f4-516b572b2f9d,1697663651027033333
6a69421f-e399-4db8-897a-d8ef21b5e0a7,707b6ccf-c9d9-4c1d-97f4-516b572b2f9d,1697663651061722222
6a69421f-e399-4db8-897a-d8ef21b5e0a7,707b6ccf-c9d9-4c1d-97f4-516b572b2f9d,1697663651094333333
6a69421f-e399-4db8-897a-d8ef21b5e0a7,707b6ccf-c9d9-4c1d-97f4-516b572b2f9d,1697663651121866666
6a69421f-e399-4db8-897a-d8ef21b5e0a7,707b6ccf-c9d9-4c1d-97f4-516b572b2f9d,1697663651160444444
6a69421f-e399-4db8-897a-d8ef21b5e0a7,707b6ccf-c9d9-4c1d-97f4-516b572b2f9d,1697663651183222222
6a69421f-e399-4db8-897a-d8ef21b5e0a7,707b6ccf-c9d9-4c1d-97f4-516b572b2f9d,1697663651228488888
6a69421f-e399-4db8-897a-d8ef21b5e0a7,707b6ccf-c9d9-4c1d-97f4-516b572b2f9d,1697663651262744444
6a69421f-e399-4db8-897a-d8ef21b5e0a7,707b6ccf-c9d9-4c1d-97f4-516b572b2f9d,1697663651292200000
6a69421f-e399-4db8-897a-d8ef21b5e0a7,707b6ccf-c9d9-4c1d-97f4-516b572b2f9d,1697663651323033333
6a69421f-e399-4db8-897a-d8ef21b5e0a7,707b6ccf-c9d9-4c1d-97f4-516b572b2f9d,1697663651359611111
6a69421f-e399-4db8-897a-d8ef21b5e0a7,707b6ccf-c9d9-4c1d-97f4-516b572b2f9d,1697663651401733333
6a69421f-e399-4db8-897a-d8ef21b5e0a7,707b6ccf-c9d9-4c1d-97f4-516b572b2f9d,1697663651414977777
6a69421f-e399-4db8-897a-d8ef21b5e0a7,707b6ccf-c9d9-4c1d-97f4-516b572b2f9d,1697663651453433333
6a69421f-e399-4db8-897a-d8ef21b5e0a7,707b6ccf-c9d9-4c1d-97f4-516b572b2f9d,1697663651489222222
6a69421f-e399-4db8-897a-d8ef21b5e0a7,707b6ccf-c9d9-4c1d-97f4-516b572b2f9d,1697663651540088888
6a69421f-e399-4db8-897a-d8ef21b5e0a7,707b6ccf-c9d9-4c1d-97f4-516b572b2f9d,1697663651551233333
6a69421f-e399-4db8-897a-d8ef21b5e0a7,707b6ccf-c9d9-4c1d-97f4-516b572b2f9d,1697663651592000000
6a69421f-e399-4db8-897a-d8ef21b5e0a7,707b6ccf-c9d9-4c1d-97f4-516b572b2f9d,1697663651622633333
6a69421f-e399-4db8-897a-d8ef21b5e0a7,707b6ccf-c9d9-4c1d-97f4-516b572b2f9d,1697663651662266666
6a69421f-e399-4db8-897a-d8ef21b5e0a7,707b6ccf-c9d9-4c1d-97f4-516b572b2f9d,1697663651683977777
6a69421f-e399-4db8-897a-d8ef21b5e0a7,707b6ccf-c9d9-4c1d-97f4-516b572b2f9d,1697663651726466666
6a69421f-e399-4db8-897a-d8ef21b5e0a7,707b6ccf-c9d9-4c1d-97f4-516b572b2f9d,1697663651761300000
6a69421f-e399-4db8-897a-d8ef21b5e0a7,707b6ccf-c9d9-4c1d-97f4-516b572b2f9d,1697663651785555555
6a69421f-e399-4db8-897a-d8ef21b5e0a7,707b6ccf-c9d9-4c1d-97f4-516b572b2f9d,1697663651829911111
6a69421f-e399-4db8-897a-d8ef21b5e0a7,707b6ccf-c9d9-4c1d-97f4-516b572b2f9d,1697663651861422222
6a69421f-e399-4db8-897a-d8ef21b5e0a7,707b6ccf-c9d9-4c1d-97f4-516b572b2f9d,1697663651894233333
6a69421f-e399-4db8-897a-d8ef21b5e0a7,707b6ccf-c9d9-4c1d-97f4-516b572b2f9d,1697663651922144444
6a69421f-e399-4db8-897a-d8ef21b5e0a7,707b6ccf-c9d9-4c1d-97f4-516b572b2f9d,1697663651957833333
6a69421f-e399-4db8-897a-d8ef21b5e0a7,707b6ccf-c9d9-4c1d-97f4-516b572b2f9d,1697663651993577777
6a69421f-e399-4db8-897a-d8ef21b5e0a7,707b6ccf-c9d9-4c1d-97f4-516b572b2f9d,1697663652025611111
6a69421f-e399-4db8-897a-d8ef21b5e0a7,707b6ccf-c9d9-4c1d-97f4-516b572b2f9d,1697663652065566666
6a69421f-e399-4db8-897a-d8ef21b5e0a7,707b6ccf-c9d9-4c1d-97f4-516b572b2f9d,1697663652084233333
6a69421f-e399-4db8-897a-d8ef21b5e0a7,707b6ccf-c9d9-4c1d-97f4-516b572b2f9d,1697663652122266666
6a69421f-e399-4db8-897a-d8ef21b5e0a7,707b6ccf-c9d9-4c1d-97f4-516b572b2f9d,1697663652153011111
6a69421f-e399-4db8-897a-d8ef21b5e0a7,707b6ccf-c9d9-4c1d-97f4-516b572b2f9d,1697663652191311111
6a69421f-e399-4db8-897a-d8ef21b5e0a7,707b6ccf-c9d9-4c1d-97f4-516b572b2f9d,1697663652221244444
6a69421f-e399-4db8-897a-d8ef21b5e0a7,707b6ccf-c9d9-4c1d-97f4-516b572b2f9d,1697663652259422222
6a69421f-e399-4db8-897a-d8ef21b5e0a7,707b6ccf-c9d9-4c1d-97f4-516b572b2f9d,1697663652290122222
6a69421f-e399-4db8-897a-d8ef21b5e0a7,707b6ccf-c9d9-4c1d-97f4-516b572b2f9d,1697663652322177777
6a69421f-e399-4db8-897a-d8ef21b5e0a7,707b6ccf-c9d9-4c1d-97f4-516b572b2f9d,1697663652359411111
6a69421f-e399-4db8-897a-d8ef21b5e0a7,707b6ccf-c9d9-4c1d-97f4-516b572b2f9d,1697663652392500000
6a69421f-e399-4db8-897a-d8ef21b5e0a7,707b6ccf-c9d9-4c1d-97f4-516b572b2f9d,1697663652422711111
6a69421f-e399-4db8-897a-d8ef21b5e0a7,707b6ccf-c9d9-4c1d-97f4-516b572b2f9d,1697663652462577777
6a69421f-e399-4db8-897a-d8ef21b5e0a7,707b6ccf-c9d9-4c1d-97f4-516b572b2f9d,1697663652490011111
6a69421f-e399-4db8-897a-d8ef21b5e0a7,707b6ccf-c9d9-4c1d-97f4-516b572b2f9d,1697663652528722222
6a69421f-e399-4db8-897a-d8ef21b5e0a7,707b6ccf-c9d9-4c1d-97f4-516b572b2f9d,1697663652554122222
6a69421f-e399-4db8-897a-d8ef21b5e0a7,707b6ccf-c9d9-4c1d-97f4-516b572b2f9d,1697663652590322222
6a69421f-e399-4db8-897a-d8ef21b5e0a7,707b6ccf-c9d9-4c1d-97f4-516b572b2f9d,1697663652626977777
6a69421f-e399-4db8-897a-d8ef21b5e0a7,707b6ccf-c9d9-4c1d-97f4-516b572b2f9d,1697663652654677777
6a69421f-e399-4db8-897a-d8ef21b5e0a7,707b6ccf-c9d9-4c1d-97f4-516b572b2f9d,1697663652695766666
6a69421f-e399-4db8-897a-d8ef21b5e0a7,707b6ccf-c9d9-4c1d-97f4-516b572b2f9d,1697663652722944444
6a69421f-e399-4db8-897a-d8ef21b5e0a7,707b6ccf-c9d9-4c1d-97f4-516b572b2f9d,1697663652760744444
6a69421f-e399-4db8-897a-d8ef21b5e0a7,707b6ccf-c9d9-4c1d-97f4-516b572b2f9d,1697663652797822222
6a69421f-e399-4db8-897a-d8ef21b5e0a7,707b6ccf-c9d9-4c1d-97f4-516b572b2f9d,1697663652825600000
6a69421f-e399-4db8-897a-d8ef21b5e0a7,707b6ccf-c9d9-4c1d-97f4-516b572b2f9d,1697663652849344444
6a69421f-e399-4db8-897a-d8ef21b5e0a7,707b6ccf-c9d9-4c1d-97f4-516b572b2f9d,1697663652891222222
6a69421f-e399-4db8-897a-d8ef21b5e0a7,707b6ccf-c9d9-4c1d-97f4-516b572b2f9d,1697663652926566666
6a69421f-e399-4db8-897a-d8ef21b5e0a7,707b6ccf-c9d9-4c1d-97f4-516b572b2f9d,1697663652955755555
6a69421f-e399-4db8-897a-d8ef21b5e0a7,707b6ccf-c9d9-4c1d-97f4-516b572b2f9d,1697663652990211111
6a69421f-e399-4db8-897a-d8ef21b5e0a7,707b6ccf-c9d9-4c1d-97f4-516b572b2f9d,1697663653021966666
6a69421f-e399-4db8-897a-d8ef21b5e0a7,707b6ccf-c9d9-4c1d-97f4-516b572b2f9d,1697663653054055555
6a69421f-e399-4db8-897a-d8ef21b5e0a7,707b6ccf-c9d9-4c1d-97f4-516b572b2f9d,1697663653090300000
6a69421f-e399-4db8-897a-d8ef21b5e0a7,707b6ccf-c9d9-4c1d-97f4-516b572b2f9d,1697663653122355555
6a69421f-e399-4db8-897a-d8ef21b5e0a7,707b6ccf-c9d9-4c1d-97f4-516b572b2f9d,1697663653154655555
6a69421f-e399-4db8-897a-d8ef21b5e0a7,707b6ccf-c9d9-4c1d-97f4-516b572b2f9d,1697663653194077777
6a69421f-e399-4db8-897a-d8ef21b5e0a7,707b6ccf-c9d9-4c1d-97f4-516b572b2f9d,1697663653223033333
6a69421f-e399-4db8-897a-d8ef21b5e0a7,707b6ccf-c9d9-4c1d-97f4-516b572b2f9d,1697663653254888888
6a69421f-e399-4db8-897a-d8ef21b5e0a7,707b6ccf-c9d9-4c1d-97f4-516b572b2f9d,1697663653290488888
6a69421f-e399-4db8-897a-d8ef21b5e0a7,707b6ccf-c9d9-4c1d-97f4-516b572b2f9d,1697663653323233333
6a69421f-e399-4db8-897a-d8ef21b5e0a7,707b6ccf-c9d9-4c1d-97f4-516b572b2f9d,1697663653358300000
6a69421f-e399-4db8-897a-d8ef21b5e0a7,707b6ccf-c9d9-4c1d-97f4-516b572b2f9d,1697663653383700000
6a69421f-e399-4db8-897a-d8ef21b5e0a7,707b6ccf-c9d9-4c1d-97f4-516b572b2f9d,1697663653417377777
6a69421f-e399-4db8-897a-d8ef21b5e0a7,707b6ccf-c9d9-4c1d-97f4-516b572b2f9d,1697663653449677777
6a69421f-e399-4db8-897a-d8ef21b5e0a7,707b6ccf-c9d9-4c1d-97f4-516b572b2f9d,1697663653502277777
6a69421f-e399-4db8-897a-d8ef21b5e0a7,707b6ccf-c9d9-4c1d-97f4-516b572b2f9d,1697663653515588888
6a69421f-e399-4db8-897a-d8ef21b5e0a7,707b6ccf-c9d9-4c1d-97f4-516b572b2f9d,1697663653547511111
6a69421f-e399-4db8-897a-d8ef21b5e0a7,707b6ccf-c9d9-4c1d-97f4-516b572b2f9d,1697663653594911111
6a69421f-e399-4db8-897a-d8ef21b5e0a7,707b6ccf-c9d9-4c1d-97f4-516b572b2f9d,1697663653622155555
6a69421f-e399-4db8-897a-d8ef21b5e0a7,707b6ccf-c9d9-4c1d-97f4-516b572b2f9d,1697663653662811111
6a69421f-e399-4db8-897a-d8ef21b5e0a7,707b6ccf-c9d9-4c1d-97f4-516b572b2f9d,1697663653683744444
6a69421f-e399-4db8-897a-d8ef21b5e0a7,707b6ccf-c9d9-4c1d-97f4-516b572b2f9d,1697663653724633333
6a69421f-e399-4db8-897a-d8ef21b5e0a7,707b6ccf-c9d9-4c1d-97f4-516b572b2f9d,1697663653756566666
6a69421f-e399-4db8-897a-d8ef21b5e0a7,707b6ccf-c9d9-4c1d-97f4-516b572b2f9d,1697663653790277777
6a69421f-e399-4db8-897a-d8ef21b5e0a7,707b6ccf-c9d9-4c1d-97f4-516b572b2f9d,1697663653822677777
6a69421f-e399-4db8-897a-d8ef21b5e0a7,707b6ccf-c9d9-4c1d-97f4-516b572b2f9d,1697663653856533333
6a69421f-e399-4db8-897a-d8ef21b5e0a7,707b6ccf-c9d9-4c1d-97f4-516b572b2f9d,1697663653891666666
6a69421f-e399-4db8-897a-d8ef21b5e0a7,707b6ccf-c9d9-4c1d-97f4-516b572b2f9d,1697663653926522222
6a69421f-e399-4db8-897a-d8ef21b5e0a7,707b6ccf-c9d9-4c1d-97f4-516b572b2f9d,1697663653953822222
6a69421f-e399-4db8-897a-d8ef21b5e0a7,707b6ccf-c9d9-4c1d-97f4-516b572b2f9d,1697663653990455555
6a69421f-e399-4db8-897a-d8ef21b5e0a7,707b6ccf-c9d9-4c1d-97f4-516b572b2f9d,1697663654027844444
6a69421f-e399-4db8-897a-d8ef21b5e0a7,707b6ccf-c9d9-4c1d-97f4-516b572b2f9d,1697663654066844444
6a69421f-e399-4db8-897a-d8ef21b5e0a7,707b6ccf-c9d9-4c1d-97f4-516b572b2f9d,1697663654084333333
6a69421f-e399-4db8-897a-d8ef21b5e0a7,707b6ccf-c9d9-4c1d-97f4-516b572b2f9d,1697663654120211111
6a69421f-e399-4db8-897a-d8ef21b5e0a7,707b6ccf-c9d9-4c1d-97f4-516b572b2f9d,1697663654152777777
6a69421f-e399-4db8-897a-d8ef21b5e0a7,707b6ccf-c9d9-4c1d-97f4-516b572b2f9d,1697663654183500000
6a69421f-e399-4db8-897a-d8ef21b5e0a7,707b6ccf-c9d9-4c1d-97f4-516b572b2f9d,1697663654228088888
6a69421f-e399-4db8-897a-d8ef21b5e0a7,707b6ccf-c9d9-4c1d-97f4-516b572b2f9d,1697663654255977777
6a69421f-e399-4db8-897a-d8ef21b5e0a7,707b6ccf-c9d9-4c1d-97f4-516b572b2f9d,1697663654294166666
6a69421f-e399-4db8-897a-d8ef21b5e0a7,707b6ccf-c9d9-4c1d-97f4-516b572b2f9d,1697663654324133333
6a69421f-e399-4db8-897a-d8ef21b5e0a7,707b6ccf-c9d9-4c1d-97f4-516b572b2f9d,1697663654358911111
6a69421f-e399-4db8-897a-d8ef21b5e0a7,707b6ccf-c9d9-4c1d-97f4-516b572b2f9d,1697663654394322222
6a69421f-e399-4db8-897a-d8ef21b5e0a7,707b6ccf-c9d9-4c1d-97f4-516b572b2f9d,1697663654424111111
6a69421f-e399-4db8-897a-d8ef21b5e0a7,707b6ccf-c9d9-4c1d-97f4-516b572b2f9d,1697663654455822222
6a69421f-e399-4db8-897a-d8ef21b5e0a7,707b6ccf-c9d9-4c1d-97f4-516b572b2f9d,1697663654491333333
6a69421f-e399-4db8-897a-d8ef21b5e0a7,707b6ccf-c9d9-4c1d-97f4-516b572b2f9d,1697663654530277777
6a69421f-e399-4db8-897a-d8ef21b5e0a7,707b6ccf-c9d9-4c1d-97f4-516b572b2f9d,1697663654556655555
6a69421f-e399-4db8-897a-d8ef21b5e0a7,707b6ccf-c9d9-4c1d-97f4-516b572b2f9d,1697663654590222222
6a69421f-e399-4db8-897a-d8ef21b5e0a7,707b6ccf-c9d9-4c1d-97f4-516b572b2f9d,1697663654621877777
6a69421f-e399-4db8-897a-d8ef21b5e0a7,707b6ccf-c9d9-4c1d-97f4-516b572b2f9d,1697663654654122222
6a69421f-e399-4db8-897a-d8ef21b5e0a7,707b6ccf-c9d9-4c1d-97f4-516b572b2f9d,1697663654706155555
6a69421f-e399-4db8-897a-d8ef21b5e0a7,707b6ccf-c9d9-4c1d-97f4-516b572b2f9d,1697663654715844444
6a69421f-e399-4db8-897a-d8ef21b5e0a7,707b6ccf-c9d9-4c1d-97f4-516b572b2f9d,1697663654745844444
6a69421f-e399-4db8-897a-d8ef21b5e0a7,707b6ccf-c9d9-4c1d-97f4-516b572b2f9d,1697663654782011111
6a69421f-e399-4db8-897a-d8ef21b5e0a7,707b6ccf-c9d9-4c1d-97f4-516b572b2f9d,1697663654833033333
6a69421f-e399-4db8-897a-d8ef21b5e0a7,707b6ccf-c9d9-4c1d-97f4-516b572b2f9d,1697663654848155555
6a69421f-e399-4db8-897a-d8ef21b5e0a7,707b6ccf-c9d9-4c1d-97f4-516b572b2f9d,1697663654890411111
6a69421f-e399-4db8-897a-d8ef21b5e0a7,707b6ccf-c9d9-4c1d-97f4-516b572b2f9d,1697663654922888888
6a69421f-e399-4db8-897a-d8ef21b5e0a7,707b6ccf-c9d9-4c1d-97f4-516b572b2f9d,1697663654955677777
6a69421f-e399-4db8-897a-d8ef21b5e0a7,707b6ccf-c9d9-4c1d-97f4-516b572b2f9d,1697663654991055555
6a69421f-e399-4db8-897a-d8ef21b5e0a7,707b6ccf-c9d9-4c1d-97f4-516b572b2f9d,1697663655023088888
6a69421f-e399-4db8-897a-d8ef21b5e0a7,707b6ccf-c9d9-4c1d-97f4-516b572b2f9d,1697663655056188888
6a69421f-e399-4db8-897a-d8ef21b5e0a7,707b6ccf-c9d9-4c1d-97f4-516b572b2f9d,1697663655090288888
6a69421f-e399-4db8-897a-d8ef21b5e0a7,707b6ccf-c9d9-4c1d-97f4-516b572b2f9d,1697663655126266666
6a69421f-e399-4db8-897a-d8ef21b5e0a7,707b6ccf-c9d9-4c1d-97f4-516b572b2f9d,1697663655155988888
6a69421f-e399-4db8-897a-d8ef21b5e0a7,707b6ccf-c9d9-4c1d-97f4-516b572b2f9d,1697663655191700000
6a69421f-e399-4db8-897a-d8ef21b5e0a7,707b6ccf-c9d9-4c1d-97f4-516b572b2f9d,1697663655222255555
6a69421f-e399-4db8-897a-d8ef21b5e0a7,707b6ccf-c9d9-4c1d-97f4-516b572b2f9d,1697663655256200000
6a69421f-e399-4db8-897a-d8ef21b5e0a7,707b6ccf-c9d9-4c1d-97f4-516b572b2f9d,1697663655291500000
6a69421f-e399-4db8-897a-d8ef21b5e0a7,707b6ccf-c9d9-4c1d-97f4-516b572b2f9d,1697663655327533333
6a69421f-e399-4db8-897a-d8ef21b5e0a7,707b6ccf-c9d9-4c1d-97f4-516b572b2f9d,1697663655358433333
6a69421f-e399-4db8-897a-d8ef21b5e0a7,707b6ccf-c9d9-4c1d-97f4-516b572b2f9d,1697663655382766666
6a69421f-e399-4db8-897a-d8ef21b5e0a7,707b6ccf-c9d9-4c1d-97f4-516b572b2f9d,1697663655420700000
6a69421f-e399-4db8-897a-d8ef21b5e0a7,707b6ccf-c9d9-4c1d-97f4-516b572b2f9d,1697663655451700000
6a69421f-e399-4db8-897a-d8ef21b5e0a7,707b6ccf-c9d9-4c1d-97f4-516b572b2f9d,1697663655485722222
6a69421f-e399-4db8-897a-d8ef21b5e0a7,707b6ccf-c9d9-4c1d-97f4-516b572b2f9d,1697663655529377777
6a69421f-e399-4db8-897a-d8ef21b5e0a7,707b6ccf-c9d9-4c1d-97f4-516b572b2f9d,1697663655558688888
6a69421f-e399-4db8-897a-d8ef21b5e0a7,707b6ccf-c9d9-4c1d-97f4-516b572b2f9d,1697663655592888888
6a69421f-e399-4db8-897a-d8ef21b5e0a7,707b6ccf-c9d9-4c1d-97f4-516b572b2f9d,1697663655623011111
6a69421f-e399-4db8-897a-d8ef21b5e0a7,707b6ccf-c9d9-4c1d-97f4-516b572b2f9d,1697663655656122222
6a69421f-e399-4db8-897a-d8ef21b5e0a7,707b6ccf-c9d9-4c1d-97f4-516b572b2f9d,1697663655693488888
6a69421f-e399-4db8-897a-d8ef21b5e0a7,707b6ccf-c9d9-4c1d-97f4-516b572b2f9d,1697663655727766666
6a69421f-e399-4db8-897a-d8ef21b5e0a7,707b6ccf-c9d9-4c1d-97f4-516b572b2f9d,1697663655759333333
6a69421f-e399-4db8-897a-d8ef21b5e0a7,707b6ccf-c9d9-4c1d-97f4-516b572b2f9d,1697663655789522222
6a69421f-e399-4db8-897a-d8ef21b5e0a7,707b6ccf-c9d9-4c1d-97f4-516b572b2f9d,1697663655830111111
6a69421f-e399-4db8-897a-d8ef21b5e0a7,707b6ccf-c9d9-4c1d-97f4-516b572b2f9d,1697663655857133333
6a69421f-e399-4db8-897a-d8ef21b5e0a7,707b6ccf-c9d9-4c1d-97f4-516b572b2f9d,1697663655886700000
6a69421f-e399-4db8-897a-d8ef21b5e0a7,707b6ccf-c9d9-4c1d-97f4-516b572b2f9d,1697663655928955555
6a69421f-e399-4db8-897a-d8ef21b5e0a7,707b6ccf-c9d9-4c1d-97f4-516b572b2f9d,1697663655955977777
6a69421f-e399-4db8-897a-d8ef21b5e0a7,707b6ccf-c9d9-4c1d-97f4-516b572b2f9d,1697663655987266666
6a69421f-e399-4db8-897a-d8ef21b5e0a7,707b6ccf-c9d9-4c1d-97f4-516b572b2f9d,1697663656024077777
6a69421f-e399-4db8-897a-d8ef21b5e0a7,707b6ccf-c9d9-4c1d-97f4-516b572b2f9d,1697663656064588888
6a69421f-e399-4db8-897a-d8ef21b5e0a7,707b6ccf-c9d9-4c1d-97f4-516b572b2f9d,1697663656085955555
6a69421f-e399-4db8-897a-d8ef21b5e0a7,707b6ccf-c9d9-4c1d-97f4-516b572b2f9d,1697663656115300000
6a69421f-e399-4db8-897a-d8ef21b5e0a7,707b6ccf-c9d9-4c1d-97f4-516b572b2f9d,1697663656149155555
6a69421f-e399-4db8-897a-d8ef21b5e0a7,707b6ccf-c9d9-4c1d-97f4-516b572b2f9d,1697663656188322222
6a69421f-e399-4db8-897a-d8ef21b5e0a7,707b6ccf-c9d9-4c1d-97f4-516b572b2f9d,1697663656227044444
6a69421f-e399-4db8-897a-d8ef21b5e0a7,707b6ccf-c9d9-4c1d-97f4-516b572b2f9d,1697663656259166666
6a69421f-e399-4db8-897a-d8ef21b5e0a7,707b6ccf-c9d9-4c1d-97f4-516b572b2f9d,1697663656287666666
6a69421f-e399-4db8-897a-d8ef21b5e0a7,707b6ccf-c9d9-4c1d-97f4-516b572b2f9d,1697663656324533333
6a69421f-e399-4db8-897a-d8ef21b5e0a7,707b6ccf-c9d9-4c1d-97f4-516b572b2f9d,1697663656356355555
6a69421f-e399-4db8-897a-d8ef21b5e0a7,707b6ccf-c9d9-4c1d-97f4-516b572b2f9d,1697663656387400000
6a69421f-e399-4db8-897a-d8ef21b5e0a7,707b6ccf-c9d9-4c1d-97f4-516b572b2f9d,1697663656422344444
6a69421f-e399-4db8-897a-d8ef21b5e0a7,707b6ccf-c9d9-4c1d-97f4-516b572b2f9d,1697663656454611111
6a69421f-e399-4db8-897a-d8ef21b5e0a7,707b6ccf-c9d9-4c1d-97f4-516b572b2f9d,1697663656485988888
6a69421f-e399-4db8-897a-d8ef21b5e0a7,707b6ccf-c9d9-4c1d-97f4-516b572b2f9d,1697663656522666666
6a69421f-e399-4db8-897a-d8ef21b5e0a7,707b6ccf-c9d9-4c1d-97f4-516b572b2f9d,1697663656557822222
6a69421f-e399-4db8-897a-d8ef21b5e0a7,707b6ccf-c9d9-4c1d-97f4-516b572b2f9d,1697663656586566666
6a69421f-e399-4db8-897a-d8ef21b5e0a7,707b6ccf-c9d9-4c1d-97f4-516b572b2f9d,1697663656625233333
6a69421f-e399-4db8-897a-d8ef21b5e0a7,707b6ccf-c9d9-4c1d-97f4-516b572b2f9d,1697663656655622222
6a69421f-e399-4db8-897a-d8ef21b5e0a7,707b6ccf-c9d9-4c1d-97f4-516b572b2f9d,1697663656686322222
6a69421f-e399-4db8-897a-d8ef21b5e0a7,707b6ccf-c9d9-4c1d-97f4-516b572b2f9d,1697663656735822222
6a69421f-e399-4db8-897a-d8ef21b5e0a7,707b6ccf-c9d9-4c1d-97f4-516b572b2f9d,1697663656748533333
6a69421f-e399-4db8-897a-d8ef21b5e0a7,707b6ccf-c9d9-4c1d-97f4-516b572b2f9d,1697663656778333333
6a69421f-e399-4db8-897a-d8ef21b5e0a7,707b6ccf-c9d9-4c1d-97f4-516b572b2f9d,1697663656814788888
6a69421f-e399-4db8-897a-d8ef21b5e0a7,707b6ccf-c9d9-4c1d-97f4-516b572b2f9d,1697663656846277777
6a69421f-e399-4db8-897a-d8ef21b5e0a7,707b6ccf-c9d9-4c1d-97f4-516b572b2f9d,1697663656881522222
6a69421f-e399-4db8-897a-d8ef21b5e0a7,707b6ccf-c9d9-4c1d-97f4-516b572b2f9d,1697663656915100000
6a69421f-e399-4db8-897a-d8ef21b5e0a7,707b6ccf-c9d9-4c1d-97f4-516b572b2f9d,1697663656957477777
6a69421f-e399-4db8-897a-d8ef21b5e0a7,707b6ccf-c9d9-4c1d-97f4-516b572b2f9d,1697663656987088888
6a69421f-e399-4db8-897a-d8ef21b5e0a7,707b6ccf-c9d9-4c1d-97f4-516b572b2f9d,1697663657029188888
6a69421f-e399-4db8-897a-d8ef21b5e0a7,707b6ccf-c9d9-4c1d-97f4-516b572b2f9d,1697663657056211111
6a69421f-e399-4db8-897a-d8ef21b5e0a7,707b6ccf-c9d9-4c1d-97f4-516b572b2f9d,1697663657090055555
6a69421f-e399-4db8-897a-d8ef21b5e0a7,707b6ccf-c9d9-4c1d-97f4-516b572b2f9d,1697663657127422222
6a69421f-e399-4db8-897a-d8ef21b5e0a7,707b6ccf-c9d9-4c1d-97f4-516b572b2f9d,1697663657154700000
6a69421f-e399-4db8-897a-d8ef21b5e0a7,707b6ccf-c9d9-4c1d-97f4-516b572b2f9d,1697663657189133333
6a69421f-e399-4db8-897a-d8ef21b5e0a7,707b6ccf-c9d9-4c1d-97f4-516b572b2f9d,1697663657226322222
6a69421f-e399-4db8-897a-d8ef21b5e0a7,707b6ccf-c9d9-4c1d-97f4-516b572b2f9d,1697663657257544444
6a69421f-e399-4db8-897a-d8ef21b5e0a7,707b6ccf-c9d9-4c1d-97f4-516b572b2f9d,1697663657289933333
6a69421f-e399-4db8-897a-d8ef21b5e0a7,707b6ccf-c9d9-4c1d-97f4-516b572b2f9d,1697663657326900000
6a69421f-e399-4db8-897a-d8ef21b5e0a7,707b6ccf-c9d9-4c1d-97f4-516b572b2f9d,1697663657356066666
6a69421f-e399-4db8-897a-d8ef21b5e0a7,707b6ccf-c9d9-4c1d-97f4-516b572b2f9d,1697663657390888888
6a69421f-e399-4db8-897a-d8ef21b5e0a7,707b6ccf-c9d9-4c1d-97f4-516b572b2f9d,1697663657423666666
6a69421f-e399-4db8-897a-d8ef21b5e0a7,707b6ccf-c9d9-4c1d-97f4-516b572b2f9d,1697663657449066666
6a69421f-e399-4db8-897a-d8ef21b5e0a7,707b6ccf-c9d9-4c1d-97f4-516b572b2f9d,1697663657485255555
6a69421f-e399-4db8-897a-d8ef21b5e0a7,707b6ccf-c9d9-4c1d-97f4-516b572b2f9d,1697663657515166666
6a69421f-e399-4db8-897a-d8ef21b5e0a7,707b6ccf-c9d9-4c1d-97f4-516b572b2f9d,1697663657550711111
6a69421f-e399-4db8-897a-d8ef21b5e0a7,707b6ccf-c9d9-4c1d-97f4-516b572b2f9d,1697663657589677777
6a69421f-e399-4db8-897a-d8ef21b5e0a7,707b6ccf-c9d9-4c1d-97f4-516b572b2f9d,1697663657624366666
6a69421f-e399-4db8-897a-d8ef21b5e0a7,707b6ccf-c9d9-4c1d-97f4-516b572b2f9d,1697663657656411111
6a69421f-e399-4db8-897a-d8ef21b5e0a7,707b6ccf-c9d9-4c1d-97f4-516b572b2f9d,1697663657688944444
6a69421f-e399-4db8-897a-d8ef21b5e0a7,707b6ccf-c9d9-4c1d-97f4-516b572b2f9d,1697663657722600000
6a69421f-e399-4db8-897a-d8ef21b5e0a7,707b6ccf-c9d9-4c1d-97f4-516b572b2f9d,1697663657756288888
6a69421f-e399-4db8-897a-d8ef21b5e0a7,707b6ccf-c9d9-4c1d-97f4-516b572b2f9d,1697663657788844444
6a69421f-e399-4db8-897a-d8ef21b5e0a7,707b6ccf-c9d9-4c1d-97f4-516b572b2f9d,1697663657823766666
6a69421f-e399-4db8-897a-d8ef21b5e0a7,707b6ccf-c9d9-4c1d-97f4-516b572b2f9d,1697663657860144444
6a69421f-e399-4db8-897a-d8ef21b5e0a7,707b6ccf-c9d9-4c1d-97f4-516b572b2f9d,1697663657886022222
6a69421f-e399-4db8-897a-d8ef21b5e0a7,707b6ccf-c9d9-4c1d-97f4-516b572b2f9d,1697663657922377777
6a69421f-e399-4db8-897a-d8ef21b5e0a7,707b6ccf-c9d9-4c1d-97f4-516b572b2f9d,1697663657955588888
6a69421f-e399-4db8-897a-d8ef21b5e0a7,707b6ccf-c9d9-4c1d-97f4-516b572b2f9d,1697663657990111111
6a69421f-e399-4db8-897a-d8ef21b5e0a7,707b6ccf-c9d9-4c1d-97f4-516b572b2f9d,1697663658023722222
6a69421f-e399-4db8-897a-d8ef21b5e0a7,707b6ccf-c9d9-4c1d-97f4-516b572b2f9d,1697663658063577777
6a69421f-e399-4db8-897a-d8ef21b5e0a7,707b6ccf-c9d9-4c1d-97f4-516b572b2f9d,1697663658078055555
6a69421f-e399-4db8-897a-d8ef21b5e0a7,707b6ccf-c9d9-4c1d-97f4-516b572b2f9d,1697663658113255555
6a69421f-e399-4db8-897a-d8ef21b5e0a7,707b6ccf-c9d9-4c1d-97f4-516b572b2f9d,1697663658146433333
6a69421f-e399-4db8-897a-d8ef21b5e0a7,707b6ccf-c9d9-4c1d-97f4-516b572b2f9d,1697663658178788888
6a69421f-e399-4db8-897a-d8ef21b5e0a7,707b6ccf-c9d9-4c1d-97f4-516b572b2f9d,1697663658222244444
6a69421f-e399-4db8-897a-d8ef21b5e0a7,707b6ccf-c9d9-4c1d-97f4-516b572b2f9d,1697663658253966666
6a69421f-e399-4db8-897a-d8ef21b5e0a7,707b6ccf-c9d9-4c1d-97f4-516b572b2f9d,1697663658288977777
6a69421f-e399-4db8-897a-d8ef21b5e0a7,707b6ccf-c9d9-4c1d-97f4-516b572b2f9d,1697663658323544444
6a69421f-e399-4db8-897a-d8ef21b5e0a7,707b6ccf-c9d9-4c1d-97f4-516b572b2f9d,1697663658358166666
6a69421f-e399-4db8-897a-d8ef21b5e0a7,707b6ccf-c9d9-4c1d-97f4-516b572b2f9d,1697663658386355555
6a69421f-e399-4db8-897a-d8ef21b5e0a7,707b6ccf-c9d9-4c1d-97f4-516b572b2f9d,1697663658420833333
6a69421f-e399-4db8-897a-d8ef21b5e0a7,707b6ccf-c9d9-4c1d-97f4-516b572b2f9d,1697663658457688888
6a69421f-e399-4db8-897a-d8ef21b5e0a7,707b6ccf-c9d9-4c1d-97f4-516b572b2f9d,1697663658486522222
6a69421f-e399-4db8-897a-d8ef21b5e0a7,707b6ccf-c9d9-4c1d-97f4-516b572b2f9d,1697663658529766666
6a69421f-e399-4db8-897a-d8ef21b5e0a7,707b6ccf-c9d9-4c1d-97f4-516b572b2f9d,1697663658555177777
6a69421f-e399-4db8-897a-d8ef21b5e0a7,707b6ccf-c9d9-4c1d-97f4-516b572b2f9d,1697663658585855555
6a69421f-e399-4db8-897a-d8ef21b5e0a7,707b6ccf-c9d9-4c1d-97f4-516b572b2f9d,1697663658622744444
6a69421f-e399-4db8-897a-d8ef21b5e0a7,707b6ccf-c9d9-4c1d-97f4-516b572b2f9d,1697663658655444444
6a69421f-e399-4db8-897a-d8ef21b5e0a7,707b6ccf-c9d9-4c1d-97f4-516b572b2f9d,1697663658684855555
6a69421f-e399-4db8-897a-d8ef21b5e0a7,707b6ccf-c9d9-4c1d-97f4-516b572b2f9d,1697663658722688888
6a69421f-e399-4db8-897a-d8ef21b5e0a7,707b6ccf-c9d9-4c1d-97f4-516b572b2f9d,1697663658747033333
6a69421f-e399-4db8-897a-d8ef21b5e0a7,707b6ccf-c9d9-4c1d-97f4-516b572b2f9d,1697663658780477777
6a69421f-e399-4db8-897a-d8ef21b5e0a7,707b6ccf-c9d9-4c1d-97f4-516b572b2f9d,1697663658813177777
6a69421f-e399-4db8-897a-d8ef21b5e0a7,707b6ccf-c9d9-4c1d-97f4-516b572b2f9d,1697663658847366666
6a69421f-e399-4db8-897a-d8ef21b5e0a7,707b6ccf-c9d9-4c1d-97f4-516b572b2f9d,1697663658884655555
6a69421f-e399-4db8-897a-d8ef21b5e0a7,707b6ccf-c9d9-4c1d-97f4-516b572b2f9d,1697663658921755555
6a69421f-e399-4db8-897a-d8ef21b5e0a7,707b6ccf-c9d9-4c1d-97f4-516b572b2f9d,1697663658952988888
6a69421f-e399-4db8-897a-d8ef21b5e0a7,707b6ccf-c9d9-4c1d-97f4-516b572b2f9d,1697663658986755555
6a69421f-e399-4db8-897a-d8ef21b5e0a7,707b6ccf-c9d9-4c1d-97f4-516b572b2f9d,1697663659018788888
6a69421f-e399-4db8-897a-d8ef21b5e0a7,707b6ccf-c9d9-4c1d-97f4-516b572b2f9d,1697663659055344444
6a69421f-e399-4db8-897a-d8ef21b5e0a7,707b6ccf-c9d9-4c1d-97f4-516b572b2f9d,1697663659085666666
6a69421f-e399-4db8-897a-d8ef21b5e0a7,707b6ccf-c9d9-4c1d-97f4-516b572b2f9d,1697663659122466666
6a69421f-e399-4db8-897a-d8ef21b5e0a7,707b6ccf-c9d9-4c1d-97f4-516b572b2f9d,1697663659150588888
6a69421f-e399-4db8-897a-d8ef21b5e0a7,707b6ccf-c9d9-4c1d-97f4-516b572b2f9d,1697663659188333333
6a69421f-e399-4db8-897a-d8ef21b5e0a7,707b6ccf-c9d9-4c1d-97f4-516b572b2f9d,1697663659218266666
6a69421f-e399-4db8-897a-d8ef21b5e0a7,707b6ccf-c9d9-4c1d-97f4-516b572b2f9d,1697663659250244444
6a69421f-e399-4db8-897a-d8ef21b5e0a7,707b6ccf-c9d9-4c1d-97f4-516b572b2f9d,1697663659289255555
6a69421f-e399-4db8-897a-d8ef21b5e0a7,707b6ccf-c9d9-4c1d-97f4-516b572b2f9d,1697663659319544444
6a69421f-e399-4db8-897a-d8ef21b5e0a7,707b6ccf-c9d9-4c1d-97f4-516b572b2f9d,1697663659356944444
6a69421f-e399-4db8-897a-d8ef21b5e0a7,707b6ccf-c9d9-4c1d-97f4-516b572b2f9d,1697663659405088888
6a69421f-e399-4db8-897a-d8ef21b5e0a7,707b6ccf-c9d9-4c1d-97f4-516b572b2f9d,1697663659415655555
6a69421f-e399-4db8-897a-d8ef21b5e0a7,707b6ccf-c9d9-4c1d-97f4-516b572b2f9d,1697663659445555555
6a69421f-e399-4db8-897a-d8ef21b5e0a7,707b6ccf-c9d9-4c1d-97f4-516b572b2f9d,1697663659483011111
6a69421f-e399-4db8-897a-d8ef21b5e0a7,707b6ccf-c9d9-4c1d-97f4-516b572b2f9d,1697663659512844444
6a69421f-e399-4db8-897a-d8ef21b5e0a7,707b6ccf-c9d9-4c1d-97f4-516b572b2f9d,1697663659548833333
6a69421f-e399-4db8-897a-d8ef21b5e0a7,707b6ccf-c9d9-4c1d-97f4-516b572b2f9d,1697663659586511111
6a69421f-e399-4db8-897a-d8ef21b5e0a7,707b6ccf-c9d9-4c1d-97f4-516b572b2f9d,1697663659620922222
6a69421f-e399-4db8-897a-d8ef21b5e0a7,707b6ccf-c9d9-4c1d-97f4-516b572b2f9d,1697663659656766666
6a69421f-e399-4db8-897a-d8ef21b5e0a7,707b6ccf-c9d9-4c1d-97f4-516b572b2f9d,1697663659687533333
6a69421f-e399-4db8-897a-d8ef21b5e0a7,707b6ccf-c9d9-4c1d-97f4-516b572b2f9d,1697663659723833333
6a69421f-e399-4db8-897a-d8ef21b5e0a7,707b6ccf-c9d9-4c1d-97f4-516b572b2f9d,1697663659756911111
6a69421f-e399-4db8-897a-d8ef21b5e0a7,707b6ccf-c9d9-4c1d-97f4-516b572b2f9d,1697663659788922222
6a69421f-e399-4db8-897a-d8ef21b5e0a7,707b6ccf-c9d9-4c1d-97f4-516b572b2f9d,1697663659817788888
6a69421f-e399-4db8-897a-d8ef21b5e0a7,707b6ccf-c9d9-4c1d-97f4-516b572b2f9d,1697663659856033333
6a69421f-e399-4db8-897a-d8ef21b5e0a7,707b6ccf-c9d9-4c1d-97f4-516b572b2f9d,1697663659890277777
6a69421f-e399-4db8-897a-d8ef21b5e0a7,707b6ccf-c9d9-4c1d-97f4-516b572b2f9d,1697663659922811111
6a69421f-e399-4db8-897a-d8ef21b5e0a7,707b6ccf-c9d9-4c1d-97f4-516b572b2f9d,1697663659952833333
6a69421f-e399-4db8-897a-d8ef21b5e0a7,707b6ccf-c9d9-4c1d-97f4-516b572b2f9d,1697663659987433333
6a69421f-e399-4db8-897a-d8ef21b5e0a7,707b6ccf-c9d9-4c1d-97f4-516b572b2f9d,1697663660017577777
6a69421f-e399-4db8-897a-d8ef21b5e0a7,707b6ccf-c9d9-4c1d-97f4-516b572b2f9d,1697663660052622222
6a69421f-e399-4db8-897a-d8ef21b5e0a7,707b6ccf-c9d9-4c1d-97f4-516b572b2f9d,1697663660100722222
6a69421f-e399-4db8-897a-d8ef21b5e0a7,707b6ccf-c9d9-4c1d-97f4-516b572b2f9d,1697663660114122222
6a69421f-e399-4db8-897a-d8ef21b5e0a7,707b6ccf-c9d9-4c1d-97f4-516b572b2f9d,1697663660147477777
6a69421f-e399-4db8-897a-d8ef21b5e0a7,707b6ccf-c9d9-4c1d-97f4-516b572b2f9d,1697663660179633333
6a69421f-e399-4db8-897a-d8ef21b5e0a7,707b6ccf-c9d9-4c1d-97f4-516b572b2f9d,1697663660217211111
6a69421f-e399-4db8-897a-d8ef21b5e0a7,707b6ccf-c9d9-4c1d-97f4-516b572b2f9d,1697663660254011111
6a69421f-e399-4db8-897a-d8ef21b5e0a7,707b6ccf-c9d9-4c1d-97f4-516b572b2f9d,1697663660288655555
6a69421f-e399-4db8-897a-d8ef21b5e0a7,707b6ccf-c9d9-4c1d-97f4-516b572b2f9d,1697663660318533333
6a69421f-e399-4db8-897a-d8ef21b5e0a7,707b6ccf-c9d9-4c1d-97f4-516b572b2f9d,1697663660354600000
6a69421f-e399-4db8-897a-d8ef21b5e0a7,707b6ccf-c9d9-4c1d-97f4-516b572b2f9d,1697663660390233333
6a69421f-e399-4db8-897a-d8ef21b5e0a7,707b6ccf-c9d9-4c1d-97f4-516b572b2f9d,1697663660417255555
6a69421f-e399-4db8-897a-d8ef21b5e0a7,707b6ccf-c9d9-4c1d-97f4-516b572b2f9d,1697663660456366666
6a69421f-e399-4db8-897a-d8ef21b5e0a7,707b6ccf-c9d9-4c1d-97f4-516b572b2f9d,1697663660485600000
6a69421f-e399-4db8-897a-d8ef21b5e0a7,707b6ccf-c9d9-4c1d-97f4-516b572b2f9d,1697663660524188888
6a69421f-e399-4db8-897a-d8ef21b5e0a7,707b6ccf-c9d9-4c1d-97f4-516b572b2f9d,1697663660555400000
6a69421f-e399-4db8-897a-d8ef21b5e0a7,707b6ccf-c9d9-4c1d-97f4-516b572b2f9d,1697663660585288888
6a69421f-e399-4db8-897a-d8ef21b5e0a7,707b6ccf-c9d9-4c1d-97f4-516b572b2f9d,1697663660618233333
6a69421f-e399-4db8-897a-d8ef21b5e0a7,707b6ccf-c9d9-4c1d-97f4-516b572b2f9d,1697663660655944444
6a69421f-e399-4db8-897a-d8ef21b5e0a7,707b6ccf-c9d9-4c1d-97f4-516b572b2f9d,1697663660690400000
6a69421f-e399-4db8-897a-d8ef21b5e0a7,707b6ccf-c9d9-4c1d-97f4-516b572b2f9d,1697663660726444444
6a69421f-e399-4db8-897a-d8ef21b5e0a7,707b6ccf-c9d9-4c1d-97f4-516b572b2f9d,1697663660745844444
6a69421f-e399-4db8-897a-d8ef21b5e0a7,707b6ccf-c9d9-4c1d-97f4-516b572b2f9d,1697663660797933333
6a69421f-e399-4db8-897a-d8ef21b5e0a7,707b6ccf-c9d9-4c1d-97f4-516b572b2f9d,1697663660822188888
6a69421f-e399-4db8-897a-d8ef21b5e0a7,707b6ccf-c9d9-4c1d-97f4-516b572b2f9d,1697663660850688888
6a69421f-e399-4db8-897a-d8ef21b5e0a7,707b6ccf-c9d9-4c1d-97f4-516b572b2f9d,1697663660886311111
6a69421f-e399-4db8-897a-d8ef21b5e0a7,707b6ccf-c9d9-4c1d-97f4-516b572b2f9d,1697663660917200000
6a69421f-e399-4db8-897a-d8ef21b5e0a7,707b6ccf-c9d9-4c1d-97f4-516b572b2f9d,1697663660958255555
6a69421f-e399-4db8-897a-d8ef21b5e0a7,707b6ccf-c9d9-4c1d-97f4-516b572b2f9d,1697663660985755555
6a69421f-e399-4db8-897a-d8ef21b5e0a7,707b6ccf-c9d9-4c1d-97f4-516b572b2f9d,1697663661022733333
6a69421f-e399-4db8-897a-d8ef21b5e0a7,707b6ccf-c9d9-4c1d-97f4-516b572b2f9d,1697663661056866666
6a69421f-e399-4db8-897a-d8ef21b5e0a7,707b6ccf-c9d9-4c1d-97f4-516b572b2f9d,1697663661086688888
6a69421f-e399-4db8-897a-d8ef21b5e0a7,707b6ccf-c9d9-4c1d-97f4-516b572b2f9d,1697663661120744444
6a69421f-e399-4db8-897a-d8ef21b5e0a7,707b6ccf-c9d9-4c1d-97f4-516b572b2f9d,1697663661156222222
6a69421f-e399-4db8-897a-d8ef21b5e0a7,707b6ccf-c9d9-4c1d-97f4-516b572b2f9d,1697663661190122222
6a69421f-e399-4db8-897a-d8ef21b5e0a7,707b6ccf-c9d9-4c1d-97f4-516b572b2f9d,1697663661221266666
6a69421f-e399-4db8-897a-d8ef21b5e0a7,707b6ccf-c9d9-4c1d-97f4-516b572b2f9d,1697663661255166666
6a69421f-e399-4db8-897a-d8ef21b5e0a7,707b6ccf-c9d9-4c1d-97f4-516b572b2f9d,1697663661289600000
6a69421f-e399-4db8-897a-d8ef21b5e0a7,707b6ccf-c9d9-4c1d-97f4-516b572b2f9d,1697663661320111111
6a69421f-e399-4db8-897a-d8ef21b5e0a7,707b6ccf-c9d9-4c1d-97f4-516b572b2f9d,1697663661356055555
6a69421f-e399-4db8-897a-d8ef21b5e0a7,707b6ccf-c9d9-4c1d-97f4-516b572b2f9d,1697663661387355555
6a69421f-e399-4db8-897a-d8ef21b5e0a7,707b6ccf-c9d9-4c1d-97f4-516b572b2f9d,1697663661426766666
6a69421f-e399-4db8-897a-d8ef21b5e0a7,707b6ccf-c9d9-4c1d-97f4-516b572b2f9d,1697663661448088888
6a69421f-e399-4db8-897a-d8ef21b5e0a7,707b6ccf-c9d9-4c1d-97f4-516b572b2f9d,1697663661483255555
6a69421f-e399-4db8-897a-d8ef21b5e0a7,707b6ccf-c9d9-4c1d-97f4-516b572b2f9d,1697663661517877777
6a69421f-e399-4db8-897a-d8ef21b5e0a7,707b6ccf-c9d9-4c1d-97f4-516b572b2f9d,1697663661547688888
6a69421f-e399-4db8-897a-d8ef21b5e0a7,707b6ccf-c9d9-4c1d-97f4-516b572b2f9d,1697663661592000000
6a69421f-e399-4db8-897a-d8ef21b5e0a7,707b6ccf-c9d9-4c1d-97f4-516b572b2f9d,1697663661620222222
6a69421f-e399-4db8-897a-d8ef21b5e0a7,707b6ccf-c9d9-4c1d-97f4-516b572b2f9d,1697663661651677777
6a69421f-e399-4db8-897a-d8ef21b5e0a7,707b6ccf-c9d9-4c1d-97f4-516b572b2f9d,1697663661690155555
6a69421f-e399-4db8-897a-d8ef21b5e0a7,707b6ccf-c9d9-4c1d-97f4-516b572b2f9d,1697663661722111111
6a69421f-e399-4db8-897a-d8ef21b5e0a7,707b6ccf-c9d9-4c1d-97f4-516b572b2f9d,1697663661756800000
6a69421f-e399-4db8-897a-d8ef21b5e0a7,707b6ccf-c9d9-4c1d-97f4-516b572b2f9d,1697663661789166666
6a69421f-e399-4db8-897a-d8ef21b5e0a7,707b6ccf-c9d9-4c1d-97f4-516b572b2f9d,1697663661818788888
6a69421f-e399-4db8-897a-d8ef21b5e0a7,707b6ccf-c9d9-4c1d-97f4-516b572b2f9d,1697663661856477777
6a69421f-e399-4db8-897a-d8ef21b5e0a7,707b6ccf-c9d9-4c1d-97f4-516b572b2f9d,1697663661886377777
6a69421f-e399-4db8-897a-d8ef21b5e0a7,707b6ccf-c9d9-4c1d-97f4-516b572b2f9d,1697663661920122222
6a69421f-e399-4db8-897a-d8ef21b5e0a7,707b6ccf-c9d9-4c1d-97f4-516b572b2f9d,1697663661954044444
6a69421f-e399-4db8-897a-d8ef21b5e0a7,707b6ccf-c9d9-4c1d-97f4-516b572b2f9d,1697663661986144444
6a69421f-e399-4db8-897a-d8ef21b5e0a7,707b6ccf-c9d9-4c1d-97f4-516b572b2f9d,1697663662020477777
6a69421f-e399-4db8-897a-d8ef21b5e0a7,707b6ccf-c9d9-4c1d-97f4-516b572b2f9d,1697663662051411111
6a69421f-e399-4db8-897a-d8ef21b5e0a7,707b6ccf-c9d9-4c1d-97f4-516b572b2f9d,1697663662080944444
6a69421f-e399-4db8-897a-d8ef21b5e0a7,707b6ccf-c9d9-4c1d-97f4-516b572b2f9d,1697663662114233333
6a69421f-e399-4db8-897a-d8ef21b5e0a7,707b6ccf-c9d9-4c1d-97f4-516b572b2f9d,1697663662149777777
6a69421f-e399-4db8-897a-d8ef21b5e0a7,707b6ccf-c9d9-4c1d-97f4-516b572b2f9d,1697663662179366666
6a69421f-e399-4db8-897a-d8ef21b5e0a7,707b6ccf-c9d9-4c1d-97f4-516b572b2f9d,1697663662210133333
6a69421f-e399-4db8-897a-d8ef21b5e0a7,707b6ccf-c9d9-4c1d-97f4-516b572b2f9d,1697663662250988888
6a69421f-e399-4db8-897a-d8ef21b5e0a7,707b6ccf-c9d9-4c1d-97f4-516b572b2f9d,1697663662287011111
6a69421f-e399-4db8-897a-d8ef21b5e0a7,707b6ccf-c9d9-4c1d-97f4-516b572b2f9d,1697663662319300000
6a69421f-e399-4db8-897a-d8ef21b5e0a7,707b6ccf-c9d9-4c1d-97f4-516b572b2f9d,1697663662351466666
6a69421f-e399-4db8-897a-d8ef21b5e0a7,707b6ccf-c9d9-4c1d-97f4-516b572b2f9d,1697663662390133333
6a69421f-e399-4db8-897a-d8ef21b5e0a7,707b6ccf-c9d9-4c1d-97f4-516b572b2f9d,1697663662418300000
6a69421f-e399-4db8-897a-d8ef21b5e0a7,707b6ccf-c9d9-4c1d-97f4-516b572b2f9d,1697663662451566666
6a69421f-e399-4db8-897a-d8ef21b5e0a7,707b6ccf-c9d9-4c1d-97f4-516b572b2f9d,1697663662486022222
6a69421f-e399-4db8-897a-d8ef21b5e0a7,707b6ccf-c9d9-4c1d-97f4-516b572b2f9d,1697663662521177777
6a69421f-e399-4db8-897a-d8ef21b5e0a7,707b6ccf-c9d9-4c1d-97f4-516b572b2f9d,1697663662551566666
6a69421f-e399-4db8-897a-d8ef21b5e0a7,707b6ccf-c9d9-4c1d-97f4-516b572b2f9d,1697663662590622222
6a69421f-e399-4db8-897a-d8ef21b5e0a7,707b6ccf-c9d9-4c1d-97f4-516b572b2f9d,1697663662619711111
6a69421f-e399-4db8-897a-d8ef21b5e0a7,707b6ccf-c9d9-4c1d-97f4-516b572b2f9d,1697663662651677777
6a69421f-e399-4db8-897a-d8ef21b5e0a7,707b6ccf-c9d9-4c1d-97f4-516b572b2f9d,1697663662692255555
6a69421f-e399-4db8-897a-d8ef21b5e0a7,707b6ccf-c9d9-4c1d-97f4-516b572b2f9d,1697663662732533333
6a69421f-e399-4db8-897a-d8ef21b5e0a7,707b6ccf-c9d9-4c1d-97f4-516b572b2f9d,1697663662742788888
6a69421f-e399-4db8-897a-d8ef21b5e0a7,707b6ccf-c9d9-4c1d-97f4-516b572b2f9d,1697663662782411111
6a69421f-e399-4db8-897a-d8ef21b5e0a7,707b6ccf-c9d9-4c1d-97f4-516b572b2f9d,1697663662809933333
6a69421f-e399-4db8-897a-d8ef21b5e0a7,707b6ccf-c9d9-4c1d-97f4-516b572b2f9d,1697663662843300000
6a69421f-e399-4db8-897a-d8ef21b5e0a7,707b6ccf-c9d9-4c1d-97f4-516b572b2f9d,1697663662889377777
6a69421f-e399-4db8-897a-d8ef21b5e0a7,707b6ccf-c9d9-4c1d-97f4-516b572b2f9d,1697663662921122222
6a69421f-e399-4db8-897a-d8ef21b5e0a7,707b6ccf-c9d9-4c1d-97f4-516b572b2f9d,1697663662952200000
6a69421f-e399-4db8-897a-d8ef21b5e0a7,707b6ccf-c9d9-4c1d-97f4-516b572b2f9d,1697663662985688888
6a69421f-e399-4db8-897a-d8ef21b5e0a7,707b6ccf-c9d9-4c1d-97f4-516b572b2f9d,1697663663022311111
6a69421f-e399-4db8-897a-d8ef21b5e0a7,707b6ccf-c9d9-4c1d-97f4-516b572b2f9d,1697663663050322222
6a69421f-e399-4db8-897a-d8ef21b5e0a7,707b6ccf-c9d9-4c1d-97f4-516b572b2f9d,1697663663086322222
6a69421f-e399-4db8-897a-d8ef21b5e0a7,707b6ccf-c9d9-4c1d-97f4-516b572b2f9d,1697663663119688888
6a69421f-e399-4db8-897a-d8ef21b5e0a7,707b6ccf-c9d9-4c1d-97f4-516b572b2f9d,1697663663150888888
6a69421f-e399-4db8-897a-d8ef21b5e0a7,707b6ccf-c9d9-4c1d-97f4-516b572b2f9d,1697663663188422222
6a69421f-e399-4db8-897a-d8ef21b5e0a7,707b6ccf-c9d9-4c1d-97f4-516b572b2f9d,1697663663219644444
6a69421f-e399-4db8-897a-d8ef21b5e0a7,707b6ccf-c9d9-4c1d-97f4-516b572b2f9d,1697663663251033333
6a69421f-e399-4db8-897a-d8ef21b5e0a7,707b6ccf-c9d9-4c1d-97f4-516b572b2f9d,1697663663285633333
6a69421f-e399-4db8-897a-d8ef21b5e0a7,707b6ccf-c9d9-4c1d-97f4-516b572b2f9d,1697663663319244444
6a69421f-e399-4db8-897a-d8ef21b5e0a7,707b6ccf-c9d9-4c1d-97f4-516b572b2f9d,1697663663354266666
6a69421f-e399-4db8-897a-d8ef21b5e0a7,707b6ccf-c9d9-4c1d-97f4-516b572b2f9d,1697663663405466666
6a69421f-e399-4db8-897a-d8ef21b5e0a7,707b6ccf-c9d9-4c1d-97f4-516b572b2f9d,1697663663421633333
6a69421f-e399-4db8-897a-d8ef21b5e0a7,707b6ccf-c9d9-4c1d-97f4-516b572b2f9d,1697663663443055555
6a69421f-e399-4db8-897a-d8ef21b5e0a7,707b6ccf-c9d9-4c1d-97f4-516b572b2f9d,1697663663491755555
6a69421f-e399-4db8-897a-d8ef21b5e0a7,707b6ccf-c9d9-4c1d-97f4-516b572b2f9d,1697663663511377777
6a69421f-e399-4db8-897a-d8ef21b5e0a7,707b6ccf-c9d9-4c1d-97f4-516b572b2f9d,1697663663553500000
6a69421f-e399-4db8-897a-d8ef21b5e0a7,707b6ccf-c9d9-4c1d-97f4-516b572b2f9d,1697663663590233333
6a69421f-e399-4db8-897a-d8ef21b5e0a7,707b6ccf-c9d9-4c1d-97f4-516b572b2f9d,1697663663619300000
6a69421f-e399-4db8-897a-d8ef21b5e0a7,707b6ccf-c9d9-4c1d-97f4-516b572b2f9d,1697663663651755555
6a69421f-e399-4db8-897a-d8ef21b5e0a7,707b6ccf-c9d9-4c1d-97f4-516b572b2f9d,1697663663687388888
6a69421f-e399-4db8-897a-d8ef21b5e0a7,707b6ccf-c9d9-4c1d-97f4-516b572b2f9d,1697663663719577777
6a69421f-e399-4db8-897a-d8ef21b5e0a7,707b6ccf-c9d9-4c1d-97f4-516b572b2f9d,1697663663754022222
6a69421f-e399-4db8-897a-d8ef21b5e0a7,707b6ccf-c9d9-4c1d-97f4-516b572b2f9d,1697663663789355555
6a69421f-e399-4db8-897a-d8ef21b5e0a7,707b6ccf-c9d9-4c1d-97f4-516b572b2f9d,1697663663820000000
6a69421f-e399-4db8-897a-d8ef21b5e0a7,707b6ccf-c9d9-4c1d-97f4-516b572b2f9d,1697663663846133333
6a69421f-e399-4db8-897a-d8ef21b5e0a7,707b6ccf-c9d9-4c1d-97f4-516b572b2f9d,1697663663890344444
6a69421f-e399-4db8-897a-d8ef21b5e0a7,707b6ccf-c9d9-4c1d-97f4-516b572b2f9d,1697663663917866666
6a69421f-e399-4db8-897a-d8ef21b5e0a7,707b6ccf-c9d9-4c1d-97f4-516b572b2f9d,1697663663952466666
6a69421f-e399-4db8-897a-d8ef21b5e0a7,707b6ccf-c9d9-4c1d-97f4-516b572b2f9d,1697663663988155555
6a69421f-e399-4db8-897a-d8ef21b5e0a7,707b6ccf-c9d9-4c1d-97f4-516b572b2f9d,1697663664023288888
6a69421f-e399-4db8-897a-d8ef21b5e0a7,707b6ccf-c9d9-4c1d-97f4-516b572b2f9d,1697663664042744444
6a69421f-e399-4db8-897a-d8ef21b5e0a7,707b6ccf-c9d9-4c1d-97f4-516b572b2f9d,1697663664093988888
6a69421f-e399-4db8-897a-d8ef21b5e0a7,707b6ccf-c9d9-4c1d-97f4-516b572b2f9d,1697663664119400000
6a69421f-e399-4db8-897a-d8ef21b5e0a7,707b6ccf-c9d9-4c1d-97f4-516b572b2f9d,1697663664145222222
6a69421f-e399-4db8-897a-d8ef21b5e0a7,707b6ccf-c9d9-4c1d-97f4-516b572b2f9d,1697663664178133333
6a69421f-e399-4db8-897a-d8ef21b5e0a7,707b6ccf-c9d9-4c1d-97f4-516b572b2f9d,1697663664228088888
6a69421f-e399-4db8-897a-d8ef21b5e0a7,707b6ccf-c9d9-4c1d-97f4-516b572b2f9d,1697663664241811111
6a69421f-e399-4db8-897a-d8ef21b5e0a7,707b6ccf-c9d9-4c1d-97f4-516b572b2f9d,1697663664289211111
6a69421f-e399-4db8-897a-d8ef21b5e0a7,707b6ccf-c9d9-4c1d-97f4-516b572b2f9d,1697663664320866666
6a69421f-e399-4db8-897a-d8ef21b5e0a7,707b6ccf-c9d9-4c1d-97f4-516b572b2f9d,1697663664350122222
6a69421f-e399-4db8-897a-d8ef21b5e0a7,707b6ccf-c9d9-4c1d-97f4-516b572b2f9d,1697663664386522222
6a69421f-e399-4db8-897a-d8ef21b5e0a7,707b6ccf-c9d9-4c1d-97f4-516b572b2f9d,1697663664418788888
6a69421f-e399-4db8-897a-d8ef21b5e0a7,707b6ccf-c9d9-4c1d-97f4-516b572b2f9d,1697663664452133333
6a69421f-e399-4db8-897a-d8ef21b5e0a7,707b6ccf-c9d9-4c1d-97f4-516b572b2f9d,1697663664485644444
6a69421f-e399-4db8-897a-d8ef21b5e0a7,707b6ccf-c9d9-4c1d-97f4-516b572b2f9d,1697663664520066666
6a69421f-e399-4db8-897a-d8ef21b5e0a7,707b6ccf-c9d9-4c1d-97f4-516b572b2f9d,1697663664550277777
6a69421f-e399-4db8-897a-d8ef21b5e0a7,707b6ccf-c9d9-4c1d-97f4-516b572b2f9d,1697663664588566666
6a69421f-e399-4db8-897a-d8ef21b5e0a7,707b6ccf-c9d9-4c1d-97f4-516b572b2f9d,1697663664618266666
6a69421f-e399-4db8-897a-d8ef21b5e0a7,707b6ccf-c9d9-4c1d-97f4-516b572b2f9d,1697663664652333333
6a69421f-e399-4db8-897a-d8ef21b5e0a7,707b6ccf-c9d9-4c1d-97f4-516b572b2f9d,1697663664692088888
6a69421f-e399-4db8-897a-d8ef21b5e0a7,707b6ccf-c9d9-4c1d-97f4-516b572b2f9d,1697663664731244444
6a69421f-e399-4db8-897a-d8ef21b5e0a7,707b6ccf-c9d9-4c1d-97f4-516b572b2f9d,1697663664743455555
6a69421f-e399-4db8-897a-d8ef21b5e0a7,707b6ccf-c9d9-4c1d-97f4-516b572b2f9d,1697663664798744444
6a69421f-e399-4db8-897a-d8ef21b5e0a7,707b6ccf-c9d9-4c1d-97f4-516b572b2f9d,1697663664822900000
6a69421f-e399-4db8-897a-d8ef21b5e0a7,707b6ccf-c9d9-4c1d-97f4-516b572b2f9d,1697663664849366666
6a69421f-e399-4db8-897a-d8ef21b5e0a7,707b6ccf-c9d9-4c1d-97f4-516b572b2f9d,1697663664887800000
6a69421f-e399-4db8-897a-d8ef21b5e0a7,707b6ccf-c9d9-4c1d-97f4-516b572b2f9d,1697663664920055555
6a69421f-e399-4db8-897a-d8ef21b5e0a7,707b6ccf-c9d9-4c1d-97f4-516b572b2f9d,1697663664951133333
6a69421f-e399-4db8-897a-d8ef21b5e0a7,707b6ccf-c9d9-4c1d-97f4-516b572b2f9d,1697663664990111111
6a69421f-e399-4db8-897a-d8ef21b5e0a7,707b6ccf-c9d9-4c1d-97f4-516b572b2f9d,1697663665020477777
6a69421f-e399-4db8-897a-d8ef21b5e0a7,707b6ccf-c9d9-4c1d-97f4-516b572b2f9d,1697663665044166666
6a69421f-e399-4db8-897a-d8ef21b5e0a7,707b6ccf-c9d9-4c1d-97f4-516b572b2f9d,1697663665094411111
6a69421f-e399-4db8-897a-d8ef21b5e0a7,707b6ccf-c9d9-4c1d-97f4-516b572b2f9d,1697663665124211111
6a69421f-e399-4db8-897a-d8ef21b5e0a7,707b6ccf-c9d9-4c1d-97f4-516b572b2f9d,1697663665152411111
6a69421f-e399-4db8-897a-d8ef21b5e0a7,707b6ccf-c9d9-4c1d-97f4-516b572b2f9d,1697663665189355555
6a69421f-e399-4db8-897a-d8ef21b5e0a7,707b6ccf-c9d9-4c1d-97f4-516b572b2f9d,1697663665220444444
6a69421f-e399-4db8-897a-d8ef21b5e0a7,707b6ccf-c9d9-4c1d-97f4-516b572b2f9d,1697663665250822222
6a69421f-e399-4db8-897a-d8ef21b5e0a7,707b6ccf-c9d9-4c1d-97f4-516b572b2f9d,1697663665289855555
6a69421f-e399-4db8-897a-d8ef21b5e0a7,707b6ccf-c9d9-4c1d-97f4-516b572b2f9d,1697663665320633333
6a69421f-e399-4db8-897a-d8ef21b5e0a7,707b6ccf-c9d9-4c1d-97f4-516b572b2f9d,1697663665349266666
6a69421f-e399-4db8-897a-d8ef21b5e0a7,707b6ccf-c9d9-4c1d-97f4-516b572b2f9d,1697663665403300000
6a69421f-e399-4db8-897a-d8ef21b5e0a7,707b6ccf-c9d9-4c1d-97f4-516b572b2f9d,1697663665422822222
6a69421f-e399-4db8-897a-d8ef21b5e0a7,707b6ccf-c9d9-4c1d-97f4-516b572b2f9d,1697663665447155555
6a69421f-e399-4db8-897a-d8ef21b5e0a7,707b6ccf-c9d9-4c1d-97f4-516b572b2f9d,1697663665474666666
6a69421f-e399-4db8-897a-d8ef21b5e0a7,707b6ccf-c9d9-4c1d-97f4-516b572b2f9d,1697663665525211111
6a69421f-e399-4db8-897a-d8ef21b5e0a7,707b6ccf-c9d9-4c1d-97f4-516b572b2f9d,1697663665555155555
6a69421f-e399-4db8-897a-d8ef21b5e0a7,707b6ccf-c9d9-4c1d-97f4-516b572b2f9d,1697663665582444444
6a69421f-e399-4db8-897a-d8ef21b5e0a7,707b6ccf-c9d9-4c1d-97f4-516b572b2f9d,1697663665620477777
6a69421f-e399-4db8-897a-d8ef21b5e0a7,707b6ccf-c9d9-4c1d-97f4-516b572b2f9d,1697663665642222222
6a69421f-e399-4db8-897a-d8ef21b5e0a7,707b6ccf-c9d9-4c1d-97f4-516b572b2f9d,1697663665685333333
6a69421f-e399-4db8-897a-d8ef21b5e0a7,707b6ccf-c9d9-4c1d-97f4-516b572b2f9d,1697663665720633333
6a69421f-e399-4db8-897a-d8ef21b5e0a7,707b6ccf-c9d9-4c1d-97f4-516b572b2f9d,1697663665751000000
6a69421f-e399-4db8-897a-d8ef21b5e0a7,707b6ccf-c9d9-4c1d-97f4-516b572b2f9d,1697663665781744444
6a69421f-e399-4db8-897a-d8ef21b5e0a7,707b6ccf-c9d9-4c1d-97f4-516b572b2f9d,1697663665816900000
6a69421f-e399-4db8-897a-d8ef21b5e0a7,707b6ccf-c9d9-4c1d-97f4-516b572b2f9d,1697663665852266666
6a69421f-e399-4db8-897a-d8ef21b5e0a7,707b6ccf-c9d9-4c1d-97f4-516b572b2f9d,1697663665892166666
6a69421f-e399-4db8-897a-d8ef21b5e0a7,707b6ccf-c9d9-4c1d-97f4-516b572b2f9d,1697663665919722222
6a69421f-e399-4db8-897a-d8ef21b5e0a7,707b6ccf-c9d9-4c1d-97f4-516b572b2f9d,1697663665950722222
6a69421f-e399-4db8-897a-d8ef21b5e0a7,707b6ccf-c9d9-4c1d-97f4-516b572b2f9d,1697663665982622222
6a69421f-e399-4db8-897a-d8ef21b5e0a7,707b6ccf-c9d9-4c1d-97f4-516b572b2f9d,1697663666022933333
6a69421f-e399-4db8-897a-d8ef21b5e0a7,707b6ccf-c9d9-4c1d-97f4-516b572b2f9d,1697663666041444444
6a69421f-e399-4db8-897a-d8ef21b5e0a7,707b6ccf-c9d9-4c1d-97f4-516b572b2f9d,1697663666092622222
6a69421f-e399-4db8-897a-d8ef21b5e0a7,707b6ccf-c9d9-4c1d-97f4-516b572b2f9d,1697663666113722222
6a69421f-e399-4db8-897a-d8ef21b5e0a7,707b6ccf-c9d9-4c1d-97f4-516b572b2f9d,1697663666145000000
6a69421f-e399-4db8-897a-d8ef21b5e0a7,707b6ccf-c9d9-4c1d-97f4-516b572b2f9d,1697663666179466666
6a69421f-e399-4db8-897a-d8ef21b5e0a7,707b6ccf-c9d9-4c1d-97f4-516b572b2f9d,1697663666222311111
6a69421f-e399-4db8-897a-d8ef21b5e0a7,707b6ccf-c9d9-4c1d-97f4-516b572b2f9d,1697663666241500000
6a69421f-e399-4db8-897a-d8ef21b5e0a7,707b6ccf-c9d9-4c1d-97f4-516b572b2f9d,1697663666281533333
6a69421f-e399-4db8-897a-d8ef21b5e0a7,707b6ccf-c9d9-4c1d-97f4-516b572b2f9d,1697663666321633333
6a69421f-e399-4db8-897a-d8ef21b5e0a7,707b6ccf-c9d9-4c1d-97f4-516b572b2f9d,1697663666354266666
6a69421f-e399-4db8-897a-d8ef21b5e0a7,707b6ccf-c9d9-4c1d-97f4-516b572b2f9d,1697663666385211111
6a69421f-e399-4db8-897a-d8ef21b5e0a7,707b6ccf-c9d9-4c1d-97f4-516b572b2f9d,1697663666418477777
6a69421f-e399-4db8-897a-d8ef21b5e0a7,707b6ccf-c9d9-4c1d-97f4-516b572b2f9d,1697663666451455555
6a69421f-e399-4db8-897a-d8ef21b5e0a7,707b6ccf-c9d9-4c1d-97f4-516b572b2f9d,1697663666484066666
6a69421f-e399-4db8-897a-d8ef21b5e0a7,707b6ccf-c9d9-4c1d-97f4-516b572b2f9d,1697663666522400000
6a69421f-e399-4db8-897a-d8ef21b5e0a7,707b6ccf-c9d9-4c1d-97f4-516b572b2f9d,1697663666544022222
6a69421f-e399-4db8-897a-d8ef21b5e0a7,707b6ccf-c9d9-4c1d-97f4-516b572b2f9d,1697663666584566666
6a69421f-e399-4db8-897a-d8ef21b5e0a7,707b6ccf-c9d9-4c1d-97f4-516b572b2f9d,1697663666617511111
6a69421f-e399-4db8-897a-d8ef21b5e0a7,707b6ccf-c9d9-4c1d-97f4-516b572b2f9d,1697663666650566666
6a69421f-e399-4db8-897a-d8ef21b5e0a7,707b6ccf-c9d9-4c1d-97f4-516b572b2f9d,1697663666683977777
6a69421f-e399-4db8-897a-d8ef21b5e0a7,707b6ccf-c9d9-4c1d-97f4-516b572b2f9d,1697663666725188888
6a69421f-e399-4db8-897a-d8ef21b5e0a7,707b6ccf-c9d9-4c1d-97f4-516b572b2f9d,1697663666752900000
6a69421f-e399-4db8-897a-d8ef21b5e0a7,707b6ccf-c9d9-4c1d-97f4-516b572b2f9d,1697663666776822222
6a69421f-e399-4db8-897a-d8ef21b5e0a7,707b6ccf-c9d9-4c1d-97f4-516b572b2f9d,1697663666813988888
6a69421f-e399-4db8-897a-d8ef21b5e0a7,707b6ccf-c9d9-4c1d-97f4-516b572b2f9d,1697663666848988888
6a69421f-e399-4db8-897a-d8ef21b5e0a7,707b6ccf-c9d9-4c1d-97f4-516b572b2f9d,1697663666879333333
6a69421f-e399-4db8-897a-d8ef21b5e0a7,707b6ccf-c9d9-4c1d-97f4-516b572b2f9d,1697663666916166666
6a69421f-e399-4db8-897a-d8ef21b5e0a7,707b6ccf-c9d9-4c1d-97f4-516b572b2f9d,1697663666942033333
6a69421f-e399-4db8-897a-d8ef21b5e0a7,707b6ccf-c9d9-4c1d-97f4-516b572b2f9d,1697663666982500000
6a69421f-e399-4db8-897a-d8ef21b5e0a7,707b6ccf-c9d9-4c1d-97f4-516b572b2f9d,1697663667017533333
6a69421f-e399-4db8-897a-d8ef21b5e0a7,707b6ccf-c9d9-4c1d-97f4-516b572b2f9d,1697663667053800000
6a69421f-e399-4db8-897a-d8ef21b5e0a7,707b6ccf-c9d9-4c1d-97f4-516b572b2f9d,1697663667083333333
6a69421f-e399-4db8-897a-d8ef21b5e0a7,707b6ccf-c9d9-4c1d-97f4-516b572b2f9d,1697663667122266666
6a69421f-e399-4db8-897a-d8ef21b5e0a7,707b6ccf-c9d9-4c1d-97f4-516b572b2f9d,1697663667142555555
6a69421f-e399-4db8-897a-d8ef21b5e0a7,707b6ccf-c9d9-4c1d-97f4-516b572b2f9d,1697663667190433333
6a69421f-e399-4db8-897a-d8ef21b5e0a7,707b6ccf-c9d9-4c1d-97f4-516b572b2f9d,1697663667221500000
6a69421f-e399-4db8-897a-d8ef21b5e0a7,707b6ccf-c9d9-4c1d-97f4-516b572b2f9d,1697663667242077777
6a69421f-e399-4db8-897a-d8ef21b5e0a7,707b6ccf-c9d9-4c1d-97f4-516b572b2f9d,1697663667284255555
6a69421f-e399-4db8-897a-d8ef21b5e0a7,707b6ccf-c9d9-4c1d-97f4-516b572b2f9d,1697663667321533333
6a69421f-e399-4db8-897a-d8ef21b5e0a7,707b6ccf-c9d9-4c1d-97f4-516b572b2f9d,1697663667344755555
6a69421f-e399-4db8-897a-d8ef21b5e0a7,707b6ccf-c9d9-4c1d-97f4-516b572b2f9d,1697663667388077777
6a69421f-e399-4db8-897a-d8ef21b5e0a7,707b6ccf-c9d9-4c1d-97f4-516b572b2f9d,1697663667418900000
6a69421f-e399-4db8-897a-d8ef21b5e0a7,707b6ccf-c9d9-4c1d-97f4-516b572b2f9d,1697663667450655555
6a69421f-e399-4db8-897a-d8ef21b5e0a7,707b6ccf-c9d9-4c1d-97f4-516b572b2f9d,1697663667475777777
6a69421f-e399-4db8-897a-d8ef21b5e0a7,707b6ccf-c9d9-4c1d-97f4-516b572b2f9d,1697663667511433333
6a69421f-e399-4db8-897a-d8ef21b5e0a7,707b6ccf-c9d9-4c1d-97f4-516b572b2f9d,1697663667544522222
6a69421f-e399-4db8-897a-d8ef21b5e0a7,707b6ccf-c9d9-4c1d-97f4-516b572b2f9d,1697663667574655555
6a69421f-e399-4db8-897a-d8ef21b5e0a7,707b6ccf-c9d9-4c1d-97f4-516b572b2f9d,1697663667622222222
6a69421f-e399-4db8-897a-d8ef21b5e0a7,707b6ccf-c9d9-4c1d-97f4-516b572b2f9d,1697663667645277777
6a69421f-e399-4db8-897a-d8ef21b5e0a7,707b6ccf-c9d9-4c1d-97f4-516b572b2f9d,1697663667683788888
6a69421f-e399-4db8-897a-d8ef21b5e0a7,707b6ccf-c9d9-4c1d-97f4-516b572b2f9d,1697663667718911111
6a69421f-e399-4db8-897a-d8ef21b5e0a7,707b6ccf-c9d9-4c1d-97f4-516b572b2f9d,1697663667753977777
6a69421f-e399-4db8-897a-d8ef21b5e0a7,707b6ccf-c9d9-4c1d-97f4-516b572b2f9d,1697663667782222222
6a69421f-e399-4db8-897a-d8ef21b5e0a7,707b6ccf-c9d9-4c1d-97f4-516b572b2f9d,1697663667818288888
6a69421f-e399-4db8-897a-d8ef21b5e0a7,707b6ccf-c9d9-4c1d-97f4-516b572b2f9d,1697663667852055555
6a69421f-e399-4db8-897a-d8ef21b5e0a7,707b6ccf-c9d9-4c1d-97f4-516b572b2f9d,1697663667883155555
6a69421f-e399-4db8-897a-d8ef21b5e0a7,707b6ccf-c9d9-4c1d-97f4-516b572b2f9d,1697663667923955555
6a69421f-e399-4db8-897a-d8ef21b5e0a7,707b6ccf-c9d9-4c1d-97f4-516b572b2f9d,1697663667953111111
6a69421f-e399-4db8-897a-d8ef21b5e0a7,707b6ccf-c9d9-4c1d-97f4-516b572b2f9d,1697663667982155555
6a69421f-e399-4db8-897a-d8ef21b5e0a7,707b6ccf-c9d9-4c1d-97f4-516b572b2f9d,1697663668022688888
6a69421f-e399-4db8-897a-d8ef21b5e0a7,707b6ccf-c9d9-4c1d-97f4-516b572b2f9d,1697663668050711111
6a69421f-e399-4db8-897a-d8ef21b5e0a7,707b6ccf-c9d9-4c1d-97f4-516b572b2f9d,1697663668085200000
6a69421f-e399-4db8-897a-d8ef21b5e0a7,707b6ccf-c9d9-4c1d-97f4-516b572b2f9d,1697663668112611111
6a69421f-e399-4db8-897a-d8ef21b5e0a7,707b6ccf-c9d9-4c1d-97f4-516b572b2f9d,1697663668144077777
6a69421f-e399-4db8-897a-d8ef21b5e0a7,707b6ccf-c9d9-4c1d-97f4-516b572b2f9d,1697663668174055555
6a69421f-e399-4db8-897a-d8ef21b5e0a7,707b6ccf-c9d9-4c1d-97f4-516b572b2f9d,1697663668214988888
6a69421f-e399-4db8-897a-d8ef21b5e0a7,707b6ccf-c9d9-4c1d-97f4-516b572b2f9d,1697663668241655555
6a69421f-e399-4db8-897a-d8ef21b5e0a7,707b6ccf-c9d9-4c1d-97f4-516b572b2f9d,1697663668286722222
6a69421f-e399-4db8-897a-d8ef21b5e0a7,707b6ccf-c9d9-4c1d-97f4-516b572b2f9d,1697663668324311111
6a69421f-e399-4db8-897a-d8ef21b5e0a7,707b6ccf-c9d9-4c1d-97f4-516b572b2f9d,1697663668352100000
6a69421f-e399-4db8-897a-d8ef21b5e0a7,707b6ccf-c9d9-4c1d-97f4-516b572b2f9d,1697663668383544444
6a69421f-e399-4db8-897a-d8ef21b5e0a7,707b6ccf-c9d9-4c1d-97f4-516b572b2f9d,1697663668423244444
6a69421f-e399-4db8-897a-d8ef21b5e0a7,707b6ccf-c9d9-4c1d-97f4-516b572b2f9d,1697663668454255555
6a69421f-e399-4db8-897a-d8ef21b5e0a7,707b6ccf-c9d9-4c1d-97f4-516b572b2f9d,1697663668482633333
6a69421f-e399-4db8-897a-d8ef21b5e0a7,707b6ccf-c9d9-4c1d-97f4-516b572b2f9d,1697663668519055555
6a69421f-e399-4db8-897a-d8ef21b5e0a7,707b6ccf-c9d9-4c1d-97f4-516b572b2f9d,1697663668550955555
6a69421f-e399-4db8-897a-d8ef21b5e0a7,707b6ccf-c9d9-4c1d-97f4-516b572b2f9d,1697663668583155555
6a69421f-e399-4db8-897a-d8ef21b5e0a7,707b6ccf-c9d9-4c1d-97f4-516b572b2f9d,1697663668623066666
6a69421f-e399-4db8-897a-d8ef21b5e0a7,707b6ccf-c9d9-4c1d-97f4-516b572b2f9d,1697663668651144444
6a69421f-e399-4db8-897a-d8ef21b5e0a7,707b6ccf-c9d9-4c1d-97f4-516b572b2f9d,1697663668682322222
6a69421f-e399-4db8-897a-d8ef21b5e0a7,707b6ccf-c9d9-4c1d-97f4-516b572b2f9d,1697663668716222222
6a69421f-e399-4db8-897a-d8ef21b5e0a7,707b6ccf-c9d9-4c1d-97f4-516b572b2f9d,1697663668755944444
6a69421f-e399-4db8-897a-d8ef21b5e0a7,707b6ccf-c9d9-4c1d-97f4-516b572b2f9d,1697663668774477777
6a69421f-e399-4db8-897a-d8ef21b5e0a7,707b6ccf-c9d9-4c1d-97f4-516b572b2f9d,1697663668807388888
6a69421f-e399-4db8-897a-d8ef21b5e0a7,707b6ccf-c9d9-4c1d-97f4-516b572b2f9d,1697663668845044444
6a69421f-e399-4db8-897a-d8ef21b5e0a7,707b6ccf-c9d9-4c1d-97f4-516b572b2f9d,1697663668881611111
6a69421f-e399-4db8-897a-d8ef21b5e0a7,707b6ccf-c9d9-4c1d-97f4-516b572b2f9d,1697663668906555555
6a69421f-e399-4db8-897a-d8ef21b5e0a7,707b6ccf-c9d9-4c1d-97f4-516b572b2f9d,1697663668950922222
6a69421f-e399-4db8-897a-d8ef21b5e0a7,707b6ccf-c9d9-4c1d-97f4-516b572b2f9d,1697663668981366666
6a69421f-e399-4db8-897a-d8ef21b5e0a7,707b6ccf-c9d9-4c1d-97f4-516b572b2f9d,1697663669016600000
6a69421f-e399-4db8-897a-d8ef21b5e0a7,707b6ccf-c9d9-4c1d-97f4-516b572b2f9d,1697663669048600000
6a69421f-e399-4db8-897a-d8ef21b5e0a7,707b6ccf-c9d9-4c1d-97f4-516b572b2f9d,1697663669083511111
6a69421f-e399-4db8-897a-d8ef21b5e0a7,707b6ccf-c9d9-4c1d-97f4-516b572b2f9d,1697663669113688888
6a69421f-e399-4db8-897a-d8ef21b5e0a7,707b6ccf-c9d9-4c1d-97f4-516b572b2f9d,1697663669152744444
6a69421f-e399-4db8-897a-d8ef21b5e0a7,707b6ccf-c9d9-4c1d-97f4-516b572b2f9d,1697663669186400000
6a69421f-e399-4db8-897a-d8ef21b5e0a7,707b6ccf-c9d9-4c1d-97f4-516b572b2f9d,1697663669215277777
6a69421f-e399-4db8-897a-d8ef21b5e0a7,707b6ccf-c9d9-4c1d-97f4-516b572b2f9d,1697663669248888888
6a69421f-e399-4db8-897a-d8ef21b5e0a7,707b6ccf-c9d9-4c1d-97f4-516b572b2f9d,1697663669282322222
6a69421f-e399-4db8-897a-d8ef21b5e0a7,707b6ccf-c9d9-4c1d-97f4-516b572b2f9d,1697663669316166666
6a69421f-e399-4db8-897a-d8ef21b5e0a7,707b6ccf-c9d9-4c1d-97f4-516b572b2f9d,1697663669350877777
6a69421f-e399-4db8-897a-d8ef21b5e0a7,707b6ccf-c9d9-4c1d-97f4-516b572b2f9d,1697663669383933333
6a69421f-e399-4db8-897a-d8ef21b5e0a7,707b6ccf-c9d9-4c1d-97f4-516b572b2f9d,1697663669416933333
6a69421f-e399-4db8-897a-d8ef21b5e0a7,707b6ccf-c9d9-4c1d-97f4-516b572b2f9d,1697663669447188888
6a69421f-e399-4db8-897a-d8ef21b5e0a7,707b6ccf-c9d9-4c1d-97f4-516b572b2f9d,1697663669475044444
6a69421f-e399-4db8-897a-d8ef21b5e0a7,707b6ccf-c9d9-4c1d-97f4-516b572b2f9d,1697663669507144444
6a69421f-e399-4db8-897a-d8ef21b5e0a7,707b6ccf-c9d9-4c1d-97f4-516b572b2f9d,1697663669554355555
6a69421f-e399-4db8-897a-d8ef21b5e0a7,707b6ccf-c9d9-4c1d-97f4-516b572b2f9d,1697663669575200000
6a69421f-e399-4db8-897a-d8ef21b5e0a7,707b6ccf-c9d9-4c1d-97f4-516b572b2f9d,1697663669609333333
6a69421f-e399-4db8-897a-d8ef21b5e0a7,707b6ccf-c9d9-4c1d-97f4-516b572b2f9d,1697663669653488888
6a69421f-e399-4db8-897a-d8ef21b5e0a7,707b6ccf-c9d9-4c1d-97f4-516b572b2f9d,1697663669683822222
6a69421f-e399-4db8-897a-d8ef21b5e0a7,707b6ccf-c9d9-4c1d-97f4-516b572b2f9d,1697663669715577777
6a69421f-e399-4db8-897a-d8ef21b5e0a7,707b6ccf-c9d9-4c1d-97f4-516b572b2f9d,1697663669753366666
6a69421f-e399-4db8-897a-d8ef21b5e0a7,707b6ccf-c9d9-4c1d-97f4-516b572b2f9d,1697663669782444444
6a69421f-e399-4db8-897a-d8ef21b5e0a7,707b6ccf-c9d9-4c1d-97f4-516b572b2f9d,1697663669815700000
6a69421f-e399-4db8-897a-d8ef21b5e0a7,707b6ccf-c9d9-4c1d-97f4-516b572b2f9d,1697663669850377777
6a69421f-e399-4db8-897a-d8ef21b5e0a7,707b6ccf-c9d9-4c1d-97f4-516b572b2f9d,1697663669882700000
6a69421f-e399-4db8-897a-d8ef21b5e0a7,707b6ccf-c9d9-4c1d-97f4-516b572b2f9d,1697663669915633333
6a69421f-e399-4db8-897a-d8ef21b5e0a7,707b6ccf-c9d9-4c1d-97f4-516b572b2f9d,1697663669951611111
6a69421f-e399-4db8-897a-d8ef21b5e0a7,707b6ccf-c9d9-4c1d-97f4-516b572b2f9d,1697663669984044444
6a69421f-e399-4db8-897a-d8ef21b5e0a7,707b6ccf-c9d9-4c1d-97f4-516b572b2f9d,1697663670015977777
6a69421f-e399-4db8-897a-d8ef21b5e0a7,707b6ccf-c9d9-4c1d-97f4-516b572b2f9d,1697663670053388888
6a69421f-e399-4db8-897a-d8ef21b5e0a7,707b6ccf-c9d9-4c1d-97f4-516b572b2f9d,1697663670084822222
6a69421f-e399-4db8-897a-d8ef21b5e0a7,707b6ccf-c9d9-4c1d-97f4-516b572b2f9d,1697663670109900000
6a69421f-e399-4db8-897a-d8ef21b5e0a7,707b6ccf-c9d9-4c1d-97f4-516b572b2f9d,1697663670142544444
6a69421f-e399-4db8-897a-d8ef21b5e0a7,707b6ccf-c9d9-4c1d-97f4-516b572b2f9d,1697663670177966666
6a69421f-e399-4db8-897a-d8ef21b5e0a7,707b6ccf-c9d9-4c1d-97f4-516b572b2f9d,1697663670206655555
6a69421f-e399-4db8-897a-d8ef21b5e0a7,707b6ccf-c9d9-4c1d-97f4-516b572b2f9d,1697663670242311111
6a69421f-e399-4db8-897a-d8ef21b5e0a7,707b6ccf-c9d9-4c1d-97f4-516b572b2f9d,1697663670282911111
6a69421f-e399-4db8-897a-d8ef21b5e0a7,707b6ccf-c9d9-4c1d-97f4-516b572b2f9d,1697663670313466666
6a69421f-e399-4db8-897a-d8ef21b5e0a7,707b6ccf-c9d9-4c1d-97f4-516b572b2f9d,1697663670352477777
6a69421f-e399-4db8-897a-d8ef21b5e0a7,707b6ccf-c9d9-4c1d-97f4-516b572b2f9d,1697663670387777777
6a69421f-e399-4db8-897a-d8ef21b5e0a7,707b6ccf-c9d9-4c1d-97f4-516b572b2f9d,1697663670416377777
6a69421f-e399-4db8-897a-d8ef21b5e0a7,707b6ccf-c9d9-4c1d-97f4-516b572b2f9d,1697663670452511111
6a69421f-e399-4db8-897a-d8ef21b5e0a7,707b6ccf-c9d9-4c1d-97f4-516b572b2f9d,1697663670484033333
6a69421f-e399-4db8-897a-d8ef21b5e0a7,707b6ccf-c9d9-4c1d-97f4-516b572b2f9d,1697663670514888888
6a69421f-e399-4db8-897a-d8ef21b5e0a7,707b6ccf-c9d9-4c1d-97f4-516b572b2f9d,1697663670554666666
6a69421f-e399-4db8-897a-d8ef21b5e0a7,707b6ccf-c9d9-4c1d-97f4-516b572b2f9d,1697663670582055555
6a69421f-e399-4db8-897a-d8ef21b5e0a7,707b6ccf-c9d9-4c1d-97f4-516b572b2f9d,1697663670615800000
6a69421f-e399-4db8-897a-d8ef21b5e0a7,707b6ccf-c9d9-4c1d-97f4-516b572b2f9d,1697663670650388888
6a69421f-e399-4db8-897a-d8ef21b5e0a7,707b6ccf-c9d9-4c1d-97f4-516b572b2f9d,1697663670684011111
6a69421f-e399-4db8-897a-d8ef21b5e0a7,707b6ccf-c9d9-4c1d-97f4-516b572b2f9d,1697663670715433333
6a69421f-e399-4db8-897a-d8ef21b5e0a7,707b6ccf-c9d9-4c1d-97f4-516b572b2f9d,1697663670758222222
6a69421f-e399-4db8-897a-d8ef21b5e0a7,707b6ccf-c9d9-4c1d-97f4-516b572b2f9d,1697663670775022222
6a69421f-e399-4db8-897a-d8ef21b5e0a7,707b6ccf-c9d9-4c1d-97f4-516b572b2f9d,1697663670807500000
6a69421f-e399-4db8-897a-d8ef21b5e0a7,707b6ccf-c9d9-4c1d-97f4-516b572b2f9d,1697663670842100000
6a69421f-e399-4db8-897a-d8ef21b5e0a7,707b6ccf-c9d9-4c1d-97f4-516b572b2f9d,1697663670877755555
6a69421f-e399-4db8-897a-d8ef21b5e0a7,707b6ccf-c9d9-4c1d-97f4-516b572b2f9d,1697663670906122222
6a69421f-e399-4db8-897a-d8ef21b5e0a7,707b6ccf-c9d9-4c1d-97f4-516b572b2f9d,1697663670955133333
6a69421f-e399-4db8-897a-d8ef21b5e0a7,707b6ccf-c9d9-4c1d-97f4-516b572b2f9d,1697663670984288888
6a69421f-e399-4db8-897a-d8ef21b5e0a7,707b6ccf-c9d9-4c1d-97f4-516b572b2f9d,1697663671019400000
6a69421f-e399-4db8-897a-d8ef21b5e0a7,707b6ccf-c9d9-4c1d-97f4-516b572b2f9d,1697663671053000000
6a69421f-e399-4db8-897a-d8ef21b5e0a7,707b6ccf-c9d9-4c1d-97f4-516b572b2f9d,1697663671085122222
6a69421f-e399-4db8-897a-d8ef21b5e0a7,707b6ccf-c9d9-4c1d-97f4-516b572b2f9d,1697663671114955555
6a69421f-e399-4db8-897a-d8ef21b5e0a7,707b6ccf-c9d9-4c1d-97f4-516b572b2f9d,1697663671151788888
6a69421f-e399-4db8-897a-d8ef21b5e0a7,707b6ccf-c9d9-4c1d-97f4-516b572b2f9d,1697663671181566666
6a69421f-e399-4db8-897a-d8ef21b5e0a7,707b6ccf-c9d9-4c1d-97f4-516b572b2f9d,1697663671215033333
6a69421f-e399-4db8-897a-d8ef21b5e0a7,707b6ccf-c9d9-4c1d-97f4-516b572b2f9d,1697663671250311111
6a69421f-e399-4db8-897a-d8ef21b5e0a7,707b6ccf-c9d9-4c1d-97f4-516b572b2f9d,1697663671282466666
6a69421f-e399-4db8-897a-d8ef21b5e0a7,707b6ccf-c9d9-4c1d-97f4-516b572b2f9d,1697663671316677777
6a69421f-e399-4db8-897a-d8ef21b5e0a7,707b6ccf-c9d9-4c1d-97f4-516b572b2f9d,1697663671350955555
6a69421f-e399-4db8-897a-d8ef21b5e0a7,707b6ccf-c9d9-4c1d-97f4-516b572b2f9d,1697663671384233333
6a69421f-e399-4db8-897a-d8ef21b5e0a7,707b6ccf-c9d9-4c1d-97f4-516b572b2f9d,1697663671430144444
6a69421f-e399-4db8-897a-d8ef21b5e0a7,707b6ccf-c9d9-4c1d-97f4-516b572b2f9d,1697663671447500000
6a69421f-e399-4db8-897a-d8ef21b5e0a7,707b6ccf-c9d9-4c1d-97f4-516b572b2f9d,1697663671476477777
6a69421f-e399-4db8-897a-d8ef21b5e0a7,707b6ccf-c9d9-4c1d-97f4-516b572b2f9d,1697663671507088888
6a69421f-e399-4db8-897a-d8ef21b5e0a7,707b6ccf-c9d9-4c1d-97f4-516b572b2f9d,1697663671559777777
6a69421f-e399-4db8-897a-d8ef21b5e0a7,707b6ccf-c9d9-4c1d-97f4-516b572b2f9d,1697663671584422222
6a69421f-e399-4db8-897a-d8ef21b5e0a7,707b6ccf-c9d9-4c1d-97f4-516b572b2f9d,1697663671615711111
6a69421f-e399-4db8-897a-d8ef21b5e0a7,707b6ccf-c9d9-4c1d-97f4-516b572b2f9d,1697663671653944444
6a69421f-e399-4db8-897a-d8ef21b5e0a7,707b6ccf-c9d9-4c1d-97f4-516b572b2f9d,1697663671682388888
6a69421f-e399-4db8-897a-d8ef21b5e0a7,707b6ccf-c9d9-4c1d-97f4-516b572b2f9d,1697663671715466666
6a69421f-e399-4db8-897a-d8ef21b5e0a7,707b6ccf-c9d9-4c1d-97f4-516b572b2f9d,1697663671750755555
6a69421f-e399-4db8-897a-d8ef21b5e0a7,707b6ccf-c9d9-4c1d-97f4-516b572b2f9d,1697663671782566666
6a69421f-e399-4db8-897a-d8ef21b5e0a7,707b6ccf-c9d9-4c1d-97f4-516b572b2f9d,1697663671814866666
6a69421f-e399-4db8-897a-d8ef21b5e0a7,707b6ccf-c9d9-4c1d-97f4-516b572b2f9d,1697663671848844444
6a69421f-e399-4db8-897a-d8ef21b5e0a7,707b6ccf-c9d9-4c1d-97f4-516b572b2f9d,1697663671885622222
6a69421f-e399-4db8-897a-d8ef21b5e0a7,707b6ccf-c9d9-4c1d-97f4-516b572b2f9d,1697663671914355555
6a69421f-e399-4db8-897a-d8ef21b5e0a7,707b6ccf-c9d9-4c1d-97f4-516b572b2f9d,1697663671944977777
6a69421f-e399-4db8-897a-d8ef21b5e0a7,707b6ccf-c9d9-4c1d-97f4-516b572b2f9d,1697663671981222222
6a69421f-e399-4db8-897a-d8ef21b5e0a7,707b6ccf-c9d9-4c1d-97f4-516b572b2f9d,1697663672015222222
6a69421f-e399-4db8-897a-d8ef21b5e0a7,707b6ccf-c9d9-4c1d-97f4-516b572b2f9d,1697663672047788888
6a69421f-e399-4db8-897a-d8ef21b5e0a7,707b6ccf-c9d9-4c1d-97f4-516b572b2f9d,1697663672095322222
6a69421f-e399-4db8-897a-d8ef21b5e0a7,707b6ccf-c9d9-4c1d-97f4-516b572b2f9d,1697663672111833333
6a69421f-e399-4db8-897a-d8ef21b5e0a7,707b6ccf-c9d9-4c1d-97f4-516b572b2f9d,1697663672138322222
6a69421f-e399-4db8-897a-d8ef21b5e0a7,707b6ccf-c9d9-4c1d-97f4-516b572b2f9d,1697663672175600000
6a69421f-e399-4db8-897a-d8ef21b5e0a7,707b6ccf-c9d9-4c1d-97f4-516b572b2f9d,1697663672210411111
6a69421f-e399-4db8-897a-d8ef21b5e0a7,707b6ccf-c9d9-4c1d-97f4-516b572b2f9d,1697663672248544444
6a69421f-e399-4db8-897a-d8ef21b5e0a7,707b6ccf-c9d9-4c1d-97f4-516b572b2f9d,1697663672283844444
6a69421f-e399-4db8-897a-d8ef21b5e0a7,707b6ccf-c9d9-4c1d-97f4-516b572b2f9d,1697663672315666666
6a69421f-e399-4db8-897a-d8ef21b5e0a7,707b6ccf-c9d9-4c1d-97f4-516b572b2f9d,1697663672347100000
6a69421f-e399-4db8-897a-d8ef21b5e0a7,707b6ccf-c9d9-4c1d-97f4-516b572b2f9d,1697663672384022222
6a69421f-e399-4db8-897a-d8ef21b5e0a7,707b6ccf-c9d9-4c1d-97f4-516b572b2f9d,1697663672415833333
6a69421f-e399-4db8-897a-d8ef21b5e0a7,707b6ccf-c9d9-4c1d-97f4-516b572b2f9d,1697663672447288888
6a69421f-e399-4db8-897a-d8ef21b5e0a7,707b6ccf-c9d9-4c1d-97f4-516b572b2f9d,1697663672484066666
6a69421f-e399-4db8-897a-d8ef21b5e0a7,707b6ccf-c9d9-4c1d-97f4-516b572b2f9d,1697663672514144444
6a69421f-e399-4db8-897a-d8ef21b5e0a7,707b6ccf-c9d9-4c1d-97f4-516b572b2f9d,1697663672545177777
6a69421f-e399-4db8-897a-d8ef21b5e0a7,707b6ccf-c9d9-4c1d-97f4-516b572b2f9d,1697663672582922222
6a69421f-e399-4db8-897a-d8ef21b5e0a7,707b6ccf-c9d9-4c1d-97f4-516b572b2f9d,1697663672614866666
6a69421f-e399-4db8-897a-d8ef21b5e0a7,707b6ccf-c9d9-4c1d-97f4-516b572b2f9d,1697663672645255555
6a69421f-e399-4db8-897a-d8ef21b5e0a7,707b6ccf-c9d9-4c1d-97f4-516b572b2f9d,1697663672685211111
6a69421f-e399-4db8-897a-d8ef21b5e0a7,707b6ccf-c9d9-4c1d-97f4-516b572b2f9d,1697663672716388888
6a69421f-e399-4db8-897a-d8ef21b5e0a7,707b6ccf-c9d9-4c1d-97f4-516b572b2f9d,1697663672757922222
6a69421f-e399-4db8-897a-d8ef21b5e0a7,707b6ccf-c9d9-4c1d-97f4-516b572b2f9d,1697663672776133333
6a69421f-e399-4db8-897a-d8ef21b5e0a7,707b6ccf-c9d9-4c1d-97f4-516b572b2f9d,1697663672823055555
6a69421f-e399-4db8-897a-d8ef21b5e0a7,707b6ccf-c9d9-4c1d-97f4-516b572b2f9d,1697663672840544444
6a69421f-e399-4db8-897a-d8ef21b5e0a7,707b6ccf-c9d9-4c1d-97f4-516b572b2f9d,1697663672887544444
6a69421f-e399-4db8-897a-d8ef21b5e0a7,707b6ccf-c9d9-4c1d-97f4-516b572b2f9d,1697663672918022222
6a69421f-e399-4db8-897a-d8ef21b5e0a7,707b6ccf-c9d9-4c1d-97f4-516b572b2f9d,1697663672948711111
6a69421f-e399-4db8-897a-d8ef21b5e0a7,707b6ccf-c9d9-4c1d-97f4-516b572b2f9d,1697663672987788888
6a69421f-e399-4db8-897a-d8ef21b5e0a7,707b6ccf-c9d9-4c1d-97f4-516b572b2f9d,1697663673014177777
6a69421f-e399-4db8-897a-d8ef21b5e0a7,707b6ccf-c9d9-4c1d-97f4-516b572b2f9d,1697663673046722222
6a69421f-e399-4db8-897a-d8ef21b5e0a7,707b6ccf-c9d9-4c1d-97f4-516b572b2f9d,1697663673084822222
6a69421f-e399-4db8-897a-d8ef21b5e0a7,707b6ccf-c9d9-4c1d-97f4-516b572b2f9d,1697663673113177777
6a69421f-e399-4db8-897a-d8ef21b5e0a7,707b6ccf-c9d9-4c1d-97f4-516b572b2f9d,1697663673149288888
6a69421f-e399-4db8-897a-d8ef21b5e0a7,707b6ccf-c9d9-4c1d-97f4-516b572b2f9d,1697663673182577777
6a69421f-e399-4db8-897a-d8ef21b5e0a7,707b6ccf-c9d9-4c1d-97f4-516b572b2f9d,1697663673219500000
6a69421f-e399-4db8-897a-d8ef21b5e0a7,707b6ccf-c9d9-4c1d-97f4-516b572b2f9d,1697663673249311111
6a69421f-e399-4db8-897a-d8ef21b5e0a7,707b6ccf-c9d9-4c1d-97f4-516b572b2f9d,1697663673287600000
6a69421f-e399-4db8-897a-d8ef21b5e0a7,707b6ccf-c9d9-4c1d-97f4-516b572b2f9d,1697663673314955555
6a69421f-e399-4db8-897a-d8ef21b5e0a7,707b6ccf-c9d9-4c1d-97f4-516b572b2f9d,1697663673344844444
6a69421f-e399-4db8-897a-d8ef21b5e0a7,707b6ccf-c9d9-4c1d-97f4-516b572b2f9d,1697663673383677777
6a69421f-e399-4db8-897a-d8ef21b5e0a7,707b6ccf-c9d9-4c1d-97f4-516b572b2f9d,1697663673413555555
6a69421f-e399-4db8-897a-d8ef21b5e0a7,707b6ccf-c9d9-4c1d-97f4-516b572b2f9d,1697663673439300000
6a69421f-e399-4db8-897a-d8ef21b5e0a7,707b6ccf-c9d9-4c1d-97f4-516b572b2f9d,1697663673486122222
6a69421f-e399-4db8-897a-d8ef21b5e0a7,707b6ccf-c9d9-4c1d-97f4-516b572b2f9d,1697663673507511111
6a69421f-e399-4db8-897a-d8ef21b5e0a7,707b6ccf-c9d9-4c1d-97f4-516b572b2f9d,1697663673539588888
6a69421f-e399-4db8-897a-d8ef21b5e0a7,707b6ccf-c9d9-4c1d-97f4-516b572b2f9d,1697663673575300000
6a69421f-e399-4db8-897a-d8ef21b5e0a7,707b6ccf-c9d9-4c1d-97f4-516b572b2f9d,1697663673616900000
6a69421f-e399-4db8-897a-d8ef21b5e0a7,707b6ccf-c9d9-4c1d-97f4-516b572b2f9d,1697663673650922222
6a69421f-e399-4db8-897a-d8ef21b5e0a7,707b6ccf-c9d9-4c1d-97f4-516b572b2f9d,1697663673686811111
6a69421f-e399-4db8-897a-d8ef21b5e0a7,707b6ccf-c9d9-4c1d-97f4-516b572b2f9d,1697663673715033333
6a69421f-e399-4db8-897a-d8ef21b5e0a7,707b6ccf-c9d9-4c1d-97f4-516b572b2f9d,1697663673748577777
6a69421f-e399-4db8-897a-d8ef21b5e0a7,707b6ccf-c9d9-4c1d-97f4-516b572b2f9d,1697663673785566666
6a69421f-e399-4db8-897a-d8ef21b5e0a7,707b6ccf-c9d9-4c1d-97f4-516b572b2f9d,1697663673816800000
6a69421f-e399-4db8-897a-d8ef21b5e0a7,707b6ccf-c9d9-4c1d-97f4-516b572b2f9d,1697663673848000000
6a69421f-e399-4db8-897a-d8ef21b5e0a7,707b6ccf-c9d9-4c1d-97f4-516b572b2f9d,1697663673884022222
6a69421f-e399-4db8-897a-d8ef21b5e0a7,707b6ccf-c9d9-4c1d-97f4-516b572b2f9d,1697663673921222222
6a69421f-e399-4db8-897a-d8ef21b5e0a7,707b6ccf-c9d9-4c1d-97f4-516b572b2f9d,1697663673938544444
6a69421f-e399-4db8-897a-d8ef21b5e0a7,707b6ccf-c9d9-4c1d-97f4-516b572b2f9d,1697663673984533333
6a69421f-e399-4db8-897a-d8ef21b5e0a7,707b6ccf-c9d9-4c1d-97f4-516b572b2f9d,1697663674015122222
6a69421f-e399-4db8-897a-d8ef21b5e0a7,707b6ccf-c9d9-4c1d-97f4-516b572b2f9d,1697663674049544444
6a69421f-e399-4db8-897a-d8ef21b5e0a7,707b6ccf-c9d9-4c1d-97f4-516b572b2f9d,1697663674077277777
6a69421f-e399-4db8-897a-d8ef21b5e0a7,707b6ccf-c9d9-4c1d-97f4-516b572b2f9d,1697663674119122222
6a69421f-e399-4db8-897a-d8ef21b5e0a7,707b6ccf-c9d9-4c1d-97f4-516b572b2f9d,1697663674139600000
6a69421f-e399-4db8-897a-d8ef21b5e0a7,707b6ccf-c9d9-4c1d-97f4-516b572b2f9d,1697663674175088888
6a69421f-e399-4db8-897a-d8ef21b5e0a7,707b6ccf-c9d9-4c1d-97f4-516b572b2f9d,1697663674206077777
6a69421f-e399-4db8-897a-d8ef21b5e0a7,707b6ccf-c9d9-4c1d-97f4-516b572b2f9d,1697663674247688888
6a69421f-e399-4db8-897a-d8ef21b5e0a7,707b6ccf-c9d9-4c1d-97f4-516b572b2f9d,1697663674286655555
6a69421f-e399-4db8-897a-d8ef21b5e0a7,707b6ccf-c9d9-4c1d-97f4-516b572b2f9d,1697663674317755555
6a69421f-e399-4db8-897a-d8ef21b5e0a7,707b6ccf-c9d9-4c1d-97f4-516b572b2f9d,1697663674347488888
6a69421f-e399-4db8-897a-d8ef21b5e0a7,707b6ccf-c9d9-4c1d-97f4-516b572b2f9d,1697663674381922222
6a69421f-e399-4db8-897a-d8ef21b5e0a7,707b6ccf-c9d9-4c1d-97f4-516b572b2f9d,1697663674420033333
6a69421f-e399-4db8-897a-d8ef21b5e0a7,707b6ccf-c9d9-4c1d-97f4-516b572b2f9d,1697663674446600000
6a69421f-e399-4db8-897a-d8ef21b5e0a7,707b6ccf-c9d9-4c1d-97f4-516b572b2f9d,1697663674483833333
6a69421f-e399-4db8-897a-d8ef21b5e0a7,707b6ccf-c9d9-4c1d-97f4-516b572b2f9d,1697663674516422222
6a69421f-e399-4db8-897a-d8ef21b5e0a7,707b6ccf-c9d9-4c1d-97f4-516b572b2f9d,1697663674560922222
6a69421f-e399-4db8-897a-d8ef21b5e0a7,707b6ccf-c9d9-4c1d-97f4-516b572b2f9d,1697663674579466666
6a69421f-e399-4db8-897a-d8ef21b5e0a7,707b6ccf-c9d9-4c1d-97f4-516b572b2f9d,1697663674609411111
6a69421f-e399-4db8-897a-d8ef21b5e0a7,707b6ccf-c9d9-4c1d-97f4-516b572b2f9d,1697663674648177777
6a69421f-e399-4db8-897a-d8ef21b5e0a7,707b6ccf-c9d9-4c1d-97f4-516b572b2f9d,1697663674681944444
6a69421f-e399-4db8-897a-d8ef21b5e0a7,707b6ccf-c9d9-4c1d-97f4-516b572b2f9d,1697663674707122222
6a69421f-e399-4db8-897a-d8ef21b5e0a7,707b6ccf-c9d9-4c1d-97f4-516b572b2f9d,1697663674748455555
6a69421f-e399-4db8-897a-d8ef21b5e0a7,707b6ccf-c9d9-4c1d-97f4-516b572b2f9d,1697663674836111111
6a69421f-e399-4db8-897a-d8ef21b5e0a7,707b6ccf-c9d9-4c1d-97f4-516b572b2f9d,1697663674856277777
6a69421f-e399-4db8-897a-d8ef21b5e0a7,707b6ccf-c9d9-4c1d-97f4-516b572b2f9d,1697663674871011111
6a69421f-e399-4db8-897a-d8ef21b5e0a7,707b6ccf-c9d9-4c1d-97f4-516b572b2f9d,1697663674877955555
6a69421f-e399-4db8-897a-d8ef21b5e0a7,707b6ccf-c9d9-4c1d-97f4-516b572b2f9d,1697663674912800000
6a69421f-e399-4db8-897a-d8ef21b5e0a7,707b6ccf-c9d9-4c1d-97f4-516b572b2f9d,1697663674936255555
6a69421f-e399-4db8-897a-d8ef21b5e0a7,707b6ccf-c9d9-4c1d-97f4-516b572b2f9d,1697663674972677777
6a69421f-e399-4db8-897a-d8ef21b5e0a7,707b6ccf-c9d9-4c1d-97f4-516b572b2f9d,1697663675016777777
6a69421f-e399-4db8-897a-d8ef21b5e0a7,707b6ccf-c9d9-4c1d-97f4-516b572b2f9d,1697663675046166666
6a69421f-e399-4db8-897a-d8ef21b5e0a7,707b6ccf-c9d9-4c1d-97f4-516b572b2f9d,1697663675087666666
6a69421f-e399-4db8-897a-d8ef21b5e0a7,707b6ccf-c9d9-4c1d-97f4-516b572b2f9d,1697663675114000000
6a69421f-e399-4db8-897a-d8ef21b5e0a7,707b6ccf-c9d9-4c1d-97f4-516b572b2f9d,1697663675146366666
6a69421f-e399-4db8-897a-d8ef21b5e0a7,707b6ccf-c9d9-4c1d-97f4-516b572b2f9d,1697663675178322222
6a69421f-e399-4db8-897a-d8ef21b5e0a7,707b6ccf-c9d9-4c1d-97f4-516b572b2f9d,1697663675215511111
6a69421f-e399-4db8-897a-d8ef21b5e0a7,707b6ccf-c9d9-4c1d-97f4-516b572b2f9d,1697663675244655555
6a69421f-e399-4db8-897a-d8ef21b5e0a7,707b6ccf-c9d9-4c1d-97f4-516b572b2f9d,1697663675278844444
6a69421f-e399-4db8-897a-d8ef21b5e0a7,707b6ccf-c9d9-4c1d-97f4-516b572b2f9d,1697663675317822222
6a69421f-e399-4db8-897a-d8ef21b5e0a7,707b6ccf-c9d9-4c1d-97f4-516b572b2f9d,1697663675348055555
6a69421f-e399-4db8-897a-d8ef21b5e0a7,707b6ccf-c9d9-4c1d-97f4-516b572b2f9d,1697663675382788888
6a69421f-e399-4db8-897a-d8ef21b5e0a7,707b6ccf-c9d9-4c1d-97f4-516b572b2f9d,1697663675409255555
6a69421f-e399-4db8-897a-d8ef21b5e0a7,707b6ccf-c9d9-4c1d-97f4-516b572b2f9d,1697663675461700000
6a69421f-e399-4db8-897a-d8ef21b5e0a7,707b6ccf-c9d9-4c1d-97f4-516b572b2f9d,1697663675480177777
6a69421f-e399-4db8-897a-d8ef21b5e0a7,707b6ccf-c9d9-4c1d-97f4-516b572b2f9d,1697663675507555555
6a69421f-e399-4db8-897a-d8ef21b5e0a7,707b6ccf-c9d9-4c1d-97f4-516b572b2f9d,1697663675544444444
6a69421f-e399-4db8-897a-d8ef21b5e0a7,707b6ccf-c9d9-4c1d-97f4-516b572b2f9d,1697663675574144444
6a69421f-e399-4db8-897a-d8ef21b5e0a7,707b6ccf-c9d9-4c1d-97f4-516b572b2f9d,1697663675618666666
6a69421f-e399-4db8-897a-d8ef21b5e0a7,707b6ccf-c9d9-4c1d-97f4-516b572b2f9d,1697663675637133333
6a69421f-e399-4db8-897a-d8ef21b5e0a7,707b6ccf-c9d9-4c1d-97f4-516b572b2f9d,1697663675688066666
6a69421f-e399-4db8-897a-d8ef21b5e0a7,707b6ccf-c9d9-4c1d-97f4-516b572b2f9d,1697663675717655555
6a69421f-e399-4db8-897a-d8ef21b5e0a7,707b6ccf-c9d9-4c1d-97f4-516b572b2f9d,1697663675748977777
6a69421f-e399-4db8-897a-d8ef21b5e0a7,707b6ccf-c9d9-4c1d-97f4-516b572b2f9d,1697663675780377777
6a69421f-e399-4db8-897a-d8ef21b5e0a7,707b6ccf-c9d9-4c1d-97f4-516b572b2f9d,1697663675810511111
6a69421f-e399-4db8-897a-d8ef21b5e0a7,707b6ccf-c9d9-4c1d-97f4-516b572b2f9d,1697663675847577777
6a69421f-e399-4db8-897a-d8ef21b5e0a7,707b6ccf-c9d9-4c1d-97f4-516b572b2f9d,1697663675882088888
6a69421f-e399-4db8-897a-d8ef21b5e0a7,707b6ccf-c9d9-4c1d-97f4-516b572b2f9d,1697663675912088888
6a69421f-e399-4db8-897a-d8ef21b5e0a7,707b6ccf-c9d9-4c1d-97f4-516b572b2f9d,1697663675951200000
6a69421f-e399-4db8-897a-d8ef21b5e0a7,707b6ccf-c9d9-4c1d-97f4-516b572b2f9d,1697663675979533333
6a69421f-e399-4db8-897a-d8ef21b5e0a7,707b6ccf-c9d9-4c1d-97f4-516b572b2f9d,1697663676015000000
6a69421f-e399-4db8-897a-d8ef21b5e0a7,707b6ccf-c9d9-4c1d-97f4-516b572b2f9d,1697663676045444444
6a69421f-e399-4db8-897a-d8ef21b5e0a7,707b6ccf-c9d9-4c1d-97f4-516b572b2f9d,1697663676080077777
6a69421f-e399-4db8-897a-d8ef21b5e0a7,707b6ccf-c9d9-4c1d-97f4-516b572b2f9d,1697663676116944444
6a69421f-e399-4db8-897a-d8ef21b5e0a7,707b6ccf-c9d9-4c1d-97f4-516b572b2f9d,1697663676151633333
6a69421f-e399-4db8-897a-d8ef21b5e0a7,707b6ccf-c9d9-4c1d-97f4-516b572b2f9d,1697663676172788888
6a69421f-e399-4db8-897a-d8ef21b5e0a7,707b6ccf-c9d9-4c1d-97f4-516b572b2f9d,1697663676205000000
6a69421f-e399-4db8-897a-d8ef21b5e0a7,707b6ccf-c9d9-4c1d-97f4-516b572b2f9d,1697663676256211111
6a69421f-e399-4db8-897a-d8ef21b5e0a7,707b6ccf-c9d9-4c1d-97f4-516b572b2f9d,1697663676273166666
6a69421f-e399-4db8-897a-d8ef21b5e0a7,707b6ccf-c9d9-4c1d-97f4-516b572b2f9d,1697663676309811111
6a69421f-e399-4db8-897a-d8ef21b5e0a7,707b6ccf-c9d9-4c1d-97f4-516b572b2f9d,1697663676347988888
6a69421f-e399-4db8-897a-d8ef21b5e0a7,707b6ccf-c9d9-4c1d-97f4-516b572b2f9d,1697663676380144444
6a69421f-e399-4db8-897a-d8ef21b5e0a7,707b6ccf-c9d9-4c1d-97f4-516b572b2f9d,1697663676414288888
6a69421f-e399-4db8-897a-d8ef21b5e0a7,707b6ccf-c9d9-4c1d-97f4-516b572b2f9d,1697663676449333333
6a69421f-e399-4db8-897a-d8ef21b5e0a7,707b6ccf-c9d9-4c1d-97f4-516b572b2f9d,1697663676477588888
6a69421f-e399-4db8-897a-d8ef21b5e0a7,707b6ccf-c9d9-4c1d-97f4-516b572b2f9d,1697663676519022222
6a69421f-e399-4db8-897a-d8ef21b5e0a7,707b6ccf-c9d9-4c1d-97f4-516b572b2f9d,1697663676546377777
6a69421f-e399-4db8-897a-d8ef21b5e0a7,707b6ccf-c9d9-4c1d-97f4-516b572b2f9d,1697663676582211111
6a69421f-e399-4db8-897a-d8ef21b5e0a7,707b6ccf-c9d9-4c1d-97f4-516b572b2f9d,1697663676616455555
6a69421f-e399-4db8-897a-d8ef21b5e0a7,707b6ccf-c9d9-4c1d-97f4-516b572b2f9d,1697663676648344444
6a69421f-e399-4db8-897a-d8ef21b5e0a7,707b6ccf-c9d9-4c1d-97f4-516b572b2f9d,1697663676678466666
6a69421f-e399-4db8-897a-d8ef21b5e0a7,707b6ccf-c9d9-4c1d-97f4-516b572b2f9d,1697663676716544444
6a69421f-e399-4db8-897a-d8ef21b5e0a7,707b6ccf-c9d9-4c1d-97f4-516b572b2f9d,1697663676749100000
6a69421f-e399-4db8-897a-d8ef21b5e0a7,707b6ccf-c9d9-4c1d-97f4-516b572b2f9d,1697663676785222222
6a69421f-e399-4db8-897a-d8ef21b5e0a7,707b6ccf-c9d9-4c1d-97f4-516b572b2f9d,1697663676810411111
6a69421f-e399-4db8-897a-d8ef21b5e0a7,707b6ccf-c9d9-4c1d-97f4-516b572b2f9d,1697663676840688888
6a69421f-e399-4db8-897a-d8ef21b5e0a7,707b6ccf-c9d9-4c1d-97f4-516b572b2f9d,1697663676879100000
6a69421f-e399-4db8-897a-d8ef21b5e0a7,707b6ccf-c9d9-4c1d-97f4-516b572b2f9d,1697663676922288888
6a69421f-e399-4db8-897a-d8ef21b5e0a7,707b6ccf-c9d9-4c1d-97f4-516b572b2f9d,1697663676940577777
6a69421f-e399-4db8-897a-d8ef21b5e0a7,707b6ccf-c9d9-4c1d-97f4-516b572b2f9d,1697663676971422222
6a69421f-e399-4db8-897a-d8ef21b5e0a7,707b6ccf-c9d9-4c1d-97f4-516b572b2f9d,1697663677017866666
6a69421f-e399-4db8-897a-d8ef21b5e0a7,707b6ccf-c9d9-4c1d-97f4-516b572b2f9d,1697663677040533333
6a69421f-e399-4db8-897a-d8ef21b5e0a7,707b6ccf-c9d9-4c1d-97f4-516b572b2f9d,1697663677080755555
6a69421f-e399-4db8-897a-d8ef21b5e0a7,707b6ccf-c9d9-4c1d-97f4-516b572b2f9d,1697663677110566666
6a69421f-e399-4db8-897a-d8ef21b5e0a7,707b6ccf-c9d9-4c1d-97f4-516b572b2f9d,1697663677147600000
6a69421f-e399-4db8-897a-d8ef21b5e0a7,707b6ccf-c9d9-4c1d-97f4-516b572b2f9d,1697663677180688888
6a69421f-e399-4db8-897a-d8ef21b5e0a7,707b6ccf-c9d9-4c1d-97f4-516b572b2f9d,1697663677218722222
6a69421f-e399-4db8-897a-d8ef21b5e0a7,707b6ccf-c9d9-4c1d-97f4-516b572b2f9d,1697663677250244444
6a69421f-e399-4db8-897a-d8ef21b5e0a7,707b6ccf-c9d9-4c1d-97f4-516b572b2f9d,1697663677284100000
6a69421f-e399-4db8-897a-d8ef21b5e0a7,707b6ccf-c9d9-4c1d-97f4-516b572b2f9d,1697663677315600000
6a69421f-e399-4db8-897a-d8ef21b5e0a7,707b6ccf-c9d9-4c1d-97f4-516b572b2f9d,1697663677345033333
6a69421f-e399-4db8-897a-d8ef21b5e0a7,707b6ccf-c9d9-4c1d-97f4-516b572b2f9d,1697663677380055555
6a69421f-e399-4db8-897a-d8ef21b5e0a7,707b6ccf-c9d9-4c1d-97f4-516b572b2f9d,1697663677411022222
6a69421f-e399-4db8-897a-d8ef21b5e0a7,707b6ccf-c9d9-4c1d-97f4-516b572b2f9d,1697663677448633333
6a69421f-e399-4db8-897a-d8ef21b5e0a7,707b6ccf-c9d9-4c1d-97f4-516b572b2f9d,1697663677492033333
6a69421f-e399-4db8-897a-d8ef21b5e0a7,707b6ccf-c9d9-4c1d-97f4-516b572b2f9d,1697663677505855555
6a69421f-e399-4db8-897a-d8ef21b5e0a7,707b6ccf-c9d9-4c1d-97f4-516b572b2f9d,1697663677546333333
6a69421f-e399-4db8-897a-d8ef21b5e0a7,707b6ccf-c9d9-4c1d-97f4-516b572b2f9d,1697663677573711111
6a69421f-e399-4db8-897a-d8ef21b5e0a7,707b6ccf-c9d9-4c1d-97f4-516b572b2f9d,1697663677606600000
6a69421f-e399-4db8-897a-d8ef21b5e0a7,707b6ccf-c9d9-4c1d-97f4-516b572b2f9d,1697663677647800000
6a69421f-e399-4db8-897a-d8ef21b5e0a7,707b6ccf-c9d9-4c1d-97f4-516b572b2f9d,1697663677682155555
6a69421f-e399-4db8-897a-d8ef21b5e0a7,707b6ccf-c9d9-4c1d-97f4-516b572b2f9d,1697663677710666666
6a69421f-e399-4db8-897a-d8ef21b5e0a7,707b6ccf-c9d9-4c1d-97f4-516b572b2f9d,1697663677745966666
6a69421f-e399-4db8-897a-d8ef21b5e0a7,707b6ccf-c9d9-4c1d-97f4-516b572b2f9d,1697663677779477777
6a69421f-e399-4db8-897a-d8ef21b5e0a7,707b6ccf-c9d9-4c1d-97f4-516b572b2f9d,1697663677815133333
6a69421f-e399-4db8-897a-d8ef21b5e0a7,707b6ccf-c9d9-4c1d-97f4-516b572b2f9d,1697663677848033333
6a69421f-e399-4db8-897a-d8ef21b5e0a7,707b6ccf-c9d9-4c1d-97f4-516b572b2f9d,1697663677885877777
6a69421f-e399-4db8-897a-d8ef21b5e0a7,707b6ccf-c9d9-4c1d-97f4-516b572b2f9d,1697663677916833333
6a69421f-e399-4db8-897a-d8ef21b5e0a7,707b6ccf-c9d9-4c1d-97f4-516b572b2f9d,1697663677946744444
6a69421f-e399-4db8-897a-d8ef21b5e0a7,707b6ccf-c9d9-4c1d-97f4-516b572b2f9d,1697663677979222222
6a69421f-e399-4db8-897a-d8ef21b5e0a7,707b6ccf-c9d9-4c1d-97f4-516b572b2f9d,1697663678017633333
6a69421f-e399-4db8-897a-d8ef21b5e0a7,707b6ccf-c9d9-4c1d-97f4-516b572b2f9d,1697663678044877777
6a69421f-e399-4db8-897a-d8ef21b5e0a7,707b6ccf-c9d9-4c1d-97f4-516b572b2f9d,1697663678081166666
6a69421f-e399-4db8-897a-d8ef21b5e0a7,707b6ccf-c9d9-4c1d-97f4-516b572b2f9d,1697663678114866666
6a69421f-e399-4db8-897a-d8ef21b5e0a7,707b6ccf-c9d9-4c1d-97f4-516b572b2f9d,1697663678166000000
6a69421f-e399-4db8-897a-d8ef21b5e0a7,707b6ccf-c9d9-4c1d-97f4-516b572b2f9d,1697663678180422222
6a69421f-e399-4db8-897a-d8ef21b5e0a7,707b6ccf-c9d9-4c1d-97f4-516b572b2f9d,1697663678219100000
6a69421f-e399-4db8-897a-d8ef21b5e0a7,707b6ccf-c9d9-4c1d-97f4-516b572b2f9d,1697663678240111111
6a69421f-e399-4db8-897a-d8ef21b5e0a7,707b6ccf-c9d9-4c1d-97f4-516b572b2f9d,1697663678281522222
6a69421f-e399-4db8-897a-d8ef21b5e0a7,707b6ccf-c9d9-4c1d-97f4-516b572b2f9d,1697663678309400000
6a69421f-e399-4db8-897a-d8ef21b5e0a7,707b6ccf-c9d9-4c1d-97f4-516b572b2f9d,1697663678351044444
6a69421f-e399-4db8-897a-d8ef21b5e0a7,707b6ccf-c9d9-4c1d-97f4-516b572b2f9d,1697663678382044444
6a69421f-e399-4db8-897a-d8ef21b5e0a7,707b6ccf-c9d9-4c1d-97f4-516b572b2f9d,1697663678403577777
6a69421f-e399-4db8-897a-d8ef21b5e0a7,707b6ccf-c9d9-4c1d-97f4-516b572b2f9d,1697663678452944444
6a69421f-e399-4db8-897a-d8ef21b5e0a7,707b6ccf-c9d9-4c1d-97f4-516b572b2f9d,1697663678482044444
6a69421f-e399-4db8-897a-d8ef21b5e0a7,707b6ccf-c9d9-4c1d-97f4-516b572b2f9d,1697663678510455555
6a69421f-e399-4db8-897a-d8ef21b5e0a7,707b6ccf-c9d9-4c1d-97f4-516b572b2f9d,1697663678548688888
6a69421f-e399-4db8-897a-d8ef21b5e0a7,707b6ccf-c9d9-4c1d-97f4-516b572b2f9d,1697663678578844444
6a69421f-e399-4db8-897a-d8ef21b5e0a7,707b6ccf-c9d9-4c1d-97f4-516b572b2f9d,1697663678612522222
6a69421f-e399-4db8-897a-d8ef21b5e0a7,707b6ccf-c9d9-4c1d-97f4-516b572b2f9d,1697663678649177777
6a69421f-e399-4db8-897a-d8ef21b5e0a7,707b6ccf-c9d9-4c1d-97f4-516b572b2f9d,1697663678681844444
6a69421f-e399-4db8-897a-d8ef21b5e0a7,707b6ccf-c9d9-4c1d-97f4-516b572b2f9d,1697663678711055555
6a69421f-e399-4db8-897a-d8ef21b5e0a7,707b6ccf-c9d9-4c1d-97f4-516b572b2f9d,1697663678749922222
6a69421f-e399-4db8-897a-d8ef21b5e0a7,707b6ccf-c9d9-4c1d-97f4-516b572b2f9d,1697663678785788888
6a69421f-e399-4db8-897a-d8ef21b5e0a7,707b6ccf-c9d9-4c1d-97f4-516b572b2f9d,1697663678808500000
6a69421f-e399-4db8-897a-d8ef21b5e0a7,707b6ccf-c9d9-4c1d-97f4-516b572b2f9d,1697663678843355555
6a69421f-e399-4db8-897a-d8ef21b5e0a7,707b6ccf-c9d9-4c1d-97f4-516b572b2f9d,1697663678871066666
6a69421f-e399-4db8-897a-d8ef21b5e0a7,707b6ccf-c9d9-4c1d-97f4-516b572b2f9d,1697663678902688888
6a69421f-e399-4db8-897a-d8ef21b5e0a7,707b6ccf-c9d9-4c1d-97f4-516b572b2f9d,1697663678939311111
6a69421f-e399-4db8-897a-d8ef21b5e0a7,707b6ccf-c9d9-4c1d-97f4-516b572b2f9d,1697663678986422222
6a69421f-e399-4db8-897a-d8ef21b5e0a7,707b6ccf-c9d9-4c1d-97f4-516b572b2f9d,1697663679010733333
6a69421f-e399-4db8-897a-d8ef21b5e0a7,707b6ccf-c9d9-4c1d-97f4-516b572b2f9d,1697663679048677777
6a69421f-e399-4db8-897a-d8ef21b5e0a7,707b6ccf-c9d9-4c1d-97f4-516b572b2f9d,1697663679082166666
6a69421f-e399-4db8-897a-d8ef21b5e0a7,707b6ccf-c9d9-4c1d-97f4-516b572b2f9d,1697663679103377777
6a69421f-e399-4db8-897a-d8ef21b5e0a7,707b6ccf-c9d9-4c1d-97f4-516b572b2f9d,1697663679149800000
6a69421f-e399-4db8-897a-d8ef21b5e0a7,707b6ccf-c9d9-4c1d-97f4-516b572b2f9d,1697663679179433333
6a69421f-e399-4db8-897a-d8ef21b5e0a7,707b6ccf-c9d9-4c1d-97f4-516b572b2f9d,1697663679211955555
6a69421f-e399-4db8-897a-d8ef21b5e0a7,707b6ccf-c9d9-4c1d-97f4-516b572b2f9d,1697663679246866666
6a69421f-e399-4db8-897a-d8ef21b5e0a7,707b6ccf-c9d9-4c1d-97f4-516b572b2f9d,1697663679279166666
6a69421f-e399-4db8-897a-d8ef21b5e0a7,707b6ccf-c9d9-4c1d-97f4-516b572b2f9d,1697663679311322222
6a69421f-e399-4db8-897a-d8ef21b5e0a7,707b6ccf-c9d9-4c1d-97f4-516b572b2f9d,1697663679345788888
6a69421f-e399-4db8-897a-d8ef21b5e0a7,707b6ccf-c9d9-4c1d-97f4-516b572b2f9d,1697663679378633333
6a69421f-e399-4db8-897a-d8ef21b5e0a7,707b6ccf-c9d9-4c1d-97f4-516b572b2f9d,1697663679408400000
6a69421f-e399-4db8-897a-d8ef21b5e0a7,707b6ccf-c9d9-4c1d-97f4-516b572b2f9d,1697663679449022222
6a69421f-e399-4db8-897a-d8ef21b5e0a7,707b6ccf-c9d9-4c1d-97f4-516b572b2f9d,1697663679479422222
6a69421f-e399-4db8-897a-d8ef21b5e0a7,707b6ccf-c9d9-4c1d-97f4-516b572b2f9d,1697663679504211111
6a69421f-e399-4db8-897a-d8ef21b5e0a7,707b6ccf-c9d9-4c1d-97f4-516b572b2f9d,1697663679538255555
6a69421f-e399-4db8-897a-d8ef21b5e0a7,707b6ccf-c9d9-4c1d-97f4-516b572b2f9d,1697663679569755555
6a69421f-e399-4db8-897a-d8ef21b5e0a7,707b6ccf-c9d9-4c1d-97f4-516b572b2f9d,1697663679607422222
6a69421f-e399-4db8-897a-d8ef21b5e0a7,707b6ccf-c9d9-4c1d-97f4-516b572b2f9d,1697663679650400000
6a69421f-e399-4db8-897a-d8ef21b5e0a7,707b6ccf-c9d9-4c1d-97f4-516b572b2f9d,1697663679680077777
6a69421f-e399-4db8-897a-d8ef21b5e0a7,707b6ccf-c9d9-4c1d-97f4-516b572b2f9d,1697663679705055555
6a69421f-e399-4db8-897a-d8ef21b5e0a7,707b6ccf-c9d9-4c1d-97f4-516b572b2f9d,1697663679757466666
6a69421f-e399-4db8-897a-d8ef21b5e0a7,707b6ccf-c9d9-4c1d-97f4-516b572b2f9d,1697663679778955555
6a69421f-e399-4db8-897a-d8ef21b5e0a7,707b6ccf-c9d9-4c1d-97f4-516b572b2f9d,1697663679812355555
6a69421f-e399-4db8-897a-d8ef21b5e0a7,707b6ccf-c9d9-4c1d-97f4-516b572b2f9d,1697663679849911111
6a69421f-e399-4db8-897a-d8ef21b5e0a7,707b6ccf-c9d9-4c1d-97f4-516b572b2f9d,1697663679882988888
6a69421f-e399-4db8-897a-d8ef21b5e0a7,707b6ccf-c9d9-4c1d-97f4-516b572b2f9d,1697663679908677777
6a69421f-e399-4db8-897a-d8ef21b5e0a7,707b6ccf-c9d9-4c1d-97f4-516b572b2f9d,1697663679950044444
6a69421f-e399-4db8-897a-d8ef21b5e0a7,707b6ccf-c9d9-4c1d-97f4-516b572b2f9d,1697663679979744444
6a69421f-e399-4db8-897a-d8ef21b5e0a7,707b6ccf-c9d9-4c1d-97f4-516b572b2f9d,1697663680009655555
6a69421f-e399-4db8-897a-d8ef21b5e0a7,707b6ccf-c9d9-4c1d-97f4-516b572b2f9d,1697663680054666666
6a69421f-e399-4db8-897a-d8ef21b5e0a7,707b6ccf-c9d9-4c1d-97f4-516b572b2f9d,1697663680082177777
6a69421f-e399-4db8-897a-d8ef21b5e0a7,707b6ccf-c9d9-4c1d-97f4-516b572b2f9d,1697663680102877777
6a69421f-e399-4db8-897a-d8ef21b5e0a7,707b6ccf-c9d9-4c1d-97f4-516b572b2f9d,1697663680163711111
6a69421f-e399-4db8-897a-d8ef21b5e0a7,707b6ccf-c9d9-4c1d-97f4-516b572b2f9d,1697663680177922222
6a69421f-e399-4db8-897a-d8ef21b5e0a7,707b6ccf-c9d9-4c1d-97f4-516b572b2f9d,1697663680204577777
6a69421f-e399-4db8-897a-d8ef21b5e0a7,707b6ccf-c9d9-4c1d-97f4-516b572b2f9d,1697663680255233333
6a69421f-e399-4db8-897a-d8ef21b5e0a7,707b6ccf-c9d9-4c1d-97f4-516b572b2f9d,1697663680276266666
6a69421f-e399-4db8-897a-d8ef21b5e0a7,707b6ccf-c9d9-4c1d-97f4-516b572b2f9d,1697663680301555555
6a69421f-e399-4db8-897a-d8ef21b5e0a7,707b6ccf-c9d9-4c1d-97f4-516b572b2f9d,1697663680348344444
6a69421f-e399-4db8-897a-d8ef21b5e0a7,707b6ccf-c9d9-4c1d-97f4-516b572b2f9d,1697663680379311111
6a69421f-e399-4db8-897a-d8ef21b5e0a7,707b6ccf-c9d9-4c1d-97f4-516b572b2f9d,1697663680412022222
6a69421f-e399-4db8-897a-d8ef21b5e0a7,707b6ccf-c9d9-4c1d-97f4-516b572b2f9d,1697663680453788888
6a69421f-e399-4db8-897a-d8ef21b5e0a7,707b6ccf-c9d9-4c1d-97f4-516b572b2f9d,1697663680482477777
6a69421f-e399-4db8-897a-d8ef21b5e0a7,707b6ccf-c9d9-4c1d-97f4-516b572b2f9d,1697663680501133333
6a69421f-e399-4db8-897a-d8ef21b5e0a7,707b6ccf-c9d9-4c1d-97f4-516b572b2f9d,1697663680553155555
6a69421f-e399-4db8-897a-d8ef21b5e0a7,707b6ccf-c9d9-4c1d-97f4-516b572b2f9d,1697663680582855555
6a69421f-e399-4db8-897a-d8ef21b5e0a7,707b6ccf-c9d9-4c1d-97f4-516b572b2f9d,1697663680603044444
6a69421f-e399-4db8-897a-d8ef21b5e0a7,707b6ccf-c9d9-4c1d-97f4-516b572b2f9d,1697663680650822222
6a69421f-e399-4db8-897a-d8ef21b5e0a7,707b6ccf-c9d9-4c1d-97f4-516b572b2f9d,1697663680682566666
6a69421f-e399-4db8-897a-d8ef21b5e0a7,707b6ccf-c9d9-4c1d-97f4-516b572b2f9d,1697663680703377777
6a69421f-e399-4db8-897a-d8ef21b5e0a7,707b6ccf-c9d9-4c1d-97f4-516b572b2f9d,1697663680750822222
6a69421f-e399-4db8-897a-d8ef21b5e0a7,707b6ccf-c9d9-4c1d-97f4-516b572b2f9d,1697663680782511111
6a69421f-e399-4db8-897a-d8ef21b5e0a7,707b6ccf-c9d9-4c1d-97f4-516b572b2f9d,1697663680814400000
6a69421f-e399-4db8-897a-d8ef21b5e0a7,707b6ccf-c9d9-4c1d-97f4-516b572b2f9d,1697663680840700000
6a69421f-e399-4db8-897a-d8ef21b5e0a7,707b6ccf-c9d9-4c1d-97f4-516b572b2f9d,1697663680887811111
6a69421f-e399-4db8-897a-d8ef21b5e0a7,707b6ccf-c9d9-4c1d-97f4-516b572b2f9d,1697663680909911111
6a69421f-e399-4db8-897a-d8ef21b5e0a7,707b6ccf-c9d9-4c1d-97f4-516b572b2f9d,1697663680942633333
6a69421f-e399-4db8-897a-d8ef21b5e0a7,707b6ccf-c9d9-4c1d-97f4-516b572b2f9d,1697663680970644444
6a69421f-e399-4db8-897a-d8ef21b5e0a7,707b6ccf-c9d9-4c1d-97f4-516b572b2f9d,1697663681010166666
6a69421f-e399-4db8-897a-d8ef21b5e0a7,707b6ccf-c9d9-4c1d-97f4-516b572b2f9d,1697663681047822222
6a69421f-e399-4db8-897a-d8ef21b5e0a7,707b6ccf-c9d9-4c1d-97f4-516b572b2f9d,1697663681082088888
6a69421f-e399-4db8-897a-d8ef21b5e0a7,707b6ccf-c9d9-4c1d-97f4-516b572b2f9d,1697663681102900000
6a69421f-e399-4db8-897a-d8ef21b5e0a7,707b6ccf-c9d9-4c1d-97f4-516b572b2f9d,1697663681151244444
6a69421f-e399-4db8-897a-d8ef21b5e0a7,707b6ccf-c9d9-4c1d-97f4-516b572b2f9d,1697663681176422222
6a69421f-e399-4db8-897a-d8ef21b5e0a7,707b6ccf-c9d9-4c1d-97f4-516b572b2f9d,1697663681210933333
6a69421f-e399-4db8-897a-d8ef21b5e0a7,707b6ccf-c9d9-4c1d-97f4-516b572b2f9d,1697663681249166666
6a69421f-e399-4db8-897a-d8ef21b5e0a7,707b6ccf-c9d9-4c1d-97f4-516b572b2f9d,1697663681280788888
6a69421f-e399-4db8-897a-d8ef21b5e0a7,707b6ccf-c9d9-4c1d-97f4-516b572b2f9d,1697663681310555555
6a69421f-e399-4db8-897a-d8ef21b5e0a7,707b6ccf-c9d9-4c1d-97f4-516b572b2f9d,1697663681347300000
6a69421f-e399-4db8-897a-d8ef21b5e0a7,707b6ccf-c9d9-4c1d-97f4-516b572b2f9d,1697663681379300000
6a69421f-e399-4db8-897a-d8ef21b5e0a7,707b6ccf-c9d9-4c1d-97f4-516b572b2f9d,1697663681410711111
6a69421f-e399-4db8-897a-d8ef21b5e0a7,707b6ccf-c9d9-4c1d-97f4-516b572b2f9d,1697663681446722222
6a69421f-e399-4db8-897a-d8ef21b5e0a7,707b6ccf-c9d9-4c1d-97f4-516b572b2f9d,1697663681486488888
6a69421f-e399-4db8-897a-d8ef21b5e0a7,707b6ccf-c9d9-4c1d-97f4-516b572b2f9d,1697663681503400000
6a69421f-e399-4db8-897a-d8ef21b5e0a7,707b6ccf-c9d9-4c1d-97f4-516b572b2f9d,1697663681542822222
6a69421f-e399-4db8-897a-d8ef21b5e0a7,707b6ccf-c9d9-4c1d-97f4-516b572b2f9d,1697663681572200000
6a69421f-e399-4db8-897a-d8ef21b5e0a7,707b6ccf-c9d9-4c1d-97f4-516b572b2f9d,1697663681602544444
6a69421f-e399-4db8-897a-d8ef21b5e0a7,707b6ccf-c9d9-4c1d-97f4-516b572b2f9d,1697663681641544444
6a69421f-e399-4db8-897a-d8ef21b5e0a7,707b6ccf-c9d9-4c1d-97f4-516b572b2f9d,1697663681678677777
6a69421f-e399-4db8-897a-d8ef21b5e0a7,707b6ccf-c9d9-4c1d-97f4-516b572b2f9d,1697663681709277777
6a69421f-e399-4db8-897a-d8ef21b5e0a7,707b6ccf-c9d9-4c1d-97f4-516b572b2f9d,1697663681741955555
6a69421f-e399-4db8-897a-d8ef21b5e0a7,707b6ccf-c9d9-4c1d-97f4-516b572b2f9d,1697663681777344444
6a69421f-e399-4db8-897a-d8ef21b5e0a7,707b6ccf-c9d9-4c1d-97f4-516b572b2f9d,1697663681810122222
6a69421f-e399-4db8-897a-d8ef21b5e0a7,707b6ccf-c9d9-4c1d-97f4-516b572b2f9d,1697663681841977777
6a69421f-e399-4db8-897a-d8ef21b5e0a7,707b6ccf-c9d9-4c1d-97f4-516b572b2f9d,1697663681880422222
6a69421f-e399-4db8-897a-d8ef21b5e0a7,707b6ccf-c9d9-4c1d-97f4-516b572b2f9d,1697663681909822222
6a69421f-e399-4db8-897a-d8ef21b5e0a7,707b6ccf-c9d9-4c1d-97f4-516b572b2f9d,1697663681943666666
6a69421f-e399-4db8-897a-d8ef21b5e0a7,707b6ccf-c9d9-4c1d-97f4-516b572b2f9d,1697663681978822222
6a69421f-e399-4db8-897a-d8ef21b5e0a7,707b6ccf-c9d9-4c1d-97f4-516b572b2f9d,1697663682009266666
6a69421f-e399-4db8-897a-d8ef21b5e0a7,707b6ccf-c9d9-4c1d-97f4-516b572b2f9d,1697663682047455555
6a69421f-e399-4db8-897a-d8ef21b5e0a7,707b6ccf-c9d9-4c1d-97f4-516b572b2f9d,1697663682081088888
6a69421f-e399-4db8-897a-d8ef21b5e0a7,707b6ccf-c9d9-4c1d-97f4-516b572b2f9d,1697663682110011111
6a69421f-e399-4db8-897a-d8ef21b5e0a7,707b6ccf-c9d9-4c1d-97f4-516b572b2f9d,1697663682161111111
6a69421f-e399-4db8-897a-d8ef21b5e0a7,707b6ccf-c9d9-4c1d-97f4-516b572b2f9d,1697663682173911111
6a69421f-e399-4db8-897a-d8ef21b5e0a7,707b6ccf-c9d9-4c1d-97f4-516b572b2f9d,1697663682211922222
6a69421f-e399-4db8-897a-d8ef21b5e0a7,707b6ccf-c9d9-4c1d-97f4-516b572b2f9d,1697663682232477777
6a69421f-e399-4db8-897a-d8ef21b5e0a7,707b6ccf-c9d9-4c1d-97f4-516b572b2f9d,1697663682269555555
6a69421f-e399-4db8-897a-d8ef21b5e0a7,707b6ccf-c9d9-4c1d-97f4-516b572b2f9d,1697663682315222222
6a69421f-e399-4db8-897a-d8ef21b5e0a7,707b6ccf-c9d9-4c1d-97f4-516b572b2f9d,1697663682342888888
6a69421f-e399-4db8-897a-d8ef21b5e0a7,707b6ccf-c9d9-4c1d-97f4-516b572b2f9d,1697663682381200000
6a69421f-e399-4db8-897a-d8ef21b5e0a7,707b6ccf-c9d9-4c1d-97f4-516b572b2f9d,1697663682410400000
6a69421f-e399-4db8-897a-d8ef21b5e0a7,707b6ccf-c9d9-4c1d-97f4-516b572b2f9d,1697663682442000000
6a69421f-e399-4db8-897a-d8ef21b5e0a7,707b6ccf-c9d9-4c1d-97f4-516b572b2f9d,1697663682483377777
6a69421f-e399-4db8-897a-d8ef21b5e0a7,707b6ccf-c9d9-4c1d-97f4-516b572b2f9d,1697663682510666666
6a69421f-e399-4db8-897a-d8ef21b5e0a7,707b6ccf-c9d9-4c1d-97f4-516b572b2f9d,1697663682544622222
6a69421f-e399-4db8-897a-d8ef21b5e0a7,707b6ccf-c9d9-4c1d-97f4-516b572b2f9d,1697663682577211111
6a69421f-e399-4db8-897a-d8ef21b5e0a7,707b6ccf-c9d9-4c1d-97f4-516b572b2f9d,1697663682609400000
6a69421f-e399-4db8-897a-d8ef21b5e0a7,707b6ccf-c9d9-4c1d-97f4-516b572b2f9d,1697663682652611111
6a69421f-e399-4db8-897a-d8ef21b5e0a7,707b6ccf-c9d9-4c1d-97f4-516b572b2f9d,1697663682680833333
6a69421f-e399-4db8-897a-d8ef21b5e0a7,707b6ccf-c9d9-4c1d-97f4-516b572b2f9d,1697663682711500000
6a69421f-e399-4db8-897a-d8ef21b5e0a7,707b6ccf-c9d9-4c1d-97f4-516b572b2f9d,1697663682743244444
6a69421f-e399-4db8-897a-d8ef21b5e0a7,707b6ccf-c9d9-4c1d-97f4-516b572b2f9d,1697663682778800000
6a69421f-e399-4db8-897a-d8ef21b5e0a7,707b6ccf-c9d9-4c1d-97f4-516b572b2f9d,1697663682822355555
6a69421f-e399-4db8-897a-d8ef21b5e0a7,707b6ccf-c9d9-4c1d-97f4-516b572b2f9d,1697663682834466666
6a69421f-e399-4db8-897a-d8ef21b5e0a7,707b6ccf-c9d9-4c1d-97f4-516b572b2f9d,1697663682884188888
6a69421f-e399-4db8-897a-d8ef21b5e0a7,707b6ccf-c9d9-4c1d-97f4-516b572b2f9d,1697663682905922222
6a69421f-e399-4db8-897a-d8ef21b5e0a7,707b6ccf-c9d9-4c1d-97f4-516b572b2f9d,1697663682950400000
6a69421f-e399-4db8-897a-d8ef21b5e0a7,707b6ccf-c9d9-4c1d-97f4-516b572b2f9d,1697663682982522222
6a69421f-e399-4db8-897a-d8ef21b5e0a7,707b6ccf-c9d9-4c1d-97f4-516b572b2f9d,1697663683002011111
6a69421f-e399-4db8-897a-d8ef21b5e0a7,707b6ccf-c9d9-4c1d-97f4-516b572b2f9d,1697663683040688888
6a69421f-e399-4db8-897a-d8ef21b5e0a7,707b6ccf-c9d9-4c1d-97f4-516b572b2f9d,1697663683080666666
6a69421f-e399-4db8-897a-d8ef21b5e0a7,707b6ccf-c9d9-4c1d-97f4-516b572b2f9d,1697663683111388888
6a69421f-e399-4db8-897a-d8ef21b5e0a7,707b6ccf-c9d9-4c1d-97f4-516b572b2f9d,1697663683145733333
6a69421f-e399-4db8-897a-d8ef21b5e0a7,707b6ccf-c9d9-4c1d-97f4-516b572b2f9d,1697663683179188888
6a69421f-e399-4db8-897a-d8ef21b5e0a7,707b6ccf-c9d9-4c1d-97f4-516b572b2f9d,1697663683210177777
6a69421f-e399-4db8-897a-d8ef21b5e0a7,707b6ccf-c9d9-4c1d-97f4-516b572b2f9d,1697663683241944444
6a69421f-e399-4db8-897a-d8ef21b5e0a7,707b6ccf-c9d9-4c1d-97f4-516b572b2f9d,1697663683283466666
6a69421f-e399-4db8-897a-d8ef21b5e0a7,707b6ccf-c9d9-4c1d-97f4-516b572b2f9d,1697663683311400000
6a69421f-e399-4db8-897a-d8ef21b5e0a7,707b6ccf-c9d9-4c1d-97f4-516b572b2f9d,1697663683347833333
6a69421f-e399-4db8-897a-d8ef21b5e0a7,707b6ccf-c9d9-4c1d-97f4-516b572b2f9d,1697663683379577777
6a69421f-e399-4db8-897a-d8ef21b5e0a7,707b6ccf-c9d9-4c1d-97f4-516b572b2f9d,1697663683412488888
6a69421f-e399-4db8-897a-d8ef21b5e0a7,707b6ccf-c9d9-4c1d-97f4-516b572b2f9d,1697663683443566666
6a69421f-e399-4db8-897a-d8ef21b5e0a7,707b6ccf-c9d9-4c1d-97f4-516b572b2f9d,1697663683475988888
6a69421f-e399-4db8-897a-d8ef21b5e0a7,707b6ccf-c9d9-4c1d-97f4-516b572b2f9d,1697663683506177777
6a69421f-e399-4db8-897a-d8ef21b5e0a7,707b6ccf-c9d9-4c1d-97f4-516b572b2f9d,1697663683535577777
6a69421f-e399-4db8-897a-d8ef21b5e0a7,707b6ccf-c9d9-4c1d-97f4-516b572b2f9d,1697663683568788888
6a69421f-e399-4db8-897a-d8ef21b5e0a7,707b6ccf-c9d9-4c1d-97f4-516b572b2f9d,1697663683604322222
6a69421f-e399-4db8-897a-d8ef21b5e0a7,707b6ccf-c9d9-4c1d-97f4-516b572b2f9d,1697663683641977777
6a69421f-e399-4db8-897a-d8ef21b5e0a7,707b6ccf-c9d9-4c1d-97f4-516b572b2f9d,1697663683679600000
6a69421f-e399-4db8-897a-d8ef21b5e0a7,707b6ccf-c9d9-4c1d-97f4-516b572b2f9d,1697663683712111111
6a69421f-e399-4db8-897a-d8ef21b5e0a7,707b6ccf-c9d9-4c1d-97f4-516b572b2f9d,1697663683744000000
6a69421f-e399-4db8-897a-d8ef21b5e0a7,707b6ccf-c9d9-4c1d-97f4-516b572b2f9d,1697663683779522222
6a69421f-e399-4db8-897a-d8ef21b5e0a7,707b6ccf-c9d9-4c1d-97f4-516b572b2f9d,1697663683811811111
6a69421f-e399-4db8-897a-d8ef21b5e0a7,707b6ccf-c9d9-4c1d-97f4-516b572b2f9d,1697663683844500000
6a69421f-e399-4db8-897a-d8ef21b5e0a7,707b6ccf-c9d9-4c1d-97f4-516b572b2f9d,1697663683881866666
6a69421f-e399-4db8-897a-d8ef21b5e0a7,707b6ccf-c9d9-4c1d-97f4-516b572b2f9d,1697663683911611111
6a69421f-e399-4db8-897a-d8ef21b5e0a7,707b6ccf-c9d9-4c1d-97f4-516b572b2f9d,1697663683941822222
6a69421f-e399-4db8-897a-d8ef21b5e0a7,707b6ccf-c9d9-4c1d-97f4-516b572b2f9d,1697663683981633333
6a69421f-e399-4db8-897a-d8ef21b5e0a7,707b6ccf-c9d9-4c1d-97f4-516b572b2f9d,1697663684010688888
6a69421f-e399-4db8-897a-d8ef21b5e0a7,707b6ccf-c9d9-4c1d-97f4-516b572b2f9d,1697663684044822222
6a69421f-e399-4db8-897a-d8ef21b5e0a7,707b6ccf-c9d9-4c1d-97f4-516b572b2f9d,1697663684086911111
6a69421f-e399-4db8-897a-d8ef21b5e0a7,707b6ccf-c9d9-4c1d-97f4-516b572b2f9d,1697663684112377777
6a69421f-e399-4db8-897a-d8ef21b5e0a7,707b6ccf-c9d9-4c1d-97f4-516b572b2f9d,1697663684153233333
6a69421f-e399-4db8-897a-d8ef21b5e0a7,707b6ccf-c9d9-4c1d-97f4-516b572b2f9d,1697663684171688888
6a69421f-e399-4db8-897a-d8ef21b5e0a7,707b6ccf-c9d9-4c1d-97f4-516b572b2f9d,1697663684218144444
6a69421f-e399-4db8-897a-d8ef21b5e0a7,707b6ccf-c9d9-4c1d-97f4-516b572b2f9d,1697663684239600000
6a69421f-e399-4db8-897a-d8ef21b5e0a7,707b6ccf-c9d9-4c1d-97f4-516b572b2f9d,1697663684275333333
6a69421f-e399-4db8-897a-d8ef21b5e0a7,707b6ccf-c9d9-4c1d-97f4-516b572b2f9d,1697663684304122222
6a69421f-e399-4db8-897a-d8ef21b5e0a7,707b6ccf-c9d9-4c1d-97f4-516b572b2f9d,1697663684349288888
6a69421f-e399-4db8-897a-d8ef21b5e0a7,707b6ccf-c9d9-4c1d-97f4-516b572b2f9d,1697663684378477777
6a69421f-e399-4db8-897a-d8ef21b5e0a7,707b6ccf-c9d9-4c1d-97f4-516b572b2f9d,1697663684410988888
6a69421f-e399-4db8-897a-d8ef21b5e0a7,707b6ccf-c9d9-4c1d-97f4-516b572b2f9d,1697663684442777777
6a69421f-e399-4db8-897a-d8ef21b5e0a7,707b6ccf-c9d9-4c1d-97f4-516b572b2f9d,1697663684478644444
6a69421f-e399-4db8-897a-d8ef21b5e0a7,707b6ccf-c9d9-4c1d-97f4-516b572b2f9d,1697663684512844444
6a69421f-e399-4db8-897a-d8ef21b5e0a7,707b6ccf-c9d9-4c1d-97f4-516b572b2f9d,1697663684543377777
6a69421f-e399-4db8-897a-d8ef21b5e0a7,707b6ccf-c9d9-4c1d-97f4-516b572b2f9d,1697663684579588888
6a69421f-e399-4db8-897a-d8ef21b5e0a7,707b6ccf-c9d9-4c1d-97f4-516b572b2f9d,1697663684609277777
6a69421f-e399-4db8-897a-d8ef21b5e0a7,707b6ccf-c9d9-4c1d-97f4-516b572b2f9d,1697663684642144444
6a69421f-e399-4db8-897a-d8ef21b5e0a7,707b6ccf-c9d9-4c1d-97f4-516b572b2f9d,1697663684683255555
6a69421f-e399-4db8-897a-d8ef21b5e0a7,707b6ccf-c9d9-4c1d-97f4-516b572b2f9d,1697663684711944444
6a69421f-e399-4db8-897a-d8ef21b5e0a7,707b6ccf-c9d9-4c1d-97f4-516b572b2f9d,1697663684742077777
6a69421f-e399-4db8-897a-d8ef21b5e0a7,707b6ccf-c9d9-4c1d-97f4-516b572b2f9d,1697663684777955555
6a69421f-e399-4db8-897a-d8ef21b5e0a7,707b6ccf-c9d9-4c1d-97f4-516b572b2f9d,1697663684815800000
6a69421f-e399-4db8-897a-d8ef21b5e0a7,707b6ccf-c9d9-4c1d-97f4-516b572b2f9d,1697663684838366666
6a69421f-e399-4db8-897a-d8ef21b5e0a7,707b6ccf-c9d9-4c1d-97f4-516b572b2f9d,1697663684866311111
6a69421f-e399-4db8-897a-d8ef21b5e0a7,707b6ccf-c9d9-4c1d-97f4-516b572b2f9d,1697663684923222222
6a69421f-e399-4db8-897a-d8ef21b5e0a7,707b6ccf-c9d9-4c1d-97f4-516b572b2f9d,1697663684943566666
6a69421f-e399-4db8-897a-d8ef21b5e0a7,707b6ccf-c9d9-4c1d-97f4-516b572b2f9d,1697663684982477777
6a69421f-e399-4db8-897a-d8ef21b5e0a7,707b6ccf-c9d9-4c1d-97f4-516b572b2f9d,1697663685002433333
6a69421f-e399-4db8-897a-d8ef21b5e0a7,707b6ccf-c9d9-4c1d-97f4-516b572b2f9d,1697663685043844444
6a69421f-e399-4db8-897a-d8ef21b5e0a7,707b6ccf-c9d9-4c1d-97f4-516b572b2f9d,1697663685075411111
6a69421f-e399-4db8-897a-d8ef21b5e0a7,707b6ccf-c9d9-4c1d-97f4-516b572b2f9d,1697663685110000000
6a69421f-e399-4db8-897a-d8ef21b5e0a7,707b6ccf-c9d9-4c1d-97f4-516b572b2f9d,1697663685150955555
6a69421f-e399-4db8-897a-d8ef21b5e0a7,707b6ccf-c9d9-4c1d-97f4-516b572b2f9d,1697663685176466666
6a69421f-e399-4db8-897a-d8ef21b5e0a7,707b6ccf-c9d9-4c1d-97f4-516b572b2f9d,1697663685213233333
6a69421f-e399-4db8-897a-d8ef21b5e0a7,707b6ccf-c9d9-4c1d-97f4-516b572b2f9d,1697663685242988888
6a69421f-e399-4db8-897a-d8ef21b5e0a7,707b6ccf-c9d9-4c1d-97f4-516b572b2f9d,1697663685275788888
6a69421f-e399-4db8-897a-d8ef21b5e0a7,707b6ccf-c9d9-4c1d-97f4-516b572b2f9d,1697663685310566666
6a69421f-e399-4db8-897a-d8ef21b5e0a7,707b6ccf-c9d9-4c1d-97f4-516b572b2f9d,1697663685343166666
6a69421f-e399-4db8-897a-d8ef21b5e0a7,707b6ccf-c9d9-4c1d-97f4-516b572b2f9d,1697663685375777777
6a69421f-e399-4db8-897a-d8ef21b5e0a7,707b6ccf-c9d9-4c1d-97f4-516b572b2f9d,1697663685412411111
6a69421f-e399-4db8-897a-d8ef21b5e0a7,707b6ccf-c9d9-4c1d-97f4-516b572b2f9d,1697663685446133333
6a69421f-e399-4db8-897a-d8ef21b5e0a7,707b6ccf-c9d9-4c1d-97f4-516b572b2f9d,1697663685476955555
6a69421f-e399-4db8-897a-d8ef21b5e0a7,707b6ccf-c9d9-4c1d-97f4-516b572b2f9d,1697663685521355555
6a69421f-e399-4db8-897a-d8ef21b5e0a7,707b6ccf-c9d9-4c1d-97f4-516b572b2f9d,1697663685537744444
6a69421f-e399-4db8-897a-d8ef21b5e0a7,707b6ccf-c9d9-4c1d-97f4-516b572b2f9d,1697663685569322222
6a69421f-e399-4db8-897a-d8ef21b5e0a7,707b6ccf-c9d9-4c1d-97f4-516b572b2f9d,1697663685606600000
6a69421f-e399-4db8-897a-d8ef21b5e0a7,707b6ccf-c9d9-4c1d-97f4-516b572b2f9d,1697663685637144444
6a69421f-e399-4db8-897a-d8ef21b5e0a7,707b6ccf-c9d9-4c1d-97f4-516b572b2f9d,1697663685666944444
6a69421f-e399-4db8-897a-d8ef21b5e0a7,707b6ccf-c9d9-4c1d-97f4-516b572b2f9d,1697663685712988888
6a69421f-e399-4db8-897a-d8ef21b5e0a7,707b6ccf-c9d9-4c1d-97f4-516b572b2f9d,1697663685742622222
6a69421f-e399-4db8-897a-d8ef21b5e0a7,707b6ccf-c9d9-4c1d-97f4-516b572b2f9d,1697663685774633333
6a69421f-e399-4db8-897a-d8ef21b5e0a7,707b6ccf-c9d9-4c1d-97f4-516b572b2f9d,1697663685813055555
6a69421f-e399-4db8-897a-d8ef21b5e0a7,707b6ccf-c9d9-4c1d-97f4-516b572b2f9d,1697663685843322222
6a69421f-e399-4db8-897a-d8ef21b5e0a7,707b6ccf-c9d9-4c1d-97f4-516b572b2f9d,1697663685873722222
6a69421f-e399-4db8-897a-d8ef21b5e0a7,707b6ccf-c9d9-4c1d-97f4-516b572b2f9d,1697663685911788888
6a69421f-e399-4db8-897a-d8ef21b5e0a7,707b6ccf-c9d9-4c1d-97f4-516b572b2f9d,1697663685943766666
6a69421f-e399-4db8-897a-d8ef21b5e0a7,707b6ccf-c9d9-4c1d-97f4-516b572b2f9d,1697663685975933333
6a69421f-e399-4db8-897a-d8ef21b5e0a7,707b6ccf-c9d9-4c1d-97f4-516b572b2f9d,1697663686009488888
6a69421f-e399-4db8-897a-d8ef21b5e0a7,707b6ccf-c9d9-4c1d-97f4-516b572b2f9d,1697663686046333333
6a69421f-e399-4db8-897a-d8ef21b5e0a7,707b6ccf-c9d9-4c1d-97f4-516b572b2f9d,1697663686082422222
6a69421f-e399-4db8-897a-d8ef21b5e0a7,707b6ccf-c9d9-4c1d-97f4-516b572b2f9d,1697663686103066666
6a69421f-e399-4db8-897a-d8ef21b5e0a7,707b6ccf-c9d9-4c1d-97f4-516b572b2f9d,1697663686143544444
6a69421f-e399-4db8-897a-d8ef21b5e0a7,707b6ccf-c9d9-4c1d-97f4-516b572b2f9d,1697663686193566666
6a69421f-e399-4db8-897a-d8ef21b5e0a7,707b6ccf-c9d9-4c1d-97f4-516b572b2f9d,1697663686209833333
6a69421f-e399-4db8-897a-d8ef21b5e0a7,707b6ccf-c9d9-4c1d-97f4-516b572b2f9d,1697663686233833333
6a69421f-e399-4db8-897a-d8ef21b5e0a7,707b6ccf-c9d9-4c1d-97f4-516b572b2f9d,1697663686267311111
6a69421f-e399-4db8-897a-d8ef21b5e0a7,707b6ccf-c9d9-4c1d-97f4-516b572b2f9d,1697663686302911111
6a69421f-e399-4db8-897a-d8ef21b5e0a7,707b6ccf-c9d9-4c1d-97f4-516b572b2f9d,1697663686344333333
6a69421f-e399-4db8-897a-d8ef21b5e0a7,707b6ccf-c9d9-4c1d-97f4-516b572b2f9d,1697663686375844444
6a69421f-e399-4db8-897a-d8ef21b5e0a7,707b6ccf-c9d9-4c1d-97f4-516b572b2f9d,1697663686409666666
6a69421f-e399-4db8-897a-d8ef21b5e0a7,707b6ccf-c9d9-4c1d-97f4-516b572b2f9d,1697663686442011111
6a69421f-e399-4db8-897a-d8ef21b5e0a7,707b6ccf-c9d9-4c1d-97f4-516b572b2f9d,1697663686478600000
6a69421f-e399-4db8-897a-d8ef21b5e0a7,707b6ccf-c9d9-4c1d-97f4-516b572b2f9d,1697663686511533333
6a69421f-e399-4db8-897a-d8ef21b5e0a7,707b6ccf-c9d9-4c1d-97f4-516b572b2f9d,1697663686543222222
6a69421f-e399-4db8-897a-d8ef21b5e0a7,707b6ccf-c9d9-4c1d-97f4-516b572b2f9d,1697663686574400000
6a69421f-e399-4db8-897a-d8ef21b5e0a7,707b6ccf-c9d9-4c1d-97f4-516b572b2f9d,1697663686612588888
6a69421f-e399-4db8-897a-d8ef21b5e0a7,707b6ccf-c9d9-4c1d-97f4-516b572b2f9d,1697663686643433333
6a69421f-e399-4db8-897a-d8ef21b5e0a7,707b6ccf-c9d9-4c1d-97f4-516b572b2f9d,1697663686675844444
6a69421f-e399-4db8-897a-d8ef21b5e0a7,707b6ccf-c9d9-4c1d-97f4-516b572b2f9d,1697663686711022222
6a69421f-e399-4db8-897a-d8ef21b5e0a7,707b6ccf-c9d9-4c1d-97f4-516b572b2f9d,1697663686752288888
6a69421f-e399-4db8-897a-d8ef21b5e0a7,707b6ccf-c9d9-4c1d-97f4-516b572b2f9d,1697663686778533333
6a69421f-e399-4db8-897a-d8ef21b5e0a7,707b6ccf-c9d9-4c1d-97f4-516b572b2f9d,1697663686817711111
6a69421f-e399-4db8-897a-d8ef21b5e0a7,707b6ccf-c9d9-4c1d-97f4-516b572b2f9d,1697663686834400000
6a69421f-e399-4db8-897a-d8ef21b5e0a7,707b6ccf-c9d9-4c1d-97f4-516b572b2f9d,1697663686867111111
6a69421f-e399-4db8-897a-d8ef21b5e0a7,707b6ccf-c9d9-4c1d-97f4-516b572b2f9d,1697663686917888888
6a69421f-e399-4db8-897a-d8ef21b5e0a7,707b6ccf-c9d9-4c1d-97f4-516b572b2f9d,1697663686934511111
6a69421f-e399-4db8-897a-d8ef21b5e0a7,707b6ccf-c9d9-4c1d-97f4-516b572b2f9d,1697663686966933333
6a69421f-e399-4db8-897a-d8ef21b5e0a7,707b6ccf-c9d9-4c1d-97f4-516b572b2f9d,1697663687010622222
6a69421f-e399-4db8-897a-d8ef21b5e0a7,707b6ccf-c9d9-4c1d-97f4-516b572b2f9d,1697663687048866666
6a69421f-e399-4db8-897a-d8ef21b5e0a7,707b6ccf-c9d9-4c1d-97f4-516b572b2f9d,1697663687077066666
6a69421f-e399-4db8-897a-d8ef21b5e0a7,707b6ccf-c9d9-4c1d-97f4-516b572b2f9d,1697663687113022222
6a69421f-e399-4db8-897a-d8ef21b5e0a7,707b6ccf-c9d9-4c1d-97f4-516b572b2f9d,1697663687143033333
6a69421f-e399-4db8-897a-d8ef21b5e0a7,707b6ccf-c9d9-4c1d-97f4-516b572b2f9d,1697663687177977777
6a69421f-e399-4db8-897a-d8ef21b5e0a7,707b6ccf-c9d9-4c1d-97f4-516b572b2f9d,1697663687213033333
6a69421f-e399-4db8-897a-d8ef21b5e0a7,707b6ccf-c9d9-4c1d-97f4-516b572b2f9d,1697663687245100000
6a69421f-e399-4db8-897a-d8ef21b5e0a7,707b6ccf-c9d9-4c1d-97f4-516b572b2f9d,1697663687276077777
6a69421f-e399-4db8-897a-d8ef21b5e0a7,707b6ccf-c9d9-4c1d-97f4-516b572b2f9d,1697663687309977777
6a69421f-e399-4db8-897a-d8ef21b5e0a7,707b6ccf-c9d9-4c1d-97f4-516b572b2f9d,1697663687344688888
6a69421f-e399-4db8-897a-d8ef21b5e0a7,707b6ccf-c9d9-4c1d-97f4-516b572b2f9d,1697663687374766666
6a69421f-e399-4db8-897a-d8ef21b5e0a7,707b6ccf-c9d9-4c1d-97f4-516b572b2f9d,1697663687410055555
6a69421f-e399-4db8-897a-d8ef21b5e0a7,707b6ccf-c9d9-4c1d-97f4-516b572b2f9d,1697663687448366666
6a69421f-e399-4db8-897a-d8ef21b5e0a7,707b6ccf-c9d9-4c1d-97f4-516b572b2f9d,1697663687485666666
6a69421f-e399-4db8-897a-d8ef21b5e0a7,707b6ccf-c9d9-4c1d-97f4-516b572b2f9d,1697663687503522222
6a69421f-e399-4db8-897a-d8ef21b5e0a7,707b6ccf-c9d9-4c1d-97f4-516b572b2f9d,1697663687560800000
6a69421f-e399-4db8-897a-d8ef21b5e0a7,707b6ccf-c9d9-4c1d-97f4-516b572b2f9d,1697663687580388888
6a69421f-e399-4db8-897a-d8ef21b5e0a7,707b6ccf-c9d9-4c1d-97f4-516b572b2f9d,1697663687611711111
6a69421f-e399-4db8-897a-d8ef21b5e0a7,707b6ccf-c9d9-4c1d-97f4-516b572b2f9d,1697663687639688888
6a69421f-e399-4db8-897a-d8ef21b5e0a7,707b6ccf-c9d9-4c1d-97f4-516b572b2f9d,1697663687668311111
6a69421f-e399-4db8-897a-d8ef21b5e0a7,707b6ccf-c9d9-4c1d-97f4-516b572b2f9d,1697663687715800000
6a69421f-e399-4db8-897a-d8ef21b5e0a7,707b6ccf-c9d9-4c1d-97f4-516b572b2f9d,1697663687742411111
6a69421f-e399-4db8-897a-d8ef21b5e0a7,707b6ccf-c9d9-4c1d-97f4-516b572b2f9d,1697663687779788888
6a69421f-e399-4db8-897a-d8ef21b5e0a7,707b6ccf-c9d9-4c1d-97f4-516b572b2f9d,1697663687812233333
6a69421f-e399-4db8-897a-d8ef21b5e0a7,707b6ccf-c9d9-4c1d-97f4-516b572b2f9d,1697663687844000000
6a69421f-e399-4db8-897a-d8ef21b5e0a7,707b6ccf-c9d9-4c1d-97f4-516b572b2f9d,1697663687874644444
6a69421f-e399-4db8-897a-d8ef21b5e0a7,707b6ccf-c9d9-4c1d-97f4-516b572b2f9d,1697663687910622222
6a69421f-e399-4db8-897a-d8ef21b5e0a7,707b6ccf-c9d9-4c1d-97f4-516b572b2f9d,1697663687946044444
6a69421f-e399-4db8-897a-d8ef21b5e0a7,707b6ccf-c9d9-4c1d-97f4-516b572b2f9d,1697663687976366666
6a69421f-e399-4db8-897a-d8ef21b5e0a7,707b6ccf-c9d9-4c1d-97f4-516b572b2f9d,1697663688009344444
6a69421f-e399-4db8-897a-d8ef21b5e0a7,707b6ccf-c9d9-4c1d-97f4-516b572b2f9d,1697663688044022222
6a69421f-e399-4db8-897a-d8ef21b5e0a7,707b6ccf-c9d9-4c1d-97f4-516b572b2f9d,1697663688078477777
6a69421f-e399-4db8-897a-d8ef21b5e0a7,707b6ccf-c9d9-4c1d-97f4-516b572b2f9d,1697663688109977777
6a69421f-e399-4db8-897a-d8ef21b5e0a7,707b6ccf-c9d9-4c1d-97f4-516b572b2f9d,1697663688146922222
6a69421f-e399-4db8-897a-d8ef21b5e0a7,707b6ccf-c9d9-4c1d-97f4-516b572b2f9d,1697663688185477777
6a69421f-e399-4db8-897a-d8ef21b5e0a7,707b6ccf-c9d9-4c1d-97f4-516b572b2f9d,1697663688211088888
6a69421f-e399-4db8-897a-d8ef21b5e0a7,707b6ccf-c9d9-4c1d-97f4-516b572b2f9d,1697663688243611111
6a69421f-e399-4db8-897a-d8ef21b5e0a7,707b6ccf-c9d9-4c1d-97f4-516b572b2f9d,1697663688272933333
6a69421f-e399-4db8-897a-d8ef21b5e0a7,707b6ccf-c9d9-4c1d-97f4-516b572b2f9d,1697663688298355555
6a69421f-e399-4db8-897a-d8ef21b5e0a7,707b6ccf-c9d9-4c1d-97f4-516b572b2f9d,1697663688343188888
6a69421f-e399-4db8-897a-d8ef21b5e0a7,707b6ccf-c9d9-4c1d-97f4-516b572b2f9d,1697663688375466666
6a69421f-e399-4db8-897a-d8ef21b5e0a7,707b6ccf-c9d9-4c1d-97f4-516b572b2f9d,1697663688405088888
6a69421f-e399-4db8-897a-d8ef21b5e0a7,707b6ccf-c9d9-4c1d-97f4-516b572b2f9d,1697663688442700000
6a69421f-e399-4db8-897a-d8ef21b5e0a7,707b6ccf-c9d9-4c1d-97f4-516b572b2f9d,1697663688478044444
6a69421f-e399-4db8-897a-d8ef21b5e0a7,707b6ccf-c9d9-4c1d-97f4-516b572b2f9d,1697663688506566666
6a69421f-e399-4db8-897a-d8ef21b5e0a7,707b6ccf-c9d9-4c1d-97f4-516b572b2f9d,1697663688542322222
6a69421f-e399-4db8-897a-d8ef21b5e0a7,707b6ccf-c9d9-4c1d-97f4-516b572b2f9d,1697663688576188888
6a69421f-e399-4db8-897a-d8ef21b5e0a7,707b6ccf-c9d9-4c1d-97f4-516b572b2f9d,1697663688608333333
6a69421f-e399-4db8-897a-d8ef21b5e0a7,707b6ccf-c9d9-4c1d-97f4-516b572b2f9d,1697663688647277777
6a69421f-e399-4db8-897a-d8ef21b5e0a7,707b6ccf-c9d9-4c1d-97f4-516b572b2f9d,1697663688676677777
6a69421f-e399-4db8-897a-d8ef21b5e0a7,707b6ccf-c9d9-4c1d-97f4-516b572b2f9d,1697663688709344444
6a69421f-e399-4db8-897a-d8ef21b5e0a7,707b6ccf-c9d9-4c1d-97f4-516b572b2f9d,1697663688749600000
6a69421f-e399-4db8-897a-d8ef21b5e0a7,707b6ccf-c9d9-4c1d-97f4-516b572b2f9d,1697663688776555555
6a69421f-e399-4db8-897a-d8ef21b5e0a7,707b6ccf-c9d9-4c1d-97f4-516b572b2f9d,1697663688810811111
6a69421f-e399-4db8-897a-d8ef21b5e0a7,707b6ccf-c9d9-4c1d-97f4-516b572b2f9d,1697663688845933333
6a69421f-e399-4db8-897a-d8ef21b5e0a7,707b6ccf-c9d9-4c1d-97f4-516b572b2f9d,1697663688887100000
6a69421f-e399-4db8-897a-d8ef21b5e0a7,707b6ccf-c9d9-4c1d-97f4-516b572b2f9d,1697663688902555555
6a69421f-e399-4db8-897a-d8ef21b5e0a7,707b6ccf-c9d9-4c1d-97f4-516b572b2f9d,1697663688943822222
6a69421f-e399-4db8-897a-d8ef21b5e0a7,707b6ccf-c9d9-4c1d-97f4-516b572b2f9d,1697663688966966666
6a69421f-e399-4db8-897a-d8ef21b5e0a7,707b6ccf-c9d9-4c1d-97f4-516b572b2f9d,1697663689007733333
6a69421f-e399-4db8-897a-d8ef21b5e0a7,707b6ccf-c9d9-4c1d-97f4-516b572b2f9d,1697663689046788888
6a69421f-e399-4db8-897a-d8ef21b5e0a7,707b6ccf-c9d9-4c1d-97f4-516b572b2f9d,1697663689079600000
6a69421f-e399-4db8-897a-d8ef21b5e0a7,707b6ccf-c9d9-4c1d-97f4-516b572b2f9d,1697663689109977777
6a69421f-e399-4db8-897a-d8ef21b5e0a7,707b6ccf-c9d9-4c1d-97f4-516b572b2f9d,1697663689146200000
6a69421f-e399-4db8-897a-d8ef21b5e0a7,707b6ccf-c9d9-4c1d-97f4-516b572b2f9d,1697663689176044444
6a69421f-e399-4db8-897a-d8ef21b5e0a7,707b6ccf-c9d9-4c1d-97f4-516b572b2f9d,1697663689210022222
6a69421f-e399-4db8-897a-d8ef21b5e0a7,707b6ccf-c9d9-4c1d-97f4-516b572b2f9d,1697663689245122222
6a69421f-e399-4db8-897a-d8ef21b5e0a7,707b6ccf-c9d9-4c1d-97f4-516b572b2f9d,1697663689277566666
6a69421f-e399-4db8-897a-d8ef21b5e0a7,707b6ccf-c9d9-4c1d-97f4-516b572b2f9d,1697663689316900000
6a69421f-e399-4db8-897a-d8ef21b5e0a7,707b6ccf-c9d9-4c1d-97f4-516b572b2f9d,1697663689343288888
6a69421f-e399-4db8-897a-d8ef21b5e0a7,707b6ccf-c9d9-4c1d-97f4-516b572b2f9d,1697663689376877777
6a69421f-e399-4db8-897a-d8ef21b5e0a7,707b6ccf-c9d9-4c1d-97f4-516b572b2f9d,1697663689406122222
6a69421f-e399-4db8-897a-d8ef21b5e0a7,707b6ccf-c9d9-4c1d-97f4-516b572b2f9d,1697663689446355555
6a69421f-e399-4db8-897a-d8ef21b5e0a7,707b6ccf-c9d9-4c1d-97f4-516b572b2f9d,1697663689475811111
6a69421f-e399-4db8-897a-d8ef21b5e0a7,707b6ccf-c9d9-4c1d-97f4-516b572b2f9d,1697663689502288888
6a69421f-e399-4db8-897a-d8ef21b5e0a7,707b6ccf-c9d9-4c1d-97f4-516b572b2f9d,1697663689541144444
6a69421f-e399-4db8-897a-d8ef21b5e0a7,707b6ccf-c9d9-4c1d-97f4-516b572b2f9d,1697663689569266666
6a69421f-e399-4db8-897a-d8ef21b5e0a7,707b6ccf-c9d9-4c1d-97f4-516b572b2f9d,1697663689621022222
6a69421f-e399-4db8-897a-d8ef21b5e0a7,707b6ccf-c9d9-4c1d-97f4-516b572b2f9d,1697663689643622222
6a69421f-e399-4db8-897a-d8ef21b5e0a7,707b6ccf-c9d9-4c1d-97f4-516b572b2f9d,1697663689674577777
6a69421f-e399-4db8-897a-d8ef21b5e0a7,707b6ccf-c9d9-4c1d-97f4-516b572b2f9d,1697663689707166666
6a69421f-e399-4db8-897a-d8ef21b5e0a7,707b6ccf-c9d9-4c1d-97f4-516b572b2f9d,1697663689743411111
6a69421f-e399-4db8-897a-d8ef21b5e0a7,707b6ccf-c9d9-4c1d-97f4-516b572b2f9d,1697663689778366666
6a69421f-e399-4db8-897a-d8ef21b5e0a7,707b6ccf-c9d9-4c1d-97f4-516b572b2f9d,1697663689808522222
6a69421f-e399-4db8-897a-d8ef21b5e0a7,707b6ccf-c9d9-4c1d-97f4-516b572b2f9d,1697663689841722222
6a69421f-e399-4db8-897a-d8ef21b5e0a7,707b6ccf-c9d9-4c1d-97f4-516b572b2f9d,1697663689873988888
6a69421f-e399-4db8-897a-d8ef21b5e0a7,707b6ccf-c9d9-4c1d-97f4-516b572b2f9d,1697663689908677777
6a69421f-e399-4db8-897a-d8ef21b5e0a7,707b6ccf-c9d9-4c1d-97f4-516b572b2f9d,1697663689945433333
6a69421f-e399-4db8-897a-d8ef21b5e0a7,707b6ccf-c9d9-4c1d-97f4-516b572b2f9d,1697663689975333333
6a69421f-e399-4db8-897a-d8ef21b5e0a7,707b6ccf-c9d9-4c1d-97f4-516b572b2f9d,1697663690006822222
6a69421f-e399-4db8-897a-d8ef21b5e0a7,707b6ccf-c9d9-4c1d-97f4-516b572b2f9d,1697663690044033333
6a69421f-e399-4db8-897a-d8ef21b5e0a7,707b6ccf-c9d9-4c1d-97f4-516b572b2f9d,1697663690073955555
6a69421f-e399-4db8-897a-d8ef21b5e0a7,707b6ccf-c9d9-4c1d-97f4-516b572b2f9d,1697663690109388888
6a69421f-e399-4db8-897a-d8ef21b5e0a7,707b6ccf-c9d9-4c1d-97f4-516b572b2f9d,1697663690149055555
6a69421f-e399-4db8-897a-d8ef21b5e0a7,707b6ccf-c9d9-4c1d-97f4-516b572b2f9d,1697663690168355555
6a69421f-e399-4db8-897a-d8ef21b5e0a7,707b6ccf-c9d9-4c1d-97f4-516b572b2f9d,1697663690199144444
6a69421f-e399-4db8-897a-d8ef21b5e0a7,707b6ccf-c9d9-4c1d-97f4-516b572b2f9d,1697663690245522222
6a69421f-e399-4db8-897a-d8ef21b5e0a7,707b6ccf-c9d9-4c1d-97f4-516b572b2f9d,1697663690278422222
6a69421f-e399-4db8-897a-d8ef21b5e0a7,707b6ccf-c9d9-4c1d-97f4-516b572b2f9d,1697663690305077777
6a69421f-e399-4db8-897a-d8ef21b5e0a7,707b6ccf-c9d9-4c1d-97f4-516b572b2f9d,1697663690341233333
6a69421f-e399-4db8-897a-d8ef21b5e0a7,707b6ccf-c9d9-4c1d-97f4-516b572b2f9d,1697663690374833333
6a69421f-e399-4db8-897a-d8ef21b5e0a7,707b6ccf-c9d9-4c1d-97f4-516b572b2f9d,1697663690404444444
6a69421f-e399-4db8-897a-d8ef21b5e0a7,707b6ccf-c9d9-4c1d-97f4-516b572b2f9d,1697663690445122222
6a69421f-e399-4db8-897a-d8ef21b5e0a7,707b6ccf-c9d9-4c1d-97f4-516b572b2f9d,1697663690474000000
6a69421f-e399-4db8-897a-d8ef21b5e0a7,707b6ccf-c9d9-4c1d-97f4-516b572b2f9d,1697663690504500000
6a69421f-e399-4db8-897a-d8ef21b5e0a7,707b6ccf-c9d9-4c1d-97f4-516b572b2f9d,1697663690546400000
6a69421f-e399-4db8-897a-d8ef21b5e0a7,707b6ccf-c9d9-4c1d-97f4-516b572b2f9d,1697663690574966666
6a69421f-e399-4db8-897a-d8ef21b5e0a7,707b6ccf-c9d9-4c1d-97f4-516b572b2f9d,1697663690609144444
6a69421f-e399-4db8-897a-d8ef21b5e0a7,707b6ccf-c9d9-4c1d-97f4-516b572b2f9d,1697663690646766666
6a69421f-e399-4db8-897a-d8ef21b5e0a7,707b6ccf-c9d9-4c1d-97f4-516b572b2f9d,1697663690675455555
6a69421f-e399-4db8-897a-d8ef21b5e0a7,707b6ccf-c9d9-4c1d-97f4-516b572b2f9d,1697663690709966666
6a69421f-e399-4db8-897a-d8ef21b5e0a7,707b6ccf-c9d9-4c1d-97f4-516b572b2f9d,1697663690747188888
6a69421f-e399-4db8-897a-d8ef21b5e0a7,707b6ccf-c9d9-4c1d-97f4-516b572b2f9d,1697663690772122222
6a69421f-e399-4db8-897a-d8ef21b5e0a7,707b6ccf-c9d9-4c1d-97f4-516b572b2f9d,1697663690798722222
6a69421f-e399-4db8-897a-d8ef21b5e0a7,707b6ccf-c9d9-4c1d-97f4-516b572b2f9d,1697663690834000000
6a69421f-e399-4db8-897a-d8ef21b5e0a7,707b6ccf-c9d9-4c1d-97f4-516b572b2f9d,1697663690870011111
6a69421f-e399-4db8-897a-d8ef21b5e0a7,707b6ccf-c9d9-4c1d-97f4-516b572b2f9d,1697663690898555555
6a69421f-e399-4db8-897a-d8ef21b5e0a7,707b6ccf-c9d9-4c1d-97f4-516b572b2f9d,1697663690943433333
6a69421f-e399-4db8-897a-d8ef21b5e0a7,707b6ccf-c9d9-4c1d-97f4-516b572b2f9d,1697663690976022222
6a69421f-e399-4db8-897a-d8ef21b5e0a7,707b6ccf-c9d9-4c1d-97f4-516b572b2f9d,1697663691010411111
6a69421f-e399-4db8-897a-d8ef21b5e0a7,707b6ccf-c9d9-4c1d-97f4-516b572b2f9d,1697663691042522222
6a69421f-e399-4db8-897a-d8ef21b5e0a7,707b6ccf-c9d9-4c1d-97f4-516b572b2f9d,1697663691075466666
6a69421f-e399-4db8-897a-d8ef21b5e0a7,707b6ccf-c9d9-4c1d-97f4-516b572b2f9d,1697663691110577777
6a69421f-e399-4db8-897a-d8ef21b5e0a7,707b6ccf-c9d9-4c1d-97f4-516b572b2f9d,1697663691145666666
6a69421f-e399-4db8-897a-d8ef21b5e0a7,707b6ccf-c9d9-4c1d-97f4-516b572b2f9d,1697663691175688888
6a69421f-e399-4db8-897a-d8ef21b5e0a7,707b6ccf-c9d9-4c1d-97f4-516b572b2f9d,1697663691208755555
6a69421f-e399-4db8-897a-d8ef21b5e0a7,707b6ccf-c9d9-4c1d-97f4-516b572b2f9d,1697663691242722222
6a69421f-e399-4db8-897a-d8ef21b5e0a7,707b6ccf-c9d9-4c1d-97f4-516b572b2f9d,1697663691276788888
6a69421f-e399-4db8-897a-d8ef21b5e0a7,707b6ccf-c9d9-4c1d-97f4-516b572b2f9d,1697663691309744444
6a69421f-e399-4db8-897a-d8ef21b5e0a7,707b6ccf-c9d9-4c1d-97f4-516b572b2f9d,1697663691338111111
6a69421f-e399-4db8-897a-d8ef21b5e0a7,707b6ccf-c9d9-4c1d-97f4-516b572b2f9d,1697663691377255555
6a69421f-e399-4db8-897a-d8ef21b5e0a7,707b6ccf-c9d9-4c1d-97f4-516b572b2f9d,1697663691407411111
6a69421f-e399-4db8-897a-d8ef21b5e0a7,707b6ccf-c9d9-4c1d-97f4-516b572b2f9d,1697663691447266666
6a69421f-e399-4db8-897a-d8ef21b5e0a7,707b6ccf-c9d9-4c1d-97f4-516b572b2f9d,1697663691468855555
6a69421f-e399-4db8-897a-d8ef21b5e0a7,707b6ccf-c9d9-4c1d-97f4-516b572b2f9d,1697663691499688888
6a69421f-e399-4db8-897a-d8ef21b5e0a7,707b6ccf-c9d9-4c1d-97f4-516b572b2f9d,1697663691534700000
6a69421f-e399-4db8-897a-d8ef21b5e0a7,707b6ccf-c9d9-4c1d-97f4-516b572b2f9d,1697663691567244444
6a69421f-e399-4db8-897a-d8ef21b5e0a7,707b6ccf-c9d9-4c1d-97f4-516b572b2f9d,1697663691616788888
6a69421f-e399-4db8-897a-d8ef21b5e0a7,707b6ccf-c9d9-4c1d-97f4-516b572b2f9d,1697663691629544444
6a69421f-e399-4db8-897a-d8ef21b5e0a7,707b6ccf-c9d9-4c1d-97f4-516b572b2f9d,1697663691676022222
6a69421f-e399-4db8-897a-d8ef21b5e0a7,707b6ccf-c9d9-4c1d-97f4-516b572b2f9d,1697663691706555555
6a69421f-e399-4db8-897a-d8ef21b5e0a7,707b6ccf-c9d9-4c1d-97f4-516b572b2f9d,1697663691739555555
6a69421f-e399-4db8-897a-d8ef21b5e0a7,707b6ccf-c9d9-4c1d-97f4-516b572b2f9d,1697663691778544444
6a69421f-e399-4db8-897a-d8ef21b5e0a7,707b6ccf-c9d9-4c1d-97f4-516b572b2f9d,1697663691811222222
6a69421f-e399-4db8-897a-d8ef21b5e0a7,707b6ccf-c9d9-4c1d-97f4-516b572b2f9d,1697663691840144444
6a69421f-e399-4db8-897a-d8ef21b5e0a7,707b6ccf-c9d9-4c1d-97f4-516b572b2f9d,1697663691874611111
6a69421f-e399-4db8-897a-d8ef21b5e0a7,707b6ccf-c9d9-4c1d-97f4-516b572b2f9d,1697663691906111111
6a69421f-e399-4db8-897a-d8ef21b5e0a7,707b6ccf-c9d9-4c1d-97f4-516b572b2f9d,1697663691940377777
6a69421f-e399-4db8-897a-d8ef21b5e0a7,707b6ccf-c9d9-4c1d-97f4-516b572b2f9d,1697663691977444444
6a69421f-e399-4db8-897a-d8ef21b5e0a7,707b6ccf-c9d9-4c1d-97f4-516b572b2f9d,1697663692010744444
6a69421f-e399-4db8-897a-d8ef21b5e0a7,707b6ccf-c9d9-4c1d-97f4-516b572b2f9d,1697663692040111111
6a69421f-e399-4db8-897a-d8ef21b5e0a7,707b6ccf-c9d9-4c1d-97f4-516b572b2f9d,1697663692078111111
6a69421f-e399-4db8-897a-d8ef21b5e0a7,707b6ccf-c9d9-4c1d-97f4-516b572b2f9d,1697663692109211111
6a69421f-e399-4db8-897a-d8ef21b5e0a7,707b6ccf-c9d9-4c1d-97f4-516b572b2f9d,1697663692133166666
6a69421f-e399-4db8-897a-d8ef21b5e0a7,707b6ccf-c9d9-4c1d-97f4-516b572b2f9d,1697663692173888888
6a69421f-e399-4db8-897a-d8ef21b5e0a7,707b6ccf-c9d9-4c1d-97f4-516b572b2f9d,1697663692213477777
6a69421f-e399-4db8-897a-d8ef21b5e0a7,707b6ccf-c9d9-4c1d-97f4-516b572b2f9d,1697663692231600000
6a69421f-e399-4db8-897a-d8ef21b5e0a7,707b6ccf-c9d9-4c1d-97f4-516b572b2f9d,1697663692265311111
6a69421f-e399-4db8-897a-d8ef21b5e0a7,707b6ccf-c9d9-4c1d-97f4-516b572b2f9d,1697663692308966666
6a69421f-e399-4db8-897a-d8ef21b5e0a7,707b6ccf-c9d9-4c1d-97f4-516b572b2f9d,1697663692338233333
6a69421f-e399-4db8-897a-d8ef21b5e0a7,707b6ccf-c9d9-4c1d-97f4-516b572b2f9d,1697663692378722222
6a69421f-e399-4db8-897a-d8ef21b5e0a7,707b6ccf-c9d9-4c1d-97f4-516b572b2f9d,1697663692409422222
6a69421f-e399-4db8-897a-d8ef21b5e0a7,707b6ccf-c9d9-4c1d-97f4-516b572b2f9d,1697663692437955555
6a69421f-e399-4db8-897a-d8ef21b5e0a7,707b6ccf-c9d9-4c1d-97f4-516b572b2f9d,1697663692480622222
6a69421f-e399-4db8-897a-d8ef21b5e0a7,707b6ccf-c9d9-4c1d-97f4-516b572b2f9d,1697663692509411111
6a69421f-e399-4db8-897a-d8ef21b5e0a7,707b6ccf-c9d9-4c1d-97f4-516b572b2f9d,1697663692541288888
6a69421f-e399-4db8-897a-d8ef21b5e0a7,707b6ccf-c9d9-4c1d-97f4-516b572b2f9d,1697663692578422222
6a69421f-e399-4db8-897a-d8ef21b5e0a7,707b6ccf-c9d9-4c1d-97f4-516b572b2f9d,1697663692607744444
6a69421f-e399-4db8-897a-d8ef21b5e0a7,707b6ccf-c9d9-4c1d-97f4-516b572b2f9d,1697663692637800000
6a69421f-e399-4db8-897a-d8ef21b5e0a7,707b6ccf-c9d9-4c1d-97f4-516b572b2f9d,1697663692677922222
6a69421f-e399-4db8-897a-d8ef21b5e0a7,707b6ccf-c9d9-4c1d-97f4-516b572b2f9d,1697663692705911111
6a69421f-e399-4db8-897a-d8ef21b5e0a7,707b6ccf-c9d9-4c1d-97f4-516b572b2f9d,1697663692740911111
6a69421f-e399-4db8-897a-d8ef21b5e0a7,707b6ccf-c9d9-4c1d-97f4-516b572b2f9d,1697663692788500000
6a69421f-e399-4db8-897a-d8ef21b5e0a7,707b6ccf-c9d9-4c1d-97f4-516b572b2f9d,1697663692801811111
6a69421f-e399-4db8-897a-d8ef21b5e0a7,707b6ccf-c9d9-4c1d-97f4-516b572b2f9d,1697663692833455555
6a69421f-e399-4db8-897a-d8ef21b5e0a7,707b6ccf-c9d9-4c1d-97f4-516b572b2f9d,1697663692867355555
6a69421f-e399-4db8-897a-d8ef21b5e0a7,707b6ccf-c9d9-4c1d-97f4-516b572b2f9d,1697663692900266666
6a69421f-e399-4db8-897a-d8ef21b5e0a7,707b6ccf-c9d9-4c1d-97f4-516b572b2f9d,1697663692929111111
6a69421f-e399-4db8-897a-d8ef21b5e0a7,707b6ccf-c9d9-4c1d-97f4-516b572b2f9d,1697663692979411111
6a69421f-e399-4db8-897a-d8ef21b5e0a7,707b6ccf-c9d9-4c1d-97f4-516b572b2f9d,1697663693008744444
6a69421f-e399-4db8-897a-d8ef21b5e0a7,707b6ccf-c9d9-4c1d-97f4-516b572b2f9d,1697663693038422222
6a69421f-e399-4db8-897a-d8ef21b5e0a7,707b6ccf-c9d9-4c1d-97f4-516b572b2f9d,1697663693078577777
6a69421f-e399-4db8-897a-d8ef21b5e0a7,707b6ccf-c9d9-4c1d-97f4-516b572b2f9d,1697663693108977777
6a69421f-e399-4db8-897a-d8ef21b5e0a7,707b6ccf-c9d9-4c1d-97f4-516b572b2f9d,1697663693139611111
6a69421f-e399-4db8-897a-d8ef21b5e0a7,707b6ccf-c9d9-4c1d-97f4-516b572b2f9d,1697663693174477777
6a69421f-e399-4db8-897a-d8ef21b5e0a7,707b6ccf-c9d9-4c1d-97f4-516b572b2f9d,1697663693207433333
6a69421f-e399-4db8-897a-d8ef21b5e0a7,707b6ccf-c9d9-4c1d-97f4-516b572b2f9d,1697663693246955555
6a69421f-e399-4db8-897a-d8ef21b5e0a7,707b6ccf-c9d9-4c1d-97f4-516b572b2f9d,1697663693274022222
6a69421f-e399-4db8-897a-d8ef21b5e0a7,707b6ccf-c9d9-4c1d-97f4-516b572b2f9d,1697663693305944444
6a69421f-e399-4db8-897a-d8ef21b5e0a7,707b6ccf-c9d9-4c1d-97f4-516b572b2f9d,1697663693339644444
6a69421f-e399-4db8-897a-d8ef21b5e0a7,707b6ccf-c9d9-4c1d-97f4-516b572b2f9d,1697663693375955555
6a69421f-e399-4db8-897a-d8ef21b5e0a7,707b6ccf-c9d9-4c1d-97f4-516b572b2f9d,1697663693405966666
6a69421f-e399-4db8-897a-d8ef21b5e0a7,707b6ccf-c9d9-4c1d-97f4-516b572b2f9d,1697663693442211111
6a69421f-e399-4db8-897a-d8ef21b5e0a7,707b6ccf-c9d9-4c1d-97f4-516b572b2f9d,1697663693469311111
6a69421f-e399-4db8-897a-d8ef21b5e0a7,707b6ccf-c9d9-4c1d-97f4-516b572b2f9d,1697663693500177777
6a69421f-e399-4db8-897a-d8ef21b5e0a7,707b6ccf-c9d9-4c1d-97f4-516b572b2f9d,1697663693533922222
6a69421f-e399-4db8-897a-d8ef21b5e0a7,707b6ccf-c9d9-4c1d-97f4-516b572b2f9d,1697663693580344444
6a69421f-e399-4db8-897a-d8ef21b5e0a7,707b6ccf-c9d9-4c1d-97f4-516b572b2f9d,1697663693597655555
6a69421f-e399-4db8-897a-d8ef21b5e0a7,707b6ccf-c9d9-4c1d-97f4-516b572b2f9d,1697663693639722222
6a69421f-e399-4db8-897a-d8ef21b5e0a7,707b6ccf-c9d9-4c1d-97f4-516b572b2f9d,1697663693674644444
6a69421f-e399-4db8-897a-d8ef21b5e0a7,707b6ccf-c9d9-4c1d-97f4-516b572b2f9d,1697663693707388888
6a69421f-e399-4db8-897a-d8ef21b5e0a7,707b6ccf-c9d9-4c1d-97f4-516b572b2f9d,1697663693739744444
6a69421f-e399-4db8-897a-d8ef21b5e0a7,707b6ccf-c9d9-4c1d-97f4-516b572b2f9d,1697663693776188888
6a69421f-e399-4db8-897a-d8ef21b5e0a7,707b6ccf-c9d9-4c1d-97f4-516b572b2f9d,1697663693805811111
6a69421f-e399-4db8-897a-d8ef21b5e0a7,707b6ccf-c9d9-4c1d-97f4-516b572b2f9d,1697663693843466666
6a69421f-e399-4db8-897a-d8ef21b5e0a7,707b6ccf-c9d9-4c1d-97f4-516b572b2f9d,1697663693876900000
6a69421f-e399-4db8-897a-d8ef21b5e0a7,707b6ccf-c9d9-4c1d-97f4-516b572b2f9d,1697663693905711111
6a69421f-e399-4db8-897a-d8ef21b5e0a7,707b6ccf-c9d9-4c1d-97f4-516b572b2f9d,1697663693940177777
6a69421f-e399-4db8-897a-d8ef21b5e0a7,707b6ccf-c9d9-4c1d-97f4-516b572b2f9d,1697663693978700000
6a69421f-e399-4db8-897a-d8ef21b5e0a7,707b6ccf-c9d9-4c1d-97f4-516b572b2f9d,1697663694008811111
6a69421f-e399-4db8-897a-d8ef21b5e0a7,707b6ccf-c9d9-4c1d-97f4-516b572b2f9d,1697663694042766666
6a69421f-e399-4db8-897a-d8ef21b5e0a7,707b6ccf-c9d9-4c1d-97f4-516b572b2f9d,1697663694067122222
6a69421f-e399-4db8-897a-d8ef21b5e0a7,707b6ccf-c9d9-4c1d-97f4-516b572b2f9d,1697663694106355555
6a69421f-e399-4db8-897a-d8ef21b5e0a7,707b6ccf-c9d9-4c1d-97f4-516b572b2f9d,1697663694141044444
6a69421f-e399-4db8-897a-d8ef21b5e0a7,707b6ccf-c9d9-4c1d-97f4-516b572b2f9d,1697663694169344444
6a69421f-e399-4db8-897a-d8ef21b5e0a7,707b6ccf-c9d9-4c1d-97f4-516b572b2f9d,1697663694198488888
6a69421f-e399-4db8-897a-d8ef21b5e0a7,707b6ccf-c9d9-4c1d-97f4-516b572b2f9d,1697663694234311111
6a69421f-e399-4db8-897a-d8ef21b5e0a7,707b6ccf-c9d9-4c1d-97f4-516b572b2f9d,1697663694266455555
6a69421f-e399-4db8-897a-d8ef21b5e0a7,707b6ccf-c9d9-4c1d-97f4-516b572b2f9d,1697663694309411111
6a69421f-e399-4db8-897a-d8ef21b5e0a7,707b6ccf-c9d9-4c1d-97f4-516b572b2f9d,1697663694338444444
6a69421f-e399-4db8-897a-d8ef21b5e0a7,707b6ccf-c9d9-4c1d-97f4-516b572b2f9d,1697663694375811111
6a69421f-e399-4db8-897a-d8ef21b5e0a7,707b6ccf-c9d9-4c1d-97f4-516b572b2f9d,1697663694406644444
6a69421f-e399-4db8-897a-d8ef21b5e0a7,707b6ccf-c9d9-4c1d-97f4-516b572b2f9d,1697663694440500000
6a69421f-e399-4db8-897a-d8ef21b5e0a7,707b6ccf-c9d9-4c1d-97f4-516b572b2f9d,1697663694465744444
6a69421f-e399-4db8-897a-d8ef21b5e0a7,707b6ccf-c9d9-4c1d-97f4-516b572b2f9d,1697663694513033333
6a69421f-e399-4db8-897a-d8ef21b5e0a7,707b6ccf-c9d9-4c1d-97f4-516b572b2f9d,1697663694543233333
6a69421f-e399-4db8-897a-d8ef21b5e0a7,707b6ccf-c9d9-4c1d-97f4-516b572b2f9d,1697663694563922222
6a69421f-e399-4db8-897a-d8ef21b5e0a7,707b6ccf-c9d9-4c1d-97f4-516b572b2f9d,1697663694612100000
6a69421f-e399-4db8-897a-d8ef21b5e0a7,707b6ccf-c9d9-4c1d-97f4-516b572b2f9d,1697663694639633333
6a69421f-e399-4db8-897a-d8ef21b5e0a7,707b6ccf-c9d9-4c1d-97f4-516b572b2f9d,1697663694670577777
6a69421f-e399-4db8-897a-d8ef21b5e0a7,707b6ccf-c9d9-4c1d-97f4-516b572b2f9d,1697663694710311111
6a69421f-e399-4db8-897a-d8ef21b5e0a7,707b6ccf-c9d9-4c1d-97f4-516b572b2f9d,1697663694745377777
6a69421f-e399-4db8-897a-d8ef21b5e0a7,707b6ccf-c9d9-4c1d-97f4-516b572b2f9d,1697663694777344444
6a69421f-e399-4db8-897a-d8ef21b5e0a7,707b6ccf-c9d9-4c1d-97f4-516b572b2f9d,1697663694801555555
6a69421f-e399-4db8-897a-d8ef21b5e0a7,707b6ccf-c9d9-4c1d-97f4-516b572b2f9d,1697663694835266666
6a69421f-e399-4db8-897a-d8ef21b5e0a7,707b6ccf-c9d9-4c1d-97f4-516b572b2f9d,1697663694864833333
6a69421f-e399-4db8-897a-d8ef21b5e0a7,707b6ccf-c9d9-4c1d-97f4-516b572b2f9d,1697663694902700000
6a69421f-e399-4db8-897a-d8ef21b5e0a7,707b6ccf-c9d9-4c1d-97f4-516b572b2f9d,1697663694931722222
6a69421f-e399-4db8-897a-d8ef21b5e0a7,707b6ccf-c9d9-4c1d-97f4-516b572b2f9d,1697663694974933333
6a69421f-e399-4db8-897a-d8ef21b5e0a7,707b6ccf-c9d9-4c1d-97f4-516b572b2f9d,1697663695009355555
6a69421f-e399-4db8-897a-d8ef21b5e0a7,707b6ccf-c9d9-4c1d-97f4-516b572b2f9d,1697663695040555555
6a69421f-e399-4db8-897a-d8ef21b5e0a7,707b6ccf-c9d9-4c1d-97f4-516b572b2f9d,1697663695064588888
6a69421f-e399-4db8-897a-d8ef21b5e0a7,707b6ccf-c9d9-4c1d-97f4-516b572b2f9d,1697663695110500000
6a69421f-e399-4db8-897a-d8ef21b5e0a7,707b6ccf-c9d9-4c1d-97f4-516b572b2f9d,1697663695139011111
6a69421f-e399-4db8-897a-d8ef21b5e0a7,707b6ccf-c9d9-4c1d-97f4-516b572b2f9d,1697663695175177777
6a69421f-e399-4db8-897a-d8ef21b5e0a7,707b6ccf-c9d9-4c1d-97f4-516b572b2f9d,1697663695210833333
6a69421f-e399-4db8-897a-d8ef21b5e0a7,707b6ccf-c9d9-4c1d-97f4-516b572b2f9d,1697663695241977777
6a69421f-e399-4db8-897a-d8ef21b5e0a7,707b6ccf-c9d9-4c1d-97f4-516b572b2f9d,1697663695264133333
6a69421f-e399-4db8-897a-d8ef21b5e0a7,707b6ccf-c9d9-4c1d-97f4-516b572b2f9d,1697663695309111111
6a69421f-e399-4db8-897a-d8ef21b5e0a7,707b6ccf-c9d9-4c1d-97f4-516b572b2f9d,1697663695342222222
6a69421f-e399-4db8-897a-d8ef21b5e0a7,707b6ccf-c9d9-4c1d-97f4-516b572b2f9d,1697663695363266666
6a69421f-e399-4db8-897a-d8ef21b5e0a7,707b6ccf-c9d9-4c1d-97f4-516b572b2f9d,1697663695409200000
6a69421f-e399-4db8-897a-d8ef21b5e0a7,707b6ccf-c9d9-4c1d-97f4-516b572b2f9d,1697663695441922222
6a69421f-e399-4db8-897a-d8ef21b5e0a7,707b6ccf-c9d9-4c1d-97f4-516b572b2f9d,1697663695468344444
6a69421f-e399-4db8-897a-d8ef21b5e0a7,707b6ccf-c9d9-4c1d-97f4-516b572b2f9d,1697663695506866666
6a69421f-e399-4db8-897a-d8ef21b5e0a7,707b6ccf-c9d9-4c1d-97f4-516b572b2f9d,1697663695536511111
6a69421f-e399-4db8-897a-d8ef21b5e0a7,707b6ccf-c9d9-4c1d-97f4-516b572b2f9d,1697663695570600000
6a69421f-e399-4db8-897a-d8ef21b5e0a7,707b6ccf-c9d9-4c1d-97f4-516b572b2f9d,1697663695598588888
6a69421f-e399-4db8-897a-d8ef21b5e0a7,707b6ccf-c9d9-4c1d-97f4-516b572b2f9d,1697663695632822222
6a69421f-e399-4db8-897a-d8ef21b5e0a7,707b6ccf-c9d9-4c1d-97f4-516b572b2f9d,1697663695660866666
6a69421f-e399-4db8-897a-d8ef21b5e0a7,707b6ccf-c9d9-4c1d-97f4-516b572b2f9d,1697663695710900000
6a69421f-e399-4db8-897a-d8ef21b5e0a7,707b6ccf-c9d9-4c1d-97f4-516b572b2f9d,1697663695741200000
6a69421f-e399-4db8-897a-d8ef21b5e0a7,707b6ccf-c9d9-4c1d-97f4-516b572b2f9d,1697663695763244444
6a69421f-e399-4db8-897a-d8ef21b5e0a7,707b6ccf-c9d9-4c1d-97f4-516b572b2f9d,1697663695807466666
6a69421f-e399-4db8-897a-d8ef21b5e0a7,707b6ccf-c9d9-4c1d-97f4-516b572b2f9d,1697663695839522222
6a69421f-e399-4db8-897a-d8ef21b5e0a7,707b6ccf-c9d9-4c1d-97f4-516b572b2f9d,1697663695870066666
6a69421f-e399-4db8-897a-d8ef21b5e0a7,707b6ccf-c9d9-4c1d-97f4-516b572b2f9d,1697663695912511111
6a69421f-e399-4db8-897a-d8ef21b5e0a7,707b6ccf-c9d9-4c1d-97f4-516b572b2f9d,1697663695938888888
6a69421f-e399-4db8-897a-d8ef21b5e0a7,707b6ccf-c9d9-4c1d-97f4-516b572b2f9d,1697663695969788888
6a69421f-e399-4db8-897a-d8ef21b5e0a7,707b6ccf-c9d9-4c1d-97f4-516b572b2f9d,1697663696004044444
6a69421f-e399-4db8-897a-d8ef21b5e0a7,707b6ccf-c9d9-4c1d-97f4-516b572b2f9d,1697663696042755555
6a69421f-e399-4db8-897a-d8ef21b5e0a7,707b6ccf-c9d9-4c1d-97f4-516b572b2f9d,1697663696061288888
6a69421f-e399-4db8-897a-d8ef21b5e0a7,707b6ccf-c9d9-4c1d-97f4-516b572b2f9d,1697663696108744444
6a69421f-e399-4db8-897a-d8ef21b5e0a7,707b6ccf-c9d9-4c1d-97f4-516b572b2f9d,1697663696148833333
6a69421f-e399-4db8-897a-d8ef21b5e0a7,707b6ccf-c9d9-4c1d-97f4-516b572b2f9d,1697663696168777777
6a69421f-e399-4db8-897a-d8ef21b5e0a7,707b6ccf-c9d9-4c1d-97f4-516b572b2f9d,1697663696213733333
6a69421f-e399-4db8-897a-d8ef21b5e0a7,707b6ccf-c9d9-4c1d-97f4-516b572b2f9d,1697663696230388888
6a69421f-e399-4db8-897a-d8ef21b5e0a7,707b6ccf-c9d9-4c1d-97f4-516b572b2f9d,1697663696280600000
6a69421f-e399-4db8-897a-d8ef21b5e0a7,707b6ccf-c9d9-4c1d-97f4-516b572b2f9d,1697663696306800000
6a69421f-e399-4db8-897a-d8ef21b5e0a7,707b6ccf-c9d9-4c1d-97f4-516b572b2f9d,1697663696331233333
6a69421f-e399-4db8-897a-d8ef21b5e0a7,707b6ccf-c9d9-4c1d-97f4-516b572b2f9d,1697663696368922222
6a69421f-e399-4db8-897a-d8ef21b5e0a7,707b6ccf-c9d9-4c1d-97f4-516b572b2f9d,1697663696407700000
6a69421f-e399-4db8-897a-d8ef21b5e0a7,707b6ccf-c9d9-4c1d-97f4-516b572b2f9d,1697663696442944444
6a69421f-e399-4db8-897a-d8ef21b5e0a7,707b6ccf-c9d9-4c1d-97f4-516b572b2f9d,1697663696462122222
6a69421f-e399-4db8-897a-d8ef21b5e0a7,707b6ccf-c9d9-4c1d-97f4-516b572b2f9d,1697663696508577777
6a69421f-e399-4db8-897a-d8ef21b5e0a7,707b6ccf-c9d9-4c1d-97f4-516b572b2f9d,1697663696537766666
6a69421f-e399-4db8-897a-d8ef21b5e0a7,707b6ccf-c9d9-4c1d-97f4-516b572b2f9d,1697663696574844444
6a69421f-e399-4db8-897a-d8ef21b5e0a7,707b6ccf-c9d9-4c1d-97f4-516b572b2f9d,1697663696606277777
6a69421f-e399-4db8-897a-d8ef21b5e0a7,707b6ccf-c9d9-4c1d-97f4-516b572b2f9d,1697663696638544444
6a69421f-e399-4db8-897a-d8ef21b5e0a7,707b6ccf-c9d9-4c1d-97f4-516b572b2f9d,1697663696673322222
6a69421f-e399-4db8-897a-d8ef21b5e0a7,707b6ccf-c9d9-4c1d-97f4-516b572b2f9d,1697663696708811111
6a69421f-e399-4db8-897a-d8ef21b5e0a7,707b6ccf-c9d9-4c1d-97f4-516b572b2f9d,1697663696742233333
6a69421f-e399-4db8-897a-d8ef21b5e0a7,707b6ccf-c9d9-4c1d-97f4-516b572b2f9d,1697663696771377777
6a69421f-e399-4db8-897a-d8ef21b5e0a7,707b6ccf-c9d9-4c1d-97f4-516b572b2f9d,1697663696808000000
6a69421f-e399-4db8-897a-d8ef21b5e0a7,707b6ccf-c9d9-4c1d-97f4-516b572b2f9d,1697663696846900000
6a69421f-e399-4db8-897a-d8ef21b5e0a7,707b6ccf-c9d9-4c1d-97f4-516b572b2f9d,1697663696864755555
6a69421f-e399-4db8-897a-d8ef21b5e0a7,707b6ccf-c9d9-4c1d-97f4-516b572b2f9d,1697663696897677777
6a69421f-e399-4db8-897a-d8ef21b5e0a7,707b6ccf-c9d9-4c1d-97f4-516b572b2f9d,1697663696934033333
6a69421f-e399-4db8-897a-d8ef21b5e0a7,707b6ccf-c9d9-4c1d-97f4-516b572b2f9d,1697663696978611111
6a69421f-e399-4db8-897a-d8ef21b5e0a7,707b6ccf-c9d9-4c1d-97f4-516b572b2f9d,1697663696998411111
6a69421f-e399-4db8-897a-d8ef21b5e0a7,707b6ccf-c9d9-4c1d-97f4-516b572b2f9d,1697663697039744444
6a69421f-e399-4db8-897a-d8ef21b5e0a7,707b6ccf-c9d9-4c1d-97f4-516b572b2f9d,1697663697068900000
6a69421f-e399-4db8-897a-d8ef21b5e0a7,707b6ccf-c9d9-4c1d-97f4-516b572b2f9d,1697663697108488888
6a69421f-e399-4db8-897a-d8ef21b5e0a7,707b6ccf-c9d9-4c1d-97f4-516b572b2f9d,1697663697140944444
6a69421f-e399-4db8-897a-d8ef21b5e0a7,707b6ccf-c9d9-4c1d-97f4-516b572b2f9d,1697663697169900000
6a69421f-e399-4db8-897a-d8ef21b5e0a7,707b6ccf-c9d9-4c1d-97f4-516b572b2f9d,1697663697204344444
6a69421f-e399-4db8-897a-d8ef21b5e0a7,707b6ccf-c9d9-4c1d-97f4-516b572b2f9d,1697663697238911111
6a69421f-e399-4db8-897a-d8ef21b5e0a7,707b6ccf-c9d9-4c1d-97f4-516b572b2f9d,1697663697269622222
6a69421f-e399-4db8-897a-d8ef21b5e0a7,707b6ccf-c9d9-4c1d-97f4-516b572b2f9d,1697663697308388888
6a69421f-e399-4db8-897a-d8ef21b5e0a7,707b6ccf-c9d9-4c1d-97f4-516b572b2f9d,1697663697341766666
6a69421f-e399-4db8-897a-d8ef21b5e0a7,707b6ccf-c9d9-4c1d-97f4-516b572b2f9d,1697663697371633333
6a69421f-e399-4db8-897a-d8ef21b5e0a7,707b6ccf-c9d9-4c1d-97f4-516b572b2f9d,1697663697410088888
6a69421f-e399-4db8-897a-d8ef21b5e0a7,707b6ccf-c9d9-4c1d-97f4-516b572b2f9d,1697663697431155555
6a69421f-e399-4db8-897a-d8ef21b5e0a7,707b6ccf-c9d9-4c1d-97f4-516b572b2f9d,1697663697471177777
6a69421f-e399-4db8-897a-d8ef21b5e0a7,707b6ccf-c9d9-4c1d-97f4-516b572b2f9d,1697663697514422222
6a69421f-e399-4db8-897a-d8ef21b5e0a7,707b6ccf-c9d9-4c1d-97f4-516b572b2f9d,1697663697532888888
6a69421f-e399-4db8-897a-d8ef21b5e0a7,707b6ccf-c9d9-4c1d-97f4-516b572b2f9d,1697663697583188888
6a69421f-e399-4db8-897a-d8ef21b5e0a7,707b6ccf-c9d9-4c1d-97f4-516b572b2f9d,1697663697602544444
6a69421f-e399-4db8-897a-d8ef21b5e0a7,707b6ccf-c9d9-4c1d-97f4-516b572b2f9d,1697663697642677777
6a69421f-e399-4db8-897a-d8ef21b5e0a7,707b6ccf-c9d9-4c1d-97f4-516b572b2f9d,1697663697665800000
6a69421f-e399-4db8-897a-d8ef21b5e0a7,707b6ccf-c9d9-4c1d-97f4-516b572b2f9d,1697663697705611111
6a69421f-e399-4db8-897a-d8ef21b5e0a7,707b6ccf-c9d9-4c1d-97f4-516b572b2f9d,1697663697739755555
6a69421f-e399-4db8-897a-d8ef21b5e0a7,707b6ccf-c9d9-4c1d-97f4-516b572b2f9d,1697663697780677777
6a69421f-e399-4db8-897a-d8ef21b5e0a7,707b6ccf-c9d9-4c1d-97f4-516b572b2f9d,1697663697798977777
6a69421f-e399-4db8-897a-d8ef21b5e0a7,707b6ccf-c9d9-4c1d-97f4-516b572b2f9d,1697663697839966666
6a69421f-e399-4db8-897a-d8ef21b5e0a7,707b6ccf-c9d9-4c1d-97f4-516b572b2f9d,1697663697871200000
6a69421f-e399-4db8-897a-d8ef21b5e0a7,707b6ccf-c9d9-4c1d-97f4-516b572b2f9d,1697663697906244444
6a69421f-e399-4db8-897a-d8ef21b5e0a7,707b6ccf-c9d9-4c1d-97f4-516b572b2f9d,1697663697938922222
6a69421f-e399-4db8-897a-d8ef21b5e0a7,707b6ccf-c9d9-4c1d-97f4-516b572b2f9d,1697663697973055555
6a69421f-e399-4db8-897a-d8ef21b5e0a7,707b6ccf-c9d9-4c1d-97f4-516b572b2f9d,1697663698007811111
6a69421f-e399-4db8-897a-d8ef21b5e0a7,707b6ccf-c9d9-4c1d-97f4-516b572b2f9d,1697663698045100000
6a69421f-e399-4db8-897a-d8ef21b5e0a7,707b6ccf-c9d9-4c1d-97f4-516b572b2f9d,1697663698072122222
6a69421f-e399-4db8-897a-d8ef21b5e0a7,707b6ccf-c9d9-4c1d-97f4-516b572b2f9d,1697663698101600000
6a69421f-e399-4db8-897a-d8ef21b5e0a7,707b6ccf-c9d9-4c1d-97f4-516b572b2f9d,1697663698141244444
6a69421f-e399-4db8-897a-d8ef21b5e0a7,707b6ccf-c9d9-4c1d-97f4-516b572b2f9d,1697663698166988888
6a69421f-e399-4db8-897a-d8ef21b5e0a7,707b6ccf-c9d9-4c1d-97f4-516b572b2f9d,1697663698200100000
6a69421f-e399-4db8-897a-d8ef21b5e0a7,707b6ccf-c9d9-4c1d-97f4-516b572b2f9d,1697663698243111111
6a69421f-e399-4db8-897a-d8ef21b5e0a7,707b6ccf-c9d9-4c1d-97f4-516b572b2f9d,1697663698262700000
6a69421f-e399-4db8-897a-d8ef21b5e0a7,707b6ccf-c9d9-4c1d-97f4-516b572b2f9d,1697663698308222222
6a69421f-e399-4db8-897a-d8ef21b5e0a7,707b6ccf-c9d9-4c1d-97f4-516b572b2f9d,1697663698330111111
6a69421f-e399-4db8-897a-d8ef21b5e0a7,707b6ccf-c9d9-4c1d-97f4-516b572b2f9d,1697663698369977777
6a69421f-e399-4db8-897a-d8ef21b5e0a7,707b6ccf-c9d9-4c1d-97f4-516b572b2f9d,1697663698401511111
6a69421f-e399-4db8-897a-d8ef21b5e0a7,707b6ccf-c9d9-4c1d-97f4-516b572b2f9d,1697663698442466666
6a69421f-e399-4db8-897a-d8ef21b5e0a7,707b6ccf-c9d9-4c1d-97f4-516b572b2f9d,1697663698463233333
6a69421f-e399-4db8-897a-d8ef21b5e0a7,707b6ccf-c9d9-4c1d-97f4-516b572b2f9d,1697663698505366666
6a69421f-e399-4db8-897a-d8ef21b5e0a7,707b6ccf-c9d9-4c1d-97f4-516b572b2f9d,1697663698539233333
6a69421f-e399-4db8-897a-d8ef21b5e0a7,707b6ccf-c9d9-4c1d-97f4-516b572b2f9d,1697663698571422222
6a69421f-e399-4db8-897a-d8ef21b5e0a7,707b6ccf-c9d9-4c1d-97f4-516b572b2f9d,1697663698603044444
6a69421f-e399-4db8-897a-d8ef21b5e0a7,707b6ccf-c9d9-4c1d-97f4-516b572b2f9d,1697663698639733333
6a69421f-e399-4db8-897a-d8ef21b5e0a7,707b6ccf-c9d9-4c1d-97f4-516b572b2f9d,1697663698673066666
6a69421f-e399-4db8-897a-d8ef21b5e0a7,707b6ccf-c9d9-4c1d-97f4-516b572b2f9d,1697663698703233333
6a69421f-e399-4db8-897a-d8ef21b5e0a7,707b6ccf-c9d9-4c1d-97f4-516b572b2f9d,1697663698738666666
6a69421f-e399-4db8-897a-d8ef21b5e0a7,707b6ccf-c9d9-4c1d-97f4-516b572b2f9d,1697663698772211111
6a69421f-e399-4db8-897a-d8ef21b5e0a7,707b6ccf-c9d9-4c1d-97f4-516b572b2f9d,1697663698802100000
6a69421f-e399-4db8-897a-d8ef21b5e0a7,707b6ccf-c9d9-4c1d-97f4-516b572b2f9d,1697663698853733333
6a69421f-e399-4db8-897a-d8ef21b5e0a7,707b6ccf-c9d9-4c1d-97f4-516b572b2f9d,1697663698875433333
6a69421f-e399-4db8-897a-d8ef21b5e0a7,707b6ccf-c9d9-4c1d-97f4-516b572b2f9d,1697663698894977777
6a69421f-e399-4db8-897a-d8ef21b5e0a7,707b6ccf-c9d9-4c1d-97f4-516b572b2f9d,1697663698943188888
6a69421f-e399-4db8-897a-d8ef21b5e0a7,707b6ccf-c9d9-4c1d-97f4-516b572b2f9d,1697663698963633333
6a69421f-e399-4db8-897a-d8ef21b5e0a7,707b6ccf-c9d9-4c1d-97f4-516b572b2f9d,1697663699002466666
6a69421f-e399-4db8-897a-d8ef21b5e0a7,707b6ccf-c9d9-4c1d-97f4-516b572b2f9d,1697663699038722222
6a69421f-e399-4db8-897a-d8ef21b5e0a7,707b6ccf-c9d9-4c1d-97f4-516b572b2f9d,1697663699070033333
6a69421f-e399-4db8-897a-d8ef21b5e0a7,707b6ccf-c9d9-4c1d-97f4-516b572b2f9d,1697663699103477777
6a69421f-e399-4db8-897a-d8ef21b5e0a7,707b6ccf-c9d9-4c1d-97f4-516b572b2f9d,1697663699140455555
6a69421f-e399-4db8-897a-d8ef21b5e0a7,707b6ccf-c9d9-4c1d-97f4-516b572b2f9d,1697663699171633333
6a69421f-e399-4db8-897a-d8ef21b5e0a7,707b6ccf-c9d9-4c1d-97f4-516b572b2f9d,1697663699202266666
6a69421f-e399-4db8-897a-d8ef21b5e0a7,707b6ccf-c9d9-4c1d-97f4-516b572b2f9d,1697663699238877777
6a69421f-e399-4db8-897a-d8ef21b5e0a7,707b6ccf-c9d9-4c1d-97f4-516b572b2f9d,1697663699270011111
6a69421f-e399-4db8-897a-d8ef21b5e0a7,707b6ccf-c9d9-4c1d-97f4-516b572b2f9d,1697663699301411111
6a69421f-e399-4db8-897a-d8ef21b5e0a7,707b6ccf-c9d9-4c1d-97f4-516b572b2f9d,1697663699343311111
6a69421f-e399-4db8-897a-d8ef21b5e0a7,707b6ccf-c9d9-4c1d-97f4-516b572b2f9d,1697663699370711111
6a69421f-e399-4db8-897a-d8ef21b5e0a7,707b6ccf-c9d9-4c1d-97f4-516b572b2f9d,1697663699401355555
6a69421f-e399-4db8-897a-d8ef21b5e0a7,707b6ccf-c9d9-4c1d-97f4-516b572b2f9d,1697663699440555555
6a69421f-e399-4db8-897a-d8ef21b5e0a7,707b6ccf-c9d9-4c1d-97f4-516b572b2f9d,1697663699471455555
6a69421f-e399-4db8-897a-d8ef21b5e0a7,707b6ccf-c9d9-4c1d-97f4-516b572b2f9d,1697663699505822222
6a69421f-e399-4db8-897a-d8ef21b5e0a7,707b6ccf-c9d9-4c1d-97f4-516b572b2f9d,1697663699538566666
6a69421f-e399-4db8-897a-d8ef21b5e0a7,707b6ccf-c9d9-4c1d-97f4-516b572b2f9d,1697663699562700000
6a69421f-e399-4db8-897a-d8ef21b5e0a7,707b6ccf-c9d9-4c1d-97f4-516b572b2f9d,1697663699595000000
6a69421f-e399-4db8-897a-d8ef21b5e0a7,707b6ccf-c9d9-4c1d-97f4-516b572b2f9d,1697663699634011111
6a69421f-e399-4db8-897a-d8ef21b5e0a7,707b6ccf-c9d9-4c1d-97f4-516b572b2f9d,1697663699660988888
6a69421f-e399-4db8-897a-d8ef21b5e0a7,707b6ccf-c9d9-4c1d-97f4-516b572b2f9d,1697663699705288888
6a69421f-e399-4db8-897a-d8ef21b5e0a7,707b6ccf-c9d9-4c1d-97f4-516b572b2f9d,1697663699738622222
6a69421f-e399-4db8-897a-d8ef21b5e0a7,707b6ccf-c9d9-4c1d-97f4-516b572b2f9d,1697663699770988888
6a69421f-e399-4db8-897a-d8ef21b5e0a7,707b6ccf-c9d9-4c1d-97f4-516b572b2f9d,1697663699802055555
6a69421f-e399-4db8-897a-d8ef21b5e0a7,707b6ccf-c9d9-4c1d-97f4-516b572b2f9d,1697663699843722222
6a69421f-e399-4db8-897a-d8ef21b5e0a7,707b6ccf-c9d9-4c1d-97f4-516b572b2f9d,1697663699869700000
6a69421f-e399-4db8-897a-d8ef21b5e0a7,707b6ccf-c9d9-4c1d-97f4-516b572b2f9d,1697663699902755555
6a69421f-e399-4db8-897a-d8ef21b5e0a7,707b6ccf-c9d9-4c1d-97f4-516b572b2f9d,1697663699940622222
6a69421f-e399-4db8-897a-d8ef21b5e0a7,707b6ccf-c9d9-4c1d-97f4-516b572b2f9d,1697663699971766666
6a69421f-e399-4db8-897a-d8ef21b5e0a7,707b6ccf-c9d9-4c1d-97f4-516b572b2f9d,1697663700002511111
6a69421f-e399-4db8-897a-d8ef21b5e0a7,707b6ccf-c9d9-4c1d-97f4-516b572b2f9d,1697663700039988888
6a69421f-e399-4db8-897a-d8ef21b5e0a7,707b6ccf-c9d9-4c1d-97f4-516b572b2f9d,1697663700069966666
6a69421f-e399-4db8-897a-d8ef21b5e0a7,707b6ccf-c9d9-4c1d-97f4-516b572b2f9d,1697663700100366666
6a69421f-e399-4db8-897a-d8ef21b5e0a7,707b6ccf-c9d9-4c1d-97f4-516b572b2f9d,1697663700138022222
6a69421f-e399-4db8-897a-d8ef21b5e0a7,707b6ccf-c9d9-4c1d-97f4-516b572b2f9d,1697663700175166666
6a69421f-e399-4db8-897a-d8ef21b5e0a7,707b6ccf-c9d9-4c1d-97f4-516b572b2f9d,1697663700215322222
6a69421f-e399-4db8-897a-d8ef21b5e0a7,707b6ccf-c9d9-4c1d-97f4-516b572b2f9d,1697663700233688888
6a69421f-e399-4db8-897a-d8ef21b5e0a7,707b6ccf-c9d9-4c1d-97f4-516b572b2f9d,1697663700268788888
6a69421f-e399-4db8-897a-d8ef21b5e0a7,707b6ccf-c9d9-4c1d-97f4-516b572b2f9d,1697663700295411111
6a69421f-e399-4db8-897a-d8ef21b5e0a7,707b6ccf-c9d9-4c1d-97f4-516b572b2f9d,1697663700331077777
6a69421f-e399-4db8-897a-d8ef21b5e0a7,707b6ccf-c9d9-4c1d-97f4-516b572b2f9d,1697663700369588888
6a69421f-e399-4db8-897a-d8ef21b5e0a7,707b6ccf-c9d9-4c1d-97f4-516b572b2f9d,1697663700404011111
6a69421f-e399-4db8-897a-d8ef21b5e0a7,707b6ccf-c9d9-4c1d-97f4-516b572b2f9d,1697663700440888888
6a69421f-e399-4db8-897a-d8ef21b5e0a7,707b6ccf-c9d9-4c1d-97f4-516b572b2f9d,1697663700464100000
6a69421f-e399-4db8-897a-d8ef21b5e0a7,707b6ccf-c9d9-4c1d-97f4-516b572b2f9d,1697663700502588888
6a69421f-e399-4db8-897a-d8ef21b5e0a7,707b6ccf-c9d9-4c1d-97f4-516b572b2f9d,1697663700538444444
6a69421f-e399-4db8-897a-d8ef21b5e0a7,707b6ccf-c9d9-4c1d-97f4-516b572b2f9d,1697663700572022222
6a69421f-e399-4db8-897a-d8ef21b5e0a7,707b6ccf-c9d9-4c1d-97f4-516b572b2f9d,1697663700604266666
6a69421f-e399-4db8-897a-d8ef21b5e0a7,707b6ccf-c9d9-4c1d-97f4-516b572b2f9d,1697663700641600000
6a69421f-e399-4db8-897a-d8ef21b5e0a7,707b6ccf-c9d9-4c1d-97f4-516b572b2f9d,1697663700661188888
6a69421f-e399-4db8-897a-d8ef21b5e0a7,707b6ccf-c9d9-4c1d-97f4-516b572b2f9d,1697663700709688888
6a69421f-e399-4db8-897a-d8ef21b5e0a7,707b6ccf-c9d9-4c1d-97f4-516b572b2f9d,1697663700737977777
6a69421f-e399-4db8-897a-d8ef21b5e0a7,707b6ccf-c9d9-4c1d-97f4-516b572b2f9d,1697663700771533333
6a69421f-e399-4db8-897a-d8ef21b5e0a7,707b6ccf-c9d9-4c1d-97f4-516b572b2f9d,1697663700806955555
6a69421f-e399-4db8-897a-d8ef21b5e0a7,707b6ccf-c9d9-4c1d-97f4-516b572b2f9d,1697663700836400000
6a69421f-e399-4db8-897a-d8ef21b5e0a7,707b6ccf-c9d9-4c1d-97f4-516b572b2f9d,1697663700883733333
6a69421f-e399-4db8-897a-d8ef21b5e0a7,707b6ccf-c9d9-4c1d-97f4-516b572b2f9d,1697663700895444444
6a69421f-e399-4db8-897a-d8ef21b5e0a7,707b6ccf-c9d9-4c1d-97f4-516b572b2f9d,1697663700932500000
6a69421f-e399-4db8-897a-d8ef21b5e0a7,707b6ccf-c9d9-4c1d-97f4-516b572b2f9d,1697663700962711111
6a69421f-e399-4db8-897a-d8ef21b5e0a7,707b6ccf-c9d9-4c1d-97f4-516b572b2f9d,1697663701009833333
6a69421f-e399-4db8-897a-d8ef21b5e0a7,707b6ccf-c9d9-4c1d-97f4-516b572b2f9d,1697663701033055555
6a69421f-e399-4db8-897a-d8ef21b5e0a7,707b6ccf-c9d9-4c1d-97f4-516b572b2f9d,1697663701080544444
6a69421f-e399-4db8-897a-d8ef21b5e0a7,707b6ccf-c9d9-4c1d-97f4-516b572b2f9d,1697663701102855555
6a69421f-e399-4db8-897a-d8ef21b5e0a7,707b6ccf-c9d9-4c1d-97f4-516b572b2f9d,1697663701135766666
6a69421f-e399-4db8-897a-d8ef21b5e0a7,707b6ccf-c9d9-4c1d-97f4-516b572b2f9d,1697663701170655555
6a69421f-e399-4db8-897a-d8ef21b5e0a7,707b6ccf-c9d9-4c1d-97f4-516b572b2f9d,1697663701202422222
6a69421f-e399-4db8-897a-d8ef21b5e0a7,707b6ccf-c9d9-4c1d-97f4-516b572b2f9d,1697663701235100000
6a69421f-e399-4db8-897a-d8ef21b5e0a7,707b6ccf-c9d9-4c1d-97f4-516b572b2f9d,1697663701269733333
6a69421f-e399-4db8-897a-d8ef21b5e0a7,707b6ccf-c9d9-4c1d-97f4-516b572b2f9d,1697663701302622222
6a69421f-e399-4db8-897a-d8ef21b5e0a7,707b6ccf-c9d9-4c1d-97f4-516b572b2f9d,1697663701334133333
6a69421f-e399-4db8-897a-d8ef21b5e0a7,707b6ccf-c9d9-4c1d-97f4-516b572b2f9d,1697663701369600000
6a69421f-e399-4db8-897a-d8ef21b5e0a7,707b6ccf-c9d9-4c1d-97f4-516b572b2f9d,1697663701405622222
6a69421f-e399-4db8-897a-d8ef21b5e0a7,707b6ccf-c9d9-4c1d-97f4-516b572b2f9d,1697663701434577777
6a69421f-e399-4db8-897a-d8ef21b5e0a7,707b6ccf-c9d9-4c1d-97f4-516b572b2f9d,1697663701470433333
6a69421f-e399-4db8-897a-d8ef21b5e0a7,707b6ccf-c9d9-4c1d-97f4-516b572b2f9d,1697663701501211111
6a69421f-e399-4db8-897a-d8ef21b5e0a7,707b6ccf-c9d9-4c1d-97f4-516b572b2f9d,1697663701540244444
6a69421f-e399-4db8-897a-d8ef21b5e0a7,707b6ccf-c9d9-4c1d-97f4-516b572b2f9d,1697663701564022222
6a69421f-e399-4db8-897a-d8ef21b5e0a7,707b6ccf-c9d9-4c1d-97f4-516b572b2f9d,1697663701605866666
6a69421f-e399-4db8-897a-d8ef21b5e0a7,707b6ccf-c9d9-4c1d-97f4-516b572b2f9d,1697663701633400000
6a69421f-e399-4db8-897a-d8ef21b5e0a7,707b6ccf-c9d9-4c1d-97f4-516b572b2f9d,1697663701660411111
6a69421f-e399-4db8-897a-d8ef21b5e0a7,707b6ccf-c9d9-4c1d-97f4-516b572b2f9d,1697663701703555555
6a69421f-e399-4db8-897a-d8ef21b5e0a7,707b6ccf-c9d9-4c1d-97f4-516b572b2f9d,1697663701734122222
6a69421f-e399-4db8-897a-d8ef21b5e0a7,707b6ccf-c9d9-4c1d-97f4-516b572b2f9d,1697663701770300000
6a69421f-e399-4db8-897a-d8ef21b5e0a7,707b6ccf-c9d9-4c1d-97f4-516b572b2f9d,1697663701802100000
6a69421f-e399-4db8-897a-d8ef21b5e0a7,707b6ccf-c9d9-4c1d-97f4-516b572b2f9d,1697663701835922222
6a69421f-e399-4db8-897a-d8ef21b5e0a7,707b6ccf-c9d9-4c1d-97f4-516b572b2f9d,1697663701873288888
6a69421f-e399-4db8-897a-d8ef21b5e0a7,707b6ccf-c9d9-4c1d-97f4-516b572b2f9d,1697663701903066666
6a69421f-e399-4db8-897a-d8ef21b5e0a7,707b6ccf-c9d9-4c1d-97f4-516b572b2f9d,1697663701936355555
6a69421f-e399-4db8-897a-d8ef21b5e0a7,707b6ccf-c9d9-4c1d-97f4-516b572b2f9d,1697663701969866666
6a69421f-e399-4db8-897a-d8ef21b5e0a7,707b6ccf-c9d9-4c1d-97f4-516b572b2f9d,1697663702003322222
6a69421f-e399-4db8-897a-d8ef21b5e0a7,707b6ccf-c9d9-4c1d-97f4-516b572b2f9d,1697663702032366666
6a69421f-e399-4db8-897a-d8ef21b5e0a7,707b6ccf-c9d9-4c1d-97f4-516b572b2f9d,1697663702077055555
6a69421f-e399-4db8-897a-d8ef21b5e0a7,707b6ccf-c9d9-4c1d-97f4-516b572b2f9d,1697663702100833333
6a69421f-e399-4db8-897a-d8ef21b5e0a7,707b6ccf-c9d9-4c1d-97f4-516b572b2f9d,1697663702135033333
6a69421f-e399-4db8-897a-d8ef21b5e0a7,707b6ccf-c9d9-4c1d-97f4-516b572b2f9d,1697663702177411111
6a69421f-e399-4db8-897a-d8ef21b5e0a7,707b6ccf-c9d9-4c1d-97f4-516b572b2f9d,1697663702197677777
6a69421f-e399-4db8-897a-d8ef21b5e0a7,707b6ccf-c9d9-4c1d-97f4-516b572b2f9d,1697663702224988888
6a69421f-e399-4db8-897a-d8ef21b5e0a7,707b6ccf-c9d9-4c1d-97f4-516b572b2f9d,1697663702262100000
6a69421f-e399-4db8-897a-d8ef21b5e0a7,707b6ccf-c9d9-4c1d-97f4-516b572b2f9d,1697663702311633333
6a69421f-e399-4db8-897a-d8ef21b5e0a7,707b6ccf-c9d9-4c1d-97f4-516b572b2f9d,1697663702325100000
6a69421f-e399-4db8-897a-d8ef21b5e0a7,707b6ccf-c9d9-4c1d-97f4-516b572b2f9d,1697663702374866666
6a69421f-e399-4db8-897a-d8ef21b5e0a7,707b6ccf-c9d9-4c1d-97f4-516b572b2f9d,1697663702406544444
6a69421f-e399-4db8-897a-d8ef21b5e0a7,707b6ccf-c9d9-4c1d-97f4-516b572b2f9d,1697663702436922222
6a69421f-e399-4db8-897a-d8ef21b5e0a7,707b6ccf-c9d9-4c1d-97f4-516b572b2f9d,1697663702471966666
6a69421f-e399-4db8-897a-d8ef21b5e0a7,707b6ccf-c9d9-4c1d-97f4-516b572b2f9d,1697663702502722222
6a69421f-e399-4db8-897a-d8ef21b5e0a7,707b6ccf-c9d9-4c1d-97f4-516b572b2f9d,1697663702537133333
6a69421f-e399-4db8-897a-d8ef21b5e0a7,707b6ccf-c9d9-4c1d-97f4-516b572b2f9d,1697663702572122222
6a69421f-e399-4db8-897a-d8ef21b5e0a7,707b6ccf-c9d9-4c1d-97f4-516b572b2f9d,1697663702604166666
6a69421f-e399-4db8-897a-d8ef21b5e0a7,707b6ccf-c9d9-4c1d-97f4-516b572b2f9d,1697663702632711111
6a69421f-e399-4db8-897a-d8ef21b5e0a7,707b6ccf-c9d9-4c1d-97f4-516b572b2f9d,1697663702673333333
6a69421f-e399-4db8-897a-d8ef21b5e0a7,707b6ccf-c9d9-4c1d-97f4-516b572b2f9d,1697663702702800000
6a69421f-e399-4db8-897a-d8ef21b5e0a7,707b6ccf-c9d9-4c1d-97f4-516b572b2f9d,1697663702738288888
6a69421f-e399-4db8-897a-d8ef21b5e0a7,707b6ccf-c9d9-4c1d-97f4-516b572b2f9d,1697663702772000000
6a69421f-e399-4db8-897a-d8ef21b5e0a7,707b6ccf-c9d9-4c1d-97f4-516b572b2f9d,1697663702801922222
6a69421f-e399-4db8-897a-d8ef21b5e0a7,707b6ccf-c9d9-4c1d-97f4-516b572b2f9d,1697663702829977777
6a69421f-e399-4db8-897a-d8ef21b5e0a7,707b6ccf-c9d9-4c1d-97f4-516b572b2f9d,1697663702891655555
6a69421f-e399-4db8-897a-d8ef21b5e0a7,707b6ccf-c9d9-4c1d-97f4-516b572b2f9d,1697663702900700000
6a69421f-e399-4db8-897a-d8ef21b5e0a7,707b6ccf-c9d9-4c1d-97f4-516b572b2f9d,1697663702930000000
6a69421f-e399-4db8-897a-d8ef21b5e0a7,707b6ccf-c9d9-4c1d-97f4-516b572b2f9d,1697663702974022222
6a69421f-e399-4db8-897a-d8ef21b5e0a7,707b6ccf-c9d9-4c1d-97f4-516b572b2f9d,1697663703000122222
6a69421f-e399-4db8-897a-d8ef21b5e0a7,707b6ccf-c9d9-4c1d-97f4-516b572b2f9d,1697663703036533333
6a69421f-e399-4db8-897a-d8ef21b5e0a7,707b6ccf-c9d9-4c1d-97f4-516b572b2f9d,1697663703071100000
6a69421f-e399-4db8-897a-d8ef21b5e0a7,707b6ccf-c9d9-4c1d-97f4-516b572b2f9d,1697663703103988888
6a69421f-e399-4db8-897a-d8ef21b5e0a7,707b6ccf-c9d9-4c1d-97f4-516b572b2f9d,1697663703133866666
6a69421f-e399-4db8-897a-d8ef21b5e0a7,707b6ccf-c9d9-4c1d-97f4-516b572b2f9d,1697663703170544444
6a69421f-e399-4db8-897a-d8ef21b5e0a7,707b6ccf-c9d9-4c1d-97f4-516b572b2f9d,1697663703203255555
6a69421f-e399-4db8-897a-d8ef21b5e0a7,707b6ccf-c9d9-4c1d-97f4-516b572b2f9d,1697663703237777777
6a69421f-e399-4db8-897a-d8ef21b5e0a7,707b6ccf-c9d9-4c1d-97f4-516b572b2f9d,1697663703270455555
6a69421f-e399-4db8-897a-d8ef21b5e0a7,707b6ccf-c9d9-4c1d-97f4-516b572b2f9d,1697663703303800000
6a69421f-e399-4db8-897a-d8ef21b5e0a7,707b6ccf-c9d9-4c1d-97f4-516b572b2f9d,1697663703335811111
6a69421f-e399-4db8-897a-d8ef21b5e0a7,707b6ccf-c9d9-4c1d-97f4-516b572b2f9d,1697663703371588888
6a69421f-e399-4db8-897a-d8ef21b5e0a7,707b6ccf-c9d9-4c1d-97f4-516b572b2f9d,1697663703403322222
6a69421f-e399-4db8-897a-d8ef21b5e0a7,707b6ccf-c9d9-4c1d-97f4-516b572b2f9d,1697663703438633333
6a69421f-e399-4db8-897a-d8ef21b5e0a7,707b6ccf-c9d9-4c1d-97f4-516b572b2f9d,1697663703472666666
6a69421f-e399-4db8-897a-d8ef21b5e0a7,707b6ccf-c9d9-4c1d-97f4-516b572b2f9d,1697663703501666666
6a69421f-e399-4db8-897a-d8ef21b5e0a7,707b6ccf-c9d9-4c1d-97f4-516b572b2f9d,1697663703532022222
6a69421f-e399-4db8-897a-d8ef21b5e0a7,707b6ccf-c9d9-4c1d-97f4-516b572b2f9d,1697663703561044444
6a69421f-e399-4db8-897a-d8ef21b5e0a7,707b6ccf-c9d9-4c1d-97f4-516b572b2f9d,1697663703593555555
6a69421f-e399-4db8-897a-d8ef21b5e0a7,707b6ccf-c9d9-4c1d-97f4-516b572b2f9d,1697663703634766666
6a69421f-e399-4db8-897a-d8ef21b5e0a7,707b6ccf-c9d9-4c1d-97f4-516b572b2f9d,1697663703670811111
6a69421f-e399-4db8-897a-d8ef21b5e0a7,707b6ccf-c9d9-4c1d-97f4-516b572b2f9d,1697663703701600000
6a69421f-e399-4db8-897a-d8ef21b5e0a7,707b6ccf-c9d9-4c1d-97f4-516b572b2f9d,1697663703735011111
6a69421f-e399-4db8-897a-d8ef21b5e0a7,707b6ccf-c9d9-4c1d-97f4-516b572b2f9d,1697663703767366666
6a69421f-e399-4db8-897a-d8ef21b5e0a7,707b6ccf-c9d9-4c1d-97f4-516b572b2f9d,1697663703802588888
6a69421f-e399-4db8-897a-d8ef21b5e0a7,707b6ccf-c9d9-4c1d-97f4-516b572b2f9d,1697663703833911111
6a69421f-e399-4db8-897a-d8ef21b5e0a7,707b6ccf-c9d9-4c1d-97f4-516b572b2f9d,1697663703870677777
6a69421f-e399-4db8-897a-d8ef21b5e0a7,707b6ccf-c9d9-4c1d-97f4-516b572b2f9d,1697663703902244444
6a69421f-e399-4db8-897a-d8ef21b5e0a7,707b6ccf-c9d9-4c1d-97f4-516b572b2f9d,1697663703933000000
6a69421f-e399-4db8-897a-d8ef21b5e0a7,707b6ccf-c9d9-4c1d-97f4-516b572b2f9d,1697663703971722222
6a69421f-e399-4db8-897a-d8ef21b5e0a7,707b6ccf-c9d9-4c1d-97f4-516b572b2f9d,1697663704006866666
6a69421f-e399-4db8-897a-d8ef21b5e0a7,707b6ccf-c9d9-4c1d-97f4-516b572b2f9d,1697663704034011111
6a69421f-e399-4db8-897a-d8ef21b5e0a7,707b6ccf-c9d9-4c1d-97f4-516b572b2f9d,1697663704070111111
6a69421f-e399-4db8-897a-d8ef21b5e0a7,707b6ccf-c9d9-4c1d-97f4-516b572b2f9d,1697663704103733333
6a69421f-e399-4db8-897a-d8ef21b5e0a7,707b6ccf-c9d9-4c1d-97f4-516b572b2f9d,1697663704133300000
6a69421f-e399-4db8-897a-d8ef21b5e0a7,707b6ccf-c9d9-4c1d-97f4-516b572b2f9d,1697663704166488888
6a69421f-e399-4db8-897a-d8ef21b5e0a7,707b6ccf-c9d9-4c1d-97f4-516b572b2f9d,1697663704197766666
6a69421f-e399-4db8-897a-d8ef21b5e0a7,707b6ccf-c9d9-4c1d-97f4-516b572b2f9d,1697663704230155555
6a69421f-e399-4db8-897a-d8ef21b5e0a7,707b6ccf-c9d9-4c1d-97f4-516b572b2f9d,1697663704267722222
6a69421f-e399-4db8-897a-d8ef21b5e0a7,707b6ccf-c9d9-4c1d-97f4-516b572b2f9d,1697663704295111111
6a69421f-e399-4db8-897a-d8ef21b5e0a7,707b6ccf-c9d9-4c1d-97f4-516b572b2f9d,1697663704331966666
6a69421f-e399-4db8-897a-d8ef21b5e0a7,707b6ccf-c9d9-4c1d-97f4-516b572b2f9d,1697663704366011111
6a69421f-e399-4db8-897a-d8ef21b5e0a7,707b6ccf-c9d9-4c1d-97f4-516b572b2f9d,1697663704400855555
6a69421f-e399-4db8-897a-d8ef21b5e0a7,707b6ccf-c9d9-4c1d-97f4-516b572b2f9d,1697663704434155555
6a69421f-e399-4db8-897a-d8ef21b5e0a7,707b6ccf-c9d9-4c1d-97f4-516b572b2f9d,1697663704466555555
6a69421f-e399-4db8-897a-d8ef21b5e0a7,707b6ccf-c9d9-4c1d-97f4-516b572b2f9d,1697663704501366666
6a69421f-e399-4db8-897a-d8ef21b5e0a7,707b6ccf-c9d9-4c1d-97f4-516b572b2f9d,1697663704536644444
6a69421f-e399-4db8-897a-d8ef21b5e0a7,707b6ccf-c9d9-4c1d-97f4-516b572b2f9d,1697663704566022222
6a69421f-e399-4db8-897a-d8ef21b5e0a7,707b6ccf-c9d9-4c1d-97f4-516b572b2f9d,1697663704601688888
6a69421f-e399-4db8-897a-d8ef21b5e0a7,707b6ccf-c9d9-4c1d-97f4-516b572b2f9d,1697663704642477777
6a69421f-e399-4db8-897a-d8ef21b5e0a7,707b6ccf-c9d9-4c1d-97f4-516b572b2f9d,1697663704669522222
6a69421f-e399-4db8-897a-d8ef21b5e0a7,707b6ccf-c9d9-4c1d-97f4-516b572b2f9d,1697663704704466666
6a69421f-e399-4db8-897a-d8ef21b5e0a7,707b6ccf-c9d9-4c1d-97f4-516b572b2f9d,1697663704734566666
6a69421f-e399-4db8-897a-d8ef21b5e0a7,707b6ccf-c9d9-4c1d-97f4-516b572b2f9d,1697663704765033333
6a69421f-e399-4db8-897a-d8ef21b5e0a7,707b6ccf-c9d9-4c1d-97f4-516b572b2f9d,1697663704809933333
6a69421f-e399-4db8-897a-d8ef21b5e0a7,707b6ccf-c9d9-4c1d-97f4-516b572b2f9d,1697663704830233333
6a69421f-e399-4db8-897a-d8ef21b5e0a7,707b6ccf-c9d9-4c1d-97f4-516b572b2f9d,1697663704860944444
6a69421f-e399-4db8-897a-d8ef21b5e0a7,707b6ccf-c9d9-4c1d-97f4-516b572b2f9d,1697663704892922222
6a69421f-e399-4db8-897a-d8ef21b5e0a7,707b6ccf-c9d9-4c1d-97f4-516b572b2f9d,1697663704943300000
6a69421f-e399-4db8-897a-d8ef21b5e0a7,707b6ccf-c9d9-4c1d-97f4-516b572b2f9d,1697663704959711111
6a69421f-e399-4db8-897a-d8ef21b5e0a7,707b6ccf-c9d9-4c1d-97f4-516b572b2f9d,1697663704995400000
6a69421f-e399-4db8-897a-d8ef21b5e0a7,707b6ccf-c9d9-4c1d-97f4-516b572b2f9d,1697663705035644444
6a69421f-e399-4db8-897a-d8ef21b5e0a7,707b6ccf-c9d9-4c1d-97f4-516b572b2f9d,1697663705068155555
6a69421f-e399-4db8-897a-d8ef21b5e0a7,707b6ccf-c9d9-4c1d-97f4-516b572b2f9d,1697663705105677777
6a69421f-e399-4db8-897a-d8ef21b5e0a7,707b6ccf-c9d9-4c1d-97f4-516b572b2f9d,1697663705138044444
6a69421f-e399-4db8-897a-d8ef21b5e0a7,707b6ccf-c9d9-4c1d-97f4-516b572b2f9d,1697663705169744444
6a69421f-e399-4db8-897a-d8ef21b5e0a7,707b6ccf-c9d9-4c1d-97f4-516b572b2f9d,1697663705205411111
6a69421f-e399-4db8-897a-d8ef21b5e0a7,707b6ccf-c9d9-4c1d-97f4-516b572b2f9d,1697663705233955555
6a69421f-e399-4db8-897a-d8ef21b5e0a7,707b6ccf-c9d9-4c1d-97f4-516b572b2f9d,1697663705269744444
6a69421f-e399-4db8-897a-d8ef21b5e0a7,707b6ccf-c9d9-4c1d-97f4-516b572b2f9d,1697663705306133333
6a69421f-e399-4db8-897a-d8ef21b5e0a7,707b6ccf-c9d9-4c1d-97f4-516b572b2f9d,1697663705334333333
6a69421f-e399-4db8-897a-d8ef21b5e0a7,707b6ccf-c9d9-4c1d-97f4-516b572b2f9d,1697663705369644444
6a69421f-e399-4db8-897a-d8ef21b5e0a7,707b6ccf-c9d9-4c1d-97f4-516b572b2f9d,1697663705402422222
6a69421f-e399-4db8-897a-d8ef21b5e0a7,707b6ccf-c9d9-4c1d-97f4-516b572b2f9d,1697663705436255555
6a69421f-e399-4db8-897a-d8ef21b5e0a7,707b6ccf-c9d9-4c1d-97f4-516b572b2f9d,1697663705472322222
6a69421f-e399-4db8-897a-d8ef21b5e0a7,707b6ccf-c9d9-4c1d-97f4-516b572b2f9d,1697663705517933333
6a69421f-e399-4db8-897a-d8ef21b5e0a7,707b6ccf-c9d9-4c1d-97f4-516b572b2f9d,1697663705532555555
6a69421f-e399-4db8-897a-d8ef21b5e0a7,707b6ccf-c9d9-4c1d-97f4-516b572b2f9d,1697663705560755555
6a69421f-e399-4db8-897a-d8ef21b5e0a7,707b6ccf-c9d9-4c1d-97f4-516b572b2f9d,1697663705600755555
6a69421f-e399-4db8-897a-d8ef21b5e0a7,707b6ccf-c9d9-4c1d-97f4-516b572b2f9d,1697663705624922222
6a69421f-e399-4db8-897a-d8ef21b5e0a7,707b6ccf-c9d9-4c1d-97f4-516b572b2f9d,1697663705665766666
6a69421f-e399-4db8-897a-d8ef21b5e0a7,707b6ccf-c9d9-4c1d-97f4-516b572b2f9d,1697663705701666666
6a69421f-e399-4db8-897a-d8ef21b5e0a7,707b6ccf-c9d9-4c1d-97f4-516b572b2f9d,1697663705737466666
6a69421f-e399-4db8-897a-d8ef21b5e0a7,707b6ccf-c9d9-4c1d-97f4-516b572b2f9d,1697663705766411111
6a69421f-e399-4db8-897a-d8ef21b5e0a7,707b6ccf-c9d9-4c1d-97f4-516b572b2f9d,1697663705805233333
6a69421f-e399-4db8-897a-d8ef21b5e0a7,707b6ccf-c9d9-4c1d-97f4-516b572b2f9d,1697663705837377777
6a69421f-e399-4db8-897a-d8ef21b5e0a7,707b6ccf-c9d9-4c1d-97f4-516b572b2f9d,1697663705867722222
6a69421f-e399-4db8-897a-d8ef21b5e0a7,707b6ccf-c9d9-4c1d-97f4-516b572b2f9d,1697663705907333333
6a69421f-e399-4db8-897a-d8ef21b5e0a7,707b6ccf-c9d9-4c1d-97f4-516b572b2f9d,1697663705935533333
6a69421f-e399-4db8-897a-d8ef21b5e0a7,707b6ccf-c9d9-4c1d-97f4-516b572b2f9d,1697663705968877777
6a69421f-e399-4db8-897a-d8ef21b5e0a7,707b6ccf-c9d9-4c1d-97f4-516b572b2f9d,1697663706003622222
6a69421f-e399-4db8-897a-d8ef21b5e0a7,707b6ccf-c9d9-4c1d-97f4-516b572b2f9d,1697663706035677777
6a69421f-e399-4db8-897a-d8ef21b5e0a7,707b6ccf-c9d9-4c1d-97f4-516b572b2f9d,1697663706064788888
6a69421f-e399-4db8-897a-d8ef21b5e0a7,707b6ccf-c9d9-4c1d-97f4-516b572b2f9d,1697663706106500000
6a69421f-e399-4db8-897a-d8ef21b5e0a7,707b6ccf-c9d9-4c1d-97f4-516b572b2f9d,1697663706150811111
6a69421f-e399-4db8-897a-d8ef21b5e0a7,707b6ccf-c9d9-4c1d-97f4-516b572b2f9d,1697663706160033333
6a69421f-e399-4db8-897a-d8ef21b5e0a7,707b6ccf-c9d9-4c1d-97f4-516b572b2f9d,1697663706194988888
6a69421f-e399-4db8-897a-d8ef21b5e0a7,707b6ccf-c9d9-4c1d-97f4-516b572b2f9d,1697663706240166666
6a69421f-e399-4db8-897a-d8ef21b5e0a7,707b6ccf-c9d9-4c1d-97f4-516b572b2f9d,1697663706263211111
6a69421f-e399-4db8-897a-d8ef21b5e0a7,707b6ccf-c9d9-4c1d-97f4-516b572b2f9d,1697663706302922222
6a69421f-e399-4db8-897a-d8ef21b5e0a7,707b6ccf-c9d9-4c1d-97f4-516b572b2f9d,1697663706335533333
6a69421f-e399-4db8-897a-d8ef21b5e0a7,707b6ccf-c9d9-4c1d-97f4-516b572b2f9d,1697663706366233333
6a69421f-e399-4db8-897a-d8ef21b5e0a7,707b6ccf-c9d9-4c1d-97f4-516b572b2f9d,1697663706402333333
6a69421f-e399-4db8-897a-d8ef21b5e0a7,707b6ccf-c9d9-4c1d-97f4-516b572b2f9d,1697663706433855555
6a69421f-e399-4db8-897a-d8ef21b5e0a7,707b6ccf-c9d9-4c1d-97f4-516b572b2f9d,1697663706466688888
6a69421f-e399-4db8-897a-d8ef21b5e0a7,707b6ccf-c9d9-4c1d-97f4-516b572b2f9d,1697663706505811111
6a69421f-e399-4db8-897a-d8ef21b5e0a7,707b6ccf-c9d9-4c1d-97f4-516b572b2f9d,1697663706535133333
6a69421f-e399-4db8-897a-d8ef21b5e0a7,707b6ccf-c9d9-4c1d-97f4-516b572b2f9d,1697663706567644444
6a69421f-e399-4db8-897a-d8ef21b5e0a7,707b6ccf-c9d9-4c1d-97f4-516b572b2f9d,1697663706606511111
6a69421f-e399-4db8-897a-d8ef21b5e0a7,707b6ccf-c9d9-4c1d-97f4-516b572b2f9d,1697663706635622222
6a69421f-e399-4db8-897a-d8ef21b5e0a7,707b6ccf-c9d9-4c1d-97f4-516b572b2f9d,1697663706669211111
6a69421f-e399-4db8-897a-d8ef21b5e0a7,707b6ccf-c9d9-4c1d-97f4-516b572b2f9d,1697663706706422222
6a69421f-e399-4db8-897a-d8ef21b5e0a7,707b6ccf-c9d9-4c1d-97f4-516b572b2f9d,1697663706734844444
6a69421f-e399-4db8-897a-d8ef21b5e0a7,707b6ccf-c9d9-4c1d-97f4-516b572b2f9d,1697663706766511111
6a69421f-e399-4db8-897a-d8ef21b5e0a7,707b6ccf-c9d9-4c1d-97f4-516b572b2f9d,1697663706814044444
6a69421f-e399-4db8-897a-d8ef21b5e0a7,707b6ccf-c9d9-4c1d-97f4-516b572b2f9d,1697663706830611111
6a69421f-e399-4db8-897a-d8ef21b5e0a7,707b6ccf-c9d9-4c1d-97f4-516b572b2f9d,1697663706863144444
6a69421f-e399-4db8-897a-d8ef21b5e0a7,707b6ccf-c9d9-4c1d-97f4-516b572b2f9d,1697663706894955555
6a69421f-e399-4db8-897a-d8ef21b5e0a7,707b6ccf-c9d9-4c1d-97f4-516b572b2f9d,1697663706937466666
6a69421f-e399-4db8-897a-d8ef21b5e0a7,707b6ccf-c9d9-4c1d-97f4-516b572b2f9d,1697663706958077777
6a69421f-e399-4db8-897a-d8ef21b5e0a7,707b6ccf-c9d9-4c1d-97f4-516b572b2f9d,1697663707006900000
6a69421f-e399-4db8-897a-d8ef21b5e0a7,707b6ccf-c9d9-4c1d-97f4-516b572b2f9d,1697663707035611111
6a69421f-e399-4db8-897a-d8ef21b5e0a7,707b6ccf-c9d9-4c1d-97f4-516b572b2f9d,1697663707067422222
6a69421f-e399-4db8-897a-d8ef21b5e0a7,707b6ccf-c9d9-4c1d-97f4-516b572b2f9d,1697663707102488888
6a69421f-e399-4db8-897a-d8ef21b5e0a7,707b6ccf-c9d9-4c1d-97f4-516b572b2f9d,1697663707135022222
6a69421f-e399-4db8-897a-d8ef21b5e0a7,707b6ccf-c9d9-4c1d-97f4-516b572b2f9d,1697663707166633333
6a69421f-e399-4db8-897a-d8ef21b5e0a7,707b6ccf-c9d9-4c1d-97f4-516b572b2f9d,1697663707208700000
6a69421f-e399-4db8-897a-d8ef21b5e0a7,707b6ccf-c9d9-4c1d-97f4-516b572b2f9d,1697663707237311111
6a69421f-e399-4db8-897a-d8ef21b5e0a7,707b6ccf-c9d9-4c1d-97f4-516b572b2f9d,1697663707270611111
6a69421f-e399-4db8-897a-d8ef21b5e0a7,707b6ccf-c9d9-4c1d-97f4-516b572b2f9d,1697663707306444444
6a69421f-e399-4db8-897a-d8ef21b5e0a7,707b6ccf-c9d9-4c1d-97f4-516b572b2f9d,1697663707335477777
6a69421f-e399-4db8-897a-d8ef21b5e0a7,707b6ccf-c9d9-4c1d-97f4-516b572b2f9d,1697663707367344444
6a69421f-e399-4db8-897a-d8ef21b5e0a7,707b6ccf-c9d9-4c1d-97f4-516b572b2f9d,1697663707399755555
6a69421f-e399-4db8-897a-d8ef21b5e0a7,707b6ccf-c9d9-4c1d-97f4-516b572b2f9d,1697663707437944444
6a69421f-e399-4db8-897a-d8ef21b5e0a7,707b6ccf-c9d9-4c1d-97f4-516b572b2f9d,1697663707463444444
6a69421f-e399-4db8-897a-d8ef21b5e0a7,707b6ccf-c9d9-4c1d-97f4-516b572b2f9d,1697663707513333333
6a69421f-e399-4db8-897a-d8ef21b5e0a7,707b6ccf-c9d9-4c1d-97f4-516b572b2f9d,1697663707530155555
6a69421f-e399-4db8-897a-d8ef21b5e0a7,707b6ccf-c9d9-4c1d-97f4-516b572b2f9d,1697663707558533333
6a69421f-e399-4db8-897a-d8ef21b5e0a7,707b6ccf-c9d9-4c1d-97f4-516b572b2f9d,1697663707597722222
6a69421f-e399-4db8-897a-d8ef21b5e0a7,707b6ccf-c9d9-4c1d-97f4-516b572b2f9d,1697663707626044444
6a69421f-e399-4db8-897a-d8ef21b5e0a7,707b6ccf-c9d9-4c1d-97f4-516b572b2f9d,1697663707668288888
6a69421f-e399-4db8-897a-d8ef21b5e0a7,707b6ccf-c9d9-4c1d-97f4-516b572b2f9d,1697663707700433333
6a69421f-e399-4db8-897a-d8ef21b5e0a7,707b6ccf-c9d9-4c1d-97f4-516b572b2f9d,1697663707733855555
6a69421f-e399-4db8-897a-d8ef21b5e0a7,707b6ccf-c9d9-4c1d-97f4-516b572b2f9d,1697663707768166666
6a69421f-e399-4db8-897a-d8ef21b5e0a7,707b6ccf-c9d9-4c1d-97f4-516b572b2f9d,1697663707799722222
6a69421f-e399-4db8-897a-d8ef21b5e0a7,707b6ccf-c9d9-4c1d-97f4-516b572b2f9d,1697663707836111111
6a69421f-e399-4db8-897a-d8ef21b5e0a7,707b6ccf-c9d9-4c1d-97f4-516b572b2f9d,1697663707866844444
6a69421f-e399-4db8-897a-d8ef21b5e0a7,707b6ccf-c9d9-4c1d-97f4-516b572b2f9d,1697663707901377777
6a69421f-e399-4db8-897a-d8ef21b5e0a7,707b6ccf-c9d9-4c1d-97f4-516b572b2f9d,1697663707935444444
6a69421f-e399-4db8-897a-d8ef21b5e0a7,707b6ccf-c9d9-4c1d-97f4-516b572b2f9d,1697663707969455555
6a69421f-e399-4db8-897a-d8ef21b5e0a7,707b6ccf-c9d9-4c1d-97f4-516b572b2f9d,1697663708000055555
6a69421f-e399-4db8-897a-d8ef21b5e0a7,707b6ccf-c9d9-4c1d-97f4-516b572b2f9d,1697663708031933333
6a69421f-e399-4db8-897a-d8ef21b5e0a7,707b6ccf-c9d9-4c1d-97f4-516b572b2f9d,1697663708069222222
6a69421f-e399-4db8-897a-d8ef21b5e0a7,707b6ccf-c9d9-4c1d-97f4-516b572b2f9d,1697663708102788888
6a69421f-e399-4db8-897a-d8ef21b5e0a7,707b6ccf-c9d9-4c1d-97f4-516b572b2f9d,1697663708150777777
6a69421f-e399-4db8-897a-d8ef21b5e0a7,707b6ccf-c9d9-4c1d-97f4-516b572b2f9d,1697663708164488888
6a69421f-e399-4db8-897a-d8ef21b5e0a7,707b6ccf-c9d9-4c1d-97f4-516b572b2f9d,1697663708206444444
6a69421f-e399-4db8-897a-d8ef21b5e0a7,707b6ccf-c9d9-4c1d-97f4-516b572b2f9d,1697663708241633333
6a69421f-e399-4db8-897a-d8ef21b5e0a7,707b6ccf-c9d9-4c1d-97f4-516b572b2f9d,1697663708258233333
6a69421f-e399-4db8-897a-d8ef21b5e0a7,707b6ccf-c9d9-4c1d-97f4-516b572b2f9d,1697663708301011111
6a69421f-e399-4db8-897a-d8ef21b5e0a7,707b6ccf-c9d9-4c1d-97f4-516b572b2f9d,1697663708330977777
6a69421f-e399-4db8-897a-d8ef21b5e0a7,707b6ccf-c9d9-4c1d-97f4-516b572b2f9d,1697663708368577777
6a69421f-e399-4db8-897a-d8ef21b5e0a7,707b6ccf-c9d9-4c1d-97f4-516b572b2f9d,1697663708402522222
6a69421f-e399-4db8-897a-d8ef21b5e0a7,707b6ccf-c9d9-4c1d-97f4-516b572b2f9d,1697663708437077777
6a69421f-e399-4db8-897a-d8ef21b5e0a7,707b6ccf-c9d9-4c1d-97f4-516b572b2f9d,1697663708466300000
6a69421f-e399-4db8-897a-d8ef21b5e0a7,707b6ccf-c9d9-4c1d-97f4-516b572b2f9d,1697663708501066666
6a69421f-e399-4db8-897a-d8ef21b5e0a7,707b6ccf-c9d9-4c1d-97f4-516b572b2f9d,1697663708538544444
6a69421f-e399-4db8-897a-d8ef21b5e0a7,707b6ccf-c9d9-4c1d-97f4-516b572b2f9d,1697663708567222222
6a69421f-e399-4db8-897a-d8ef21b5e0a7,707b6ccf-c9d9-4c1d-97f4-516b572b2f9d,1697663708598722222
6a69421f-e399-4db8-897a-d8ef21b5e0a7,707b6ccf-c9d9-4c1d-97f4-516b572b2f9d,1697663708634977777
6a69421f-e399-4db8-897a-d8ef21b5e0a7,707b6ccf-c9d9-4c1d-97f4-516b572b2f9d,1697663708667388888
6a69421f-e399-4db8-897a-d8ef21b5e0a7,707b6ccf-c9d9-4c1d-97f4-516b572b2f9d,1697663708700088888
6a69421f-e399-4db8-897a-d8ef21b5e0a7,707b6ccf-c9d9-4c1d-97f4-516b572b2f9d,1697663708735755555
6a69421f-e399-4db8-897a-d8ef21b5e0a7,707b6ccf-c9d9-4c1d-97f4-516b572b2f9d,1697663708768633333
6a69421f-e399-4db8-897a-d8ef21b5e0a7,707b6ccf-c9d9-4c1d-97f4-516b572b2f9d,1697663708819655555
6a69421f-e399-4db8-897a-d8ef21b5e0a7,707b6ccf-c9d9-4c1d-97f4-516b572b2f9d,1697663708835088888
6a69421f-e399-4db8-897a-d8ef21b5e0a7,707b6ccf-c9d9-4c1d-97f4-516b572b2f9d,1697663708887755555
6a69421f-e399-4db8-897a-d8ef21b5e0a7,707b6ccf-c9d9-4c1d-97f4-516b572b2f9d,1697663708905677777
6a69421f-e399-4db8-897a-d8ef21b5e0a7,707b6ccf-c9d9-4c1d-97f4-516b572b2f9d,1697663708931233333
6a69421f-e399-4db8-897a-d8ef21b5e0a7,707b6ccf-c9d9-4c1d-97f4-516b572b2f9d,1697663708983388888
6a69421f-e399-4db8-897a-d8ef21b5e0a7,707b6ccf-c9d9-4c1d-97f4-516b572b2f9d,1697663708998588888
6a69421f-e399-4db8-897a-d8ef21b5e0a7,707b6ccf-c9d9-4c1d-97f4-516b572b2f9d,1697663709029044444
6a69421f-e399-4db8-897a-d8ef21b5e0a7,707b6ccf-c9d9-4c1d-97f4-516b572b2f9d,1697663709067733333
6a69421f-e399-4db8-897a-d8ef21b5e0a7,707b6ccf-c9d9-4c1d-97f4-516b572b2f9d,1697663709100122222
6a69421f-e399-4db8-897a-d8ef21b5e0a7,707b6ccf-c9d9-4c1d-97f4-516b572b2f9d,1697663709143233333
6a69421f-e399-4db8-897a-d8ef21b5e0a7,707b6ccf-c9d9-4c1d-97f4-516b572b2f9d,1697663709170166666
6a69421f-e399-4db8-897a-d8ef21b5e0a7,707b6ccf-c9d9-4c1d-97f4-516b572b2f9d,1697663709199044444
6a69421f-e399-4db8-897a-d8ef21b5e0a7,707b6ccf-c9d9-4c1d-97f4-516b572b2f9d,1697663709235533333
6a69421f-e399-4db8-897a-d8ef21b5e0a7,707b6ccf-c9d9-4c1d-97f4-516b572b2f9d,1697663709265666666
6a69421f-e399-4db8-897a-d8ef21b5e0a7,707b6ccf-c9d9-4c1d-97f4-516b572b2f9d,1697663709299700000
6a69421f-e399-4db8-897a-d8ef21b5e0a7,707b6ccf-c9d9-4c1d-97f4-516b572b2f9d,1697663709335588888
6a69421f-e399-4db8-897a-d8ef21b5e0a7,707b6ccf-c9d9-4c1d-97f4-516b572b2f9d,1697663709365944444
6a69421f-e399-4db8-897a-d8ef21b5e0a7,707b6ccf-c9d9-4c1d-97f4-516b572b2f9d,1697663709399311111
6a69421f-e399-4db8-897a-d8ef21b5e0a7,707b6ccf-c9d9-4c1d-97f4-516b572b2f9d,1697663709434988888
6a69421f-e399-4db8-897a-d8ef21b5e0a7,707b6ccf-c9d9-4c1d-97f4-516b572b2f9d,1697663709466277777
6a69421f-e399-4db8-897a-d8ef21b5e0a7,707b6ccf-c9d9-4c1d-97f4-516b572b2f9d,1697663709500111111
6a69421f-e399-4db8-897a-d8ef21b5e0a7,707b6ccf-c9d9-4c1d-97f4-516b572b2f9d,1697663709547044444
6a69421f-e399-4db8-897a-d8ef21b5e0a7,707b6ccf-c9d9-4c1d-97f4-516b572b2f9d,1697663709559733333
6a69421f-e399-4db8-897a-d8ef21b5e0a7,707b6ccf-c9d9-4c1d-97f4-516b572b2f9d,1697663709592366666
6a69421f-e399-4db8-897a-d8ef21b5e0a7,707b6ccf-c9d9-4c1d-97f4-516b572b2f9d,1697663709635500000
6a69421f-e399-4db8-897a-d8ef21b5e0a7,707b6ccf-c9d9-4c1d-97f4-516b572b2f9d,1697663709658077777
6a69421f-e399-4db8-897a-d8ef21b5e0a7,707b6ccf-c9d9-4c1d-97f4-516b572b2f9d,1697663709702222222
6a69421f-e399-4db8-897a-d8ef21b5e0a7,707b6ccf-c9d9-4c1d-97f4-516b572b2f9d,1697663709732244444
6a69421f-e399-4db8-897a-d8ef21b5e0a7,707b6ccf-c9d9-4c1d-97f4-516b572b2f9d,1697663709770344444
6a69421f-e399-4db8-897a-d8ef21b5e0a7,707b6ccf-c9d9-4c1d-97f4-516b572b2f9d,1697663709803122222
6a69421f-e399-4db8-897a-d8ef21b5e0a7,707b6ccf-c9d9-4c1d-97f4-516b572b2f9d,1697663709826922222
6a69421f-e399-4db8-897a-d8ef21b5e0a7,707b6ccf-c9d9-4c1d-97f4-516b572b2f9d,1697663709867222222
6a69421f-e399-4db8-897a-d8ef21b5e0a7,707b6ccf-c9d9-4c1d-97f4-516b572b2f9d,1697663709899266666
6a69421f-e399-4db8-897a-d8ef21b5e0a7,707b6ccf-c9d9-4c1d-97f4-516b572b2f9d,1697663709938533333
6a69421f-e399-4db8-897a-d8ef21b5e0a7,707b6ccf-c9d9-4c1d-97f4-516b572b2f9d,1697663709967022222
6a69421f-e399-4db8-897a-d8ef21b5e0a7,707b6ccf-c9d9-4c1d-97f4-516b572b2f9d,1697663710000311111
6a69421f-e399-4db8-897a-d8ef21b5e0a7,707b6ccf-c9d9-4c1d-97f4-516b572b2f9d,1697663710032255555
6a69421f-e399-4db8-897a-d8ef21b5e0a7,707b6ccf-c9d9-4c1d-97f4-516b572b2f9d,1697663710069122222
6a69421f-e399-4db8-897a-d8ef21b5e0a7,707b6ccf-c9d9-4c1d-97f4-516b572b2f9d,1697663710103044444
6a69421f-e399-4db8-897a-d8ef21b5e0a7,707b6ccf-c9d9-4c1d-97f4-516b572b2f9d,1697663710135455555
6a69421f-e399-4db8-897a-d8ef21b5e0a7,707b6ccf-c9d9-4c1d-97f4-516b572b2f9d,1697663710166100000
6a69421f-e399-4db8-897a-d8ef21b5e0a7,707b6ccf-c9d9-4c1d-97f4-516b572b2f9d,1697663710194577777
6a69421f-e399-4db8-897a-d8ef21b5e0a7,707b6ccf-c9d9-4c1d-97f4-516b572b2f9d,1697663710225322222
6a69421f-e399-4db8-897a-d8ef21b5e0a7,707b6ccf-c9d9-4c1d-97f4-516b572b2f9d,1697663710260822222
6a69421f-e399-4db8-897a-d8ef21b5e0a7,707b6ccf-c9d9-4c1d-97f4-516b572b2f9d,1697663710296255555
6a69421f-e399-4db8-897a-d8ef21b5e0a7,707b6ccf-c9d9-4c1d-97f4-516b572b2f9d,1697663710327400000
6a69421f-e399-4db8-897a-d8ef21b5e0a7,707b6ccf-c9d9-4c1d-97f4-516b572b2f9d,1697663710366833333
6a69421f-e399-4db8-897a-d8ef21b5e0a7,707b6ccf-c9d9-4c1d-97f4-516b572b2f9d,1697663710399566666
6a69421f-e399-4db8-897a-d8ef21b5e0a7,707b6ccf-c9d9-4c1d-97f4-516b572b2f9d,1697663710434633333
6a69421f-e399-4db8-897a-d8ef21b5e0a7,707b6ccf-c9d9-4c1d-97f4-516b572b2f9d,1697663710465955555
6a69421f-e399-4db8-897a-d8ef21b5e0a7,707b6ccf-c9d9-4c1d-97f4-516b572b2f9d,1697663710502544444
6a69421f-e399-4db8-897a-d8ef21b5e0a7,707b6ccf-c9d9-4c1d-97f4-516b572b2f9d,1697663710531633333
6a69421f-e399-4db8-897a-d8ef21b5e0a7,707b6ccf-c9d9-4c1d-97f4-516b572b2f9d,1697663710566422222
6a69421f-e399-4db8-897a-d8ef21b5e0a7,707b6ccf-c9d9-4c1d-97f4-516b572b2f9d,1697663710599833333
6a69421f-e399-4db8-897a-d8ef21b5e0a7,707b6ccf-c9d9-4c1d-97f4-516b572b2f9d,1697663710625677777
6a69421f-e399-4db8-897a-d8ef21b5e0a7,707b6ccf-c9d9-4c1d-97f4-516b572b2f9d,1697663710671144444
6a69421f-e399-4db8-897a-d8ef21b5e0a7,707b6ccf-c9d9-4c1d-97f4-516b572b2f9d,1697663710705511111
6a69421f-e399-4db8-897a-d8ef21b5e0a7,707b6ccf-c9d9-4c1d-97f4-516b572b2f9d,1697663710732777777
6a69421f-e399-4db8-897a-d8ef21b5e0a7,707b6ccf-c9d9-4c1d-97f4-516b572b2f9d,1697663710770933333
6a69421f-e399-4db8-897a-d8ef21b5e0a7,707b6ccf-c9d9-4c1d-97f4-516b572b2f9d,1697663710800711111
6a69421f-e399-4db8-897a-d8ef21b5e0a7,707b6ccf-c9d9-4c1d-97f4-516b572b2f9d,1697663710834533333
6a69421f-e399-4db8-897a-d8ef21b5e0a7,707b6ccf-c9d9-4c1d-97f4-516b572b2f9d,1697663710882677777
6a69421f-e399-4db8-897a-d8ef21b5e0a7,707b6ccf-c9d9-4c1d-97f4-516b572b2f9d,1697663710892322222
6a69421f-e399-4db8-897a-d8ef21b5e0a7,707b6ccf-c9d9-4c1d-97f4-516b572b2f9d,1697663710940466666
6a69421f-e399-4db8-897a-d8ef21b5e0a7,707b6ccf-c9d9-4c1d-97f4-516b572b2f9d,1697663710958988888
6a69421f-e399-4db8-897a-d8ef21b5e0a7,707b6ccf-c9d9-4c1d-97f4-516b572b2f9d,1697663710991444444
6a69421f-e399-4db8-897a-d8ef21b5e0a7,707b6ccf-c9d9-4c1d-97f4-516b572b2f9d,1697663711034355555
6a69421f-e399-4db8-897a-d8ef21b5e0a7,707b6ccf-c9d9-4c1d-97f4-516b572b2f9d,1697663711068622222
6a69421f-e399-4db8-897a-d8ef21b5e0a7,707b6ccf-c9d9-4c1d-97f4-516b572b2f9d,1697663711099033333
6a69421f-e399-4db8-897a-d8ef21b5e0a7,707b6ccf-c9d9-4c1d-97f4-516b572b2f9d,1697663711130633333
6a69421f-e399-4db8-897a-d8ef21b5e0a7,707b6ccf-c9d9-4c1d-97f4-516b572b2f9d,1697663711176422222
6a69421f-e399-4db8-897a-d8ef21b5e0a7,707b6ccf-c9d9-4c1d-97f4-516b572b2f9d,1697663711202355555
6a69421f-e399-4db8-897a-d8ef21b5e0a7,707b6ccf-c9d9-4c1d-97f4-516b572b2f9d,1697663711223711111
6a69421f-e399-4db8-897a-d8ef21b5e0a7,707b6ccf-c9d9-4c1d-97f4-516b572b2f9d,1697663711275522222
6a69421f-e399-4db8-897a-d8ef21b5e0a7,707b6ccf-c9d9-4c1d-97f4-516b572b2f9d,1697663711305588888
6a69421f-e399-4db8-897a-d8ef21b5e0a7,707b6ccf-c9d9-4c1d-97f4-516b572b2f9d,1697663711332000000
6a69421f-e399-4db8-897a-d8ef21b5e0a7,707b6ccf-c9d9-4c1d-97f4-516b572b2f9d,1697663711367288888
6a69421f-e399-4db8-897a-d8ef21b5e0a7,707b6ccf-c9d9-4c1d-97f4-516b572b2f9d,1697663711401544444
6a69421f-e399-4db8-897a-d8ef21b5e0a7,707b6ccf-c9d9-4c1d-97f4-516b572b2f9d,1697663711433044444
6a69421f-e399-4db8-897a-d8ef21b5e0a7,707b6ccf-c9d9-4c1d-97f4-516b572b2f9d,1697663711467177777
6a69421f-e399-4db8-897a-d8ef21b5e0a7,707b6ccf-c9d9-4c1d-97f4-516b572b2f9d,1697663711508744444
6a69421f-e399-4db8-897a-d8ef21b5e0a7,707b6ccf-c9d9-4c1d-97f4-516b572b2f9d,1697663711523922222
6a69421f-e399-4db8-897a-d8ef21b5e0a7,707b6ccf-c9d9-4c1d-97f4-516b572b2f9d,1697663711563533333
6a69421f-e399-4db8-897a-d8ef21b5e0a7,707b6ccf-c9d9-4c1d-97f4-516b572b2f9d,1697663711592688888
6a69421f-e399-4db8-897a-d8ef21b5e0a7,707b6ccf-c9d9-4c1d-97f4-516b572b2f9d,1697663711623411111
6a69421f-e399-4db8-897a-d8ef21b5e0a7,707b6ccf-c9d9-4c1d-97f4-516b572b2f9d,1697663711676500000
6a69421f-e399-4db8-897a-d8ef21b5e0a7,707b6ccf-c9d9-4c1d-97f4-516b572b2f9d,1697663711700900000
6a69421f-e399-4db8-897a-d8ef21b5e0a7,707b6ccf-c9d9-4c1d-97f4-516b572b2f9d,1697663711724077777
6a69421f-e399-4db8-897a-d8ef21b5e0a7,707b6ccf-c9d9-4c1d-97f4-516b572b2f9d,1697663711765488888
6a69421f-e399-4db8-897a-d8ef21b5e0a7,707b6ccf-c9d9-4c1d-97f4-516b572b2f9d,1697663711799722222
6a69421f-e399-4db8-897a-d8ef21b5e0a7,707b6ccf-c9d9-4c1d-97f4-516b572b2f9d,1697663711831488888
6a69421f-e399-4db8-897a-d8ef21b5e0a7,707b6ccf-c9d9-4c1d-97f4-516b572b2f9d,1697663711868233333
6a69421f-e399-4db8-897a-d8ef21b5e0a7,707b6ccf-c9d9-4c1d-97f4-516b572b2f9d,1697663711898844444
6a69421f-e399-4db8-897a-d8ef21b5e0a7,707b6ccf-c9d9-4c1d-97f4-516b572b2f9d,1697663711929811111
6a69421f-e399-4db8-897a-d8ef21b5e0a7,707b6ccf-c9d9-4c1d-97f4-516b572b2f9d,1697663711968900000
6a69421f-e399-4db8-897a-d8ef21b5e0a7,707b6ccf-c9d9-4c1d-97f4-516b572b2f9d,1697663712002566666
6a69421f-e399-4db8-897a-d8ef21b5e0a7,707b6ccf-c9d9-4c1d-97f4-516b572b2f9d,1697663712037333333
6a69421f-e399-4db8-897a-d8ef21b5e0a7,707b6ccf-c9d9-4c1d-97f4-516b572b2f9d,1697663712069166666
6a69421f-e399-4db8-897a-d8ef21b5e0a7,707b6ccf-c9d9-4c1d-97f4-516b572b2f9d,1697663712100655555
6a69421f-e399-4db8-897a-d8ef21b5e0a7,707b6ccf-c9d9-4c1d-97f4-516b572b2f9d,1697663712130977777
6a69421f-e399-4db8-897a-d8ef21b5e0a7,707b6ccf-c9d9-4c1d-97f4-516b572b2f9d,1697663712168911111
6a69421f-e399-4db8-897a-d8ef21b5e0a7,707b6ccf-c9d9-4c1d-97f4-516b572b2f9d,1697663712194511111
6a69421f-e399-4db8-897a-d8ef21b5e0a7,707b6ccf-c9d9-4c1d-97f4-516b572b2f9d,1697663712229422222
6a69421f-e399-4db8-897a-d8ef21b5e0a7,707b6ccf-c9d9-4c1d-97f4-516b572b2f9d,1697663712258811111
6a69421f-e399-4db8-897a-d8ef21b5e0a7,707b6ccf-c9d9-4c1d-97f4-516b572b2f9d,1697663712293744444
6a69421f-e399-4db8-897a-d8ef21b5e0a7,707b6ccf-c9d9-4c1d-97f4-516b572b2f9d,1697663712322144444
6a69421f-e399-4db8-897a-d8ef21b5e0a7,707b6ccf-c9d9-4c1d-97f4-516b572b2f9d,1697663712367566666
6a69421f-e399-4db8-897a-d8ef21b5e0a7,707b6ccf-c9d9-4c1d-97f4-516b572b2f9d,1697663712398255555
6a69421f-e399-4db8-897a-d8ef21b5e0a7,707b6ccf-c9d9-4c1d-97f4-516b572b2f9d,1697663712434288888
6a69421f-e399-4db8-897a-d8ef21b5e0a7,707b6ccf-c9d9-4c1d-97f4-516b572b2f9d,1697663712465411111
6a69421f-e399-4db8-897a-d8ef21b5e0a7,707b6ccf-c9d9-4c1d-97f4-516b572b2f9d,1697663712502844444
6a69421f-e399-4db8-897a-d8ef21b5e0a7,707b6ccf-c9d9-4c1d-97f4-516b572b2f9d,1697663712530511111
6a69421f-e399-4db8-897a-d8ef21b5e0a7,707b6ccf-c9d9-4c1d-97f4-516b572b2f9d,1697663712566200000
6a69421f-e399-4db8-897a-d8ef21b5e0a7,707b6ccf-c9d9-4c1d-97f4-516b572b2f9d,1697663712603455555
6a69421f-e399-4db8-897a-d8ef21b5e0a7,707b6ccf-c9d9-4c1d-97f4-516b572b2f9d,1697663712630766666
6a69421f-e399-4db8-897a-d8ef21b5e0a7,707b6ccf-c9d9-4c1d-97f4-516b572b2f9d,1697663712667944444
6a69421f-e399-4db8-897a-d8ef21b5e0a7,707b6ccf-c9d9-4c1d-97f4-516b572b2f9d,1697663712698500000
6a69421f-e399-4db8-897a-d8ef21b5e0a7,707b6ccf-c9d9-4c1d-97f4-516b572b2f9d,1697663712731311111
6a69421f-e399-4db8-897a-d8ef21b5e0a7,707b6ccf-c9d9-4c1d-97f4-516b572b2f9d,1697663712765588888
6a69421f-e399-4db8-897a-d8ef21b5e0a7,707b6ccf-c9d9-4c1d-97f4-516b572b2f9d,1697663712798100000
6a69421f-e399-4db8-897a-d8ef21b5e0a7,707b6ccf-c9d9-4c1d-97f4-516b572b2f9d,1697663712842911111
6a69421f-e399-4db8-897a-d8ef21b5e0a7,707b6ccf-c9d9-4c1d-97f4-516b572b2f9d,1697663712858433333
6a69421f-e399-4db8-897a-d8ef21b5e0a7,707b6ccf-c9d9-4c1d-97f4-516b572b2f9d,1697663712906944444
6a69421f-e399-4db8-897a-d8ef21b5e0a7,707b6ccf-c9d9-4c1d-97f4-516b572b2f9d,1697663712926600000
6a69421f-e399-4db8-897a-d8ef21b5e0a7,707b6ccf-c9d9-4c1d-97f4-516b572b2f9d,1697663712965922222
6a69421f-e399-4db8-897a-d8ef21b5e0a7,707b6ccf-c9d9-4c1d-97f4-516b572b2f9d,1697663712989900000
6a69421f-e399-4db8-897a-d8ef21b5e0a7,707b6ccf-c9d9-4c1d-97f4-516b572b2f9d,1697663713035600000
6a69421f-e399-4db8-897a-d8ef21b5e0a7,707b6ccf-c9d9-4c1d-97f4-516b572b2f9d,1697663713065166666
6a69421f-e399-4db8-897a-d8ef21b5e0a7,707b6ccf-c9d9-4c1d-97f4-516b572b2f9d,1697663713101066666
6a69421f-e399-4db8-897a-d8ef21b5e0a7,707b6ccf-c9d9-4c1d-97f4-516b572b2f9d,1697663713130744444
6a69421f-e399-4db8-897a-d8ef21b5e0a7,707b6ccf-c9d9-4c1d-97f4-516b572b2f9d,1697663713167233333
6a69421f-e399-4db8-897a-d8ef21b5e0a7,707b6ccf-c9d9-4c1d-97f4-516b572b2f9d,1697663713198188888
6a69421f-e399-4db8-897a-d8ef21b5e0a7,707b6ccf-c9d9-4c1d-97f4-516b572b2f9d,1697663713230900000
6a69421f-e399-4db8-897a-d8ef21b5e0a7,707b6ccf-c9d9-4c1d-97f4-516b572b2f9d,1697663713266088888
6a69421f-e399-4db8-897a-d8ef21b5e0a7,707b6ccf-c9d9-4c1d-97f4-516b572b2f9d,1697663713303822222
6a69421f-e399-4db8-897a-d8ef21b5e0a7,707b6ccf-c9d9-4c1d-97f4-516b572b2f9d,1697663713331200000
6a69421f-e399-4db8-897a-d8ef21b5e0a7,707b6ccf-c9d9-4c1d-97f4-516b572b2f9d,1697663713367133333
6a69421f-e399-4db8-897a-d8ef21b5e0a7,707b6ccf-c9d9-4c1d-97f4-516b572b2f9d,1697663713399544444
6a69421f-e399-4db8-897a-d8ef21b5e0a7,707b6ccf-c9d9-4c1d-97f4-516b572b2f9d,1697663713431733333
6a69421f-e399-4db8-897a-d8ef21b5e0a7,707b6ccf-c9d9-4c1d-97f4-516b572b2f9d,1697663713466988888
6a69421f-e399-4db8-897a-d8ef21b5e0a7,707b6ccf-c9d9-4c1d-97f4-516b572b2f9d,1697663713507988888
6a69421f-e399-4db8-897a-d8ef21b5e0a7,707b6ccf-c9d9-4c1d-97f4-516b572b2f9d,1697663713522422222
6a69421f-e399-4db8-897a-d8ef21b5e0a7,707b6ccf-c9d9-4c1d-97f4-516b572b2f9d,1697663713559577777
6a69421f-e399-4db8-897a-d8ef21b5e0a7,707b6ccf-c9d9-4c1d-97f4-516b572b2f9d,1697663713594222222
6a69421f-e399-4db8-897a-d8ef21b5e0a7,707b6ccf-c9d9-4c1d-97f4-516b572b2f9d,1697663713623144444
6a69421f-e399-4db8-897a-d8ef21b5e0a7,707b6ccf-c9d9-4c1d-97f4-516b572b2f9d,1697663713669211111
6a69421f-e399-4db8-897a-d8ef21b5e0a7,707b6ccf-c9d9-4c1d-97f4-516b572b2f9d,1697663713700955555
6a69421f-e399-4db8-897a-d8ef21b5e0a7,707b6ccf-c9d9-4c1d-97f4-516b572b2f9d,1697663713732144444
6a69421f-e399-4db8-897a-d8ef21b5e0a7,707b6ccf-c9d9-4c1d-97f4-516b572b2f9d,1697663713768100000
6a69421f-e399-4db8-897a-d8ef21b5e0a7,707b6ccf-c9d9-4c1d-97f4-516b572b2f9d,1697663713803033333
6a69421f-e399-4db8-897a-d8ef21b5e0a7,707b6ccf-c9d9-4c1d-97f4-516b572b2f9d,1697663713830522222
6a69421f-e399-4db8-897a-d8ef21b5e0a7,707b6ccf-c9d9-4c1d-97f4-516b572b2f9d,1697663713862355555
6a69421f-e399-4db8-897a-d8ef21b5e0a7,707b6ccf-c9d9-4c1d-97f4-516b572b2f9d,1697663713898155555
6a69421f-e399-4db8-897a-d8ef21b5e0a7,707b6ccf-c9d9-4c1d-97f4-516b572b2f9d,1697663713931300000
6a69421f-e399-4db8-897a-d8ef21b5e0a7,707b6ccf-c9d9-4c1d-97f4-516b572b2f9d,1697663713963188888
6a69421f-e399-4db8-897a-d8ef21b5e0a7,707b6ccf-c9d9-4c1d-97f4-516b572b2f9d,1697663714000466666
6a69421f-e399-4db8-897a-d8ef21b5e0a7,707b6ccf-c9d9-4c1d-97f4-516b572b2f9d,1697663714031966666
6a69421f-e399-4db8-897a-d8ef21b5e0a7,707b6ccf-c9d9-4c1d-97f4-516b572b2f9d,1697663714061622222
6a69421f-e399-4db8-897a-d8ef21b5e0a7,707b6ccf-c9d9-4c1d-97f4-516b572b2f9d,1697663714106044444
6a69421f-e399-4db8-897a-d8ef21b5e0a7,707b6ccf-c9d9-4c1d-97f4-516b572b2f9d,1697663714133811111
6a69421f-e399-4db8-897a-d8ef21b5e0a7,707b6ccf-c9d9-4c1d-97f4-516b572b2f9d,1697663714168500000
6a69421f-e399-4db8-897a-d8ef21b5e0a7,707b6ccf-c9d9-4c1d-97f4-516b572b2f9d,1697663714200688888
6a69421f-e399-4db8-897a-d8ef21b5e0a7,707b6ccf-c9d9-4c1d-97f4-516b572b2f9d,1697663714226922222
6a69421f-e399-4db8-897a-d8ef21b5e0a7,707b6ccf-c9d9-4c1d-97f4-516b572b2f9d,1697663714256333333
6a69421f-e399-4db8-897a-d8ef21b5e0a7,707b6ccf-c9d9-4c1d-97f4-516b572b2f9d,1697663714303411111
6a69421f-e399-4db8-897a-d8ef21b5e0a7,707b6ccf-c9d9-4c1d-97f4-516b572b2f9d,1697663714323588888
6a69421f-e399-4db8-897a-d8ef21b5e0a7,707b6ccf-c9d9-4c1d-97f4-516b572b2f9d,1697663714364177777
6a69421f-e399-4db8-897a-d8ef21b5e0a7,707b6ccf-c9d9-4c1d-97f4-516b572b2f9d,1697663714399966666
6a69421f-e399-4db8-897a-d8ef21b5e0a7,707b6ccf-c9d9-4c1d-97f4-516b572b2f9d,1697663714430111111
6a69421f-e399-4db8-897a-d8ef21b5e0a7,707b6ccf-c9d9-4c1d-97f4-516b572b2f9d,1697663714465244444
6a69421f-e399-4db8-897a-d8ef21b5e0a7,707b6ccf-c9d9-4c1d-97f4-516b572b2f9d,1697663714502433333
6a69421f-e399-4db8-897a-d8ef21b5e0a7,707b6ccf-c9d9-4c1d-97f4-516b572b2f9d,1697663714525733333
6a69421f-e399-4db8-897a-d8ef21b5e0a7,707b6ccf-c9d9-4c1d-97f4-516b572b2f9d,1697663714565555555
6a69421f-e399-4db8-897a-d8ef21b5e0a7,707b6ccf-c9d9-4c1d-97f4-516b572b2f9d,1697663714601022222
6a69421f-e399-4db8-897a-d8ef21b5e0a7,707b6ccf-c9d9-4c1d-97f4-516b572b2f9d,1697663714629322222
6a69421f-e399-4db8-897a-d8ef21b5e0a7,707b6ccf-c9d9-4c1d-97f4-516b572b2f9d,1697663714667622222
6a69421f-e399-4db8-897a-d8ef21b5e0a7,707b6ccf-c9d9-4c1d-97f4-516b572b2f9d,1697663714697655555
6a69421f-e399-4db8-897a-d8ef21b5e0a7,707b6ccf-c9d9-4c1d-97f4-516b572b2f9d,1697663714731611111
6a69421f-e399-4db8-897a-d8ef21b5e0a7,707b6ccf-c9d9-4c1d-97f4-516b572b2f9d,1697663714762988888
6a69421f-e399-4db8-897a-d8ef21b5e0a7,707b6ccf-c9d9-4c1d-97f4-516b572b2f9d,1697663714799544444
6a69421f-e399-4db8-897a-d8ef21b5e0a7,707b6ccf-c9d9-4c1d-97f4-516b572b2f9d,1697663714829688888
6a69421f-e399-4db8-897a-d8ef21b5e0a7,707b6ccf-c9d9-4c1d-97f4-516b572b2f9d,1697663714859711111
6a69421f-e399-4db8-897a-d8ef21b5e0a7,707b6ccf-c9d9-4c1d-97f4-516b572b2f9d,1697663714911833333
6a69421f-e399-4db8-897a-d8ef21b5e0a7,707b6ccf-c9d9-4c1d-97f4-516b572b2f9d,1697663714923744444
6a69421f-e399-4db8-897a-d8ef21b5e0a7,707b6ccf-c9d9-4c1d-97f4-516b572b2f9d,1697663714962355555
6a69421f-e399-4db8-897a-d8ef21b5e0a7,707b6ccf-c9d9-4c1d-97f4-516b572b2f9d,1697663714996888888
6a69421f-e399-4db8-897a-d8ef21b5e0a7,707b6ccf-c9d9-4c1d-97f4-516b572b2f9d,1697663715020622222
6a69421f-e399-4db8-897a-d8ef21b5e0a7,707b6ccf-c9d9-4c1d-97f4-516b572b2f9d,1697663715070144444
6a69421f-e399-4db8-897a-d8ef21b5e0a7,707b6ccf-c9d9-4c1d-97f4-516b572b2f9d,1697663715102222222
6a69421f-e399-4db8-897a-d8ef21b5e0a7,707b6ccf-c9d9-4c1d-97f4-516b572b2f9d,1697663715123677777
6a69421f-e399-4db8-897a-d8ef21b5e0a7,707b6ccf-c9d9-4c1d-97f4-516b572b2f9d,1697663715168144444
6a69421f-e399-4db8-897a-d8ef21b5e0a7,707b6ccf-c9d9-4c1d-97f4-516b572b2f9d,1697663715201600000
6a69421f-e399-4db8-897a-d8ef21b5e0a7,707b6ccf-c9d9-4c1d-97f4-516b572b2f9d,1697663715231122222
6a69421f-e399-4db8-897a-d8ef21b5e0a7,707b6ccf-c9d9-4c1d-97f4-516b572b2f9d,1697663715263988888
6a69421f-e399-4db8-897a-d8ef21b5e0a7,707b6ccf-c9d9-4c1d-97f4-516b572b2f9d,1697663715302233333
6a69421f-e399-4db8-897a-d8ef21b5e0a7,707b6ccf-c9d9-4c1d-97f4-516b572b2f9d,1697663715331166666
6a69421f-e399-4db8-897a-d8ef21b5e0a7,707b6ccf-c9d9-4c1d-97f4-516b572b2f9d,1697663715362900000
6a69421f-e399-4db8-897a-d8ef21b5e0a7,707b6ccf-c9d9-4c1d-97f4-516b572b2f9d,1697663715401466666
6a69421f-e399-4db8-897a-d8ef21b5e0a7,707b6ccf-c9d9-4c1d-97f4-516b572b2f9d,1697663715430500000
6a69421f-e399-4db8-897a-d8ef21b5e0a7,707b6ccf-c9d9-4c1d-97f4-516b572b2f9d,1697663715462188888
6a69421f-e399-4db8-897a-d8ef21b5e0a7,707b6ccf-c9d9-4c1d-97f4-516b572b2f9d,1697663715501088888
6a69421f-e399-4db8-897a-d8ef21b5e0a7,707b6ccf-c9d9-4c1d-97f4-516b572b2f9d,1697663715531144444
6a69421f-e399-4db8-897a-d8ef21b5e0a7,707b6ccf-c9d9-4c1d-97f4-516b572b2f9d,1697663715560100000
6a69421f-e399-4db8-897a-d8ef21b5e0a7,707b6ccf-c9d9-4c1d-97f4-516b572b2f9d,1697663715598455555
6a69421f-e399-4db8-897a-d8ef21b5e0a7,707b6ccf-c9d9-4c1d-97f4-516b572b2f9d,1697663715636155555
6a69421f-e399-4db8-897a-d8ef21b5e0a7,707b6ccf-c9d9-4c1d-97f4-516b572b2f9d,1697663715654844444
6a69421f-e399-4db8-897a-d8ef21b5e0a7,707b6ccf-c9d9-4c1d-97f4-516b572b2f9d,1697663715698944444
6a69421f-e399-4db8-897a-d8ef21b5e0a7,707b6ccf-c9d9-4c1d-97f4-516b572b2f9d,1697663715731166666
6a69421f-e399-4db8-897a-d8ef21b5e0a7,707b6ccf-c9d9-4c1d-97f4-516b572b2f9d,1697663715763722222
6a69421f-e399-4db8-897a-d8ef21b5e0a7,707b6ccf-c9d9-4c1d-97f4-516b572b2f9d,1697663715803400000
6a69421f-e399-4db8-897a-d8ef21b5e0a7,707b6ccf-c9d9-4c1d-97f4-516b572b2f9d,1697663715829955555
6a69421f-e399-4db8-897a-d8ef21b5e0a7,707b6ccf-c9d9-4c1d-97f4-516b572b2f9d,1697663715861211111
6a69421f-e399-4db8-897a-d8ef21b5e0a7,707b6ccf-c9d9-4c1d-97f4-516b572b2f9d,1697663715900588888
6a69421f-e399-4db8-897a-d8ef21b5e0a7,707b6ccf-c9d9-4c1d-97f4-516b572b2f9d,1697663715932277777
6a69421f-e399-4db8-897a-d8ef21b5e0a7,707b6ccf-c9d9-4c1d-97f4-516b572b2f9d,1697663715964966666
6a69421f-e399-4db8-897a-d8ef21b5e0a7,707b6ccf-c9d9-4c1d-97f4-516b572b2f9d,1697663715996766666
6a69421f-e399-4db8-897a-d8ef21b5e0a7,707b6ccf-c9d9-4c1d-97f4-516b572b2f9d,1697663716032888888
6a69421f-e399-4db8-897a-d8ef21b5e0a7,707b6ccf-c9d9-4c1d-97f4-516b572b2f9d,1697663716062100000
6a69421f-e399-4db8-897a-d8ef21b5e0a7,707b6ccf-c9d9-4c1d-97f4-516b572b2f9d,1697663716102155555
6a69421f-e399-4db8-897a-d8ef21b5e0a7,707b6ccf-c9d9-4c1d-97f4-516b572b2f9d,1697663716130388888
6a69421f-e399-4db8-897a-d8ef21b5e0a7,707b6ccf-c9d9-4c1d-97f4-516b572b2f9d,1697663716163488888
6a69421f-e399-4db8-897a-d8ef21b5e0a7,707b6ccf-c9d9-4c1d-97f4-516b572b2f9d,1697663716203166666
6a69421f-e399-4db8-897a-d8ef21b5e0a7,707b6ccf-c9d9-4c1d-97f4-516b572b2f9d,1697663716224811111
6a69421f-e399-4db8-897a-d8ef21b5e0a7,707b6ccf-c9d9-4c1d-97f4-516b572b2f9d,1697663716277711111
6a69421f-e399-4db8-897a-d8ef21b5e0a7,707b6ccf-c9d9-4c1d-97f4-516b572b2f9d,1697663716301988888
6a69421f-e399-4db8-897a-d8ef21b5e0a7,707b6ccf-c9d9-4c1d-97f4-516b572b2f9d,1697663716324822222
6a69421f-e399-4db8-897a-d8ef21b5e0a7,707b6ccf-c9d9-4c1d-97f4-516b572b2f9d,1697663716366244444
6a69421f-e399-4db8-897a-d8ef21b5e0a7,707b6ccf-c9d9-4c1d-97f4-516b572b2f9d,1697663716397433333
6a69421f-e399-4db8-897a-d8ef21b5e0a7,707b6ccf-c9d9-4c1d-97f4-516b572b2f9d,1697663716430022222
6a69421f-e399-4db8-897a-d8ef21b5e0a7,707b6ccf-c9d9-4c1d-97f4-516b572b2f9d,1697663716462155555
6a69421f-e399-4db8-897a-d8ef21b5e0a7,707b6ccf-c9d9-4c1d-97f4-516b572b2f9d,1697663716499700000
6a69421f-e399-4db8-897a-d8ef21b5e0a7,707b6ccf-c9d9-4c1d-97f4-516b572b2f9d,1697663716529611111
6a69421f-e399-4db8-897a-d8ef21b5e0a7,707b6ccf-c9d9-4c1d-97f4-516b572b2f9d,1697663716564522222
6a69421f-e399-4db8-897a-d8ef21b5e0a7,707b6ccf-c9d9-4c1d-97f4-516b572b2f9d,1697663716599266666
6a69421f-e399-4db8-897a-d8ef21b5e0a7,707b6ccf-c9d9-4c1d-97f4-516b572b2f9d,1697663716630066666
6a69421f-e399-4db8-897a-d8ef21b5e0a7,707b6ccf-c9d9-4c1d-97f4-516b572b2f9d,1697663716662566666
6a69421f-e399-4db8-897a-d8ef21b5e0a7,707b6ccf-c9d9-4c1d-97f4-516b572b2f9d,1697663716704022222
6a69421f-e399-4db8-897a-d8ef21b5e0a7,707b6ccf-c9d9-4c1d-97f4-516b572b2f9d,1697663716730122222
6a69421f-e399-4db8-897a-d8ef21b5e0a7,707b6ccf-c9d9-4c1d-97f4-516b572b2f9d,1697663716764644444
6a69421f-e399-4db8-897a-d8ef21b5e0a7,707b6ccf-c9d9-4c1d-97f4-516b572b2f9d,1697663716798277777
6a69421f-e399-4db8-897a-d8ef21b5e0a7,707b6ccf-c9d9-4c1d-97f4-516b572b2f9d,1697663716837088888
6a69421f-e399-4db8-897a-d8ef21b5e0a7,707b6ccf-c9d9-4c1d-97f4-516b572b2f9d,1697663716857744444
6a69421f-e399-4db8-897a-d8ef21b5e0a7,707b6ccf-c9d9-4c1d-97f4-516b572b2f9d,1697663716890800000
6a69421f-e399-4db8-897a-d8ef21b5e0a7,707b6ccf-c9d9-4c1d-97f4-516b572b2f9d,1697663716922400000
6a69421f-e399-4db8-897a-d8ef21b5e0a7,707b6ccf-c9d9-4c1d-97f4-516b572b2f9d,1697663716955777777
6a69421f-e399-4db8-897a-d8ef21b5e0a7,707b6ccf-c9d9-4c1d-97f4-516b572b2f9d,1697663716989288888
6a69421f-e399-4db8-897a-d8ef21b5e0a7,707b6ccf-c9d9-4c1d-97f4-516b572b2f9d,1697663717032911111
6a69421f-e399-4db8-897a-d8ef21b5e0a7,707b6ccf-c9d9-4c1d-97f4-516b572b2f9d,1697663717065388888
6a69421f-e399-4db8-897a-d8ef21b5e0a7,707b6ccf-c9d9-4c1d-97f4-516b572b2f9d,1697663717095644444
6a69421f-e399-4db8-897a-d8ef21b5e0a7,707b6ccf-c9d9-4c1d-97f4-516b572b2f9d,1697663717133400000
6a69421f-e399-4db8-897a-d8ef21b5e0a7,707b6ccf-c9d9-4c1d-97f4-516b572b2f9d,1697663717162200000
6a69421f-e399-4db8-897a-d8ef21b5e0a7,707b6ccf-c9d9-4c1d-97f4-516b572b2f9d,1697663717194633333
6a69421f-e399-4db8-897a-d8ef21b5e0a7,707b6ccf-c9d9-4c1d-97f4-516b572b2f9d,1697663717230577777
6a69421f-e399-4db8-897a-d8ef21b5e0a7,707b6ccf-c9d9-4c1d-97f4-516b572b2f9d,1697663717263366666
6a69421f-e399-4db8-897a-d8ef21b5e0a7,707b6ccf-c9d9-4c1d-97f4-516b572b2f9d,1697663717294022222
6a69421f-e399-4db8-897a-d8ef21b5e0a7,707b6ccf-c9d9-4c1d-97f4-516b572b2f9d,1697663717328866666
6a69421f-e399-4db8-897a-d8ef21b5e0a7,707b6ccf-c9d9-4c1d-97f4-516b572b2f9d,1697663717362133333
6a69421f-e399-4db8-897a-d8ef21b5e0a7,707b6ccf-c9d9-4c1d-97f4-516b572b2f9d,1697663717396266666
6a69421f-e399-4db8-897a-d8ef21b5e0a7,707b6ccf-c9d9-4c1d-97f4-516b572b2f9d,1697663717431611111
6a69421f-e399-4db8-897a-d8ef21b5e0a7,707b6ccf-c9d9-4c1d-97f4-516b572b2f9d,1697663717464122222
6a69421f-e399-4db8-897a-d8ef21b5e0a7,707b6ccf-c9d9-4c1d-97f4-516b572b2f9d,1697663717506788888
6a69421f-e399-4db8-897a-d8ef21b5e0a7,707b6ccf-c9d9-4c1d-97f4-516b572b2f9d,1697663717522044444
6a69421f-e399-4db8-897a-d8ef21b5e0a7,707b6ccf-c9d9-4c1d-97f4-516b572b2f9d,1697663717559066666
6a69421f-e399-4db8-897a-d8ef21b5e0a7,707b6ccf-c9d9-4c1d-97f4-516b572b2f9d,1697663717600533333
6a69421f-e399-4db8-897a-d8ef21b5e0a7,707b6ccf-c9d9-4c1d-97f4-516b572b2f9d,1697663717622677777
6a69421f-e399-4db8-897a-d8ef21b5e0a7,707b6ccf-c9d9-4c1d-97f4-516b572b2f9d,1697663717661333333
6a69421f-e399-4db8-897a-d8ef21b5e0a7,707b6ccf-c9d9-4c1d-97f4-516b572b2f9d,1697663717697011111
6a69421f-e399-4db8-897a-d8ef21b5e0a7,707b6ccf-c9d9-4c1d-97f4-516b572b2f9d,1697663717731477777
6a69421f-e399-4db8-897a-d8ef21b5e0a7,707b6ccf-c9d9-4c1d-97f4-516b572b2f9d,1697663717761133333
6a69421f-e399-4db8-897a-d8ef21b5e0a7,707b6ccf-c9d9-4c1d-97f4-516b572b2f9d,1697663717795544444
6a69421f-e399-4db8-897a-d8ef21b5e0a7,707b6ccf-c9d9-4c1d-97f4-516b572b2f9d,1697663717831966666
6a69421f-e399-4db8-897a-d8ef21b5e0a7,707b6ccf-c9d9-4c1d-97f4-516b572b2f9d,1697663717863333333
6a69421f-e399-4db8-897a-d8ef21b5e0a7,707b6ccf-c9d9-4c1d-97f4-516b572b2f9d,1697663717897833333
6a69421f-e399-4db8-897a-d8ef21b5e0a7,707b6ccf-c9d9-4c1d-97f4-516b572b2f9d,1697663717931577777
6a69421f-e399-4db8-897a-d8ef21b5e0a7,707b6ccf-c9d9-4c1d-97f4-516b572b2f9d,1697663717963744444
6a69421f-e399-4db8-897a-d8ef21b5e0a7,707b6ccf-c9d9-4c1d-97f4-516b572b2f9d,1697663717994911111
6a69421f-e399-4db8-897a-d8ef21b5e0a7,707b6ccf-c9d9-4c1d-97f4-516b572b2f9d,1697663718030444444
6a69421f-e399-4db8-897a-d8ef21b5e0a7,707b6ccf-c9d9-4c1d-97f4-516b572b2f9d,1697663718066777777
6a69421f-e399-4db8-897a-d8ef21b5e0a7,707b6ccf-c9d9-4c1d-97f4-516b572b2f9d,1697663718094588888
6a69421f-e399-4db8-897a-d8ef21b5e0a7,707b6ccf-c9d9-4c1d-97f4-516b572b2f9d,1697663718131200000
6a69421f-e399-4db8-897a-d8ef21b5e0a7,707b6ccf-c9d9-4c1d-97f4-516b572b2f9d,1697663718159533333
6a69421f-e399-4db8-897a-d8ef21b5e0a7,707b6ccf-c9d9-4c1d-97f4-516b572b2f9d,1697663718189433333
6a69421f-e399-4db8-897a-d8ef21b5e0a7,707b6ccf-c9d9-4c1d-97f4-516b572b2f9d,1697663718222822222
6a69421f-e399-4db8-897a-d8ef21b5e0a7,707b6ccf-c9d9-4c1d-97f4-516b572b2f9d,1697663718255555555
6a69421f-e399-4db8-897a-d8ef21b5e0a7,707b6ccf-c9d9-4c1d-97f4-516b572b2f9d,1697663718287177777
6a69421f-e399-4db8-897a-d8ef21b5e0a7,707b6ccf-c9d9-4c1d-97f4-516b572b2f9d,1697663718331355555
6a69421f-e399-4db8-897a-d8ef21b5e0a7,707b6ccf-c9d9-4c1d-97f4-516b572b2f9d,1697663718362744444
6a69421f-e399-4db8-897a-d8ef21b5e0a7,707b6ccf-c9d9-4c1d-97f4-516b572b2f9d,1697663718394244444
6a69421f-e399-4db8-897a-d8ef21b5e0a7,707b6ccf-c9d9-4c1d-97f4-516b572b2f9d,1697663718430400000
6a69421f-e399-4db8-897a-d8ef21b5e0a7,707b6ccf-c9d9-4c1d-97f4-516b572b2f9d,1697663718463600000
6a69421f-e399-4db8-897a-d8ef21b5e0a7,707b6ccf-c9d9-4c1d-97f4-516b572b2f9d,1697663718494900000
6a69421f-e399-4db8-897a-d8ef21b5e0a7,707b6ccf-c9d9-4c1d-97f4-516b572b2f9d,1697663718530388888
6a69421f-e399-4db8-897a-d8ef21b5e0a7,707b6ccf-c9d9-4c1d-97f4-516b572b2f9d,1697663718564100000
6a69421f-e399-4db8-897a-d8ef21b5e0a7,707b6ccf-c9d9-4c1d-97f4-516b572b2f9d,1697663718594944444
6a69421f-e399-4db8-897a-d8ef21b5e0a7,707b6ccf-c9d9-4c1d-97f4-516b572b2f9d,1697663718631122222
6a69421f-e399-4db8-897a-d8ef21b5e0a7,707b6ccf-c9d9-4c1d-97f4-516b572b2f9d,1697663718668944444
6a69421f-e399-4db8-897a-d8ef21b5e0a7,707b6ccf-c9d9-4c1d-97f4-516b572b2f9d,1697663718695766666
6a69421f-e399-4db8-897a-d8ef21b5e0a7,707b6ccf-c9d9-4c1d-97f4-516b572b2f9d,1697663718729700000
6a69421f-e399-4db8-897a-d8ef21b5e0a7,707b6ccf-c9d9-4c1d-97f4-516b572b2f9d,1697663718769144444
6a69421f-e399-4db8-897a-d8ef21b5e0a7,707b6ccf-c9d9-4c1d-97f4-516b572b2f9d,1697663718796422222
6a69421f-e399-4db8-897a-d8ef21b5e0a7,707b6ccf-c9d9-4c1d-97f4-516b572b2f9d,1697663718824844444
6a69421f-e399-4db8-897a-d8ef21b5e0a7,707b6ccf-c9d9-4c1d-97f4-516b572b2f9d,1697663718856233333
6a69421f-e399-4db8-897a-d8ef21b5e0a7,707b6ccf-c9d9-4c1d-97f4-516b572b2f9d,1697663718887422222
6a69421f-e399-4db8-897a-d8ef21b5e0a7,707b6ccf-c9d9-4c1d-97f4-516b572b2f9d,1697663718932677777
6a69421f-e399-4db8-897a-d8ef21b5e0a7,707b6ccf-c9d9-4c1d-97f4-516b572b2f9d,1697663718967911111
6a69421f-e399-4db8-897a-d8ef21b5e0a7,707b6ccf-c9d9-4c1d-97f4-516b572b2f9d,1697663718995755555
6a69421f-e399-4db8-897a-d8ef21b5e0a7,707b6ccf-c9d9-4c1d-97f4-516b572b2f9d,1697663719031011111
6a69421f-e399-4db8-897a-d8ef21b5e0a7,707b6ccf-c9d9-4c1d-97f4-516b572b2f9d,1697663719063577777
6a69421f-e399-4db8-897a-d8ef21b5e0a7,707b6ccf-c9d9-4c1d-97f4-516b572b2f9d,1697663719095488888
6a69421f-e399-4db8-897a-d8ef21b5e0a7,707b6ccf-c9d9-4c1d-97f4-516b572b2f9d,1697663719128000000
6a69421f-e399-4db8-897a-d8ef21b5e0a7,707b6ccf-c9d9-4c1d-97f4-516b572b2f9d,1697663719170977777
6a69421f-e399-4db8-897a-d8ef21b5e0a7,707b6ccf-c9d9-4c1d-97f4-516b572b2f9d,1697663719198733333
6a69421f-e399-4db8-897a-d8ef21b5e0a7,707b6ccf-c9d9-4c1d-97f4-516b572b2f9d,1697663719231944444
6a69421f-e399-4db8-897a-d8ef21b5e0a7,707b6ccf-c9d9-4c1d-97f4-516b572b2f9d,1697663719264377777
6a69421f-e399-4db8-897a-d8ef21b5e0a7,707b6ccf-c9d9-4c1d-97f4-516b572b2f9d,1697663719294800000
6a69421f-e399-4db8-897a-d8ef21b5e0a7,707b6ccf-c9d9-4c1d-97f4-516b572b2f9d,1697663719329411111
6a69421f-e399-4db8-897a-d8ef21b5e0a7,707b6ccf-c9d9-4c1d-97f4-516b572b2f9d,1697663719367222222
6a69421f-e399-4db8-897a-d8ef21b5e0a7,707b6ccf-c9d9-4c1d-97f4-516b572b2f9d,1697663719396200000
6a69421f-e399-4db8-897a-d8ef21b5e0a7,707b6ccf-c9d9-4c1d-97f4-516b572b2f9d,1697663719432633333
6a69421f-e399-4db8-897a-d8ef21b5e0a7,707b6ccf-c9d9-4c1d-97f4-516b572b2f9d,1697663719464811111
6a69421f-e399-4db8-897a-d8ef21b5e0a7,707b6ccf-c9d9-4c1d-97f4-516b572b2f9d,1697663719492200000
6a69421f-e399-4db8-897a-d8ef21b5e0a7,707b6ccf-c9d9-4c1d-97f4-516b572b2f9d,1697663719527644444
6a69421f-e399-4db8-897a-d8ef21b5e0a7,707b6ccf-c9d9-4c1d-97f4-516b572b2f9d,1697663719566833333
6a69421f-e399-4db8-897a-d8ef21b5e0a7,707b6ccf-c9d9-4c1d-97f4-516b572b2f9d,1697663719593244444
6a69421f-e399-4db8-897a-d8ef21b5e0a7,707b6ccf-c9d9-4c1d-97f4-516b572b2f9d,1697663719621811111
6a69421f-e399-4db8-897a-d8ef21b5e0a7,707b6ccf-c9d9-4c1d-97f4-516b572b2f9d,1697663719668222222
6a69421f-e399-4db8-897a-d8ef21b5e0a7,707b6ccf-c9d9-4c1d-97f4-516b572b2f9d,1697663719695566666
6a69421f-e399-4db8-897a-d8ef21b5e0a7,707b6ccf-c9d9-4c1d-97f4-516b572b2f9d,1697663719730755555
6a69421f-e399-4db8-897a-d8ef21b5e0a7,707b6ccf-c9d9-4c1d-97f4-516b572b2f9d,1697663719769344444
6a69421f-e399-4db8-897a-d8ef21b5e0a7,707b6ccf-c9d9-4c1d-97f4-516b572b2f9d,1697663719794277777
6a69421f-e399-4db8-897a-d8ef21b5e0a7,707b6ccf-c9d9-4c1d-97f4-516b572b2f9d,1697663719831433333
6a69421f-e399-4db8-897a-d8ef21b5e0a7,707b6ccf-c9d9-4c1d-97f4-516b572b2f9d,1697663719865855555
6a69421f-e399-4db8-897a-d8ef21b5e0a7,707b6ccf-c9d9-4c1d-97f4-516b572b2f9d,1697663719895222222
6a69421f-e399-4db8-897a-d8ef21b5e0a7,707b6ccf-c9d9-4c1d-97f4-516b572b2f9d,1697663719929311111
6a69421f-e399-4db8-897a-d8ef21b5e0a7,707b6ccf-c9d9-4c1d-97f4-516b572b2f9d,1697663719964666666
6a69421f-e399-4db8-897a-d8ef21b5e0a7,707b6ccf-c9d9-4c1d-97f4-516b572b2f9d,1697663719994611111
6a69421f-e399-4db8-897a-d8ef21b5e0a7,707b6ccf-c9d9-4c1d-97f4-516b572b2f9d,1697663720032200000
6a69421f-e399-4db8-897a-d8ef21b5e0a7,707b6ccf-c9d9-4c1d-97f4-516b572b2f9d,1697663720065655555
6a69421f-e399-4db8-897a-d8ef21b5e0a7,707b6ccf-c9d9-4c1d-97f4-516b572b2f9d,1697663720094300000
6a69421f-e399-4db8-897a-d8ef21b5e0a7,707b6ccf-c9d9-4c1d-97f4-516b572b2f9d,1697663720138700000
6a69421f-e399-4db8-897a-d8ef21b5e0a7,707b6ccf-c9d9-4c1d-97f4-516b572b2f9d,1697663720155055555
6a69421f-e399-4db8-897a-d8ef21b5e0a7,707b6ccf-c9d9-4c1d-97f4-516b572b2f9d,1697663720189800000
6a69421f-e399-4db8-897a-d8ef21b5e0a7,707b6ccf-c9d9-4c1d-97f4-516b572b2f9d,1697663720237266666
6a69421f-e399-4db8-897a-d8ef21b5e0a7,707b6ccf-c9d9-4c1d-97f4-516b572b2f9d,1697663720269611111
6a69421f-e399-4db8-897a-d8ef21b5e0a7,707b6ccf-c9d9-4c1d-97f4-516b572b2f9d,1697663720296566666
6a69421f-e399-4db8-897a-d8ef21b5e0a7,707b6ccf-c9d9-4c1d-97f4-516b572b2f9d,1697663720329100000
6a69421f-e399-4db8-897a-d8ef21b5e0a7,707b6ccf-c9d9-4c1d-97f4-516b572b2f9d,1697663720364711111
6a69421f-e399-4db8-897a-d8ef21b5e0a7,707b6ccf-c9d9-4c1d-97f4-516b572b2f9d,1697663720394955555
6a69421f-e399-4db8-897a-d8ef21b5e0a7,707b6ccf-c9d9-4c1d-97f4-516b572b2f9d,1697663720426088888
6a69421f-e399-4db8-897a-d8ef21b5e0a7,707b6ccf-c9d9-4c1d-97f4-516b572b2f9d,1697663720464544444
6a69421f-e399-4db8-897a-d8ef21b5e0a7,707b6ccf-c9d9-4c1d-97f4-516b572b2f9d,1697663720493044444
6a69421f-e399-4db8-897a-d8ef21b5e0a7,707b6ccf-c9d9-4c1d-97f4-516b572b2f9d,1697663720526777777
6a69421f-e399-4db8-897a-d8ef21b5e0a7,707b6ccf-c9d9-4c1d-97f4-516b572b2f9d,1697663720564300000
6a69421f-e399-4db8-897a-d8ef21b5e0a7,707b6ccf-c9d9-4c1d-97f4-516b572b2f9d,1697663720595600000
6a69421f-e399-4db8-897a-d8ef21b5e0a7,707b6ccf-c9d9-4c1d-97f4-516b572b2f9d,1697663720626600000
6a69421f-e399-4db8-897a-d8ef21b5e0a7,707b6ccf-c9d9-4c1d-97f4-516b572b2f9d,1697663720666388888
6a69421f-e399-4db8-897a-d8ef21b5e0a7,707b6ccf-c9d9-4c1d-97f4-516b572b2f9d,1697663720695233333
6a69421f-e399-4db8-897a-d8ef21b5e0a7,707b6ccf-c9d9-4c1d-97f4-516b572b2f9d,1697663720730177777
6a69421f-e399-4db8-897a-d8ef21b5e0a7,707b6ccf-c9d9-4c1d-97f4-516b572b2f9d,1697663720764244444
6a69421f-e399-4db8-897a-d8ef21b5e0a7,707b6ccf-c9d9-4c1d-97f4-516b572b2f9d,1697663720806988888
6a69421f-e399-4db8-897a-d8ef21b5e0a7,707b6ccf-c9d9-4c1d-97f4-516b572b2f9d,1697663720819366666
6a69421f-e399-4db8-897a-d8ef21b5e0a7,707b6ccf-c9d9-4c1d-97f4-516b572b2f9d,1697663720854122222
6a69421f-e399-4db8-897a-d8ef21b5e0a7,707b6ccf-c9d9-4c1d-97f4-516b572b2f9d,1697663720890666666
6a69421f-e399-4db8-897a-d8ef21b5e0a7,707b6ccf-c9d9-4c1d-97f4-516b572b2f9d,1697663720920344444
6a69421f-e399-4db8-897a-d8ef21b5e0a7,707b6ccf-c9d9-4c1d-97f4-516b572b2f9d,1697663720963522222
6a69421f-e399-4db8-897a-d8ef21b5e0a7,707b6ccf-c9d9-4c1d-97f4-516b572b2f9d,1697663720994033333
6a69421f-e399-4db8-897a-d8ef21b5e0a7,707b6ccf-c9d9-4c1d-97f4-516b572b2f9d,1697663721025455555
6a69421f-e399-4db8-897a-d8ef21b5e0a7,707b6ccf-c9d9-4c1d-97f4-516b572b2f9d,1697663721062600000
6a69421f-e399-4db8-897a-d8ef21b5e0a7,707b6ccf-c9d9-4c1d-97f4-516b572b2f9d,1697663721095077777
6a69421f-e399-4db8-897a-d8ef21b5e0a7,707b6ccf-c9d9-4c1d-97f4-516b572b2f9d,1697663721127833333
6a69421f-e399-4db8-897a-d8ef21b5e0a7,707b6ccf-c9d9-4c1d-97f4-516b572b2f9d,1697663721166033333
6a69421f-e399-4db8-897a-d8ef21b5e0a7,707b6ccf-c9d9-4c1d-97f4-516b572b2f9d,1697663721197044444
6a69421f-e399-4db8-897a-d8ef21b5e0a7,707b6ccf-c9d9-4c1d-97f4-516b572b2f9d,1697663721225366666
6a69421f-e399-4db8-897a-d8ef21b5e0a7,707b6ccf-c9d9-4c1d-97f4-516b572b2f9d,1697663721262700000
6a69421f-e399-4db8-897a-d8ef21b5e0a7,707b6ccf-c9d9-4c1d-97f4-516b572b2f9d,1697663721295277777
6a69421f-e399-4db8-897a-d8ef21b5e0a7,707b6ccf-c9d9-4c1d-97f4-516b572b2f9d,1697663721326511111
6a69421f-e399-4db8-897a-d8ef21b5e0a7,707b6ccf-c9d9-4c1d-97f4-516b572b2f9d,1697663721364866666
6a69421f-e399-4db8-897a-d8ef21b5e0a7,707b6ccf-c9d9-4c1d-97f4-516b572b2f9d,1697663721396133333
6a69421f-e399-4db8-897a-d8ef21b5e0a7,707b6ccf-c9d9-4c1d-97f4-516b572b2f9d,1697663721425711111
6a69421f-e399-4db8-897a-d8ef21b5e0a7,707b6ccf-c9d9-4c1d-97f4-516b572b2f9d,1697663721464211111
6a69421f-e399-4db8-897a-d8ef21b5e0a7,707b6ccf-c9d9-4c1d-97f4-516b572b2f9d,1697663721503300000
6a69421f-e399-4db8-897a-d8ef21b5e0a7,707b6ccf-c9d9-4c1d-97f4-516b572b2f9d,1697663721521722222
6a69421f-e399-4db8-897a-d8ef21b5e0a7,707b6ccf-c9d9-4c1d-97f4-516b572b2f9d,1697663721557411111
6a69421f-e399-4db8-897a-d8ef21b5e0a7,707b6ccf-c9d9-4c1d-97f4-516b572b2f9d,1697663721589622222
6a69421f-e399-4db8-897a-d8ef21b5e0a7,707b6ccf-c9d9-4c1d-97f4-516b572b2f9d,1697663721618255555
6a69421f-e399-4db8-897a-d8ef21b5e0a7,707b6ccf-c9d9-4c1d-97f4-516b572b2f9d,1697663721665700000
6a69421f-e399-4db8-897a-d8ef21b5e0a7,707b6ccf-c9d9-4c1d-97f4-516b572b2f9d,1697663721697922222
6a69421f-e399-4db8-897a-d8ef21b5e0a7,707b6ccf-c9d9-4c1d-97f4-516b572b2f9d,1697663721729500000
6a69421f-e399-4db8-897a-d8ef21b5e0a7,707b6ccf-c9d9-4c1d-97f4-516b572b2f9d,1697663721766777777
6a69421f-e399-4db8-897a-d8ef21b5e0a7,707b6ccf-c9d9-4c1d-97f4-516b572b2f9d,1697663721795511111
6a69421f-e399-4db8-897a-d8ef21b5e0a7,707b6ccf-c9d9-4c1d-97f4-516b572b2f9d,1697663721827166666
6a69421f-e399-4db8-897a-d8ef21b5e0a7,707b6ccf-c9d9-4c1d-97f4-516b572b2f9d,1697663721864044444
6a69421f-e399-4db8-897a-d8ef21b5e0a7,707b6ccf-c9d9-4c1d-97f4-516b572b2f9d,1697663721897355555
6a69421f-e399-4db8-897a-d8ef21b5e0a7,707b6ccf-c9d9-4c1d-97f4-516b572b2f9d,1697663721928644444
6a69421f-e399-4db8-897a-d8ef21b5e0a7,707b6ccf-c9d9-4c1d-97f4-516b572b2f9d,1697663721966355555
6a69421f-e399-4db8-897a-d8ef21b5e0a7,707b6ccf-c9d9-4c1d-97f4-516b572b2f9d,1697663721993622222
6a69421f-e399-4db8-897a-d8ef21b5e0a7,707b6ccf-c9d9-4c1d-97f4-516b572b2f9d,1697663722027777777
6a69421f-e399-4db8-897a-d8ef21b5e0a7,707b6ccf-c9d9-4c1d-97f4-516b572b2f9d,1697663722065611111
6a69421f-e399-4db8-897a-d8ef21b5e0a7,707b6ccf-c9d9-4c1d-97f4-516b572b2f9d,1697663722096733333
6a69421f-e399-4db8-897a-d8ef21b5e0a7,707b6ccf-c9d9-4c1d-97f4-516b572b2f9d,1697663722133877777
6a69421f-e399-4db8-897a-d8ef21b5e0a7,707b6ccf-c9d9-4c1d-97f4-516b572b2f9d,1697663722155666666
6a69421f-e399-4db8-897a-d8ef21b5e0a7,707b6ccf-c9d9-4c1d-97f4-516b572b2f9d,1697663722189533333
6a69421f-e399-4db8-897a-d8ef21b5e0a7,707b6ccf-c9d9-4c1d-97f4-516b572b2f9d,1697663722222811111
6a69421f-e399-4db8-897a-d8ef21b5e0a7,707b6ccf-c9d9-4c1d-97f4-516b572b2f9d,1697663722259488888
6a69421f-e399-4db8-897a-d8ef21b5e0a7,707b6ccf-c9d9-4c1d-97f4-516b572b2f9d,1697663722285066666
6a69421f-e399-4db8-897a-d8ef21b5e0a7,707b6ccf-c9d9-4c1d-97f4-516b572b2f9d,1697663722329288888
6a69421f-e399-4db8-897a-d8ef21b5e0a7,707b6ccf-c9d9-4c1d-97f4-516b572b2f9d,1697663722364833333
6a69421f-e399-4db8-897a-d8ef21b5e0a7,707b6ccf-c9d9-4c1d-97f4-516b572b2f9d,1697663722395544444
6a69421f-e399-4db8-897a-d8ef21b5e0a7,707b6ccf-c9d9-4c1d-97f4-516b572b2f9d,1697663722424788888
6a69421f-e399-4db8-897a-d8ef21b5e0a7,707b6ccf-c9d9-4c1d-97f4-516b572b2f9d,1697663722461400000
6a69421f-e399-4db8-897a-d8ef21b5e0a7,707b6ccf-c9d9-4c1d-97f4-516b572b2f9d,1697663722493444444
6a69421f-e399-4db8-897a-d8ef21b5e0a7,707b6ccf-c9d9-4c1d-97f4-516b572b2f9d,1697663722524944444
6a69421f-e399-4db8-897a-d8ef21b5e0a7,707b6ccf-c9d9-4c1d-97f4-516b572b2f9d,1697663722562088888
6a69421f-e399-4db8-897a-d8ef21b5e0a7,707b6ccf-c9d9-4c1d-97f4-516b572b2f9d,1697663722593988888
6a69421f-e399-4db8-897a-d8ef21b5e0a7,707b6ccf-c9d9-4c1d-97f4-516b572b2f9d,1697663722628022222
6a69421f-e399-4db8-897a-d8ef21b5e0a7,707b6ccf-c9d9-4c1d-97f4-516b572b2f9d,1697663722664122222
6a69421f-e399-4db8-897a-d8ef21b5e0a7,707b6ccf-c9d9-4c1d-97f4-516b572b2f9d,1697663722697111111
6a69421f-e399-4db8-897a-d8ef21b5e0a7,707b6ccf-c9d9-4c1d-97f4-516b572b2f9d,1697663722728944444
6a69421f-e399-4db8-897a-d8ef21b5e0a7,707b6ccf-c9d9-4c1d-97f4-516b572b2f9d,1697663722763666666
6a69421f-e399-4db8-897a-d8ef21b5e0a7,707b6ccf-c9d9-4c1d-97f4-516b572b2f9d,1697663722806366666
6a69421f-e399-4db8-897a-d8ef21b5e0a7,707b6ccf-c9d9-4c1d-97f4-516b572b2f9d,1697663722820688888
6a69421f-e399-4db8-897a-d8ef21b5e0a7,707b6ccf-c9d9-4c1d-97f4-516b572b2f9d,1697663722860311111
6a69421f-e399-4db8-897a-d8ef21b5e0a7,707b6ccf-c9d9-4c1d-97f4-516b572b2f9d,1697663722886022222
6a69421f-e399-4db8-897a-d8ef21b5e0a7,707b6ccf-c9d9-4c1d-97f4-516b572b2f9d,1697663722920566666
6a69421f-e399-4db8-897a-d8ef21b5e0a7,707b6ccf-c9d9-4c1d-97f4-516b572b2f9d,1697663722964366666
6a69421f-e399-4db8-897a-d8ef21b5e0a7,707b6ccf-c9d9-4c1d-97f4-516b572b2f9d,1697663722997066666
6a69421f-e399-4db8-897a-d8ef21b5e0a7,707b6ccf-c9d9-4c1d-97f4-516b572b2f9d,1697663723027055555
6a69421f-e399-4db8-897a-d8ef21b5e0a7,707b6ccf-c9d9-4c1d-97f4-516b572b2f9d,1697663723067455555
6a69421f-e399-4db8-897a-d8ef21b5e0a7,707b6ccf-c9d9-4c1d-97f4-516b572b2f9d,1697663723097188888
6a69421f-e399-4db8-897a-d8ef21b5e0a7,707b6ccf-c9d9-4c1d-97f4-516b572b2f9d,1697663723127622222
6a69421f-e399-4db8-897a-d8ef21b5e0a7,707b6ccf-c9d9-4c1d-97f4-516b572b2f9d,1697663723166744444
6a69421f-e399-4db8-897a-d8ef21b5e0a7,707b6ccf-c9d9-4c1d-97f4-516b572b2f9d,1697663723196688888
6a69421f-e399-4db8-897a-d8ef21b5e0a7,707b6ccf-c9d9-4c1d-97f4-516b572b2f9d,1697663723229066666
6a69421f-e399-4db8-897a-d8ef21b5e0a7,707b6ccf-c9d9-4c1d-97f4-516b572b2f9d,1697663723263388888
6a69421f-e399-4db8-897a-d8ef21b5e0a7,707b6ccf-c9d9-4c1d-97f4-516b572b2f9d,1697663723296077777
6a69421f-e399-4db8-897a-d8ef21b5e0a7,707b6ccf-c9d9-4c1d-97f4-516b572b2f9d,1697663723325833333
6a69421f-e399-4db8-897a-d8ef21b5e0a7,707b6ccf-c9d9-4c1d-97f4-516b572b2f9d,1697663723362777777
6a69421f-e399-4db8-897a-d8ef21b5e0a7,707b6ccf-c9d9-4c1d-97f4-516b572b2f9d,1697663723396455555
6a69421f-e399-4db8-897a-d8ef21b5e0a7,707b6ccf-c9d9-4c1d-97f4-516b572b2f9d,1697663723427433333
6a69421f-e399-4db8-897a-d8ef21b5e0a7,707b6ccf-c9d9-4c1d-97f4-516b572b2f9d,1697663723461177777
6a69421f-e399-4db8-897a-d8ef21b5e0a7,707b6ccf-c9d9-4c1d-97f4-516b572b2f9d,1697663723486111111
6a69421f-e399-4db8-897a-d8ef21b5e0a7,707b6ccf-c9d9-4c1d-97f4-516b572b2f9d,1697663723524133333
6a69421f-e399-4db8-897a-d8ef21b5e0a7,707b6ccf-c9d9-4c1d-97f4-516b572b2f9d,1697663723555244444
6a69421f-e399-4db8-897a-d8ef21b5e0a7,707b6ccf-c9d9-4c1d-97f4-516b572b2f9d,1697663723592533333
6a69421f-e399-4db8-897a-d8ef21b5e0a7,707b6ccf-c9d9-4c1d-97f4-516b572b2f9d,1697663723629833333
6a69421f-e399-4db8-897a-d8ef21b5e0a7,707b6ccf-c9d9-4c1d-97f4-516b572b2f9d,1697663723663300000
6a69421f-e399-4db8-897a-d8ef21b5e0a7,707b6ccf-c9d9-4c1d-97f4-516b572b2f9d,1697663723696722222
6a69421f-e399-4db8-897a-d8ef21b5e0a7,707b6ccf-c9d9-4c1d-97f4-516b572b2f9d,1697663723727511111
6a69421f-e399-4db8-897a-d8ef21b5e0a7,707b6ccf-c9d9-4c1d-97f4-516b572b2f9d,1697663723762066666
6a69421f-e399-4db8-897a-d8ef21b5e0a7,707b6ccf-c9d9-4c1d-97f4-516b572b2f9d,1697663723801755555
6a69421f-e399-4db8-897a-d8ef21b5e0a7,707b6ccf-c9d9-4c1d-97f4-516b572b2f9d,1697663723830677777
6a69421f-e399-4db8-897a-d8ef21b5e0a7,707b6ccf-c9d9-4c1d-97f4-516b572b2f9d,1697663723859700000
6a69421f-e399-4db8-897a-d8ef21b5e0a7,707b6ccf-c9d9-4c1d-97f4-516b572b2f9d,1697663723898122222
6a69421f-e399-4db8-897a-d8ef21b5e0a7,707b6ccf-c9d9-4c1d-97f4-516b572b2f9d,1697663723929155555
6a69421f-e399-4db8-897a-d8ef21b5e0a7,707b6ccf-c9d9-4c1d-97f4-516b572b2f9d,1697663723959722222
6a69421f-e399-4db8-897a-d8ef21b5e0a7,707b6ccf-c9d9-4c1d-97f4-516b572b2f9d,1697663723998822222
6a69421f-e399-4db8-897a-d8ef21b5e0a7,707b6ccf-c9d9-4c1d-97f4-516b572b2f9d,1697663724029644444
6a69421f-e399-4db8-897a-d8ef21b5e0a7,707b6ccf-c9d9-4c1d-97f4-516b572b2f9d,1697663724062600000
6a69421f-e399-4db8-897a-d8ef21b5e0a7,707b6ccf-c9d9-4c1d-97f4-516b572b2f9d,1697663724091366666
6a69421f-e399-4db8-897a-d8ef21b5e0a7,707b6ccf-c9d9-4c1d-97f4-516b572b2f9d,1697663724133200000
6a69421f-e399-4db8-897a-d8ef21b5e0a7,707b6ccf-c9d9-4c1d-97f4-516b572b2f9d,1697663724154088888
6a69421f-e399-4db8-897a-d8ef21b5e0a7,707b6ccf-c9d9-4c1d-97f4-516b572b2f9d,1697663724191155555
6a69421f-e399-4db8-897a-d8ef21b5e0a7,707b6ccf-c9d9-4c1d-97f4-516b572b2f9d,1697663724225277777
6a69421f-e399-4db8-897a-d8ef21b5e0a7,707b6ccf-c9d9-4c1d-97f4-516b572b2f9d,1697663724268500000
6a69421f-e399-4db8-897a-d8ef21b5e0a7,707b6ccf-c9d9-4c1d-97f4-516b572b2f9d,1697663724288922222
6a69421f-e399-4db8-897a-d8ef21b5e0a7,707b6ccf-c9d9-4c1d-97f4-516b572b2f9d,1697663724328844444
6a69421f-e399-4db8-897a-d8ef21b5e0a7,707b6ccf-c9d9-4c1d-97f4-516b572b2f9d,1697663724359233333
6a69421f-e399-4db8-897a-d8ef21b5e0a7,707b6ccf-c9d9-4c1d-97f4-516b572b2f9d,1697663724397311111
6a69421f-e399-4db8-897a-d8ef21b5e0a7,707b6ccf-c9d9-4c1d-97f4-516b572b2f9d,1697663724426177777
6a69421f-e399-4db8-897a-d8ef21b5e0a7,707b6ccf-c9d9-4c1d-97f4-516b572b2f9d,1697663724462211111
6a69421f-e399-4db8-897a-d8ef21b5e0a7,707b6ccf-c9d9-4c1d-97f4-516b572b2f9d,1697663724495344444
6a69421f-e399-4db8-897a-d8ef21b5e0a7,707b6ccf-c9d9-4c1d-97f4-516b572b2f9d,1697663724529655555
6a69421f-e399-4db8-897a-d8ef21b5e0a7,707b6ccf-c9d9-4c1d-97f4-516b572b2f9d,1697663724559244444
6a69421f-e399-4db8-897a-d8ef21b5e0a7,707b6ccf-c9d9-4c1d-97f4-516b572b2f9d,1697663724595044444
6a69421f-e399-4db8-897a-d8ef21b5e0a7,707b6ccf-c9d9-4c1d-97f4-516b572b2f9d,1697663724628977777
6a69421f-e399-4db8-897a-d8ef21b5e0a7,707b6ccf-c9d9-4c1d-97f4-516b572b2f9d,1697663724660333333
6a69421f-e399-4db8-897a-d8ef21b5e0a7,707b6ccf-c9d9-4c1d-97f4-516b572b2f9d,1697663724690800000
6a69421f-e399-4db8-897a-d8ef21b5e0a7,707b6ccf-c9d9-4c1d-97f4-516b572b2f9d,1697663724728155555
6a69421f-e399-4db8-897a-d8ef21b5e0a7,707b6ccf-c9d9-4c1d-97f4-516b572b2f9d,1697663724758688888
6a69421f-e399-4db8-897a-d8ef21b5e0a7,707b6ccf-c9d9-4c1d-97f4-516b572b2f9d,1697663724791233333
6a69421f-e399-4db8-897a-d8ef21b5e0a7,707b6ccf-c9d9-4c1d-97f4-516b572b2f9d,1697663724818900000
6a69421f-e399-4db8-897a-d8ef21b5e0a7,707b6ccf-c9d9-4c1d-97f4-516b572b2f9d,1697663724854988888
6a69421f-e399-4db8-897a-d8ef21b5e0a7,707b6ccf-c9d9-4c1d-97f4-516b572b2f9d,1697663724888800000
6a69421f-e399-4db8-897a-d8ef21b5e0a7,707b6ccf-c9d9-4c1d-97f4-516b572b2f9d,1697663724918144444
6a69421f-e399-4db8-897a-d8ef21b5e0a7,707b6ccf-c9d9-4c1d-97f4-516b572b2f9d,1697663724949666666
6a69421f-e399-4db8-897a-d8ef21b5e0a7,707b6ccf-c9d9-4c1d-97f4-516b572b2f9d,1697663724997655555
6a69421f-e399-4db8-897a-d8ef21b5e0a7,707b6ccf-c9d9-4c1d-97f4-516b572b2f9d,1697663725028344444
6a69421f-e399-4db8-897a-d8ef21b5e0a7,707b6ccf-c9d9-4c1d-97f4-516b572b2f9d,1697663725060377777
6a69421f-e399-4db8-897a-d8ef21b5e0a7,707b6ccf-c9d9-4c1d-97f4-516b572b2f9d,1697663725095733333
6a69421f-e399-4db8-897a-d8ef21b5e0a7,707b6ccf-c9d9-4c1d-97f4-516b572b2f9d,1697663725128733333
6a69421f-e399-4db8-897a-d8ef21b5e0a7,707b6ccf-c9d9-4c1d-97f4-516b572b2f9d,1697663725156733333
6a69421f-e399-4db8-897a-d8ef21b5e0a7,707b6ccf-c9d9-4c1d-97f4-516b572b2f9d,1697663725197444444
6a69421f-e399-4db8-897a-d8ef21b5e0a7,707b6ccf-c9d9-4c1d-97f4-516b572b2f9d,1697663725227733333
6a69421f-e399-4db8-897a-d8ef21b5e0a7,707b6ccf-c9d9-4c1d-97f4-516b572b2f9d,1697663725268544444
6a69421f-e399-4db8-897a-d8ef21b5e0a7,707b6ccf-c9d9-4c1d-97f4-516b572b2f9d,1697663725293533333
6a69421f-e399-4db8-897a-d8ef21b5e0a7,707b6ccf-c9d9-4c1d-97f4-516b572b2f9d,1697663725325422222
6a69421f-e399-4db8-897a-d8ef21b5e0a7,707b6ccf-c9d9-4c1d-97f4-516b572b2f9d,1697663725360844444
6a69421f-e399-4db8-897a-d8ef21b5e0a7,707b6ccf-c9d9-4c1d-97f4-516b572b2f9d,1697663725396444444
6a69421f-e399-4db8-897a-d8ef21b5e0a7,707b6ccf-c9d9-4c1d-97f4-516b572b2f9d,1697663725427355555
6a69421f-e399-4db8-897a-d8ef21b5e0a7,707b6ccf-c9d9-4c1d-97f4-516b572b2f9d,1697663725457011111
6a69421f-e399-4db8-897a-d8ef21b5e0a7,707b6ccf-c9d9-4c1d-97f4-516b572b2f9d,1697663725491544444
6a69421f-e399-4db8-897a-d8ef21b5e0a7,707b6ccf-c9d9-4c1d-97f4-516b572b2f9d,1697663725521166666
6a69421f-e399-4db8-897a-d8ef21b5e0a7,707b6ccf-c9d9-4c1d-97f4-516b572b2f9d,1697663725570622222
6a69421f-e399-4db8-897a-d8ef21b5e0a7,707b6ccf-c9d9-4c1d-97f4-516b572b2f9d,1697663725604022222
6a69421f-e399-4db8-897a-d8ef21b5e0a7,707b6ccf-c9d9-4c1d-97f4-516b572b2f9d,1697663725617777777
6a69421f-e399-4db8-897a-d8ef21b5e0a7,707b6ccf-c9d9-4c1d-97f4-516b572b2f9d,1697663725657733333
6a69421f-e399-4db8-897a-d8ef21b5e0a7,707b6ccf-c9d9-4c1d-97f4-516b572b2f9d,1697663725695566666
6a69421f-e399-4db8-897a-d8ef21b5e0a7,707b6ccf-c9d9-4c1d-97f4-516b572b2f9d,1697663725727311111
6a69421f-e399-4db8-897a-d8ef21b5e0a7,707b6ccf-c9d9-4c1d-97f4-516b572b2f9d,1697663725760977777
6a69421f-e399-4db8-897a-d8ef21b5e0a7,707b6ccf-c9d9-4c1d-97f4-516b572b2f9d,1697663725792222222
6a69421f-e399-4db8-897a-d8ef21b5e0a7,707b6ccf-c9d9-4c1d-97f4-516b572b2f9d,1697663725827044444
6a69421f-e399-4db8-897a-d8ef21b5e0a7,707b6ccf-c9d9-4c1d-97f4-516b572b2f9d,1697663725862433333
6a69421f-e399-4db8-897a-d8ef21b5e0a7,707b6ccf-c9d9-4c1d-97f4-516b572b2f9d,1697663725897344444
6a69421f-e399-4db8-897a-d8ef21b5e0a7,707b6ccf-c9d9-4c1d-97f4-516b572b2f9d,1697663725928066666
6a69421f-e399-4db8-897a-d8ef21b5e0a7,707b6ccf-c9d9-4c1d-97f4-516b572b2f9d,1697663725959955555
6a69421f-e399-4db8-897a-d8ef21b5e0a7,707b6ccf-c9d9-4c1d-97f4-516b572b2f9d,1697663725995511111
6a69421f-e399-4db8-897a-d8ef21b5e0a7,707b6ccf-c9d9-4c1d-97f4-516b572b2f9d,1697663726027155555
6a69421f-e399-4db8-897a-d8ef21b5e0a7,707b6ccf-c9d9-4c1d-97f4-516b572b2f9d,1697663726058455555
6a69421f-e399-4db8-897a-d8ef21b5e0a7,707b6ccf-c9d9-4c1d-97f4-516b572b2f9d,1697663726099200000
6a69421f-e399-4db8-897a-d8ef21b5e0a7,707b6ccf-c9d9-4c1d-97f4-516b572b2f9d,1697663726121588888
6a69421f-e399-4db8-897a-d8ef21b5e0a7,707b6ccf-c9d9-4c1d-97f4-516b572b2f9d,1697663726152977777
6a69421f-e399-4db8-897a-d8ef21b5e0a7,707b6ccf-c9d9-4c1d-97f4-516b572b2f9d,1697663726191044444
6a69421f-e399-4db8-897a-d8ef21b5e0a7,707b6ccf-c9d9-4c1d-97f4-516b572b2f9d,1697663726224200000
6a69421f-e399-4db8-897a-d8ef21b5e0a7,707b6ccf-c9d9-4c1d-97f4-516b572b2f9d,1697663726262366666
6a69421f-e399-4db8-897a-d8ef21b5e0a7,707b6ccf-c9d9-4c1d-97f4-516b572b2f9d,1697663726286655555
6a69421f-e399-4db8-897a-d8ef21b5e0a7,707b6ccf-c9d9-4c1d-97f4-516b572b2f9d,1697663726328877777
6a69421f-e399-4db8-897a-d8ef21b5e0a7,707b6ccf-c9d9-4c1d-97f4-516b572b2f9d,1697663726359244444
6a69421f-e399-4db8-897a-d8ef21b5e0a7,707b6ccf-c9d9-4c1d-97f4-516b572b2f9d,1697663726395700000
6a69421f-e399-4db8-897a-d8ef21b5e0a7,707b6ccf-c9d9-4c1d-97f4-516b572b2f9d,1697663726428044444
6a69421f-e399-4db8-897a-d8ef21b5e0a7,707b6ccf-c9d9-4c1d-97f4-516b572b2f9d,1697663726458833333
6a69421f-e399-4db8-897a-d8ef21b5e0a7,707b6ccf-c9d9-4c1d-97f4-516b572b2f9d,1697663726496966666
6a69421f-e399-4db8-897a-d8ef21b5e0a7,707b6ccf-c9d9-4c1d-97f4-516b572b2f9d,1697663726530166666
6a69421f-e399-4db8-897a-d8ef21b5e0a7,707b6ccf-c9d9-4c1d-97f4-516b572b2f9d,1697663726560044444
6a69421f-e399-4db8-897a-d8ef21b5e0a7,707b6ccf-c9d9-4c1d-97f4-516b572b2f9d,1697663726593344444
6a69421f-e399-4db8-897a-d8ef21b5e0a7,707b6ccf-c9d9-4c1d-97f4-516b572b2f9d,1697663726630877777
6a69421f-e399-4db8-897a-d8ef21b5e0a7,707b6ccf-c9d9-4c1d-97f4-516b572b2f9d,1697663726662933333
6a69421f-e399-4db8-897a-d8ef21b5e0a7,707b6ccf-c9d9-4c1d-97f4-516b572b2f9d,1697663726697377777
6a69421f-e399-4db8-897a-d8ef21b5e0a7,707b6ccf-c9d9-4c1d-97f4-516b572b2f9d,1697663726728522222
6a69421f-e399-4db8-897a-d8ef21b5e0a7,707b6ccf-c9d9-4c1d-97f4-516b572b2f9d,1697663726761144444
6a69421f-e399-4db8-897a-d8ef21b5e0a7,707b6ccf-c9d9-4c1d-97f4-516b572b2f9d,1697663726801711111
6a69421f-e399-4db8-897a-d8ef21b5e0a7,707b6ccf-c9d9-4c1d-97f4-516b572b2f9d,1697663726817988888
6a69421f-e399-4db8-897a-d8ef21b5e0a7,707b6ccf-c9d9-4c1d-97f4-516b572b2f9d,1697663726851777777
6a69421f-e399-4db8-897a-d8ef21b5e0a7,707b6ccf-c9d9-4c1d-97f4-516b572b2f9d,1697663726882766666
6a69421f-e399-4db8-897a-d8ef21b5e0a7,707b6ccf-c9d9-4c1d-97f4-516b572b2f9d,1697663726926644444
6a69421f-e399-4db8-897a-d8ef21b5e0a7,707b6ccf-c9d9-4c1d-97f4-516b572b2f9d,1697663726962144444
6a69421f-e399-4db8-897a-d8ef21b5e0a7,707b6ccf-c9d9-4c1d-97f4-516b572b2f9d,1697663726985577777
6a69421f-e399-4db8-897a-d8ef21b5e0a7,707b6ccf-c9d9-4c1d-97f4-516b572b2f9d,1697663727029111111
6a69421f-e399-4db8-897a-d8ef21b5e0a7,707b6ccf-c9d9-4c1d-97f4-516b572b2f9d,1697663727058988888
6a69421f-e399-4db8-897a-d8ef21b5e0a7,707b6ccf-c9d9-4c1d-97f4-516b572b2f9d,1697663727091611111
6a69421f-e399-4db8-897a-d8ef21b5e0a7,707b6ccf-c9d9-4c1d-97f4-516b572b2f9d,1697663727127466666
6a69421f-e399-4db8-897a-d8ef21b5e0a7,707b6ccf-c9d9-4c1d-97f4-516b572b2f9d,1697663727159511111
6a69421f-e399-4db8-897a-d8ef21b5e0a7,707b6ccf-c9d9-4c1d-97f4-516b572b2f9d,1697663727187344444
6a69421f-e399-4db8-897a-d8ef21b5e0a7,707b6ccf-c9d9-4c1d-97f4-516b572b2f9d,1697663727226833333
6a69421f-e399-4db8-897a-d8ef21b5e0a7,707b6ccf-c9d9-4c1d-97f4-516b572b2f9d,1697663727259633333
6a69421f-e399-4db8-897a-d8ef21b5e0a7,707b6ccf-c9d9-4c1d-97f4-516b572b2f9d,1697663727290855555
6a69421f-e399-4db8-897a-d8ef21b5e0a7,707b6ccf-c9d9-4c1d-97f4-516b572b2f9d,1697663727330244444
6a69421f-e399-4db8-897a-d8ef21b5e0a7,707b6ccf-c9d9-4c1d-97f4-516b572b2f9d,1697663727364388888
6a69421f-e399-4db8-897a-d8ef21b5e0a7,707b6ccf-c9d9-4c1d-97f4-516b572b2f9d,1697663727392833333
6a69421f-e399-4db8-897a-d8ef21b5e0a7,707b6ccf-c9d9-4c1d-97f4-516b572b2f9d,1697663727427144444
6a69421f-e399-4db8-897a-d8ef21b5e0a7,707b6ccf-c9d9-4c1d-97f4-516b572b2f9d,1697663727464288888
6a69421f-e399-4db8-897a-d8ef21b5e0a7,707b6ccf-c9d9-4c1d-97f4-516b572b2f9d,1697663727482633333
6a69421f-e399-4db8-897a-d8ef21b5e0a7,707b6ccf-c9d9-4c1d-97f4-516b572b2f9d,1697663727521288888
6a69421f-e399-4db8-897a-d8ef21b5e0a7,707b6ccf-c9d9-4c1d-97f4-516b572b2f9d,1697663727553800000
6a69421f-e399-4db8-897a-d8ef21b5e0a7,707b6ccf-c9d9-4c1d-97f4-516b572b2f9d,1697663727588944444
6a69421f-e399-4db8-897a-d8ef21b5e0a7,707b6ccf-c9d9-4c1d-97f4-516b572b2f9d,1697663727617433333
6a69421f-e399-4db8-897a-d8ef21b5e0a7,707b6ccf-c9d9-4c1d-97f4-516b572b2f9d,1697663727662166666
6a69421f-e399-4db8-897a-d8ef21b5e0a7,707b6ccf-c9d9-4c1d-97f4-516b572b2f9d,1697663727691733333
6a69421f-e399-4db8-897a-d8ef21b5e0a7,707b6ccf-c9d9-4c1d-97f4-516b572b2f9d,1697663727729566666
6a69421f-e399-4db8-897a-d8ef21b5e0a7,707b6ccf-c9d9-4c1d-97f4-516b572b2f9d,1697663727762622222
6a69421f-e399-4db8-897a-d8ef21b5e0a7,707b6ccf-c9d9-4c1d-97f4-516b572b2f9d,1697663727787300000
6a69421f-e399-4db8-897a-d8ef21b5e0a7,707b6ccf-c9d9-4c1d-97f4-516b572b2f9d,1697663727830644444
6a69421f-e399-4db8-897a-d8ef21b5e0a7,707b6ccf-c9d9-4c1d-97f4-516b572b2f9d,1697663727860044444
6a69421f-e399-4db8-897a-d8ef21b5e0a7,707b6ccf-c9d9-4c1d-97f4-516b572b2f9d,1697663727889700000
6a69421f-e399-4db8-897a-d8ef21b5e0a7,707b6ccf-c9d9-4c1d-97f4-516b572b2f9d,1697663727929622222
6a69421f-e399-4db8-897a-d8ef21b5e0a7,707b6ccf-c9d9-4c1d-97f4-516b572b2f9d,1697663727960755555
6a69421f-e399-4db8-897a-d8ef21b5e0a7,707b6ccf-c9d9-4c1d-97f4-516b572b2f9d,1697663727989322222
6a69421f-e399-4db8-897a-d8ef21b5e0a7,707b6ccf-c9d9-4c1d-97f4-516b572b2f9d,1697663728028544444
6a69421f-e399-4db8-897a-d8ef21b5e0a7,707b6ccf-c9d9-4c1d-97f4-516b572b2f9d,1697663728061222222
6a69421f-e399-4db8-897a-d8ef21b5e0a7,707b6ccf-c9d9-4c1d-97f4-516b572b2f9d,1697663728093055555
6a69421f-e399-4db8-897a-d8ef21b5e0a7,707b6ccf-c9d9-4c1d-97f4-516b572b2f9d,1697663728129188888
6a69421f-e399-4db8-897a-d8ef21b5e0a7,707b6ccf-c9d9-4c1d-97f4-516b572b2f9d,1697663728150977777
6a69421f-e399-4db8-897a-d8ef21b5e0a7,707b6ccf-c9d9-4c1d-97f4-516b572b2f9d,1697663728182877777
6a69421f-e399-4db8-897a-d8ef21b5e0a7,707b6ccf-c9d9-4c1d-97f4-516b572b2f9d,1697663728218722222
6a69421f-e399-4db8-897a-d8ef21b5e0a7,707b6ccf-c9d9-4c1d-97f4-516b572b2f9d,1697663728250011111
6a69421f-e399-4db8-897a-d8ef21b5e0a7,707b6ccf-c9d9-4c1d-97f4-516b572b2f9d,1697663728291311111
6a69421f-e399-4db8-897a-d8ef21b5e0a7,707b6ccf-c9d9-4c1d-97f4-516b572b2f9d,1697663728328088888
6a69421f-e399-4db8-897a-d8ef21b5e0a7,707b6ccf-c9d9-4c1d-97f4-516b572b2f9d,1697663728360333333
6a69421f-e399-4db8-897a-d8ef21b5e0a7,707b6ccf-c9d9-4c1d-97f4-516b572b2f9d,1697663728389722222
6a69421f-e399-4db8-897a-d8ef21b5e0a7,707b6ccf-c9d9-4c1d-97f4-516b572b2f9d,1697663728428444444
6a69421f-e399-4db8-897a-d8ef21b5e0a7,707b6ccf-c9d9-4c1d-97f4-516b572b2f9d,1697663728459000000
6a69421f-e399-4db8-897a-d8ef21b5e0a7,707b6ccf-c9d9-4c1d-97f4-516b572b2f9d,1697663728489911111
6a69421f-e399-4db8-897a-d8ef21b5e0a7,707b6ccf-c9d9-4c1d-97f4-516b572b2f9d,1697663728528622222
6a69421f-e399-4db8-897a-d8ef21b5e0a7,707b6ccf-c9d9-4c1d-97f4-516b572b2f9d,1697663728564100000
6a69421f-e399-4db8-897a-d8ef21b5e0a7,707b6ccf-c9d9-4c1d-97f4-516b572b2f9d,1697663728594233333
6a69421f-e399-4db8-897a-d8ef21b5e0a7,707b6ccf-c9d9-4c1d-97f4-516b572b2f9d,1697663728630155555
6a69421f-e399-4db8-897a-d8ef21b5e0a7,707b6ccf-c9d9-4c1d-97f4-516b572b2f9d,1697663728662055555
6a69421f-e399-4db8-897a-d8ef21b5e0a7,707b6ccf-c9d9-4c1d-97f4-516b572b2f9d,1697663728691811111
6a69421f-e399-4db8-897a-d8ef21b5e0a7,707b6ccf-c9d9-4c1d-97f4-516b572b2f9d,1697663728724900000
6a69421f-e399-4db8-897a-d8ef21b5e0a7,707b6ccf-c9d9-4c1d-97f4-516b572b2f9d,1697663728759355555
6a69421f-e399-4db8-897a-d8ef21b5e0a7,707b6ccf-c9d9-4c1d-97f4-516b572b2f9d,1697663728784022222
6a69421f-e399-4db8-897a-d8ef21b5e0a7,707b6ccf-c9d9-4c1d-97f4-516b572b2f9d,1697663728816744444
6a69421f-e399-4db8-897a-d8ef21b5e0a7,707b6ccf-c9d9-4c1d-97f4-516b572b2f9d,1697663728850688888
6a69421f-e399-4db8-897a-d8ef21b5e0a7,707b6ccf-c9d9-4c1d-97f4-516b572b2f9d,1697663728882777777
6a69421f-e399-4db8-897a-d8ef21b5e0a7,707b6ccf-c9d9-4c1d-97f4-516b572b2f9d,1697663728922022222
6a69421f-e399-4db8-897a-d8ef21b5e0a7,707b6ccf-c9d9-4c1d-97f4-516b572b2f9d,1697663728955455555
6a69421f-e399-4db8-897a-d8ef21b5e0a7,707b6ccf-c9d9-4c1d-97f4-516b572b2f9d,1697663728990144444
6a69421f-e399-4db8-897a-d8ef21b5e0a7,707b6ccf-c9d9-4c1d-97f4-516b572b2f9d,1697663729029866666
6a69421f-e399-4db8-897a-d8ef21b5e0a7,707b6ccf-c9d9-4c1d-97f4-516b572b2f9d,1697663729057333333
6a69421f-e399-4db8-897a-d8ef21b5e0a7,707b6ccf-c9d9-4c1d-97f4-516b572b2f9d,1697663729094711111
6a69421f-e399-4db8-897a-d8ef21b5e0a7,707b6ccf-c9d9-4c1d-97f4-516b572b2f9d,1697663729133044444
6a69421f-e399-4db8-897a-d8ef21b5e0a7,707b6ccf-c9d9-4c1d-97f4-516b572b2f9d,1697663729159522222
6a69421f-e399-4db8-897a-d8ef21b5e0a7,707b6ccf-c9d9-4c1d-97f4-516b572b2f9d,1697663729190800000
6a69421f-e399-4db8-897a-d8ef21b5e0a7,707b6ccf-c9d9-4c1d-97f4-516b572b2f9d,1697663729231288888
6a69421f-e399-4db8-897a-d8ef21b5e0a7,707b6ccf-c9d9-4c1d-97f4-516b572b2f9d,1697663729261433333
6a69421f-e399-4db8-897a-d8ef21b5e0a7,707b6ccf-c9d9-4c1d-97f4-516b572b2f9d,1697663729291011111
6a69421f-e399-4db8-897a-d8ef21b5e0a7,707b6ccf-c9d9-4c1d-97f4-516b572b2f9d,1697663729326577777
6a69421f-e399-4db8-897a-d8ef21b5e0a7,707b6ccf-c9d9-4c1d-97f4-516b572b2f9d,1697663729360788888
6a69421f-e399-4db8-897a-d8ef21b5e0a7,707b6ccf-c9d9-4c1d-97f4-516b572b2f9d,1697663729391033333
6a69421f-e399-4db8-897a-d8ef21b5e0a7,707b6ccf-c9d9-4c1d-97f4-516b572b2f9d,1697663729430911111
6a69421f-e399-4db8-897a-d8ef21b5e0a7,707b6ccf-c9d9-4c1d-97f4-516b572b2f9d,1697663729468488888
6a69421f-e399-4db8-897a-d8ef21b5e0a7,707b6ccf-c9d9-4c1d-97f4-516b572b2f9d,1697663729487233333
6a69421f-e399-4db8-897a-d8ef21b5e0a7,707b6ccf-c9d9-4c1d-97f4-516b572b2f9d,1697663729517433333
6a69421f-e399-4db8-897a-d8ef21b5e0a7,707b6ccf-c9d9-4c1d-97f4-516b572b2f9d,1697663729551822222
6a69421f-e399-4db8-897a-d8ef21b5e0a7,707b6ccf-c9d9-4c1d-97f4-516b572b2f9d,1697663729584122222
6a69421f-e399-4db8-897a-d8ef21b5e0a7,707b6ccf-c9d9-4c1d-97f4-516b572b2f9d,1697663729631655555
6a69421f-e399-4db8-897a-d8ef21b5e0a7,707b6ccf-c9d9-4c1d-97f4-516b572b2f9d,1697663729660944444
6a69421f-e399-4db8-897a-d8ef21b5e0a7,707b6ccf-c9d9-4c1d-97f4-516b572b2f9d,1697663729681688888
6a69421f-e399-4db8-897a-d8ef21b5e0a7,707b6ccf-c9d9-4c1d-97f4-516b572b2f9d,1697663729727600000
6a69421f-e399-4db8-897a-d8ef21b5e0a7,707b6ccf-c9d9-4c1d-97f4-516b572b2f9d,1697663729762277777
6a69421f-e399-4db8-897a-d8ef21b5e0a7,707b6ccf-c9d9-4c1d-97f4-516b572b2f9d,1697663729789022222
6a69421f-e399-4db8-897a-d8ef21b5e0a7,707b6ccf-c9d9-4c1d-97f4-516b572b2f9d,1697663729830744444
6a69421f-e399-4db8-897a-d8ef21b5e0a7,707b6ccf-c9d9-4c1d-97f4-516b572b2f9d,1697663729861000000
6a69421f-e399-4db8-897a-d8ef21b5e0a7,707b6ccf-c9d9-4c1d-97f4-516b572b2f9d,1697663729884011111
6a69421f-e399-4db8-897a-d8ef21b5e0a7,707b6ccf-c9d9-4c1d-97f4-516b572b2f9d,1697663729929788888
6a69421f-e399-4db8-897a-d8ef21b5e0a7,707b6ccf-c9d9-4c1d-97f4-516b572b2f9d,1697663729960400000
6a69421f-e399-4db8-897a-d8ef21b5e0a7,707b6ccf-c9d9-4c1d-97f4-516b572b2f9d,1697663729990477777
6a69421f-e399-4db8-897a-d8ef21b5e0a7,707b6ccf-c9d9-4c1d-97f4-516b572b2f9d,1697663730027522222
6a69421f-e399-4db8-897a-d8ef21b5e0a7,707b6ccf-c9d9-4c1d-97f4-516b572b2f9d,1697663730059788888
6a69421f-e399-4db8-897a-d8ef21b5e0a7,707b6ccf-c9d9-4c1d-97f4-516b572b2f9d,1697663730090055555
6a69421f-e399-4db8-897a-d8ef21b5e0a7,707b6ccf-c9d9-4c1d-97f4-516b572b2f9d,1697663730132788888
6a69421f-e399-4db8-897a-d8ef21b5e0a7,707b6ccf-c9d9-4c1d-97f4-516b572b2f9d,1697663730151544444
6a69421f-e399-4db8-897a-d8ef21b5e0a7,707b6ccf-c9d9-4c1d-97f4-516b572b2f9d,1697663730183444444
6a69421f-e399-4db8-897a-d8ef21b5e0a7,707b6ccf-c9d9-4c1d-97f4-516b572b2f9d,1697663730215522222
6a69421f-e399-4db8-897a-d8ef21b5e0a7,707b6ccf-c9d9-4c1d-97f4-516b572b2f9d,1697663730249288888
6a69421f-e399-4db8-897a-d8ef21b5e0a7,707b6ccf-c9d9-4c1d-97f4-516b572b2f9d,1697663730294266666
6a69421f-e399-4db8-897a-d8ef21b5e0a7,707b6ccf-c9d9-4c1d-97f4-516b572b2f9d,1697663730324144444
6a69421f-e399-4db8-897a-d8ef21b5e0a7,707b6ccf-c9d9-4c1d-97f4-516b572b2f9d,1697663730359111111
6a69421f-e399-4db8-897a-d8ef21b5e0a7,707b6ccf-c9d9-4c1d-97f4-516b572b2f9d,1697663730391922222
6a69421f-e399-4db8-897a-d8ef21b5e0a7,707b6ccf-c9d9-4c1d-97f4-516b572b2f9d,1697663730423600000
6a69421f-e399-4db8-897a-d8ef21b5e0a7,707b6ccf-c9d9-4c1d-97f4-516b572b2f9d,1697663730461866666
6a69421f-e399-4db8-897a-d8ef21b5e0a7,707b6ccf-c9d9-4c1d-97f4-516b572b2f9d,1697663730494344444
6a69421f-e399-4db8-897a-d8ef21b5e0a7,707b6ccf-c9d9-4c1d-97f4-516b572b2f9d,1697663730521677777
6a69421f-e399-4db8-897a-d8ef21b5e0a7,707b6ccf-c9d9-4c1d-97f4-516b572b2f9d,1697663730560977777
6a69421f-e399-4db8-897a-d8ef21b5e0a7,707b6ccf-c9d9-4c1d-97f4-516b572b2f9d,1697663730590055555
6a69421f-e399-4db8-897a-d8ef21b5e0a7,707b6ccf-c9d9-4c1d-97f4-516b572b2f9d,1697663730621077777
6a69421f-e399-4db8-897a-d8ef21b5e0a7,707b6ccf-c9d9-4c1d-97f4-516b572b2f9d,1697663730658522222
6a69421f-e399-4db8-897a-d8ef21b5e0a7,707b6ccf-c9d9-4c1d-97f4-516b572b2f9d,1697663730692055555
6a69421f-e399-4db8-897a-d8ef21b5e0a7,707b6ccf-c9d9-4c1d-97f4-516b572b2f9d,1697663730723644444
6a69421f-e399-4db8-897a-d8ef21b5e0a7,707b6ccf-c9d9-4c1d-97f4-516b572b2f9d,1697663730762255555
6a69421f-e399-4db8-897a-d8ef21b5e0a7,707b6ccf-c9d9-4c1d-97f4-516b572b2f9d,1697663730783611111
6a69421f-e399-4db8-897a-d8ef21b5e0a7,707b6ccf-c9d9-4c1d-97f4-516b572b2f9d,1697663730825955555
6a69421f-e399-4db8-897a-d8ef21b5e0a7,707b6ccf-c9d9-4c1d-97f4-516b572b2f9d,1697663730852222222
6a69421f-e399-4db8-897a-d8ef21b5e0a7,707b6ccf-c9d9-4c1d-97f4-516b572b2f9d,1697663730880322222
6a69421f-e399-4db8-897a-d8ef21b5e0a7,707b6ccf-c9d9-4c1d-97f4-516b572b2f9d,1697663730917411111
6a69421f-e399-4db8-897a-d8ef21b5e0a7,707b6ccf-c9d9-4c1d-97f4-516b572b2f9d,1697663730956877777
6a69421f-e399-4db8-897a-d8ef21b5e0a7,707b6ccf-c9d9-4c1d-97f4-516b572b2f9d,1697663730994800000
6a69421f-e399-4db8-897a-d8ef21b5e0a7,707b6ccf-c9d9-4c1d-97f4-516b572b2f9d,1697663731020933333
6a69421f-e399-4db8-897a-d8ef21b5e0a7,707b6ccf-c9d9-4c1d-97f4-516b572b2f9d,1697663731058777777
6a69421f-e399-4db8-897a-d8ef21b5e0a7,707b6ccf-c9d9-4c1d-97f4-516b572b2f9d,1697663731091122222
6a69421f-e399-4db8-897a-d8ef21b5e0a7,707b6ccf-c9d9-4c1d-97f4-516b572b2f9d,1697663731122833333
6a69421f-e399-4db8-897a-d8ef21b5e0a7,707b6ccf-c9d9-4c1d-97f4-516b572b2f9d,1697663731164366666
6a69421f-e399-4db8-897a-d8ef21b5e0a7,707b6ccf-c9d9-4c1d-97f4-516b572b2f9d,1697663731195155555
6a69421f-e399-4db8-897a-d8ef21b5e0a7,707b6ccf-c9d9-4c1d-97f4-516b572b2f9d,1697663731224700000
6a69421f-e399-4db8-897a-d8ef21b5e0a7,707b6ccf-c9d9-4c1d-97f4-516b572b2f9d,1697663731259588888
6a69421f-e399-4db8-897a-d8ef21b5e0a7,707b6ccf-c9d9-4c1d-97f4-516b572b2f9d,1697663731290888888
6a69421f-e399-4db8-897a-d8ef21b5e0a7,707b6ccf-c9d9-4c1d-97f4-516b572b2f9d,1697663731326955555
6a69421f-e399-4db8-897a-d8ef21b5e0a7,707b6ccf-c9d9-4c1d-97f4-516b572b2f9d,1697663731359122222
6a69421f-e399-4db8-897a-d8ef21b5e0a7,707b6ccf-c9d9-4c1d-97f4-516b572b2f9d,1697663731391644444
6a69421f-e399-4db8-897a-d8ef21b5e0a7,707b6ccf-c9d9-4c1d-97f4-516b572b2f9d,1697663731424300000
6a69421f-e399-4db8-897a-d8ef21b5e0a7,707b6ccf-c9d9-4c1d-97f4-516b572b2f9d,1697663731455155555
6a69421f-e399-4db8-897a-d8ef21b5e0a7,707b6ccf-c9d9-4c1d-97f4-516b572b2f9d,1697663731481800000
6a69421f-e399-4db8-897a-d8ef21b5e0a7,707b6ccf-c9d9-4c1d-97f4-516b572b2f9d,1697663731533033333
6a69421f-e399-4db8-897a-d8ef21b5e0a7,707b6ccf-c9d9-4c1d-97f4-516b572b2f9d,1697663731552122222
6a69421f-e399-4db8-897a-d8ef21b5e0a7,707b6ccf-c9d9-4c1d-97f4-516b572b2f9d,1697663731596033333
6a69421f-e399-4db8-897a-d8ef21b5e0a7,707b6ccf-c9d9-4c1d-97f4-516b572b2f9d,1697663731622422222
6a69421f-e399-4db8-897a-d8ef21b5e0a7,707b6ccf-c9d9-4c1d-97f4-516b572b2f9d,1697663731658533333
6a69421f-e399-4db8-897a-d8ef21b5e0a7,707b6ccf-c9d9-4c1d-97f4-516b572b2f9d,1697663731690855555
6a69421f-e399-4db8-897a-d8ef21b5e0a7,707b6ccf-c9d9-4c1d-97f4-516b572b2f9d,1697663731730033333
6a69421f-e399-4db8-897a-d8ef21b5e0a7,707b6ccf-c9d9-4c1d-97f4-516b572b2f9d,1697663731763922222
6a69421f-e399-4db8-897a-d8ef21b5e0a7,707b6ccf-c9d9-4c1d-97f4-516b572b2f9d,1697663731784511111
6a69421f-e399-4db8-897a-d8ef21b5e0a7,707b6ccf-c9d9-4c1d-97f4-516b572b2f9d,1697663731828177777
6a69421f-e399-4db8-897a-d8ef21b5e0a7,707b6ccf-c9d9-4c1d-97f4-516b572b2f9d,1697663731862488888
6a69421f-e399-4db8-897a-d8ef21b5e0a7,707b6ccf-c9d9-4c1d-97f4-516b572b2f9d,1697663731895533333
6a69421f-e399-4db8-897a-d8ef21b5e0a7,707b6ccf-c9d9-4c1d-97f4-516b572b2f9d,1697663731924077777
6a69421f-e399-4db8-897a-d8ef21b5e0a7,707b6ccf-c9d9-4c1d-97f4-516b572b2f9d,1697663731960611111
6a69421f-e399-4db8-897a-d8ef21b5e0a7,707b6ccf-c9d9-4c1d-97f4-516b572b2f9d,1697663731991377777
6a69421f-e399-4db8-897a-d8ef21b5e0a7,707b6ccf-c9d9-4c1d-97f4-516b572b2f9d,1697663732024566666
6a69421f-e399-4db8-897a-d8ef21b5e0a7,707b6ccf-c9d9-4c1d-97f4-516b572b2f9d,1697663732057522222
6a69421f-e399-4db8-897a-d8ef21b5e0a7,707b6ccf-c9d9-4c1d-97f4-516b572b2f9d,1697663732094211111
6a69421f-e399-4db8-897a-d8ef21b5e0a7,707b6ccf-c9d9-4c1d-97f4-516b572b2f9d,1697663732115411111
6a69421f-e399-4db8-897a-d8ef21b5e0a7,707b6ccf-c9d9-4c1d-97f4-516b572b2f9d,1697663732159500000
6a69421f-e399-4db8-897a-d8ef21b5e0a7,707b6ccf-c9d9-4c1d-97f4-516b572b2f9d,1697663732183277777
6a69421f-e399-4db8-897a-d8ef21b5e0a7,707b6ccf-c9d9-4c1d-97f4-516b572b2f9d,1697663732215622222
6a69421f-e399-4db8-897a-d8ef21b5e0a7,707b6ccf-c9d9-4c1d-97f4-516b572b2f9d,1697663732250900000
6a69421f-e399-4db8-897a-d8ef21b5e0a7,707b6ccf-c9d9-4c1d-97f4-516b572b2f9d,1697663732292888888
6a69421f-e399-4db8-897a-d8ef21b5e0a7,707b6ccf-c9d9-4c1d-97f4-516b572b2f9d,1697663732323188888
6a69421f-e399-4db8-897a-d8ef21b5e0a7,707b6ccf-c9d9-4c1d-97f4-516b572b2f9d,1697663732363266666
6a69421f-e399-4db8-897a-d8ef21b5e0a7,707b6ccf-c9d9-4c1d-97f4-516b572b2f9d,1697663732383811111
6a69421f-e399-4db8-897a-d8ef21b5e0a7,707b6ccf-c9d9-4c1d-97f4-516b572b2f9d,1697663732428466666
6a69421f-e399-4db8-897a-d8ef21b5e0a7,707b6ccf-c9d9-4c1d-97f4-516b572b2f9d,1697663732458588888
6a69421f-e399-4db8-897a-d8ef21b5e0a7,707b6ccf-c9d9-4c1d-97f4-516b572b2f9d,1697663732491555555
6a69421f-e399-4db8-897a-d8ef21b5e0a7,707b6ccf-c9d9-4c1d-97f4-516b572b2f9d,1697663732523066666
6a69421f-e399-4db8-897a-d8ef21b5e0a7,707b6ccf-c9d9-4c1d-97f4-516b572b2f9d,1697663732560566666
6a69421f-e399-4db8-897a-d8ef21b5e0a7,707b6ccf-c9d9-4c1d-97f4-516b572b2f9d,1697663732590044444
6a69421f-e399-4db8-897a-d8ef21b5e0a7,707b6ccf-c9d9-4c1d-97f4-516b572b2f9d,1697663732627955555
6a69421f-e399-4db8-897a-d8ef21b5e0a7,707b6ccf-c9d9-4c1d-97f4-516b572b2f9d,1697663732667122222
6a69421f-e399-4db8-897a-d8ef21b5e0a7,707b6ccf-c9d9-4c1d-97f4-516b572b2f9d,1697663732693566666
6a69421f-e399-4db8-897a-d8ef21b5e0a7,707b6ccf-c9d9-4c1d-97f4-516b572b2f9d,1697663732724455555
6a69421f-e399-4db8-897a-d8ef21b5e0a7,707b6ccf-c9d9-4c1d-97f4-516b572b2f9d,1697663732765655555
6a69421f-e399-4db8-897a-d8ef21b5e0a7,707b6ccf-c9d9-4c1d-97f4-516b572b2f9d,1697663732784577777
6a69421f-e399-4db8-897a-d8ef21b5e0a7,707b6ccf-c9d9-4c1d-97f4-516b572b2f9d,1697663732814222222
6a69421f-e399-4db8-897a-d8ef21b5e0a7,707b6ccf-c9d9-4c1d-97f4-516b572b2f9d,1697663732851122222
6a69421f-e399-4db8-897a-d8ef21b5e0a7,707b6ccf-c9d9-4c1d-97f4-516b572b2f9d,1697663732896288888
6a69421f-e399-4db8-897a-d8ef21b5e0a7,707b6ccf-c9d9-4c1d-97f4-516b572b2f9d,1697663732914277777
6a69421f-e399-4db8-897a-d8ef21b5e0a7,707b6ccf-c9d9-4c1d-97f4-516b572b2f9d,1697663732959311111
6a69421f-e399-4db8-897a-d8ef21b5e0a7,707b6ccf-c9d9-4c1d-97f4-516b572b2f9d,1697663732990666666
6a69421f-e399-4db8-897a-d8ef21b5e0a7,707b6ccf-c9d9-4c1d-97f4-516b572b2f9d,1697663733021800000
6a69421f-e399-4db8-897a-d8ef21b5e0a7,707b6ccf-c9d9-4c1d-97f4-516b572b2f9d,1697663733058733333
6a69421f-e399-4db8-897a-d8ef21b5e0a7,707b6ccf-c9d9-4c1d-97f4-516b572b2f9d,1697663733089444444
6a69421f-e399-4db8-897a-d8ef21b5e0a7,707b6ccf-c9d9-4c1d-97f4-516b572b2f9d,1697663733122000000
6a69421f-e399-4db8-897a-d8ef21b5e0a7,707b6ccf-c9d9-4c1d-97f4-516b572b2f9d,1697663733157955555
6a69421f-e399-4db8-897a-d8ef21b5e0a7,707b6ccf-c9d9-4c1d-97f4-516b572b2f9d,1697663733190977777
6a69421f-e399-4db8-897a-d8ef21b5e0a7,707b6ccf-c9d9-4c1d-97f4-516b572b2f9d,1697663733227800000
6a69421f-e399-4db8-897a-d8ef21b5e0a7,707b6ccf-c9d9-4c1d-97f4-516b572b2f9d,1697663733257700000
6a69421f-e399-4db8-897a-d8ef21b5e0a7,707b6ccf-c9d9-4c1d-97f4-516b572b2f9d,1697663733291377777
6a69421f-e399-4db8-897a-d8ef21b5e0a7,707b6ccf-c9d9-4c1d-97f4-516b572b2f9d,1697663733321777777
6a69421f-e399-4db8-897a-d8ef21b5e0a7,707b6ccf-c9d9-4c1d-97f4-516b572b2f9d,1697663733355433333
6a69421f-e399-4db8-897a-d8ef21b5e0a7,707b6ccf-c9d9-4c1d-97f4-516b572b2f9d,1697663733390088888
6a69421f-e399-4db8-897a-d8ef21b5e0a7,707b6ccf-c9d9-4c1d-97f4-516b572b2f9d,1697663733432055555
6a69421f-e399-4db8-897a-d8ef21b5e0a7,707b6ccf-c9d9-4c1d-97f4-516b572b2f9d,1697663733446166666
6a69421f-e399-4db8-897a-d8ef21b5e0a7,707b6ccf-c9d9-4c1d-97f4-516b572b2f9d,1697663733483666666
6a69421f-e399-4db8-897a-d8ef21b5e0a7,707b6ccf-c9d9-4c1d-97f4-516b572b2f9d,1697663733515366666
6a69421f-e399-4db8-897a-d8ef21b5e0a7,707b6ccf-c9d9-4c1d-97f4-516b572b2f9d,1697663733548022222
6a69421f-e399-4db8-897a-d8ef21b5e0a7,707b6ccf-c9d9-4c1d-97f4-516b572b2f9d,1697663733595922222
6a69421f-e399-4db8-897a-d8ef21b5e0a7,707b6ccf-c9d9-4c1d-97f4-516b572b2f9d,1697663733623433333
6a69421f-e399-4db8-897a-d8ef21b5e0a7,707b6ccf-c9d9-4c1d-97f4-516b572b2f9d,1697663733655511111
6a69421f-e399-4db8-897a-d8ef21b5e0a7,707b6ccf-c9d9-4c1d-97f4-516b572b2f9d,1697663733691844444
6a69421f-e399-4db8-897a-d8ef21b5e0a7,707b6ccf-c9d9-4c1d-97f4-516b572b2f9d,1697663733722922222
6a69421f-e399-4db8-897a-d8ef21b5e0a7,707b6ccf-c9d9-4c1d-97f4-516b572b2f9d,1697663733754822222
6a69421f-e399-4db8-897a-d8ef21b5e0a7,707b6ccf-c9d9-4c1d-97f4-516b572b2f9d,1697663733789911111
6a69421f-e399-4db8-897a-d8ef21b5e0a7,707b6ccf-c9d9-4c1d-97f4-516b572b2f9d,1697663733827322222
6a69421f-e399-4db8-897a-d8ef21b5e0a7,707b6ccf-c9d9-4c1d-97f4-516b572b2f9d,1697663733854688888
6a69421f-e399-4db8-897a-d8ef21b5e0a7,707b6ccf-c9d9-4c1d-97f4-516b572b2f9d,1697663733889433333
6a69421f-e399-4db8-897a-d8ef21b5e0a7,707b6ccf-c9d9-4c1d-97f4-516b572b2f9d,1697663733921911111
6a69421f-e399-4db8-897a-d8ef21b5e0a7,707b6ccf-c9d9-4c1d-97f4-516b572b2f9d,1697663733955622222
6a69421f-e399-4db8-897a-d8ef21b5e0a7,707b6ccf-c9d9-4c1d-97f4-516b572b2f9d,1697663733992100000
6a69421f-e399-4db8-897a-d8ef21b5e0a7,707b6ccf-c9d9-4c1d-97f4-516b572b2f9d,1697663734026788888
6a69421f-e399-4db8-897a-d8ef21b5e0a7,707b6ccf-c9d9-4c1d-97f4-516b572b2f9d,1697663734054555555
6a69421f-e399-4db8-897a-d8ef21b5e0a7,707b6ccf-c9d9-4c1d-97f4-516b572b2f9d,1697663734105277777
6a69421f-e399-4db8-897a-d8ef21b5e0a7,707b6ccf-c9d9-4c1d-97f4-516b572b2f9d,1697663734119266666
6a69421f-e399-4db8-897a-d8ef21b5e0a7,707b6ccf-c9d9-4c1d-97f4-516b572b2f9d,1697663734167222222
6a69421f-e399-4db8-897a-d8ef21b5e0a7,707b6ccf-c9d9-4c1d-97f4-516b572b2f9d,1697663734183333333
6a69421f-e399-4db8-897a-d8ef21b5e0a7,707b6ccf-c9d9-4c1d-97f4-516b572b2f9d,1697663734226400000
6a69421f-e399-4db8-897a-d8ef21b5e0a7,707b6ccf-c9d9-4c1d-97f4-516b572b2f9d,1697663734262055555
6a69421f-e399-4db8-897a-d8ef21b5e0a7,707b6ccf-c9d9-4c1d-97f4-516b572b2f9d,1697663734282411111
6a69421f-e399-4db8-897a-d8ef21b5e0a7,707b6ccf-c9d9-4c1d-97f4-516b572b2f9d,1697663734324844444
6a69421f-e399-4db8-897a-d8ef21b5e0a7,707b6ccf-c9d9-4c1d-97f4-516b572b2f9d,1697663734355988888
6a69421f-e399-4db8-897a-d8ef21b5e0a7,707b6ccf-c9d9-4c1d-97f4-516b572b2f9d,1697663734396377777
6a69421f-e399-4db8-897a-d8ef21b5e0a7,707b6ccf-c9d9-4c1d-97f4-516b572b2f9d,1697663734425944444
6a69421f-e399-4db8-897a-d8ef21b5e0a7,707b6ccf-c9d9-4c1d-97f4-516b572b2f9d,1697663734457511111
6a69421f-e399-4db8-897a-d8ef21b5e0a7,707b6ccf-c9d9-4c1d-97f4-516b572b2f9d,1697663734494255555
6a69421f-e399-4db8-897a-d8ef21b5e0a7,707b6ccf-c9d9-4c1d-97f4-516b572b2f9d,1697663734524955555
6a69421f-e399-4db8-897a-d8ef21b5e0a7,707b6ccf-c9d9-4c1d-97f4-516b572b2f9d,1697663734558077777
6a69421f-e399-4db8-897a-d8ef21b5e0a7,707b6ccf-c9d9-4c1d-97f4-516b572b2f9d,1697663734591788888
6a69421f-e399-4db8-897a-d8ef21b5e0a7,707b6ccf-c9d9-4c1d-97f4-516b572b2f9d,1697663734623955555
6a69421f-e399-4db8-897a-d8ef21b5e0a7,707b6ccf-c9d9-4c1d-97f4-516b572b2f9d,1697663734656433333
6a69421f-e399-4db8-897a-d8ef21b5e0a7,707b6ccf-c9d9-4c1d-97f4-516b572b2f9d,1697663734688988888
6a69421f-e399-4db8-897a-d8ef21b5e0a7,707b6ccf-c9d9-4c1d-97f4-516b572b2f9d,1697663734726933333
6a69421f-e399-4db8-897a-d8ef21b5e0a7,707b6ccf-c9d9-4c1d-97f4-516b572b2f9d,1697663734763188888
6a69421f-e399-4db8-897a-d8ef21b5e0a7,707b6ccf-c9d9-4c1d-97f4-516b572b2f9d,1697663734781400000
6a69421f-e399-4db8-897a-d8ef21b5e0a7,707b6ccf-c9d9-4c1d-97f4-516b572b2f9d,1697663734816955555
6a69421f-e399-4db8-897a-d8ef21b5e0a7,707b6ccf-c9d9-4c1d-97f4-516b572b2f9d,1697663734848844444
6a69421f-e399-4db8-897a-d8ef21b5e0a7,707b6ccf-c9d9-4c1d-97f4-516b572b2f9d,1697663734884088888
6a69421f-e399-4db8-897a-d8ef21b5e0a7,707b6ccf-c9d9-4c1d-97f4-516b572b2f9d,1697663734914422222
6a69421f-e399-4db8-897a-d8ef21b5e0a7,707b6ccf-c9d9-4c1d-97f4-516b572b2f9d,1697663734958422222
6a69421f-e399-4db8-897a-d8ef21b5e0a7,707b6ccf-c9d9-4c1d-97f4-516b572b2f9d,1697663734994688888
6a69421f-e399-4db8-897a-d8ef21b5e0a7,707b6ccf-c9d9-4c1d-97f4-516b572b2f9d,1697663735023933333
6a69421f-e399-4db8-897a-d8ef21b5e0a7,707b6ccf-c9d9-4c1d-97f4-516b572b2f9d,1697663735055900000
6a69421f-e399-4db8-897a-d8ef21b5e0a7,707b6ccf-c9d9-4c1d-97f4-516b572b2f9d,1697663735091244444
6a69421f-e399-4db8-897a-d8ef21b5e0a7,707b6ccf-c9d9-4c1d-97f4-516b572b2f9d,1697663735121077777
6a69421f-e399-4db8-897a-d8ef21b5e0a7,707b6ccf-c9d9-4c1d-97f4-516b572b2f9d,1697663735154688888
6a69421f-e399-4db8-897a-d8ef21b5e0a7,707b6ccf-c9d9-4c1d-97f4-516b572b2f9d,1697663735192477777
6a69421f-e399-4db8-897a-d8ef21b5e0a7,707b6ccf-c9d9-4c1d-97f4-516b572b2f9d,1697663735225333333
6a69421f-e399-4db8-897a-d8ef21b5e0a7,707b6ccf-c9d9-4c1d-97f4-516b572b2f9d,1697663735255555555
6a69421f-e399-4db8-897a-d8ef21b5e0a7,707b6ccf-c9d9-4c1d-97f4-516b572b2f9d,1697663735288677777
6a69421f-e399-4db8-897a-d8ef21b5e0a7,707b6ccf-c9d9-4c1d-97f4-516b572b2f9d,1697663735327422222
6a69421f-e399-4db8-897a-d8ef21b5e0a7,707b6ccf-c9d9-4c1d-97f4-516b572b2f9d,1697663735355455555
6a69421f-e399-4db8-897a-d8ef21b5e0a7,707b6ccf-c9d9-4c1d-97f4-516b572b2f9d,1697663735391088888
6a69421f-e399-4db8-897a-d8ef21b5e0a7,707b6ccf-c9d9-4c1d-97f4-516b572b2f9d,1697663735424711111
6a69421f-e399-4db8-897a-d8ef21b5e0a7,707b6ccf-c9d9-4c1d-97f4-516b572b2f9d,1697663735449022222
6a69421f-e399-4db8-897a-d8ef21b5e0a7,707b6ccf-c9d9-4c1d-97f4-516b572b2f9d,1697663735481933333
6a69421f-e399-4db8-897a-d8ef21b5e0a7,707b6ccf-c9d9-4c1d-97f4-516b572b2f9d,1697663735526277777
6a69421f-e399-4db8-897a-d8ef21b5e0a7,707b6ccf-c9d9-4c1d-97f4-516b572b2f9d,1697663735548600000
6a69421f-e399-4db8-897a-d8ef21b5e0a7,707b6ccf-c9d9-4c1d-97f4-516b572b2f9d,1697663735582888888
6a69421f-e399-4db8-897a-d8ef21b5e0a7,707b6ccf-c9d9-4c1d-97f4-516b572b2f9d,1697663735623477777
6a69421f-e399-4db8-897a-d8ef21b5e0a7,707b6ccf-c9d9-4c1d-97f4-516b572b2f9d,1697663735657222222
6a69421f-e399-4db8-897a-d8ef21b5e0a7,707b6ccf-c9d9-4c1d-97f4-516b572b2f9d,1697663735694022222
6a69421f-e399-4db8-897a-d8ef21b5e0a7,707b6ccf-c9d9-4c1d-97f4-516b572b2f9d,1697663735724000000
6a69421f-e399-4db8-897a-d8ef21b5e0a7,707b6ccf-c9d9-4c1d-97f4-516b572b2f9d,1697663735755133333
6a69421f-e399-4db8-897a-d8ef21b5e0a7,707b6ccf-c9d9-4c1d-97f4-516b572b2f9d,1697663735791777777
6a69421f-e399-4db8-897a-d8ef21b5e0a7,707b6ccf-c9d9-4c1d-97f4-516b572b2f9d,1697663735823400000
6a69421f-e399-4db8-897a-d8ef21b5e0a7,707b6ccf-c9d9-4c1d-97f4-516b572b2f9d,1697663735856233333
6a69421f-e399-4db8-897a-d8ef21b5e0a7,707b6ccf-c9d9-4c1d-97f4-516b572b2f9d,1697663735892933333
6a69421f-e399-4db8-897a-d8ef21b5e0a7,707b6ccf-c9d9-4c1d-97f4-516b572b2f9d,1697663735923822222
6a69421f-e399-4db8-897a-d8ef21b5e0a7,707b6ccf-c9d9-4c1d-97f4-516b572b2f9d,1697663735955822222
6a69421f-e399-4db8-897a-d8ef21b5e0a7,707b6ccf-c9d9-4c1d-97f4-516b572b2f9d,1697663735991577777
6a69421f-e399-4db8-897a-d8ef21b5e0a7,707b6ccf-c9d9-4c1d-97f4-516b572b2f9d,1697663736024400000
6a69421f-e399-4db8-897a-d8ef21b5e0a7,707b6ccf-c9d9-4c1d-97f4-516b572b2f9d,1697663736055511111
6a69421f-e399-4db8-897a-d8ef21b5e0a7,707b6ccf-c9d9-4c1d-97f4-516b572b2f9d,1697663736089688888
6a69421f-e399-4db8-897a-d8ef21b5e0a7,707b6ccf-c9d9-4c1d-97f4-516b572b2f9d,1697663736115700000
6a69421f-e399-4db8-897a-d8ef21b5e0a7,707b6ccf-c9d9-4c1d-97f4-516b572b2f9d,1697663736147088888
6a69421f-e399-4db8-897a-d8ef21b5e0a7,707b6ccf-c9d9-4c1d-97f4-516b572b2f9d,1697663736183011111
6a69421f-e399-4db8-897a-d8ef21b5e0a7,707b6ccf-c9d9-4c1d-97f4-516b572b2f9d,1697663736232477777
6a69421f-e399-4db8-897a-d8ef21b5e0a7,707b6ccf-c9d9-4c1d-97f4-516b572b2f9d,1697663736250966666
6a69421f-e399-4db8-897a-d8ef21b5e0a7,707b6ccf-c9d9-4c1d-97f4-516b572b2f9d,1697663736291466666
6a69421f-e399-4db8-897a-d8ef21b5e0a7,707b6ccf-c9d9-4c1d-97f4-516b572b2f9d,1697663736321744444
6a69421f-e399-4db8-897a-d8ef21b5e0a7,707b6ccf-c9d9-4c1d-97f4-516b572b2f9d,1697663736354933333
6a69421f-e399-4db8-897a-d8ef21b5e0a7,707b6ccf-c9d9-4c1d-97f4-516b572b2f9d,1697663736393844444
6a69421f-e399-4db8-897a-d8ef21b5e0a7,707b6ccf-c9d9-4c1d-97f4-516b572b2f9d,1697663736421811111
6a69421f-e399-4db8-897a-d8ef21b5e0a7,707b6ccf-c9d9-4c1d-97f4-516b572b2f9d,1697663736454922222
6a69421f-e399-4db8-897a-d8ef21b5e0a7,707b6ccf-c9d9-4c1d-97f4-516b572b2f9d,1697663736486133333
6a69421f-e399-4db8-897a-d8ef21b5e0a7,707b6ccf-c9d9-4c1d-97f4-516b572b2f9d,1697663736526444444
6a69421f-e399-4db8-897a-d8ef21b5e0a7,707b6ccf-c9d9-4c1d-97f4-516b572b2f9d,1697663736554077777
6a69421f-e399-4db8-897a-d8ef21b5e0a7,707b6ccf-c9d9-4c1d-97f4-516b572b2f9d,1697663736588566666
6a69421f-e399-4db8-897a-d8ef21b5e0a7,707b6ccf-c9d9-4c1d-97f4-516b572b2f9d,1697663736624733333
6a69421f-e399-4db8-897a-d8ef21b5e0a7,707b6ccf-c9d9-4c1d-97f4-516b572b2f9d,1697663736653722222
6a69421f-e399-4db8-897a-d8ef21b5e0a7,707b6ccf-c9d9-4c1d-97f4-516b572b2f9d,1697663736686766666
6a69421f-e399-4db8-897a-d8ef21b5e0a7,707b6ccf-c9d9-4c1d-97f4-516b572b2f9d,1697663736724577777
6a69421f-e399-4db8-897a-d8ef21b5e0a7,707b6ccf-c9d9-4c1d-97f4-516b572b2f9d,1697663736758844444
6a69421f-e399-4db8-897a-d8ef21b5e0a7,707b6ccf-c9d9-4c1d-97f4-516b572b2f9d,1697663736778922222
6a69421f-e399-4db8-897a-d8ef21b5e0a7,707b6ccf-c9d9-4c1d-97f4-516b572b2f9d,1697663736814888888
6a69421f-e399-4db8-897a-d8ef21b5e0a7,707b6ccf-c9d9-4c1d-97f4-516b572b2f9d,1697663736849255555
6a69421f-e399-4db8-897a-d8ef21b5e0a7,707b6ccf-c9d9-4c1d-97f4-516b572b2f9d,1697663736878455555
6a69421f-e399-4db8-897a-d8ef21b5e0a7,707b6ccf-c9d9-4c1d-97f4-516b572b2f9d,1697663736924288888
6a69421f-e399-4db8-897a-d8ef21b5e0a7,707b6ccf-c9d9-4c1d-97f4-516b572b2f9d,1697663736954655555
6a69421f-e399-4db8-897a-d8ef21b5e0a7,707b6ccf-c9d9-4c1d-97f4-516b572b2f9d,1697663736990555555
6a69421f-e399-4db8-897a-d8ef21b5e0a7,707b6ccf-c9d9-4c1d-97f4-516b572b2f9d,1697663737023355555
6a69421f-e399-4db8-897a-d8ef21b5e0a7,707b6ccf-c9d9-4c1d-97f4-516b572b2f9d,1697663737054677777
6a69421f-e399-4db8-897a-d8ef21b5e0a7,707b6ccf-c9d9-4c1d-97f4-516b572b2f9d,1697663737087366666
6a69421f-e399-4db8-897a-d8ef21b5e0a7,707b6ccf-c9d9-4c1d-97f4-516b572b2f9d,1697663737124677777
6a69421f-e399-4db8-897a-d8ef21b5e0a7,707b6ccf-c9d9-4c1d-97f4-516b572b2f9d,1697663737153177777
6a69421f-e399-4db8-897a-d8ef21b5e0a7,707b6ccf-c9d9-4c1d-97f4-516b572b2f9d,1697663737190755555
6a69421f-e399-4db8-897a-d8ef21b5e0a7,707b6ccf-c9d9-4c1d-97f4-516b572b2f9d,1697663737224300000
6a69421f-e399-4db8-897a-d8ef21b5e0a7,707b6ccf-c9d9-4c1d-97f4-516b572b2f9d,1697663737258788888
6a69421f-e399-4db8-897a-d8ef21b5e0a7,707b6ccf-c9d9-4c1d-97f4-516b572b2f9d,1697663737286644444
6a69421f-e399-4db8-897a-d8ef21b5e0a7,707b6ccf-c9d9-4c1d-97f4-516b572b2f9d,1697663737331277777
6a69421f-e399-4db8-897a-d8ef21b5e0a7,707b6ccf-c9d9-4c1d-97f4-516b572b2f9d,1697663737357433333
6a69421f-e399-4db8-897a-d8ef21b5e0a7,707b6ccf-c9d9-4c1d-97f4-516b572b2f9d,1697663737391466666
6a69421f-e399-4db8-897a-d8ef21b5e0a7,707b6ccf-c9d9-4c1d-97f4-516b572b2f9d,1697663737428866666
6a69421f-e399-4db8-897a-d8ef21b5e0a7,707b6ccf-c9d9-4c1d-97f4-516b572b2f9d,1697663737446955555
6a69421f-e399-4db8-897a-d8ef21b5e0a7,707b6ccf-c9d9-4c1d-97f4-516b572b2f9d,1697663737493511111
6a69421f-e399-4db8-897a-d8ef21b5e0a7,707b6ccf-c9d9-4c1d-97f4-516b572b2f9d,1697663737531011111
6a69421f-e399-4db8-897a-d8ef21b5e0a7,707b6ccf-c9d9-4c1d-97f4-516b572b2f9d,1697663737555666666
6a69421f-e399-4db8-897a-d8ef21b5e0a7,707b6ccf-c9d9-4c1d-97f4-516b572b2f9d,1697663737588900000
6a69421f-e399-4db8-897a-d8ef21b5e0a7,707b6ccf-c9d9-4c1d-97f4-516b572b2f9d,1697663737623455555
6a69421f-e399-4db8-897a-d8ef21b5e0a7,707b6ccf-c9d9-4c1d-97f4-516b572b2f9d,1697663737656222222
6a69421f-e399-4db8-897a-d8ef21b5e0a7,707b6ccf-c9d9-4c1d-97f4-516b572b2f9d,1697663737688466666
6a69421f-e399-4db8-897a-d8ef21b5e0a7,707b6ccf-c9d9-4c1d-97f4-516b572b2f9d,1697663737725433333
6a69421f-e399-4db8-897a-d8ef21b5e0a7,707b6ccf-c9d9-4c1d-97f4-516b572b2f9d,1697663737755344444
6a69421f-e399-4db8-897a-d8ef21b5e0a7,707b6ccf-c9d9-4c1d-97f4-516b572b2f9d,1697663737787600000
6a69421f-e399-4db8-897a-d8ef21b5e0a7,707b6ccf-c9d9-4c1d-97f4-516b572b2f9d,1697663737826511111
6a69421f-e399-4db8-897a-d8ef21b5e0a7,707b6ccf-c9d9-4c1d-97f4-516b572b2f9d,1697663737857477777
6a69421f-e399-4db8-897a-d8ef21b5e0a7,707b6ccf-c9d9-4c1d-97f4-516b572b2f9d,1697663737890388888
6a69421f-e399-4db8-897a-d8ef21b5e0a7,707b6ccf-c9d9-4c1d-97f4-516b572b2f9d,1697663737923522222
6a69421f-e399-4db8-897a-d8ef21b5e0a7,707b6ccf-c9d9-4c1d-97f4-516b572b2f9d,1697663737955933333
6a69421f-e399-4db8-897a-d8ef21b5e0a7,707b6ccf-c9d9-4c1d-97f4-516b572b2f9d,1697663737988633333
6a69421f-e399-4db8-897a-d8ef21b5e0a7,707b6ccf-c9d9-4c1d-97f4-516b572b2f9d,1697663738027588888
6a69421f-e399-4db8-897a-d8ef21b5e0a7,707b6ccf-c9d9-4c1d-97f4-516b572b2f9d,1697663738055277777
6a69421f-e399-4db8-897a-d8ef21b5e0a7,707b6ccf-c9d9-4c1d-97f4-516b572b2f9d,1697663738080255555
6a69421f-e399-4db8-897a-d8ef21b5e0a7,707b6ccf-c9d9-4c1d-97f4-516b572b2f9d,1697663738127922222
6a69421f-e399-4db8-897a-d8ef21b5e0a7,707b6ccf-c9d9-4c1d-97f4-516b572b2f9d,1697663738154666666
6a69421f-e399-4db8-897a-d8ef21b5e0a7,707b6ccf-c9d9-4c1d-97f4-516b572b2f9d,1697663738180766666
6a69421f-e399-4db8-897a-d8ef21b5e0a7,707b6ccf-c9d9-4c1d-97f4-516b572b2f9d,1697663738223955555
6a69421f-e399-4db8-897a-d8ef21b5e0a7,707b6ccf-c9d9-4c1d-97f4-516b572b2f9d,1697663738255733333
6a69421f-e399-4db8-897a-d8ef21b5e0a7,707b6ccf-c9d9-4c1d-97f4-516b572b2f9d,1697663738289777777
6a69421f-e399-4db8-897a-d8ef21b5e0a7,707b6ccf-c9d9-4c1d-97f4-516b572b2f9d,1697663738326188888
6a69421f-e399-4db8-897a-d8ef21b5e0a7,707b6ccf-c9d9-4c1d-97f4-516b572b2f9d,1697663738355477777
6a69421f-e399-4db8-897a-d8ef21b5e0a7,707b6ccf-c9d9-4c1d-97f4-516b572b2f9d,1697663738386911111
6a69421f-e399-4db8-897a-d8ef21b5e0a7,707b6ccf-c9d9-4c1d-97f4-516b572b2f9d,1697663738424977777
6a69421f-e399-4db8-897a-d8ef21b5e0a7,707b6ccf-c9d9-4c1d-97f4-516b572b2f9d,1697663738455266666
6a69421f-e399-4db8-897a-d8ef21b5e0a7,707b6ccf-c9d9-4c1d-97f4-516b572b2f9d,1697663738488622222
6a69421f-e399-4db8-897a-d8ef21b5e0a7,707b6ccf-c9d9-4c1d-97f4-516b572b2f9d,1697663738527077777
6a69421f-e399-4db8-897a-d8ef21b5e0a7,707b6ccf-c9d9-4c1d-97f4-516b572b2f9d,1697663738556888888
6a69421f-e399-4db8-897a-d8ef21b5e0a7,707b6ccf-c9d9-4c1d-97f4-516b572b2f9d,1697663738586811111
6a69421f-e399-4db8-897a-d8ef21b5e0a7,707b6ccf-c9d9-4c1d-97f4-516b572b2f9d,1697663738629333333
6a69421f-e399-4db8-897a-d8ef21b5e0a7,707b6ccf-c9d9-4c1d-97f4-516b572b2f9d,1697663738657900000
6a69421f-e399-4db8-897a-d8ef21b5e0a7,707b6ccf-c9d9-4c1d-97f4-516b572b2f9d,1697663738691133333
6a69421f-e399-4db8-897a-d8ef21b5e0a7,707b6ccf-c9d9-4c1d-97f4-516b572b2f9d,1697663738734000000
6a69421f-e399-4db8-897a-d8ef21b5e0a7,707b6ccf-c9d9-4c1d-97f4-516b572b2f9d,1697663738746133333
6a69421f-e399-4db8-897a-d8ef21b5e0a7,707b6ccf-c9d9-4c1d-97f4-516b572b2f9d,1697663738802900000
6a69421f-e399-4db8-897a-d8ef21b5e0a7,707b6ccf-c9d9-4c1d-97f4-516b572b2f9d,1697663738826800000
6a69421f-e399-4db8-897a-d8ef21b5e0a7,707b6ccf-c9d9-4c1d-97f4-516b572b2f9d,1697663738848855555
6a69421f-e399-4db8-897a-d8ef21b5e0a7,707b6ccf-c9d9-4c1d-97f4-516b572b2f9d,1697663738896611111
6a69421f-e399-4db8-897a-d8ef21b5e0a7,707b6ccf-c9d9-4c1d-97f4-516b572b2f9d,1697663738927533333
6a69421f-e399-4db8-897a-d8ef21b5e0a7,707b6ccf-c9d9-4c1d-97f4-516b572b2f9d,1697663738957988888
6a69421f-e399-4db8-897a-d8ef21b5e0a7,707b6ccf-c9d9-4c1d-97f4-516b572b2f9d,1697663738989955555
6a69421f-e399-4db8-897a-d8ef21b5e0a7,707b6ccf-c9d9-4c1d-97f4-516b572b2f9d,1697663739025044444
6a69421f-e399-4db8-897a-d8ef21b5e0a7,707b6ccf-c9d9-4c1d-97f4-516b572b2f9d,1697663739055966666
6a69421f-e399-4db8-897a-d8ef21b5e0a7,707b6ccf-c9d9-4c1d-97f4-516b572b2f9d,1697663739088533333
6a69421f-e399-4db8-897a-d8ef21b5e0a7,707b6ccf-c9d9-4c1d-97f4-516b572b2f9d,1697663739125244444
6a69421f-e399-4db8-897a-d8ef21b5e0a7,707b6ccf-c9d9-4c1d-97f4-516b572b2f9d,1697663739154533333
6a69421f-e399-4db8-897a-d8ef21b5e0a7,707b6ccf-c9d9-4c1d-97f4-516b572b2f9d,1697663739189266666
6a69421f-e399-4db8-897a-d8ef21b5e0a7,707b6ccf-c9d9-4c1d-97f4-516b572b2f9d,1697663739229288888
6a69421f-e399-4db8-897a-d8ef21b5e0a7,707b6ccf-c9d9-4c1d-97f4-516b572b2f9d,1697663739255511111
6a69421f-e399-4db8-897a-d8ef21b5e0a7,707b6ccf-c9d9-4c1d-97f4-516b572b2f9d,1697663739288977777
6a69421f-e399-4db8-897a-d8ef21b5e0a7,707b6ccf-c9d9-4c1d-97f4-516b572b2f9d,1697663739326155555
6a69421f-e399-4db8-897a-d8ef21b5e0a7,707b6ccf-c9d9-4c1d-97f4-516b572b2f9d,1697663739356055555
6a69421f-e399-4db8-897a-d8ef21b5e0a7,707b6ccf-c9d9-4c1d-97f4-516b572b2f9d,1697663739385633333
6a69421f-e399-4db8-897a-d8ef21b5e0a7,707b6ccf-c9d9-4c1d-97f4-516b572b2f9d,1697663739429555555
6a69421f-e399-4db8-897a-d8ef21b5e0a7,707b6ccf-c9d9-4c1d-97f4-516b572b2f9d,1697663739465666666
6a69421f-e399-4db8-897a-d8ef21b5e0a7,707b6ccf-c9d9-4c1d-97f4-516b572b2f9d,1697663739479700000
6a69421f-e399-4db8-897a-d8ef21b5e0a7,707b6ccf-c9d9-4c1d-97f4-516b572b2f9d,1697663739516855555
6a69421f-e399-4db8-897a-d8ef21b5e0a7,707b6ccf-c9d9-4c1d-97f4-516b572b2f9d,1697663739551577777
6a69421f-e399-4db8-897a-d8ef21b5e0a7,707b6ccf-c9d9-4c1d-97f4-516b572b2f9d,1697663739589166666
6a69421f-e399-4db8-897a-d8ef21b5e0a7,707b6ccf-c9d9-4c1d-97f4-516b572b2f9d,1697663739627333333
6a69421f-e399-4db8-897a-d8ef21b5e0a7,707b6ccf-c9d9-4c1d-97f4-516b572b2f9d,1697663739656644444
6a69421f-e399-4db8-897a-d8ef21b5e0a7,707b6ccf-c9d9-4c1d-97f4-516b572b2f9d,1697663739682611111
6a69421f-e399-4db8-897a-d8ef21b5e0a7,707b6ccf-c9d9-4c1d-97f4-516b572b2f9d,1697663739722288888
6a69421f-e399-4db8-897a-d8ef21b5e0a7,707b6ccf-c9d9-4c1d-97f4-516b572b2f9d,1697663739755488888
6a69421f-e399-4db8-897a-d8ef21b5e0a7,707b6ccf-c9d9-4c1d-97f4-516b572b2f9d,1697663739788955555
6a69421f-e399-4db8-897a-d8ef21b5e0a7,707b6ccf-c9d9-4c1d-97f4-516b572b2f9d,1697663739820511111
6a69421f-e399-4db8-897a-d8ef21b5e0a7,707b6ccf-c9d9-4c1d-97f4-516b572b2f9d,1697663739857311111
6a69421f-e399-4db8-897a-d8ef21b5e0a7,707b6ccf-c9d9-4c1d-97f4-516b572b2f9d,1697663739887388888
6a69421f-e399-4db8-897a-d8ef21b5e0a7,707b6ccf-c9d9-4c1d-97f4-516b572b2f9d,1697663739926833333
6a69421f-e399-4db8-897a-d8ef21b5e0a7,707b6ccf-c9d9-4c1d-97f4-516b572b2f9d,1697663739947188888
6a69421f-e399-4db8-897a-d8ef21b5e0a7,707b6ccf-c9d9-4c1d-97f4-516b572b2f9d,1697663739989500000
6a69421f-e399-4db8-897a-d8ef21b5e0a7,707b6ccf-c9d9-4c1d-97f4-516b572b2f9d,1697663740020311111
6a69421f-e399-4db8-897a-d8ef21b5e0a7,707b6ccf-c9d9-4c1d-97f4-516b572b2f9d,1697663740055033333
6a69421f-e399-4db8-897a-d8ef21b5e0a7,707b6ccf-c9d9-4c1d-97f4-516b572b2f9d,1697663740094722222
6a69421f-e399-4db8-897a-d8ef21b5e0a7,707b6ccf-c9d9-4c1d-97f4-516b572b2f9d,1697663740122833333
6a69421f-e399-4db8-897a-d8ef21b5e0a7,707b6ccf-c9d9-4c1d-97f4-516b572b2f9d,1697663740148377777
6a69421f-e399-4db8-897a-d8ef21b5e0a7,707b6ccf-c9d9-4c1d-97f4-516b572b2f9d,1697663740180133333
6a69421f-e399-4db8-897a-d8ef21b5e0a7,707b6ccf-c9d9-4c1d-97f4-516b572b2f9d,1697663740213377777
6a69421f-e399-4db8-897a-d8ef21b5e0a7,707b6ccf-c9d9-4c1d-97f4-516b572b2f9d,1697663740246100000
6a69421f-e399-4db8-897a-d8ef21b5e0a7,707b6ccf-c9d9-4c1d-97f4-516b572b2f9d,1697663740288644444
6a69421f-e399-4db8-897a-d8ef21b5e0a7,707b6ccf-c9d9-4c1d-97f4-516b572b2f9d,1697663740322055555
6a69421f-e399-4db8-897a-d8ef21b5e0a7,707b6ccf-c9d9-4c1d-97f4-516b572b2f9d,1697663740359833333
6a69421f-e399-4db8-897a-d8ef21b5e0a7,707b6ccf-c9d9-4c1d-97f4-516b572b2f9d,1697663740390677777
6a69421f-e399-4db8-897a-d8ef21b5e0a7,707b6ccf-c9d9-4c1d-97f4-516b572b2f9d,1697663740419333333
6a69421f-e399-4db8-897a-d8ef21b5e0a7,707b6ccf-c9d9-4c1d-97f4-516b572b2f9d,1697663740461677777
6a69421f-e399-4db8-897a-d8ef21b5e0a7,707b6ccf-c9d9-4c1d-97f4-516b572b2f9d,1697663740490155555
6a69421f-e399-4db8-897a-d8ef21b5e0a7,707b6ccf-c9d9-4c1d-97f4-516b572b2f9d,1697663740522722222
6a69421f-e399-4db8-897a-d8ef21b5e0a7,707b6ccf-c9d9-4c1d-97f4-516b572b2f9d,1697663740551788888
6a69421f-e399-4db8-897a-d8ef21b5e0a7,707b6ccf-c9d9-4c1d-97f4-516b572b2f9d,1697663740588888888
6a69421f-e399-4db8-897a-d8ef21b5e0a7,707b6ccf-c9d9-4c1d-97f4-516b572b2f9d,1697663740619088888
6a69421f-e399-4db8-897a-d8ef21b5e0a7,707b6ccf-c9d9-4c1d-97f4-516b572b2f9d,1697663740659300000
6a69421f-e399-4db8-897a-d8ef21b5e0a7,707b6ccf-c9d9-4c1d-97f4-516b572b2f9d,1697663740688511111
6a69421f-e399-4db8-897a-d8ef21b5e0a7,707b6ccf-c9d9-4c1d-97f4-516b572b2f9d,1697663740722133333
6a69421f-e399-4db8-897a-d8ef21b5e0a7,707b6ccf-c9d9-4c1d-97f4-516b572b2f9d,1697663740769811111
6a69421f-e399-4db8-897a-d8ef21b5e0a7,707b6ccf-c9d9-4c1d-97f4-516b572b2f9d,1697663740780277777
6a69421f-e399-4db8-897a-d8ef21b5e0a7,707b6ccf-c9d9-4c1d-97f4-516b572b2f9d,1697663740815433333
6a69421f-e399-4db8-897a-d8ef21b5e0a7,707b6ccf-c9d9-4c1d-97f4-516b572b2f9d,1697663740859666666
6a69421f-e399-4db8-897a-d8ef21b5e0a7,707b6ccf-c9d9-4c1d-97f4-516b572b2f9d,1697663740879133333
6a69421f-e399-4db8-897a-d8ef21b5e0a7,707b6ccf-c9d9-4c1d-97f4-516b572b2f9d,1697663740914455555
6a69421f-e399-4db8-897a-d8ef21b5e0a7,707b6ccf-c9d9-4c1d-97f4-516b572b2f9d,1697663740954700000
6a69421f-e399-4db8-897a-d8ef21b5e0a7,707b6ccf-c9d9-4c1d-97f4-516b572b2f9d,1697663740988166666
6a69421f-e399-4db8-897a-d8ef21b5e0a7,707b6ccf-c9d9-4c1d-97f4-516b572b2f9d,1697663741020088888
6a69421f-e399-4db8-897a-d8ef21b5e0a7,707b6ccf-c9d9-4c1d-97f4-516b572b2f9d,1697663741052666666
6a69421f-e399-4db8-897a-d8ef21b5e0a7,707b6ccf-c9d9-4c1d-97f4-516b572b2f9d,1697663741087822222
6a69421f-e399-4db8-897a-d8ef21b5e0a7,707b6ccf-c9d9-4c1d-97f4-516b572b2f9d,1697663741118633333
6a69421f-e399-4db8-897a-d8ef21b5e0a7,707b6ccf-c9d9-4c1d-97f4-516b572b2f9d,1697663741154777777
6a69421f-e399-4db8-897a-d8ef21b5e0a7,707b6ccf-c9d9-4c1d-97f4-516b572b2f9d,1697663741191088888
6a69421f-e399-4db8-897a-d8ef21b5e0a7,707b6ccf-c9d9-4c1d-97f4-516b572b2f9d,1697663741219833333
6a69421f-e399-4db8-897a-d8ef21b5e0a7,707b6ccf-c9d9-4c1d-97f4-516b572b2f9d,1697663741251822222
6a69421f-e399-4db8-897a-d8ef21b5e0a7,707b6ccf-c9d9-4c1d-97f4-516b572b2f9d,1697663741287333333
6a69421f-e399-4db8-897a-d8ef21b5e0a7,707b6ccf-c9d9-4c1d-97f4-516b572b2f9d,1697663741317544444
6a69421f-e399-4db8-897a-d8ef21b5e0a7,707b6ccf-c9d9-4c1d-97f4-516b572b2f9d,1697663741358111111
6a69421f-e399-4db8-897a-d8ef21b5e0a7,707b6ccf-c9d9-4c1d-97f4-516b572b2f9d,1697663741388011111
6a69421f-e399-4db8-897a-d8ef21b5e0a7,707b6ccf-c9d9-4c1d-97f4-516b572b2f9d,1697663741433722222
6a69421f-e399-4db8-897a-d8ef21b5e0a7,707b6ccf-c9d9-4c1d-97f4-516b572b2f9d,1697663741446466666
6a69421f-e399-4db8-897a-d8ef21b5e0a7,707b6ccf-c9d9-4c1d-97f4-516b572b2f9d,1697663741487488888
6a69421f-e399-4db8-897a-d8ef21b5e0a7,707b6ccf-c9d9-4c1d-97f4-516b572b2f9d,1697663741515288888
6a69421f-e399-4db8-897a-d8ef21b5e0a7,707b6ccf-c9d9-4c1d-97f4-516b572b2f9d,1697663741548144444
6a69421f-e399-4db8-897a-d8ef21b5e0a7,707b6ccf-c9d9-4c1d-97f4-516b572b2f9d,1697663741577511111
6a69421f-e399-4db8-897a-d8ef21b5e0a7,707b6ccf-c9d9-4c1d-97f4-516b572b2f9d,1697663741622288888
6a69421f-e399-4db8-897a-d8ef21b5e0a7,707b6ccf-c9d9-4c1d-97f4-516b572b2f9d,1697663741651266666
6a69421f-e399-4db8-897a-d8ef21b5e0a7,707b6ccf-c9d9-4c1d-97f4-516b572b2f9d,1697663741686644444
6a69421f-e399-4db8-897a-d8ef21b5e0a7,707b6ccf-c9d9-4c1d-97f4-516b572b2f9d,1697663741717977777
6a69421f-e399-4db8-897a-d8ef21b5e0a7,707b6ccf-c9d9-4c1d-97f4-516b572b2f9d,1697663741758588888
6a69421f-e399-4db8-897a-d8ef21b5e0a7,707b6ccf-c9d9-4c1d-97f4-516b572b2f9d,1697663741789955555
6a69421f-e399-4db8-897a-d8ef21b5e0a7,707b6ccf-c9d9-4c1d-97f4-516b572b2f9d,1697663741817844444
6a69421f-e399-4db8-897a-d8ef21b5e0a7,707b6ccf-c9d9-4c1d-97f4-516b572b2f9d,1697663741857433333
6a69421f-e399-4db8-897a-d8ef21b5e0a7,707b6ccf-c9d9-4c1d-97f4-516b572b2f9d,1697663741889833333
6a69421f-e399-4db8-897a-d8ef21b5e0a7,707b6ccf-c9d9-4c1d-97f4-516b572b2f9d,1697663741922333333
6a69421f-e399-4db8-897a-d8ef21b5e0a7,707b6ccf-c9d9-4c1d-97f4-516b572b2f9d,1697663741954611111
6a69421f-e399-4db8-897a-d8ef21b5e0a7,707b6ccf-c9d9-4c1d-97f4-516b572b2f9d,1697663741987366666
6a69421f-e399-4db8-897a-d8ef21b5e0a7,707b6ccf-c9d9-4c1d-97f4-516b572b2f9d,1697663742018155555
6a69421f-e399-4db8-897a-d8ef21b5e0a7,707b6ccf-c9d9-4c1d-97f4-516b572b2f9d,1697663742059644444
6a69421f-e399-4db8-897a-d8ef21b5e0a7,707b6ccf-c9d9-4c1d-97f4-516b572b2f9d,1697663742099422222
6a69421f-e399-4db8-897a-d8ef21b5e0a7,707b6ccf-c9d9-4c1d-97f4-516b572b2f9d,1697663742112055555
6a69421f-e399-4db8-897a-d8ef21b5e0a7,707b6ccf-c9d9-4c1d-97f4-516b572b2f9d,1697663742161777777
6a69421f-e399-4db8-897a-d8ef21b5e0a7,707b6ccf-c9d9-4c1d-97f4-516b572b2f9d,1697663742180600000
6a69421f-e399-4db8-897a-d8ef21b5e0a7,707b6ccf-c9d9-4c1d-97f4-516b572b2f9d,1697663742213855555
6a69421f-e399-4db8-897a-d8ef21b5e0a7,707b6ccf-c9d9-4c1d-97f4-516b572b2f9d,1697663742245588888
6a69421f-e399-4db8-897a-d8ef21b5e0a7,707b6ccf-c9d9-4c1d-97f4-516b572b2f9d,1697663742287711111
6a69421f-e399-4db8-897a-d8ef21b5e0a7,707b6ccf-c9d9-4c1d-97f4-516b572b2f9d,1697663742319388888
6a69421f-e399-4db8-897a-d8ef21b5e0a7,707b6ccf-c9d9-4c1d-97f4-516b572b2f9d,1697663742351944444
6a69421f-e399-4db8-897a-d8ef21b5e0a7,707b6ccf-c9d9-4c1d-97f4-516b572b2f9d,1697663742390455555
6a69421f-e399-4db8-897a-d8ef21b5e0a7,707b6ccf-c9d9-4c1d-97f4-516b572b2f9d,1697663742419822222
6a69421f-e399-4db8-897a-d8ef21b5e0a7,707b6ccf-c9d9-4c1d-97f4-516b572b2f9d,1697663742455077777
6a69421f-e399-4db8-897a-d8ef21b5e0a7,707b6ccf-c9d9-4c1d-97f4-516b572b2f9d,1697663742488400000
6a69421f-e399-4db8-897a-d8ef21b5e0a7,707b6ccf-c9d9-4c1d-97f4-516b572b2f9d,1697663742522044444
6a69421f-e399-4db8-897a-d8ef21b5e0a7,707b6ccf-c9d9-4c1d-97f4-516b572b2f9d,1697663742555411111
6a69421f-e399-4db8-897a-d8ef21b5e0a7,707b6ccf-c9d9-4c1d-97f4-516b572b2f9d,1697663742586266666
6a69421f-e399-4db8-897a-d8ef21b5e0a7,707b6ccf-c9d9-4c1d-97f4-516b572b2f9d,1697663742622844444
6a69421f-e399-4db8-897a-d8ef21b5e0a7,707b6ccf-c9d9-4c1d-97f4-516b572b2f9d,1697663742657222222
6a69421f-e399-4db8-897a-d8ef21b5e0a7,707b6ccf-c9d9-4c1d-97f4-516b572b2f9d,1697663742687700000
6a69421f-e399-4db8-897a-d8ef21b5e0a7,707b6ccf-c9d9-4c1d-97f4-516b572b2f9d,1697663742720033333
6a69421f-e399-4db8-897a-d8ef21b5e0a7,707b6ccf-c9d9-4c1d-97f4-516b572b2f9d,1697663742770777777
6a69421f-e399-4db8-897a-d8ef21b5e0a7,707b6ccf-c9d9-4c1d-97f4-516b572b2f9d,1697663742781655555
6a69421f-e399-4db8-897a-d8ef21b5e0a7,707b6ccf-c9d9-4c1d-97f4-516b572b2f9d,1697663742811366666
6a69421f-e399-4db8-897a-d8ef21b5e0a7,707b6ccf-c9d9-4c1d-97f4-516b572b2f9d,1697663742850500000
6a69421f-e399-4db8-897a-d8ef21b5e0a7,707b6ccf-c9d9-4c1d-97f4-516b572b2f9d,1697663742877944444
6a69421f-e399-4db8-897a-d8ef21b5e0a7,707b6ccf-c9d9-4c1d-97f4-516b572b2f9d,1697663742912655555
6a69421f-e399-4db8-897a-d8ef21b5e0a7,707b6ccf-c9d9-4c1d-97f4-516b572b2f9d,1697663742942288888
6a69421f-e399-4db8-897a-d8ef21b5e0a7,707b6ccf-c9d9-4c1d-97f4-516b572b2f9d,1697663742993611111
6a69421f-e399-4db8-897a-d8ef21b5e0a7,707b6ccf-c9d9-4c1d-97f4-516b572b2f9d,1697663743021666666
6a69421f-e399-4db8-897a-d8ef21b5e0a7,707b6ccf-c9d9-4c1d-97f4-516b572b2f9d,1697663743047900000
6a69421f-e399-4db8-897a-d8ef21b5e0a7,707b6ccf-c9d9-4c1d-97f4-516b572b2f9d,1697663743091966666
6a69421f-e399-4db8-897a-d8ef21b5e0a7,707b6ccf-c9d9-4c1d-97f4-516b572b2f9d,1697663743121122222
6a69421f-e399-4db8-897a-d8ef21b5e0a7,707b6ccf-c9d9-4c1d-97f4-516b572b2f9d,1697663743150922222
6a69421f-e399-4db8-897a-d8ef21b5e0a7,707b6ccf-c9d9-4c1d-97f4-516b572b2f9d,1697663743189655555
6a69421f-e399-4db8-897a-d8ef21b5e0a7,707b6ccf-c9d9-4c1d-97f4-516b572b2f9d,1697663743220777777
6a69421f-e399-4db8-897a-d8ef21b5e0a7,707b6ccf-c9d9-4c1d-97f4-516b572b2f9d,1697663743249566666
6a69421f-e399-4db8-897a-d8ef21b5e0a7,707b6ccf-c9d9-4c1d-97f4-516b572b2f9d,1697663743286355555
6a69421f-e399-4db8-897a-d8ef21b5e0a7,707b6ccf-c9d9-4c1d-97f4-516b572b2f9d,1697663743318322222
6a69421f-e399-4db8-897a-d8ef21b5e0a7,707b6ccf-c9d9-4c1d-97f4-516b572b2f9d,1697663743353177777
6a69421f-e399-4db8-897a-d8ef21b5e0a7,707b6ccf-c9d9-4c1d-97f4-516b572b2f9d,1697663743388466666
6a69421f-e399-4db8-897a-d8ef21b5e0a7,707b6ccf-c9d9-4c1d-97f4-516b572b2f9d,1697663743422844444
6a69421f-e399-4db8-897a-d8ef21b5e0a7,707b6ccf-c9d9-4c1d-97f4-516b572b2f9d,1697663743443777777
6a69421f-e399-4db8-897a-d8ef21b5e0a7,707b6ccf-c9d9-4c1d-97f4-516b572b2f9d,1697663743478355555
6a69421f-e399-4db8-897a-d8ef21b5e0a7,707b6ccf-c9d9-4c1d-97f4-516b572b2f9d,1697663743510855555
6a69421f-e399-4db8-897a-d8ef21b5e0a7,707b6ccf-c9d9-4c1d-97f4-516b572b2f9d,1697663743545222222
6a69421f-e399-4db8-897a-d8ef21b5e0a7,707b6ccf-c9d9-4c1d-97f4-516b572b2f9d,1697663743579566666
6a69421f-e399-4db8-897a-d8ef21b5e0a7,707b6ccf-c9d9-4c1d-97f4-516b572b2f9d,1697663743620122222
6a69421f-e399-4db8-897a-d8ef21b5e0a7,707b6ccf-c9d9-4c1d-97f4-516b572b2f9d,1697663743650900000
6a69421f-e399-4db8-897a-d8ef21b5e0a7,707b6ccf-c9d9-4c1d-97f4-516b572b2f9d,1697663743689288888
6a69421f-e399-4db8-897a-d8ef21b5e0a7,707b6ccf-c9d9-4c1d-97f4-516b572b2f9d,1697663743720822222
6a69421f-e399-4db8-897a-d8ef21b5e0a7,707b6ccf-c9d9-4c1d-97f4-516b572b2f9d,1697663743753511111
6a69421f-e399-4db8-897a-d8ef21b5e0a7,707b6ccf-c9d9-4c1d-97f4-516b572b2f9d,1697663743789388888
6a69421f-e399-4db8-897a-d8ef21b5e0a7,707b6ccf-c9d9-4c1d-97f4-516b572b2f9d,1697663743819811111
6a69421f-e399-4db8-897a-d8ef21b5e0a7,707b6ccf-c9d9-4c1d-97f4-516b572b2f9d,1697663743853533333
6a69421f-e399-4db8-897a-d8ef21b5e0a7,707b6ccf-c9d9-4c1d-97f4-516b572b2f9d,1697663743889711111
6a69421f-e399-4db8-897a-d8ef21b5e0a7,707b6ccf-c9d9-4c1d-97f4-516b572b2f9d,1697663743922188888
6a69421f-e399-4db8-897a-d8ef21b5e0a7,707b6ccf-c9d9-4c1d-97f4-516b572b2f9d,1697663743951966666
6a69421f-e399-4db8-897a-d8ef21b5e0a7,707b6ccf-c9d9-4c1d-97f4-516b572b2f9d,1697663743986522222
6a69421f-e399-4db8-897a-d8ef21b5e0a7,707b6ccf-c9d9-4c1d-97f4-516b572b2f9d,1697663744022811111
6a69421f-e399-4db8-897a-d8ef21b5e0a7,707b6ccf-c9d9-4c1d-97f4-516b572b2f9d,1697663744051700000
6a69421f-e399-4db8-897a-d8ef21b5e0a7,707b6ccf-c9d9-4c1d-97f4-516b572b2f9d,1697663744103077777
6a69421f-e399-4db8-897a-d8ef21b5e0a7,707b6ccf-c9d9-4c1d-97f4-516b572b2f9d,1697663744114966666
6a69421f-e399-4db8-897a-d8ef21b5e0a7,707b6ccf-c9d9-4c1d-97f4-516b572b2f9d,1697663744153411111
6a69421f-e399-4db8-897a-d8ef21b5e0a7,707b6ccf-c9d9-4c1d-97f4-516b572b2f9d,1697663744190800000
6a69421f-e399-4db8-897a-d8ef21b5e0a7,707b6ccf-c9d9-4c1d-97f4-516b572b2f9d,1697663744214755555
6a69421f-e399-4db8-897a-d8ef21b5e0a7,707b6ccf-c9d9-4c1d-97f4-516b572b2f9d,1697663744252544444
6a69421f-e399-4db8-897a-d8ef21b5e0a7,707b6ccf-c9d9-4c1d-97f4-516b572b2f9d,1697663744288133333
6a69421f-e399-4db8-897a-d8ef21b5e0a7,707b6ccf-c9d9-4c1d-97f4-516b572b2f9d,1697663744322000000
6a69421f-e399-4db8-897a-d8ef21b5e0a7,707b6ccf-c9d9-4c1d-97f4-516b572b2f9d,1697663744344633333
6a69421f-e399-4db8-897a-d8ef21b5e0a7,707b6ccf-c9d9-4c1d-97f4-516b572b2f9d,1697663744389244444
6a69421f-e399-4db8-897a-d8ef21b5e0a7,707b6ccf-c9d9-4c1d-97f4-516b572b2f9d,1697663744418966666
6a69421f-e399-4db8-897a-d8ef21b5e0a7,707b6ccf-c9d9-4c1d-97f4-516b572b2f9d,1697663744452255555
6a69421f-e399-4db8-897a-d8ef21b5e0a7,707b6ccf-c9d9-4c1d-97f4-516b572b2f9d,1697663744488488888
6a69421f-e399-4db8-897a-d8ef21b5e0a7,707b6ccf-c9d9-4c1d-97f4-516b572b2f9d,1697663744522122222
6a69421f-e399-4db8-897a-d8ef21b5e0a7,707b6ccf-c9d9-4c1d-97f4-516b572b2f9d,1697663744551433333
6a69421f-e399-4db8-897a-d8ef21b5e0a7,707b6ccf-c9d9-4c1d-97f4-516b572b2f9d,1697663744586122222
6a69421f-e399-4db8-897a-d8ef21b5e0a7,707b6ccf-c9d9-4c1d-97f4-516b572b2f9d,1697663744619966666
6a69421f-e399-4db8-897a-d8ef21b5e0a7,707b6ccf-c9d9-4c1d-97f4-516b572b2f9d,1697663744651100000
6a69421f-e399-4db8-897a-d8ef21b5e0a7,707b6ccf-c9d9-4c1d-97f4-516b572b2f9d,1697663744688466666
6a69421f-e399-4db8-897a-d8ef21b5e0a7,707b6ccf-c9d9-4c1d-97f4-516b572b2f9d,1697663744720977777
6a69421f-e399-4db8-897a-d8ef21b5e0a7,707b6ccf-c9d9-4c1d-97f4-516b572b2f9d,1697663744750733333
6a69421f-e399-4db8-897a-d8ef21b5e0a7,707b6ccf-c9d9-4c1d-97f4-516b572b2f9d,1697663744789855555
6a69421f-e399-4db8-897a-d8ef21b5e0a7,707b6ccf-c9d9-4c1d-97f4-516b572b2f9d,1697663744811844444
6a69421f-e399-4db8-897a-d8ef21b5e0a7,707b6ccf-c9d9-4c1d-97f4-516b572b2f9d,1697663744844211111
6a69421f-e399-4db8-897a-d8ef21b5e0a7,707b6ccf-c9d9-4c1d-97f4-516b572b2f9d,1697663744882733333
6a69421f-e399-4db8-897a-d8ef21b5e0a7,707b6ccf-c9d9-4c1d-97f4-516b572b2f9d,1697663744911666666
6a69421f-e399-4db8-897a-d8ef21b5e0a7,707b6ccf-c9d9-4c1d-97f4-516b572b2f9d,1697663744951355555
6a69421f-e399-4db8-897a-d8ef21b5e0a7,707b6ccf-c9d9-4c1d-97f4-516b572b2f9d,1697663744985666666
6a69421f-e399-4db8-897a-d8ef21b5e0a7,707b6ccf-c9d9-4c1d-97f4-516b572b2f9d,1697663745021666666
6a69421f-e399-4db8-897a-d8ef21b5e0a7,707b6ccf-c9d9-4c1d-97f4-516b572b2f9d,1697663745054511111
6a69421f-e399-4db8-897a-d8ef21b5e0a7,707b6ccf-c9d9-4c1d-97f4-516b572b2f9d,1697663745088600000
6a69421f-e399-4db8-897a-d8ef21b5e0a7,707b6ccf-c9d9-4c1d-97f4-516b572b2f9d,1697663745119477777
6a69421f-e399-4db8-897a-d8ef21b5e0a7,707b6ccf-c9d9-4c1d-97f4-516b572b2f9d,1697663745150122222
6a69421f-e399-4db8-897a-d8ef21b5e0a7,707b6ccf-c9d9-4c1d-97f4-516b572b2f9d,1697663745191255555
6a69421f-e399-4db8-897a-d8ef21b5e0a7,707b6ccf-c9d9-4c1d-97f4-516b572b2f9d,1697663745219577777
6a69421f-e399-4db8-897a-d8ef21b5e0a7,707b6ccf-c9d9-4c1d-97f4-516b572b2f9d,1697663745251788888
6a69421f-e399-4db8-897a-d8ef21b5e0a7,707b6ccf-c9d9-4c1d-97f4-516b572b2f9d,1697663745287322222
6a69421f-e399-4db8-897a-d8ef21b5e0a7,707b6ccf-c9d9-4c1d-97f4-516b572b2f9d,1697663745320266666
6a69421f-e399-4db8-897a-d8ef21b5e0a7,707b6ccf-c9d9-4c1d-97f4-516b572b2f9d,1697663745350311111
6a69421f-e399-4db8-897a-d8ef21b5e0a7,707b6ccf-c9d9-4c1d-97f4-516b572b2f9d,1697663745388000000
6a69421f-e399-4db8-897a-d8ef21b5e0a7,707b6ccf-c9d9-4c1d-97f4-516b572b2f9d,1697663745417711111
6a69421f-e399-4db8-897a-d8ef21b5e0a7,707b6ccf-c9d9-4c1d-97f4-516b572b2f9d,1697663745473144444
6a69421f-e399-4db8-897a-d8ef21b5e0a7,707b6ccf-c9d9-4c1d-97f4-516b572b2f9d,1697663745488488888
6a69421f-e399-4db8-897a-d8ef21b5e0a7,707b6ccf-c9d9-4c1d-97f4-516b572b2f9d,1697663745514011111
6a69421f-e399-4db8-897a-d8ef21b5e0a7,707b6ccf-c9d9-4c1d-97f4-516b572b2f9d,1697663745543066666
6a69421f-e399-4db8-897a-d8ef21b5e0a7,707b6ccf-c9d9-4c1d-97f4-516b572b2f9d,1697663745579144444
6a69421f-e399-4db8-897a-d8ef21b5e0a7,707b6ccf-c9d9-4c1d-97f4-516b572b2f9d,1697663745623000000
6a69421f-e399-4db8-897a-d8ef21b5e0a7,707b6ccf-c9d9-4c1d-97f4-516b572b2f9d,1697663745646700000
6a69421f-e399-4db8-897a-d8ef21b5e0a7,707b6ccf-c9d9-4c1d-97f4-516b572b2f9d,1697663745687577777
6a69421f-e399-4db8-897a-d8ef21b5e0a7,707b6ccf-c9d9-4c1d-97f4-516b572b2f9d,1697663745719688888
6a69421f-e399-4db8-897a-d8ef21b5e0a7,707b6ccf-c9d9-4c1d-97f4-516b572b2f9d,1697663745753055555
6a69421f-e399-4db8-897a-d8ef21b5e0a7,707b6ccf-c9d9-4c1d-97f4-516b572b2f9d,1697663745790044444
6a69421f-e399-4db8-897a-d8ef21b5e0a7,707b6ccf-c9d9-4c1d-97f4-516b572b2f9d,1697663745820955555
6a69421f-e399-4db8-897a-d8ef21b5e0a7,707b6ccf-c9d9-4c1d-97f4-516b572b2f9d,1697663745844388888
6a69421f-e399-4db8-897a-d8ef21b5e0a7,707b6ccf-c9d9-4c1d-97f4-516b572b2f9d,1697663745891911111
6a69421f-e399-4db8-897a-d8ef21b5e0a7,707b6ccf-c9d9-4c1d-97f4-516b572b2f9d,1697663745923077777
6a69421f-e399-4db8-897a-d8ef21b5e0a7,707b6ccf-c9d9-4c1d-97f4-516b572b2f9d,1697663745953000000
6a69421f-e399-4db8-897a-d8ef21b5e0a7,707b6ccf-c9d9-4c1d-97f4-516b572b2f9d,1697663745986455555
6a69421f-e399-4db8-897a-d8ef21b5e0a7,707b6ccf-c9d9-4c1d-97f4-516b572b2f9d,1697663746019944444
6a69421f-e399-4db8-897a-d8ef21b5e0a7,707b6ccf-c9d9-4c1d-97f4-516b572b2f9d,1697663746046755555
6a69421f-e399-4db8-897a-d8ef21b5e0a7,707b6ccf-c9d9-4c1d-97f4-516b572b2f9d,1697663746092477777
6a69421f-e399-4db8-897a-d8ef21b5e0a7,707b6ccf-c9d9-4c1d-97f4-516b572b2f9d,1697663746127644444
6a69421f-e399-4db8-897a-d8ef21b5e0a7,707b6ccf-c9d9-4c1d-97f4-516b572b2f9d,1697663746143911111
6a69421f-e399-4db8-897a-d8ef21b5e0a7,707b6ccf-c9d9-4c1d-97f4-516b572b2f9d,1697663746176511111
6a69421f-e399-4db8-897a-d8ef21b5e0a7,707b6ccf-c9d9-4c1d-97f4-516b572b2f9d,1697663746212155555
6a69421f-e399-4db8-897a-d8ef21b5e0a7,707b6ccf-c9d9-4c1d-97f4-516b572b2f9d,1697663746250800000
6a69421f-e399-4db8-897a-d8ef21b5e0a7,707b6ccf-c9d9-4c1d-97f4-516b572b2f9d,1697663746281166666
6a69421f-e399-4db8-897a-d8ef21b5e0a7,707b6ccf-c9d9-4c1d-97f4-516b572b2f9d,1697663746319022222
6a69421f-e399-4db8-897a-d8ef21b5e0a7,707b6ccf-c9d9-4c1d-97f4-516b572b2f9d,1697663746351577777
6a69421f-e399-4db8-897a-d8ef21b5e0a7,707b6ccf-c9d9-4c1d-97f4-516b572b2f9d,1697663746382822222
6a69421f-e399-4db8-897a-d8ef21b5e0a7,707b6ccf-c9d9-4c1d-97f4-516b572b2f9d,1697663746417511111
6a69421f-e399-4db8-897a-d8ef21b5e0a7,707b6ccf-c9d9-4c1d-97f4-516b572b2f9d,1697663746450288888
6a69421f-e399-4db8-897a-d8ef21b5e0a7,707b6ccf-c9d9-4c1d-97f4-516b572b2f9d,1697663746484788888
6a69421f-e399-4db8-897a-d8ef21b5e0a7,707b6ccf-c9d9-4c1d-97f4-516b572b2f9d,1697663746518766666
6a69421f-e399-4db8-897a-d8ef21b5e0a7,707b6ccf-c9d9-4c1d-97f4-516b572b2f9d,1697663746550022222
6a69421f-e399-4db8-897a-d8ef21b5e0a7,707b6ccf-c9d9-4c1d-97f4-516b572b2f9d,1697663746587166666
6a69421f-e399-4db8-897a-d8ef21b5e0a7,707b6ccf-c9d9-4c1d-97f4-516b572b2f9d,1697663746617188888
6a69421f-e399-4db8-897a-d8ef21b5e0a7,707b6ccf-c9d9-4c1d-97f4-516b572b2f9d,1697663746653344444
6a69421f-e399-4db8-897a-d8ef21b5e0a7,707b6ccf-c9d9-4c1d-97f4-516b572b2f9d,1697663746681422222
6a69421f-e399-4db8-897a-d8ef21b5e0a7,707b6ccf-c9d9-4c1d-97f4-516b572b2f9d,1697663746719700000
6a69421f-e399-4db8-897a-d8ef21b5e0a7,707b6ccf-c9d9-4c1d-97f4-516b572b2f9d,1697663746749866666
6a69421f-e399-4db8-897a-d8ef21b5e0a7,707b6ccf-c9d9-4c1d-97f4-516b572b2f9d,1697663746800766666
6a69421f-e399-4db8-897a-d8ef21b5e0a7,707b6ccf-c9d9-4c1d-97f4-516b572b2f9d,1697663746810533333
6a69421f-e399-4db8-897a-d8ef21b5e0a7,707b6ccf-c9d9-4c1d-97f4-516b572b2f9d,1697663746845888888
6a69421f-e399-4db8-897a-d8ef21b5e0a7,707b6ccf-c9d9-4c1d-97f4-516b572b2f9d,1697663746883688888
6a69421f-e399-4db8-897a-d8ef21b5e0a7,707b6ccf-c9d9-4c1d-97f4-516b572b2f9d,1697663746910755555
6a69421f-e399-4db8-897a-d8ef21b5e0a7,707b6ccf-c9d9-4c1d-97f4-516b572b2f9d,1697663746955477777
6a69421f-e399-4db8-897a-d8ef21b5e0a7,707b6ccf-c9d9-4c1d-97f4-516b572b2f9d,1697663746987888888
6a69421f-e399-4db8-897a-d8ef21b5e0a7,707b6ccf-c9d9-4c1d-97f4-516b572b2f9d,1697663747022622222
6a69421f-e399-4db8-897a-d8ef21b5e0a7,707b6ccf-c9d9-4c1d-97f4-516b572b2f9d,1697663747046811111
6a69421f-e399-4db8-897a-d8ef21b5e0a7,707b6ccf-c9d9-4c1d-97f4-516b572b2f9d,1697663747082388888
6a69421f-e399-4db8-897a-d8ef21b5e0a7,707b6ccf-c9d9-4c1d-97f4-516b572b2f9d,1697663747118755555
6a69421f-e399-4db8-897a-d8ef21b5e0a7,707b6ccf-c9d9-4c1d-97f4-516b572b2f9d,1697663747150611111
6a69421f-e399-4db8-897a-d8ef21b5e0a7,707b6ccf-c9d9-4c1d-97f4-516b572b2f9d,1697663747182911111
6a69421f-e399-4db8-897a-d8ef21b5e0a7,707b6ccf-c9d9-4c1d-97f4-516b572b2f9d,1697663747217222222
6a69421f-e399-4db8-897a-d8ef21b5e0a7,707b6ccf-c9d9-4c1d-97f4-516b572b2f9d,1697663747250844444
6a69421f-e399-4db8-897a-d8ef21b5e0a7,707b6ccf-c9d9-4c1d-97f4-516b572b2f9d,1697663747282633333
6a69421f-e399-4db8-897a-d8ef21b5e0a7,707b6ccf-c9d9-4c1d-97f4-516b572b2f9d,1697663747320500000
6a69421f-e399-4db8-897a-d8ef21b5e0a7,707b6ccf-c9d9-4c1d-97f4-516b572b2f9d,1697663747350577777
6a69421f-e399-4db8-897a-d8ef21b5e0a7,707b6ccf-c9d9-4c1d-97f4-516b572b2f9d,1697663747384111111
6a69421f-e399-4db8-897a-d8ef21b5e0a7,707b6ccf-c9d9-4c1d-97f4-516b572b2f9d,1697663747422966666
6a69421f-e399-4db8-897a-d8ef21b5e0a7,707b6ccf-c9d9-4c1d-97f4-516b572b2f9d,1697663747443144444
6a69421f-e399-4db8-897a-d8ef21b5e0a7,707b6ccf-c9d9-4c1d-97f4-516b572b2f9d,1697663747478022222
6a69421f-e399-4db8-897a-d8ef21b5e0a7,707b6ccf-c9d9-4c1d-97f4-516b572b2f9d,1697663747522255555
6a69421f-e399-4db8-897a-d8ef21b5e0a7,707b6ccf-c9d9-4c1d-97f4-516b572b2f9d,1697663747548400000
6a69421f-e399-4db8-897a-d8ef21b5e0a7,707b6ccf-c9d9-4c1d-97f4-516b572b2f9d,1697663747574488888
6a69421f-e399-4db8-897a-d8ef21b5e0a7,707b6ccf-c9d9-4c1d-97f4-516b572b2f9d,1697663747618055555
6a69421f-e399-4db8-897a-d8ef21b5e0a7,707b6ccf-c9d9-4c1d-97f4-516b572b2f9d,1697663747650833333
6a69421f-e399-4db8-897a-d8ef21b5e0a7,707b6ccf-c9d9-4c1d-97f4-516b572b2f9d,1697663747682522222
6a69421f-e399-4db8-897a-d8ef21b5e0a7,707b6ccf-c9d9-4c1d-97f4-516b572b2f9d,1697663747722300000
6a69421f-e399-4db8-897a-d8ef21b5e0a7,707b6ccf-c9d9-4c1d-97f4-516b572b2f9d,1697663747744922222
6a69421f-e399-4db8-897a-d8ef21b5e0a7,707b6ccf-c9d9-4c1d-97f4-516b572b2f9d,1697663747790022222
6a69421f-e399-4db8-897a-d8ef21b5e0a7,707b6ccf-c9d9-4c1d-97f4-516b572b2f9d,1697663747823055555
6a69421f-e399-4db8-897a-d8ef21b5e0a7,707b6ccf-c9d9-4c1d-97f4-516b572b2f9d,1697663747852755555
6a69421f-e399-4db8-897a-d8ef21b5e0a7,707b6ccf-c9d9-4c1d-97f4-516b572b2f9d,1697663747884000000
6a69421f-e399-4db8-897a-d8ef21b5e0a7,707b6ccf-c9d9-4c1d-97f4-516b572b2f9d,1697663747919177777
6a69421f-e399-4db8-897a-d8ef21b5e0a7,707b6ccf-c9d9-4c1d-97f4-516b572b2f9d,1697663747949811111
6a69421f-e399-4db8-897a-d8ef21b5e0a7,707b6ccf-c9d9-4c1d-97f4-516b572b2f9d,1697663747982044444
6a69421f-e399-4db8-897a-d8ef21b5e0a7,707b6ccf-c9d9-4c1d-97f4-516b572b2f9d,1697663748023833333
6a69421f-e399-4db8-897a-d8ef21b5e0a7,707b6ccf-c9d9-4c1d-97f4-516b572b2f9d,1697663748051444444
6a69421f-e399-4db8-897a-d8ef21b5e0a7,707b6ccf-c9d9-4c1d-97f4-516b572b2f9d,1697663748082611111
6a69421f-e399-4db8-897a-d8ef21b5e0a7,707b6ccf-c9d9-4c1d-97f4-516b572b2f9d,1697663748111788888
6a69421f-e399-4db8-897a-d8ef21b5e0a7,707b6ccf-c9d9-4c1d-97f4-516b572b2f9d,1697663748162822222
6a69421f-e399-4db8-897a-d8ef21b5e0a7,707b6ccf-c9d9-4c1d-97f4-516b572b2f9d,1697663748181066666
6a69421f-e399-4db8-897a-d8ef21b5e0a7,707b6ccf-c9d9-4c1d-97f4-516b572b2f9d,1697663748222066666
6a69421f-e399-4db8-897a-d8ef21b5e0a7,707b6ccf-c9d9-4c1d-97f4-516b572b2f9d,1697663748241900000
6a69421f-e399-4db8-897a-d8ef21b5e0a7,707b6ccf-c9d9-4c1d-97f4-516b572b2f9d,1697663748286833333
6a69421f-e399-4db8-897a-d8ef21b5e0a7,707b6ccf-c9d9-4c1d-97f4-516b572b2f9d,1697663748323977777
6a69421f-e399-4db8-897a-d8ef21b5e0a7,707b6ccf-c9d9-4c1d-97f4-516b572b2f9d,1697663748352944444
6a69421f-e399-4db8-897a-d8ef21b5e0a7,707b6ccf-c9d9-4c1d-97f4-516b572b2f9d,1697663748384500000
6a69421f-e399-4db8-897a-d8ef21b5e0a7,707b6ccf-c9d9-4c1d-97f4-516b572b2f9d,1697663748422711111
6a69421f-e399-4db8-897a-d8ef21b5e0a7,707b6ccf-c9d9-4c1d-97f4-516b572b2f9d,1697663748452900000
6a69421f-e399-4db8-897a-d8ef21b5e0a7,707b6ccf-c9d9-4c1d-97f4-516b572b2f9d,1697663748481811111
6a69421f-e399-4db8-897a-d8ef21b5e0a7,707b6ccf-c9d9-4c1d-97f4-516b572b2f9d,1697663748520511111
6a69421f-e399-4db8-897a-d8ef21b5e0a7,707b6ccf-c9d9-4c1d-97f4-516b572b2f9d,1697663748553455555
6a69421f-e399-4db8-897a-d8ef21b5e0a7,707b6ccf-c9d9-4c1d-97f4-516b572b2f9d,1697663748581511111
6a69421f-e399-4db8-897a-d8ef21b5e0a7,707b6ccf-c9d9-4c1d-97f4-516b572b2f9d,1697663748626866666
6a69421f-e399-4db8-897a-d8ef21b5e0a7,707b6ccf-c9d9-4c1d-97f4-516b572b2f9d,1697663748651366666
6a69421f-e399-4db8-897a-d8ef21b5e0a7,707b6ccf-c9d9-4c1d-97f4-516b572b2f9d,1697663748688100000
6a69421f-e399-4db8-897a-d8ef21b5e0a7,707b6ccf-c9d9-4c1d-97f4-516b572b2f9d,1697663748719533333
6a69421f-e399-4db8-897a-d8ef21b5e0a7,707b6ccf-c9d9-4c1d-97f4-516b572b2f9d,1697663748743455555
6a69421f-e399-4db8-897a-d8ef21b5e0a7,707b6ccf-c9d9-4c1d-97f4-516b572b2f9d,1697663748775255555
6a69421f-e399-4db8-897a-d8ef21b5e0a7,707b6ccf-c9d9-4c1d-97f4-516b572b2f9d,1697663748810644444
6a69421f-e399-4db8-897a-d8ef21b5e0a7,707b6ccf-c9d9-4c1d-97f4-516b572b2f9d,1697663748857511111
6a69421f-e399-4db8-897a-d8ef21b5e0a7,707b6ccf-c9d9-4c1d-97f4-516b572b2f9d,1697663748876577777
6a69421f-e399-4db8-897a-d8ef21b5e0a7,707b6ccf-c9d9-4c1d-97f4-516b572b2f9d,1697663748913200000
6a69421f-e399-4db8-897a-d8ef21b5e0a7,707b6ccf-c9d9-4c1d-97f4-516b572b2f9d,1697663748952888888
6a69421f-e399-4db8-897a-d8ef21b5e0a7,707b6ccf-c9d9-4c1d-97f4-516b572b2f9d,1697663748982133333
6a69421f-e399-4db8-897a-d8ef21b5e0a7,707b6ccf-c9d9-4c1d-97f4-516b572b2f9d,1697663749021600000
6a69421f-e399-4db8-897a-d8ef21b5e0a7,707b6ccf-c9d9-4c1d-97f4-516b572b2f9d,1697663749044955555
6a69421f-e399-4db8-897a-d8ef21b5e0a7,707b6ccf-c9d9-4c1d-97f4-516b572b2f9d,1697663749086844444
6a69421f-e399-4db8-897a-d8ef21b5e0a7,707b6ccf-c9d9-4c1d-97f4-516b572b2f9d,1697663749121644444
6a69421f-e399-4db8-897a-d8ef21b5e0a7,707b6ccf-c9d9-4c1d-97f4-516b572b2f9d,1697663749152144444
6a69421f-e399-4db8-897a-d8ef21b5e0a7,707b6ccf-c9d9-4c1d-97f4-516b572b2f9d,1697663749183455555
6a69421f-e399-4db8-897a-d8ef21b5e0a7,707b6ccf-c9d9-4c1d-97f4-516b572b2f9d,1697663749222111111
6a69421f-e399-4db8-897a-d8ef21b5e0a7,707b6ccf-c9d9-4c1d-97f4-516b572b2f9d,1697663749250466666
6a69421f-e399-4db8-897a-d8ef21b5e0a7,707b6ccf-c9d9-4c1d-97f4-516b572b2f9d,1697663749282466666
6a69421f-e399-4db8-897a-d8ef21b5e0a7,707b6ccf-c9d9-4c1d-97f4-516b572b2f9d,1697663749322733333
6a69421f-e399-4db8-897a-d8ef21b5e0a7,707b6ccf-c9d9-4c1d-97f4-516b572b2f9d,1697663749350500000
6a69421f-e399-4db8-897a-d8ef21b5e0a7,707b6ccf-c9d9-4c1d-97f4-516b572b2f9d,1697663749384533333
6a69421f-e399-4db8-897a-d8ef21b5e0a7,707b6ccf-c9d9-4c1d-97f4-516b572b2f9d,1697663749416133333
6a69421f-e399-4db8-897a-d8ef21b5e0a7,707b6ccf-c9d9-4c1d-97f4-516b572b2f9d,1697663749445644444
6a69421f-e399-4db8-897a-d8ef21b5e0a7,707b6ccf-c9d9-4c1d-97f4-516b572b2f9d,1697663749487366666
6a69421f-e399-4db8-897a-d8ef21b5e0a7,707b6ccf-c9d9-4c1d-97f4-516b572b2f9d,1697663749507355555
6a69421f-e399-4db8-897a-d8ef21b5e0a7,707b6ccf-c9d9-4c1d-97f4-516b572b2f9d,1697663749546788888
6a69421f-e399-4db8-897a-d8ef21b5e0a7,707b6ccf-c9d9-4c1d-97f4-516b572b2f9d,1697663749584655555
6a69421f-e399-4db8-897a-d8ef21b5e0a7,707b6ccf-c9d9-4c1d-97f4-516b572b2f9d,1697663749616333333
6a69421f-e399-4db8-897a-d8ef21b5e0a7,707b6ccf-c9d9-4c1d-97f4-516b572b2f9d,1697663749653700000
6a69421f-e399-4db8-897a-d8ef21b5e0a7,707b6ccf-c9d9-4c1d-97f4-516b572b2f9d,1697663749681255555
6a69421f-e399-4db8-897a-d8ef21b5e0a7,707b6ccf-c9d9-4c1d-97f4-516b572b2f9d,1697663749715511111
6a69421f-e399-4db8-897a-d8ef21b5e0a7,707b6ccf-c9d9-4c1d-97f4-516b572b2f9d,1697663749752633333
6a69421f-e399-4db8-897a-d8ef21b5e0a7,707b6ccf-c9d9-4c1d-97f4-516b572b2f9d,1697663749786277777
6a69421f-e399-4db8-897a-d8ef21b5e0a7,707b6ccf-c9d9-4c1d-97f4-516b572b2f9d,1697663749817700000
6a69421f-e399-4db8-897a-d8ef21b5e0a7,707b6ccf-c9d9-4c1d-97f4-516b572b2f9d,1697663749854711111
6a69421f-e399-4db8-897a-d8ef21b5e0a7,707b6ccf-c9d9-4c1d-97f4-516b572b2f9d,1697663749884300000
6a69421f-e399-4db8-897a-d8ef21b5e0a7,707b6ccf-c9d9-4c1d-97f4-516b572b2f9d,1697663749916533333
6a69421f-e399-4db8-897a-d8ef21b5e0a7,707b6ccf-c9d9-4c1d-97f4-516b572b2f9d,1697663749950688888
6a69421f-e399-4db8-897a-d8ef21b5e0a7,707b6ccf-c9d9-4c1d-97f4-516b572b2f9d,1697663749982788888
6a69421f-e399-4db8-897a-d8ef21b5e0a7,707b6ccf-c9d9-4c1d-97f4-516b572b2f9d,1697663750013944444
6a69421f-e399-4db8-897a-d8ef21b5e0a7,707b6ccf-c9d9-4c1d-97f4-516b572b2f9d,1697663750049788888
6a69421f-e399-4db8-897a-d8ef21b5e0a7,707b6ccf-c9d9-4c1d-97f4-516b572b2f9d,1697663750084366666
6a69421f-e399-4db8-897a-d8ef21b5e0a7,707b6ccf-c9d9-4c1d-97f4-516b572b2f9d,1697663750110533333
6a69421f-e399-4db8-897a-d8ef21b5e0a7,707b6ccf-c9d9-4c1d-97f4-516b572b2f9d,1697663750142400000
6a69421f-e399-4db8-897a-d8ef21b5e0a7,707b6ccf-c9d9-4c1d-97f4-516b572b2f9d,1697663750176366666
6a69421f-e399-4db8-897a-d8ef21b5e0a7,707b6ccf-c9d9-4c1d-97f4-516b572b2f9d,1697663750213088888
6a69421f-e399-4db8-897a-d8ef21b5e0a7,707b6ccf-c9d9-4c1d-97f4-516b572b2f9d,1697663750251200000
6a69421f-e399-4db8-897a-d8ef21b5e0a7,707b6ccf-c9d9-4c1d-97f4-516b572b2f9d,1697663750284022222
6a69421f-e399-4db8-897a-d8ef21b5e0a7,707b6ccf-c9d9-4c1d-97f4-516b572b2f9d,1697663750315766666
6a69421f-e399-4db8-897a-d8ef21b5e0a7,707b6ccf-c9d9-4c1d-97f4-516b572b2f9d,1697663750351588888
6a69421f-e399-4db8-897a-d8ef21b5e0a7,707b6ccf-c9d9-4c1d-97f4-516b572b2f9d,1697663750384533333
6a69421f-e399-4db8-897a-d8ef21b5e0a7,707b6ccf-c9d9-4c1d-97f4-516b572b2f9d,1697663750415366666
6a69421f-e399-4db8-897a-d8ef21b5e0a7,707b6ccf-c9d9-4c1d-97f4-516b572b2f9d,1697663750449811111
6a69421f-e399-4db8-897a-d8ef21b5e0a7,707b6ccf-c9d9-4c1d-97f4-516b572b2f9d,1697663750483122222
6a69421f-e399-4db8-897a-d8ef21b5e0a7,707b6ccf-c9d9-4c1d-97f4-516b572b2f9d,1697663750514788888
6a69421f-e399-4db8-897a-d8ef21b5e0a7,707b6ccf-c9d9-4c1d-97f4-516b572b2f9d,1697663750550511111
6a69421f-e399-4db8-897a-d8ef21b5e0a7,707b6ccf-c9d9-4c1d-97f4-516b572b2f9d,1697663750587488888
6a69421f-e399-4db8-897a-d8ef21b5e0a7,707b6ccf-c9d9-4c1d-97f4-516b572b2f9d,1697663750616088888
6a69421f-e399-4db8-897a-d8ef21b5e0a7,707b6ccf-c9d9-4c1d-97f4-516b572b2f9d,1697663750650622222
6a69421f-e399-4db8-897a-d8ef21b5e0a7,707b6ccf-c9d9-4c1d-97f4-516b572b2f9d,1697663750683422222
6a69421f-e399-4db8-897a-d8ef21b5e0a7,707b6ccf-c9d9-4c1d-97f4-516b572b2f9d,1697663750714966666
6a69421f-e399-4db8-897a-d8ef21b5e0a7,707b6ccf-c9d9-4c1d-97f4-516b572b2f9d,1697663750771400000
6a69421f-e399-4db8-897a-d8ef21b5e0a7,707b6ccf-c9d9-4c1d-97f4-516b572b2f9d,1697663750789777777
6a69421f-e399-4db8-897a-d8ef21b5e0a7,707b6ccf-c9d9-4c1d-97f4-516b572b2f9d,1697663750824966666
6a69421f-e399-4db8-897a-d8ef21b5e0a7,707b6ccf-c9d9-4c1d-97f4-516b572b2f9d,1697663750854355555
6a69421f-e399-4db8-897a-d8ef21b5e0a7,707b6ccf-c9d9-4c1d-97f4-516b572b2f9d,1697663750892122222
6a69421f-e399-4db8-897a-d8ef21b5e0a7,707b6ccf-c9d9-4c1d-97f4-516b572b2f9d,1697663750921333333
6a69421f-e399-4db8-897a-d8ef21b5e0a7,707b6ccf-c9d9-4c1d-97f4-516b572b2f9d,1697663750942000000
6a69421f-e399-4db8-897a-d8ef21b5e0a7,707b6ccf-c9d9-4c1d-97f4-516b572b2f9d,1697663750991777777
6a69421f-e399-4db8-897a-d8ef21b5e0a7,707b6ccf-c9d9-4c1d-97f4-516b572b2f9d,1697663751018922222
6a69421f-e399-4db8-897a-d8ef21b5e0a7,707b6ccf-c9d9-4c1d-97f4-516b572b2f9d,1697663751050711111
6a69421f-e399-4db8-897a-d8ef21b5e0a7,707b6ccf-c9d9-4c1d-97f4-516b572b2f9d,1697663751083788888
6a69421f-e399-4db8-897a-d8ef21b5e0a7,707b6ccf-c9d9-4c1d-97f4-516b572b2f9d,1697663751115477777
6a69421f-e399-4db8-897a-d8ef21b5e0a7,707b6ccf-c9d9-4c1d-97f4-516b572b2f9d,1697663751152222222
6a69421f-e399-4db8-897a-d8ef21b5e0a7,707b6ccf-c9d9-4c1d-97f4-516b572b2f9d,1697663751188177777
6a69421f-e399-4db8-897a-d8ef21b5e0a7,707b6ccf-c9d9-4c1d-97f4-516b572b2f9d,1697663751215800000
6a69421f-e399-4db8-897a-d8ef21b5e0a7,707b6ccf-c9d9-4c1d-97f4-516b572b2f9d,1697663751252555555
6a69421f-e399-4db8-897a-d8ef21b5e0a7,707b6ccf-c9d9-4c1d-97f4-516b572b2f9d,1697663751287477777
6a69421f-e399-4db8-897a-d8ef21b5e0a7,707b6ccf-c9d9-4c1d-97f4-516b572b2f9d,1697663751315977777
6a69421f-e399-4db8-897a-d8ef21b5e0a7,707b6ccf-c9d9-4c1d-97f4-516b572b2f9d,1697663751353477777
6a69421f-e399-4db8-897a-d8ef21b5e0a7,707b6ccf-c9d9-4c1d-97f4-516b572b2f9d,1697663751388588888
6a69421f-e399-4db8-897a-d8ef21b5e0a7,707b6ccf-c9d9-4c1d-97f4-516b572b2f9d,1697663751414611111
6a69421f-e399-4db8-897a-d8ef21b5e0a7,707b6ccf-c9d9-4c1d-97f4-516b572b2f9d,1697663751465366666
6a69421f-e399-4db8-897a-d8ef21b5e0a7,707b6ccf-c9d9-4c1d-97f4-516b572b2f9d,1697663751485200000
6a69421f-e399-4db8-897a-d8ef21b5e0a7,707b6ccf-c9d9-4c1d-97f4-516b572b2f9d,1697663751513122222
6a69421f-e399-4db8-897a-d8ef21b5e0a7,707b6ccf-c9d9-4c1d-97f4-516b572b2f9d,1697663751548377777
6a69421f-e399-4db8-897a-d8ef21b5e0a7,707b6ccf-c9d9-4c1d-97f4-516b572b2f9d,1697663751579488888
6a69421f-e399-4db8-897a-d8ef21b5e0a7,707b6ccf-c9d9-4c1d-97f4-516b572b2f9d,1697663751606655555
6a69421f-e399-4db8-897a-d8ef21b5e0a7,707b6ccf-c9d9-4c1d-97f4-516b572b2f9d,1697663751649577777
6a69421f-e399-4db8-897a-d8ef21b5e0a7,707b6ccf-c9d9-4c1d-97f4-516b572b2f9d,1697663751687411111
6a69421f-e399-4db8-897a-d8ef21b5e0a7,707b6ccf-c9d9-4c1d-97f4-516b572b2f9d,1697663751716666666
6a69421f-e399-4db8-897a-d8ef21b5e0a7,707b6ccf-c9d9-4c1d-97f4-516b572b2f9d,1697663751754022222
6a69421f-e399-4db8-897a-d8ef21b5e0a7,707b6ccf-c9d9-4c1d-97f4-516b572b2f9d,1697663751784688888
6a69421f-e399-4db8-897a-d8ef21b5e0a7,707b6ccf-c9d9-4c1d-97f4-516b572b2f9d,1697663751818066666
6a69421f-e399-4db8-897a-d8ef21b5e0a7,707b6ccf-c9d9-4c1d-97f4-516b572b2f9d,1697663751855977777
6a69421f-e399-4db8-897a-d8ef21b5e0a7,707b6ccf-c9d9-4c1d-97f4-516b572b2f9d,1697663751887322222
6a69421f-e399-4db8-897a-d8ef21b5e0a7,707b6ccf-c9d9-4c1d-97f4-516b572b2f9d,1697663751916733333
6a69421f-e399-4db8-897a-d8ef21b5e0a7,707b6ccf-c9d9-4c1d-97f4-516b572b2f9d,1697663751951111111
6a69421f-e399-4db8-897a-d8ef21b5e0a7,707b6ccf-c9d9-4c1d-97f4-516b572b2f9d,1697663751990266666
6a69421f-e399-4db8-897a-d8ef21b5e0a7,707b6ccf-c9d9-4c1d-97f4-516b572b2f9d,1697663752018388888
6a69421f-e399-4db8-897a-d8ef21b5e0a7,707b6ccf-c9d9-4c1d-97f4-516b572b2f9d,1697663752051522222
6a69421f-e399-4db8-897a-d8ef21b5e0a7,707b6ccf-c9d9-4c1d-97f4-516b572b2f9d,1697663752085355555
6a69421f-e399-4db8-897a-d8ef21b5e0a7,707b6ccf-c9d9-4c1d-97f4-516b572b2f9d,1697663752114988888
6a69421f-e399-4db8-897a-d8ef21b5e0a7,707b6ccf-c9d9-4c1d-97f4-516b572b2f9d,1697663752165422222
6a69421f-e399-4db8-897a-d8ef21b5e0a7,707b6ccf-c9d9-4c1d-97f4-516b572b2f9d,1697663752176444444
6a69421f-e399-4db8-897a-d8ef21b5e0a7,707b6ccf-c9d9-4c1d-97f4-516b572b2f9d,1697663752210488888
6a69421f-e399-4db8-897a-d8ef21b5e0a7,707b6ccf-c9d9-4c1d-97f4-516b572b2f9d,1697663752266533333
6a69421f-e399-4db8-897a-d8ef21b5e0a7,707b6ccf-c9d9-4c1d-97f4-516b572b2f9d,1697663752281655555
6a69421f-e399-4db8-897a-d8ef21b5e0a7,707b6ccf-c9d9-4c1d-97f4-516b572b2f9d,1697663752306933333
6a69421f-e399-4db8-897a-d8ef21b5e0a7,707b6ccf-c9d9-4c1d-97f4-516b572b2f9d,1697663752354322222
6a69421f-e399-4db8-897a-d8ef21b5e0a7,707b6ccf-c9d9-4c1d-97f4-516b572b2f9d,1697663752383455555
6a69421f-e399-4db8-897a-d8ef21b5e0a7,707b6ccf-c9d9-4c1d-97f4-516b572b2f9d,1697663752414833333
6a69421f-e399-4db8-897a-d8ef21b5e0a7,707b6ccf-c9d9-4c1d-97f4-516b572b2f9d,1697663752451377777
6a69421f-e399-4db8-897a-d8ef21b5e0a7,707b6ccf-c9d9-4c1d-97f4-516b572b2f9d,1697663752487588888
6a69421f-e399-4db8-897a-d8ef21b5e0a7,707b6ccf-c9d9-4c1d-97f4-516b572b2f9d,1697663752519344444
6a69421f-e399-4db8-897a-d8ef21b5e0a7,707b6ccf-c9d9-4c1d-97f4-516b572b2f9d,1697663752550322222
6a69421f-e399-4db8-897a-d8ef21b5e0a7,707b6ccf-c9d9-4c1d-97f4-516b572b2f9d,1697663752584811111
6a69421f-e399-4db8-897a-d8ef21b5e0a7,707b6ccf-c9d9-4c1d-97f4-516b572b2f9d,1697663752614211111
6a69421f-e399-4db8-897a-d8ef21b5e0a7,707b6ccf-c9d9-4c1d-97f4-516b572b2f9d,1697663752647822222
6a69421f-e399-4db8-897a-d8ef21b5e0a7,707b6ccf-c9d9-4c1d-97f4-516b572b2f9d,1697663752686611111
6a69421f-e399-4db8-897a-d8ef21b5e0a7,707b6ccf-c9d9-4c1d-97f4-516b572b2f9d,1697663752714800000
6a69421f-e399-4db8-897a-d8ef21b5e0a7,707b6ccf-c9d9-4c1d-97f4-516b572b2f9d,1697663752746644444
6a69421f-e399-4db8-897a-d8ef21b5e0a7,707b6ccf-c9d9-4c1d-97f4-516b572b2f9d,1697663752785822222
6a69421f-e399-4db8-897a-d8ef21b5e0a7,707b6ccf-c9d9-4c1d-97f4-516b572b2f9d,1697663752831400000
6a69421f-e399-4db8-897a-d8ef21b5e0a7,707b6ccf-c9d9-4c1d-97f4-516b572b2f9d,1697663752847755555
6a69421f-e399-4db8-897a-d8ef21b5e0a7,707b6ccf-c9d9-4c1d-97f4-516b572b2f9d,1697663752896111111
6a69421f-e399-4db8-897a-d8ef21b5e0a7,707b6ccf-c9d9-4c1d-97f4-516b572b2f9d,1697663752908855555
6a69421f-e399-4db8-897a-d8ef21b5e0a7,707b6ccf-c9d9-4c1d-97f4-516b572b2f9d,1697663752937855555
6a69421f-e399-4db8-897a-d8ef21b5e0a7,707b6ccf-c9d9-4c1d-97f4-516b572b2f9d,1697663752982433333
6a69421f-e399-4db8-897a-d8ef21b5e0a7,707b6ccf-c9d9-4c1d-97f4-516b572b2f9d,1697663753015033333
6a69421f-e399-4db8-897a-d8ef21b5e0a7,707b6ccf-c9d9-4c1d-97f4-516b572b2f9d,1697663753047611111
6a69421f-e399-4db8-897a-d8ef21b5e0a7,707b6ccf-c9d9-4c1d-97f4-516b572b2f9d,1697663753082377777
6a69421f-e399-4db8-897a-d8ef21b5e0a7,707b6ccf-c9d9-4c1d-97f4-516b572b2f9d,1697663753117311111
6a69421f-e399-4db8-897a-d8ef21b5e0a7,707b6ccf-c9d9-4c1d-97f4-516b572b2f9d,1697663753148844444
6a69421f-e399-4db8-897a-d8ef21b5e0a7,707b6ccf-c9d9-4c1d-97f4-516b572b2f9d,1697663753184944444
6a69421f-e399-4db8-897a-d8ef21b5e0a7,707b6ccf-c9d9-4c1d-97f4-516b572b2f9d,1697663753216855555
6a69421f-e399-4db8-897a-d8ef21b5e0a7,707b6ccf-c9d9-4c1d-97f4-516b572b2f9d,1697663753245522222
6a69421f-e399-4db8-897a-d8ef21b5e0a7,707b6ccf-c9d9-4c1d-97f4-516b572b2f9d,1697663753286377777
6a69421f-e399-4db8-897a-d8ef21b5e0a7,707b6ccf-c9d9-4c1d-97f4-516b572b2f9d,1697663753316977777
6a69421f-e399-4db8-897a-d8ef21b5e0a7,707b6ccf-c9d9-4c1d-97f4-516b572b2f9d,1697663753346288888
6a69421f-e399-4db8-897a-d8ef21b5e0a7,707b6ccf-c9d9-4c1d-97f4-516b572b2f9d,1697663753390122222
6a69421f-e399-4db8-897a-d8ef21b5e0a7,707b6ccf-c9d9-4c1d-97f4-516b572b2f9d,1697663753414711111
6a69421f-e399-4db8-897a-d8ef21b5e0a7,707b6ccf-c9d9-4c1d-97f4-516b572b2f9d,1697663753445022222
6a69421f-e399-4db8-897a-d8ef21b5e0a7,707b6ccf-c9d9-4c1d-97f4-516b572b2f9d,1697663753491955555
6a69421f-e399-4db8-897a-d8ef21b5e0a7,707b6ccf-c9d9-4c1d-97f4-516b572b2f9d,1697663753511000000
6a69421f-e399-4db8-897a-d8ef21b5e0a7,707b6ccf-c9d9-4c1d-97f4-516b572b2f9d,1697663753539200000
6a69421f-e399-4db8-897a-d8ef21b5e0a7,707b6ccf-c9d9-4c1d-97f4-516b572b2f9d,1697663753595033333
6a69421f-e399-4db8-897a-d8ef21b5e0a7,707b6ccf-c9d9-4c1d-97f4-516b572b2f9d,1697663753610811111
6a69421f-e399-4db8-897a-d8ef21b5e0a7,707b6ccf-c9d9-4c1d-97f4-516b572b2f9d,1697663753641077777
6a69421f-e399-4db8-897a-d8ef21b5e0a7,707b6ccf-c9d9-4c1d-97f4-516b572b2f9d,1697663753676288888
6a69421f-e399-4db8-897a-d8ef21b5e0a7,707b6ccf-c9d9-4c1d-97f4-516b572b2f9d,1697663753718433333
6a69421f-e399-4db8-897a-d8ef21b5e0a7,707b6ccf-c9d9-4c1d-97f4-516b572b2f9d,1697663753747088888
6a69421f-e399-4db8-897a-d8ef21b5e0a7,707b6ccf-c9d9-4c1d-97f4-516b572b2f9d,1697663753782033333
6a69421f-e399-4db8-897a-d8ef21b5e0a7,707b6ccf-c9d9-4c1d-97f4-516b572b2f9d,1697663753819044444
6a69421f-e399-4db8-897a-d8ef21b5e0a7,707b6ccf-c9d9-4c1d-97f4-516b572b2f9d,1697663753848188888
6a69421f-e399-4db8-897a-d8ef21b5e0a7,707b6ccf-c9d9-4c1d-97f4-516b572b2f9d,1697663753884511111
6a69421f-e399-4db8-897a-d8ef21b5e0a7,707b6ccf-c9d9-4c1d-97f4-516b572b2f9d,1697663753917422222
6a69421f-e399-4db8-897a-d8ef21b5e0a7,707b6ccf-c9d9-4c1d-97f4-516b572b2f9d,1697663753946911111
6a69421f-e399-4db8-897a-d8ef21b5e0a7,707b6ccf-c9d9-4c1d-97f4-516b572b2f9d,1697663753985866666
6a69421f-e399-4db8-897a-d8ef21b5e0a7,707b6ccf-c9d9-4c1d-97f4-516b572b2f9d,1697663754017111111
6a69421f-e399-4db8-897a-d8ef21b5e0a7,707b6ccf-c9d9-4c1d-97f4-516b572b2f9d,1697663754050433333
6a69421f-e399-4db8-897a-d8ef21b5e0a7,707b6ccf-c9d9-4c1d-97f4-516b572b2f9d,1697663754085644444
6a69421f-e399-4db8-897a-d8ef21b5e0a7,707b6ccf-c9d9-4c1d-97f4-516b572b2f9d,1697663754114122222
6a69421f-e399-4db8-897a-d8ef21b5e0a7,707b6ccf-c9d9-4c1d-97f4-516b572b2f9d,1697663754143377777
6a69421f-e399-4db8-897a-d8ef21b5e0a7,707b6ccf-c9d9-4c1d-97f4-516b572b2f9d,1697663754201011111
6a69421f-e399-4db8-897a-d8ef21b5e0a7,707b6ccf-c9d9-4c1d-97f4-516b572b2f9d,1697663754216433333
6a69421f-e399-4db8-897a-d8ef21b5e0a7,707b6ccf-c9d9-4c1d-97f4-516b572b2f9d,1697663754242388888
6a69421f-e399-4db8-897a-d8ef21b5e0a7,707b6ccf-c9d9-4c1d-97f4-516b572b2f9d,1697663754275266666
6a69421f-e399-4db8-897a-d8ef21b5e0a7,707b6ccf-c9d9-4c1d-97f4-516b572b2f9d,1697663754321077777
6a69421f-e399-4db8-897a-d8ef21b5e0a7,707b6ccf-c9d9-4c1d-97f4-516b572b2f9d,1697663754337933333
6a69421f-e399-4db8-897a-d8ef21b5e0a7,707b6ccf-c9d9-4c1d-97f4-516b572b2f9d,1697663754387988888
6a69421f-e399-4db8-897a-d8ef21b5e0a7,707b6ccf-c9d9-4c1d-97f4-516b572b2f9d,1697663754416988888
6a69421f-e399-4db8-897a-d8ef21b5e0a7,707b6ccf-c9d9-4c1d-97f4-516b572b2f9d,1697663754451222222
6a69421f-e399-4db8-897a-d8ef21b5e0a7,707b6ccf-c9d9-4c1d-97f4-516b572b2f9d,1697663754485300000
6a69421f-e399-4db8-897a-d8ef21b5e0a7,707b6ccf-c9d9-4c1d-97f4-516b572b2f9d,1697663754515333333
6a69421f-e399-4db8-897a-d8ef21b5e0a7,707b6ccf-c9d9-4c1d-97f4-516b572b2f9d,1697663754548588888
6a69421f-e399-4db8-897a-d8ef21b5e0a7,707b6ccf-c9d9-4c1d-97f4-516b572b2f9d,1697663754586577777
6a69421f-e399-4db8-897a-d8ef21b5e0a7,707b6ccf-c9d9-4c1d-97f4-516b572b2f9d,1697663754615577777
6a69421f-e399-4db8-897a-d8ef21b5e0a7,707b6ccf-c9d9-4c1d-97f4-516b572b2f9d,1697663754648711111
6a69421f-e399-4db8-897a-d8ef21b5e0a7,707b6ccf-c9d9-4c1d-97f4-516b572b2f9d,1697663754689955555
6a69421f-e399-4db8-897a-d8ef21b5e0a7,707b6ccf-c9d9-4c1d-97f4-516b572b2f9d,1697663754716255555
6a69421f-e399-4db8-897a-d8ef21b5e0a7,707b6ccf-c9d9-4c1d-97f4-516b572b2f9d,1697663754750077777
6a69421f-e399-4db8-897a-d8ef21b5e0a7,707b6ccf-c9d9-4c1d-97f4-516b572b2f9d,1697663754787666666
6a69421f-e399-4db8-897a-d8ef21b5e0a7,707b6ccf-c9d9-4c1d-97f4-516b572b2f9d,1697663754817077777
6a69421f-e399-4db8-897a-d8ef21b5e0a7,707b6ccf-c9d9-4c1d-97f4-516b572b2f9d,1697663754867300000
6a69421f-e399-4db8-897a-d8ef21b5e0a7,707b6ccf-c9d9-4c1d-97f4-516b572b2f9d,1697663754879844444
6a69421f-e399-4db8-897a-d8ef21b5e0a7,707b6ccf-c9d9-4c1d-97f4-516b572b2f9d,1697663754921422222
6a69421f-e399-4db8-897a-d8ef21b5e0a7,707b6ccf-c9d9-4c1d-97f4-516b572b2f9d,1697663754939444444
6a69421f-e399-4db8-897a-d8ef21b5e0a7,707b6ccf-c9d9-4c1d-97f4-516b572b2f9d,1697663754974733333
6a69421f-e399-4db8-897a-d8ef21b5e0a7,707b6ccf-c9d9-4c1d-97f4-516b572b2f9d,1697663755009011111
6a69421f-e399-4db8-897a-d8ef21b5e0a7,707b6ccf-c9d9-4c1d-97f4-516b572b2f9d,1697663755051733333
6a69421f-e399-4db8-897a-d8ef21b5e0a7,707b6ccf-c9d9-4c1d-97f4-516b572b2f9d,1697663755083100000
6a69421f-e399-4db8-897a-d8ef21b5e0a7,707b6ccf-c9d9-4c1d-97f4-516b572b2f9d,1697663755115511111
6a69421f-e399-4db8-897a-d8ef21b5e0a7,707b6ccf-c9d9-4c1d-97f4-516b572b2f9d,1697663755146311111
6a69421f-e399-4db8-897a-d8ef21b5e0a7,707b6ccf-c9d9-4c1d-97f4-516b572b2f9d,1697663755182688888
6a69421f-e399-4db8-897a-d8ef21b5e0a7,707b6ccf-c9d9-4c1d-97f4-516b572b2f9d,1697663755213900000
6a69421f-e399-4db8-897a-d8ef21b5e0a7,707b6ccf-c9d9-4c1d-97f4-516b572b2f9d,1697663755249822222
6a69421f-e399-4db8-897a-d8ef21b5e0a7,707b6ccf-c9d9-4c1d-97f4-516b572b2f9d,1697663755283977777
6a69421f-e399-4db8-897a-d8ef21b5e0a7,707b6ccf-c9d9-4c1d-97f4-516b572b2f9d,1697663755319522222
6a69421f-e399-4db8-897a-d8ef21b5e0a7,707b6ccf-c9d9-4c1d-97f4-516b572b2f9d,1697663755347833333
6a69421f-e399-4db8-897a-d8ef21b5e0a7,707b6ccf-c9d9-4c1d-97f4-516b572b2f9d,1697663755382244444
6a69421f-e399-4db8-897a-d8ef21b5e0a7,707b6ccf-c9d9-4c1d-97f4-516b572b2f9d,1697663755414811111
6a69421f-e399-4db8-897a-d8ef21b5e0a7,707b6ccf-c9d9-4c1d-97f4-516b572b2f9d,1697663755447022222
6a69421f-e399-4db8-897a-d8ef21b5e0a7,707b6ccf-c9d9-4c1d-97f4-516b572b2f9d,1697663755486555555
6a69421f-e399-4db8-897a-d8ef21b5e0a7,707b6ccf-c9d9-4c1d-97f4-516b572b2f9d,1697663755507166666
6a69421f-e399-4db8-897a-d8ef21b5e0a7,707b6ccf-c9d9-4c1d-97f4-516b572b2f9d,1697663755554400000
6a69421f-e399-4db8-897a-d8ef21b5e0a7,707b6ccf-c9d9-4c1d-97f4-516b572b2f9d,1697663755573488888
6a69421f-e399-4db8-897a-d8ef21b5e0a7,707b6ccf-c9d9-4c1d-97f4-516b572b2f9d,1697663755607355555
6a69421f-e399-4db8-897a-d8ef21b5e0a7,707b6ccf-c9d9-4c1d-97f4-516b572b2f9d,1697663755639844444
6a69421f-e399-4db8-897a-d8ef21b5e0a7,707b6ccf-c9d9-4c1d-97f4-516b572b2f9d,1697663755676122222
6a69421f-e399-4db8-897a-d8ef21b5e0a7,707b6ccf-c9d9-4c1d-97f4-516b572b2f9d,1697663755715177777
6a69421f-e399-4db8-897a-d8ef21b5e0a7,707b6ccf-c9d9-4c1d-97f4-516b572b2f9d,1697663755750633333
6a69421f-e399-4db8-897a-d8ef21b5e0a7,707b6ccf-c9d9-4c1d-97f4-516b572b2f9d,1697663755783955555
6a69421f-e399-4db8-897a-d8ef21b5e0a7,707b6ccf-c9d9-4c1d-97f4-516b572b2f9d,1697663755818155555
6a69421f-e399-4db8-897a-d8ef21b5e0a7,707b6ccf-c9d9-4c1d-97f4-516b572b2f9d,1697663755846477777
6a69421f-e399-4db8-897a-d8ef21b5e0a7,707b6ccf-c9d9-4c1d-97f4-516b572b2f9d,1697663755882277777
6a69421f-e399-4db8-897a-d8ef21b5e0a7,707b6ccf-c9d9-4c1d-97f4-516b572b2f9d,1697663755911022222
6a69421f-e399-4db8-897a-d8ef21b5e0a7,707b6ccf-c9d9-4c1d-97f4-516b572b2f9d,1697663755949933333
6a69421f-e399-4db8-897a-d8ef21b5e0a7,707b6ccf-c9d9-4c1d-97f4-516b572b2f9d,1697663755981422222
6a69421f-e399-4db8-897a-d8ef21b5e0a7,707b6ccf-c9d9-4c1d-97f4-516b572b2f9d,1697663756016744444
6a69421f-e399-4db8-897a-d8ef21b5e0a7,707b6ccf-c9d9-4c1d-97f4-516b572b2f9d,1697663756049977777
6a69421f-e399-4db8-897a-d8ef21b5e0a7,707b6ccf-c9d9-4c1d-97f4-516b572b2f9d,1697663756079266666
6a69421f-e399-4db8-897a-d8ef21b5e0a7,707b6ccf-c9d9-4c1d-97f4-516b572b2f9d,1697663756115300000
6a69421f-e399-4db8-897a-d8ef21b5e0a7,707b6ccf-c9d9-4c1d-97f4-516b572b2f9d,1697663756149877777
6a69421f-e399-4db8-897a-d8ef21b5e0a7,707b6ccf-c9d9-4c1d-97f4-516b572b2f9d,1697663756188877777
6a69421f-e399-4db8-897a-d8ef21b5e0a7,707b6ccf-c9d9-4c1d-97f4-516b572b2f9d,1697663756206666666
6a69421f-e399-4db8-897a-d8ef21b5e0a7,707b6ccf-c9d9-4c1d-97f4-516b572b2f9d,1697663756239000000
6a69421f-e399-4db8-897a-d8ef21b5e0a7,707b6ccf-c9d9-4c1d-97f4-516b572b2f9d,1697663756286388888
6a69421f-e399-4db8-897a-d8ef21b5e0a7,707b6ccf-c9d9-4c1d-97f4-516b572b2f9d,1697663756307344444
6a69421f-e399-4db8-897a-d8ef21b5e0a7,707b6ccf-c9d9-4c1d-97f4-516b572b2f9d,1697663756349388888
6a69421f-e399-4db8-897a-d8ef21b5e0a7,707b6ccf-c9d9-4c1d-97f4-516b572b2f9d,1697663756378644444
6a69421f-e399-4db8-897a-d8ef21b5e0a7,707b6ccf-c9d9-4c1d-97f4-516b572b2f9d,1697663756416222222
6a69421f-e399-4db8-897a-d8ef21b5e0a7,707b6ccf-c9d9-4c1d-97f4-516b572b2f9d,1697663756446377777
6a69421f-e399-4db8-897a-d8ef21b5e0a7,707b6ccf-c9d9-4c1d-97f4-516b572b2f9d,1697663756479655555
6a69421f-e399-4db8-897a-d8ef21b5e0a7,707b6ccf-c9d9-4c1d-97f4-516b572b2f9d,1697663756515588888
6a69421f-e399-4db8-897a-d8ef21b5e0a7,707b6ccf-c9d9-4c1d-97f4-516b572b2f9d,1697663756550055555
6a69421f-e399-4db8-897a-d8ef21b5e0a7,707b6ccf-c9d9-4c1d-97f4-516b572b2f9d,1697663756582666666
6a69421f-e399-4db8-897a-d8ef21b5e0a7,707b6ccf-c9d9-4c1d-97f4-516b572b2f9d,1697663756614344444
6a69421f-e399-4db8-897a-d8ef21b5e0a7,707b6ccf-c9d9-4c1d-97f4-516b572b2f9d,1697663756647011111
6a69421f-e399-4db8-897a-d8ef21b5e0a7,707b6ccf-c9d9-4c1d-97f4-516b572b2f9d,1697663756679633333
6a69421f-e399-4db8-897a-d8ef21b5e0a7,707b6ccf-c9d9-4c1d-97f4-516b572b2f9d,1697663756717611111
6a69421f-e399-4db8-897a-d8ef21b5e0a7,707b6ccf-c9d9-4c1d-97f4-516b572b2f9d,1697663756746122222
6a69421f-e399-4db8-897a-d8ef21b5e0a7,707b6ccf-c9d9-4c1d-97f4-516b572b2f9d,1697663756779422222
6a69421f-e399-4db8-897a-d8ef21b5e0a7,707b6ccf-c9d9-4c1d-97f4-516b572b2f9d,1697663756820500000
6a69421f-e399-4db8-897a-d8ef21b5e0a7,707b6ccf-c9d9-4c1d-97f4-516b572b2f9d,1697663756844577777
6a69421f-e399-4db8-897a-d8ef21b5e0a7,707b6ccf-c9d9-4c1d-97f4-516b572b2f9d,1697663756871666666
6a69421f-e399-4db8-897a-d8ef21b5e0a7,707b6ccf-c9d9-4c1d-97f4-516b572b2f9d,1697663756913911111
6a69421f-e399-4db8-897a-d8ef21b5e0a7,707b6ccf-c9d9-4c1d-97f4-516b572b2f9d,1697663756938611111
6a69421f-e399-4db8-897a-d8ef21b5e0a7,707b6ccf-c9d9-4c1d-97f4-516b572b2f9d,1697663756971800000
6a69421f-e399-4db8-897a-d8ef21b5e0a7,707b6ccf-c9d9-4c1d-97f4-516b572b2f9d,1697663757010577777
6a69421f-e399-4db8-897a-d8ef21b5e0a7,707b6ccf-c9d9-4c1d-97f4-516b572b2f9d,1697663757048111111
6a69421f-e399-4db8-897a-d8ef21b5e0a7,707b6ccf-c9d9-4c1d-97f4-516b572b2f9d,1697663757080766666
6a69421f-e399-4db8-897a-d8ef21b5e0a7,707b6ccf-c9d9-4c1d-97f4-516b572b2f9d,1697663757114566666
6a69421f-e399-4db8-897a-d8ef21b5e0a7,707b6ccf-c9d9-4c1d-97f4-516b572b2f9d,1697663757146022222
6a69421f-e399-4db8-897a-d8ef21b5e0a7,707b6ccf-c9d9-4c1d-97f4-516b572b2f9d,1697663757179411111
6a69421f-e399-4db8-897a-d8ef21b5e0a7,707b6ccf-c9d9-4c1d-97f4-516b572b2f9d,1697663757215444444
6a69421f-e399-4db8-897a-d8ef21b5e0a7,707b6ccf-c9d9-4c1d-97f4-516b572b2f9d,1697663757245233333
6a69421f-e399-4db8-897a-d8ef21b5e0a7,707b6ccf-c9d9-4c1d-97f4-516b572b2f9d,1697663757281433333
6a69421f-e399-4db8-897a-d8ef21b5e0a7,707b6ccf-c9d9-4c1d-97f4-516b572b2f9d,1697663757319722222
6a69421f-e399-4db8-897a-d8ef21b5e0a7,707b6ccf-c9d9-4c1d-97f4-516b572b2f9d,1697663757351166666
6a69421f-e399-4db8-897a-d8ef21b5e0a7,707b6ccf-c9d9-4c1d-97f4-516b572b2f9d,1697663757377455555
6a69421f-e399-4db8-897a-d8ef21b5e0a7,707b6ccf-c9d9-4c1d-97f4-516b572b2f9d,1697663757419988888
6a69421f-e399-4db8-897a-d8ef21b5e0a7,707b6ccf-c9d9-4c1d-97f4-516b572b2f9d,1697663757446677777
6a69421f-e399-4db8-897a-d8ef21b5e0a7,707b6ccf-c9d9-4c1d-97f4-516b572b2f9d,1697663757480566666
6a69421f-e399-4db8-897a-d8ef21b5e0a7,707b6ccf-c9d9-4c1d-97f4-516b572b2f9d,1697663757508777777
6a69421f-e399-4db8-897a-d8ef21b5e0a7,707b6ccf-c9d9-4c1d-97f4-516b572b2f9d,1697663757543155555
6a69421f-e399-4db8-897a-d8ef21b5e0a7,707b6ccf-c9d9-4c1d-97f4-516b572b2f9d,1697663757572700000
6a69421f-e399-4db8-897a-d8ef21b5e0a7,707b6ccf-c9d9-4c1d-97f4-516b572b2f9d,1697663757613211111
6a69421f-e399-4db8-897a-d8ef21b5e0a7,707b6ccf-c9d9-4c1d-97f4-516b572b2f9d,1697663757646966666
6a69421f-e399-4db8-897a-d8ef21b5e0a7,707b6ccf-c9d9-4c1d-97f4-516b572b2f9d,1697663757669544444
6a69421f-e399-4db8-897a-d8ef21b5e0a7,707b6ccf-c9d9-4c1d-97f4-516b572b2f9d,1697663757718277777
6a69421f-e399-4db8-897a-d8ef21b5e0a7,707b6ccf-c9d9-4c1d-97f4-516b572b2f9d,1697663757748977777
6a69421f-e399-4db8-897a-d8ef21b5e0a7,707b6ccf-c9d9-4c1d-97f4-516b572b2f9d,1697663757780211111
6a69421f-e399-4db8-897a-d8ef21b5e0a7,707b6ccf-c9d9-4c1d-97f4-516b572b2f9d,1697663757814800000
6a69421f-e399-4db8-897a-d8ef21b5e0a7,707b6ccf-c9d9-4c1d-97f4-516b572b2f9d,1697663757849444444
6a69421f-e399-4db8-897a-d8ef21b5e0a7,707b6ccf-c9d9-4c1d-97f4-516b572b2f9d,1697663757878088888
6a69421f-e399-4db8-897a-d8ef21b5e0a7,707b6ccf-c9d9-4c1d-97f4-516b572b2f9d,1697663757915144444
6a69421f-e399-4db8-897a-d8ef21b5e0a7,707b6ccf-c9d9-4c1d-97f4-516b572b2f9d,1697663757945988888
6a69421f-e399-4db8-897a-d8ef21b5e0a7,707b6ccf-c9d9-4c1d-97f4-516b572b2f9d,1697663757982377777
6a69421f-e399-4db8-897a-d8ef21b5e0a7,707b6ccf-c9d9-4c1d-97f4-516b572b2f9d,1697663758011244444
6a69421f-e399-4db8-897a-d8ef21b5e0a7,707b6ccf-c9d9-4c1d-97f4-516b572b2f9d,1697663758051133333
6a69421f-e399-4db8-897a-d8ef21b5e0a7,707b6ccf-c9d9-4c1d-97f4-516b572b2f9d,1697663758081711111
6a69421f-e399-4db8-897a-d8ef21b5e0a7,707b6ccf-c9d9-4c1d-97f4-516b572b2f9d,1697663758115633333
6a69421f-e399-4db8-897a-d8ef21b5e0a7,707b6ccf-c9d9-4c1d-97f4-516b572b2f9d,1697663758144877777
6a69421f-e399-4db8-897a-d8ef21b5e0a7,707b6ccf-c9d9-4c1d-97f4-516b572b2f9d,1697663758189344444
6a69421f-e399-4db8-897a-d8ef21b5e0a7,707b6ccf-c9d9-4c1d-97f4-516b572b2f9d,1697663758210844444
6a69421f-e399-4db8-897a-d8ef21b5e0a7,707b6ccf-c9d9-4c1d-97f4-516b572b2f9d,1697663758246055555
6a69421f-e399-4db8-897a-d8ef21b5e0a7,707b6ccf-c9d9-4c1d-97f4-516b572b2f9d,1697663758269533333
6a69421f-e399-4db8-897a-d8ef21b5e0a7,707b6ccf-c9d9-4c1d-97f4-516b572b2f9d,1697663758327488888
6a69421f-e399-4db8-897a-d8ef21b5e0a7,707b6ccf-c9d9-4c1d-97f4-516b572b2f9d,1697663758338177777
6a69421f-e399-4db8-897a-d8ef21b5e0a7,707b6ccf-c9d9-4c1d-97f4-516b572b2f9d,1697663758378066666
6a69421f-e399-4db8-897a-d8ef21b5e0a7,707b6ccf-c9d9-4c1d-97f4-516b572b2f9d,1697663758420855555
6a69421f-e399-4db8-897a-d8ef21b5e0a7,707b6ccf-c9d9-4c1d-97f4-516b572b2f9d,1697663758448900000
6a69421f-e399-4db8-897a-d8ef21b5e0a7,707b6ccf-c9d9-4c1d-97f4-516b572b2f9d,1697663758484344444
6a69421f-e399-4db8-897a-d8ef21b5e0a7,707b6ccf-c9d9-4c1d-97f4-516b572b2f9d,1697663758517333333
6a69421f-e399-4db8-897a-d8ef21b5e0a7,707b6ccf-c9d9-4c1d-97f4-516b572b2f9d,1697663758549255555
6a69421f-e399-4db8-897a-d8ef21b5e0a7,707b6ccf-c9d9-4c1d-97f4-516b572b2f9d,1697663758580022222
6a69421f-e399-4db8-897a-d8ef21b5e0a7,707b6ccf-c9d9-4c1d-97f4-516b572b2f9d,1697663758614788888
6a69421f-e399-4db8-897a-d8ef21b5e0a7,707b6ccf-c9d9-4c1d-97f4-516b572b2f9d,1697663758644644444
6a69421f-e399-4db8-897a-d8ef21b5e0a7,707b6ccf-c9d9-4c1d-97f4-516b572b2f9d,1697663758678444444
6a69421f-e399-4db8-897a-d8ef21b5e0a7,707b6ccf-c9d9-4c1d-97f4-516b572b2f9d,1697663758721077777
6a69421f-e399-4db8-897a-d8ef21b5e0a7,707b6ccf-c9d9-4c1d-97f4-516b572b2f9d,1697663758745133333
6a69421f-e399-4db8-897a-d8ef21b5e0a7,707b6ccf-c9d9-4c1d-97f4-516b572b2f9d,1697663758779088888
6a69421f-e399-4db8-897a-d8ef21b5e0a7,707b6ccf-c9d9-4c1d-97f4-516b572b2f9d,1697663758821122222
6a69421f-e399-4db8-897a-d8ef21b5e0a7,707b6ccf-c9d9-4c1d-97f4-516b572b2f9d,1697663758850611111
6a69421f-e399-4db8-897a-d8ef21b5e0a7,707b6ccf-c9d9-4c1d-97f4-516b572b2f9d,1697663758875155555
6a69421f-e399-4db8-897a-d8ef21b5e0a7,707b6ccf-c9d9-4c1d-97f4-516b572b2f9d,1697663758908644444
6a69421f-e399-4db8-897a-d8ef21b5e0a7,707b6ccf-c9d9-4c1d-97f4-516b572b2f9d,1697663758940522222
6a69421f-e399-4db8-897a-d8ef21b5e0a7,707b6ccf-c9d9-4c1d-97f4-516b572b2f9d,1697663758985088888
6a69421f-e399-4db8-897a-d8ef21b5e0a7,707b6ccf-c9d9-4c1d-97f4-516b572b2f9d,1697663759009811111
6a69421f-e399-4db8-897a-d8ef21b5e0a7,707b6ccf-c9d9-4c1d-97f4-516b572b2f9d,1697663759050011111
6a69421f-e399-4db8-897a-d8ef21b5e0a7,707b6ccf-c9d9-4c1d-97f4-516b572b2f9d,1697663759080200000
6a69421f-e399-4db8-897a-d8ef21b5e0a7,707b6ccf-c9d9-4c1d-97f4-516b572b2f9d,1697663759105911111
6a69421f-e399-4db8-897a-d8ef21b5e0a7,707b6ccf-c9d9-4c1d-97f4-516b572b2f9d,1697663759152877777
6a69421f-e399-4db8-897a-d8ef21b5e0a7,707b6ccf-c9d9-4c1d-97f4-516b572b2f9d,1697663759179433333
6a69421f-e399-4db8-897a-d8ef21b5e0a7,707b6ccf-c9d9-4c1d-97f4-516b572b2f9d,1697663759203444444
6a69421f-e399-4db8-897a-d8ef21b5e0a7,707b6ccf-c9d9-4c1d-97f4-516b572b2f9d,1697663759249900000
6a69421f-e399-4db8-897a-d8ef21b5e0a7,707b6ccf-c9d9-4c1d-97f4-516b572b2f9d,1697663759278344444
6a69421f-e399-4db8-897a-d8ef21b5e0a7,707b6ccf-c9d9-4c1d-97f4-516b572b2f9d,1697663759311400000
6a69421f-e399-4db8-897a-d8ef21b5e0a7,707b6ccf-c9d9-4c1d-97f4-516b572b2f9d,1697663759350811111
6a69421f-e399-4db8-897a-d8ef21b5e0a7,707b6ccf-c9d9-4c1d-97f4-516b572b2f9d,1697663759383822222
6a69421f-e399-4db8-897a-d8ef21b5e0a7,707b6ccf-c9d9-4c1d-97f4-516b572b2f9d,1697663759412000000
6a69421f-e399-4db8-897a-d8ef21b5e0a7,707b6ccf-c9d9-4c1d-97f4-516b572b2f9d,1697663759450888888
6a69421f-e399-4db8-897a-d8ef21b5e0a7,707b6ccf-c9d9-4c1d-97f4-516b572b2f9d,1697663759478600000
6a69421f-e399-4db8-897a-d8ef21b5e0a7,707b6ccf-c9d9-4c1d-97f4-516b572b2f9d,1697663759504655555
6a69421f-e399-4db8-897a-d8ef21b5e0a7,707b6ccf-c9d9-4c1d-97f4-516b572b2f9d,1697663759540622222
6a69421f-e399-4db8-897a-d8ef21b5e0a7,707b6ccf-c9d9-4c1d-97f4-516b572b2f9d,1697663759576233333
6a69421f-e399-4db8-897a-d8ef21b5e0a7,707b6ccf-c9d9-4c1d-97f4-516b572b2f9d,1697663759613200000
6a69421f-e399-4db8-897a-d8ef21b5e0a7,707b6ccf-c9d9-4c1d-97f4-516b572b2f9d,1697663759639155555
6a69421f-e399-4db8-897a-d8ef21b5e0a7,707b6ccf-c9d9-4c1d-97f4-516b572b2f9d,1697663759678566666
6a69421f-e399-4db8-897a-d8ef21b5e0a7,707b6ccf-c9d9-4c1d-97f4-516b572b2f9d,1697663759710688888
6a69421f-e399-4db8-897a-d8ef21b5e0a7,707b6ccf-c9d9-4c1d-97f4-516b572b2f9d,1697663759750122222
6a69421f-e399-4db8-897a-d8ef21b5e0a7,707b6ccf-c9d9-4c1d-97f4-516b572b2f9d,1697663759782500000
6a69421f-e399-4db8-897a-d8ef21b5e0a7,707b6ccf-c9d9-4c1d-97f4-516b572b2f9d,1697663759805333333
6a69421f-e399-4db8-897a-d8ef21b5e0a7,707b6ccf-c9d9-4c1d-97f4-516b572b2f9d,1697663759850944444
6a69421f-e399-4db8-897a-d8ef21b5e0a7,707b6ccf-c9d9-4c1d-97f4-516b572b2f9d,1697663759885966666
6a69421f-e399-4db8-897a-d8ef21b5e0a7,707b6ccf-c9d9-4c1d-97f4-516b572b2f9d,1697663759912877777
6a69421f-e399-4db8-897a-d8ef21b5e0a7,707b6ccf-c9d9-4c1d-97f4-516b572b2f9d,1697663759946877777
6a69421f-e399-4db8-897a-d8ef21b5e0a7,707b6ccf-c9d9-4c1d-97f4-516b572b2f9d,1697663759980055555
6a69421f-e399-4db8-897a-d8ef21b5e0a7,707b6ccf-c9d9-4c1d-97f4-516b572b2f9d,1697663760011566666
6a69421f-e399-4db8-897a-d8ef21b5e0a7,707b6ccf-c9d9-4c1d-97f4-516b572b2f9d,1697663760051277777
6a69421f-e399-4db8-897a-d8ef21b5e0a7,707b6ccf-c9d9-4c1d-97f4-516b572b2f9d,1697663760080655555
6a69421f-e399-4db8-897a-d8ef21b5e0a7,707b6ccf-c9d9-4c1d-97f4-516b572b2f9d,1697663760104911111
6a69421f-e399-4db8-897a-d8ef21b5e0a7,707b6ccf-c9d9-4c1d-97f4-516b572b2f9d,1697663760151433333
6a69421f-e399-4db8-897a-d8ef21b5e0a7,707b6ccf-c9d9-4c1d-97f4-516b572b2f9d,1697663760193711111
6a69421f-e399-4db8-897a-d8ef21b5e0a7,707b6ccf-c9d9-4c1d-97f4-516b572b2f9d,1697663760206888888
6a69421f-e399-4db8-897a-d8ef21b5e0a7,707b6ccf-c9d9-4c1d-97f4-516b572b2f9d,1697663760251088888
6a69421f-e399-4db8-897a-d8ef21b5e0a7,707b6ccf-c9d9-4c1d-97f4-516b572b2f9d,1697663760281255555
6a69421f-e399-4db8-897a-d8ef21b5e0a7,707b6ccf-c9d9-4c1d-97f4-516b572b2f9d,1697663760304377777
6a69421f-e399-4db8-897a-d8ef21b5e0a7,707b6ccf-c9d9-4c1d-97f4-516b572b2f9d,1697663760350466666
6a69421f-e399-4db8-897a-d8ef21b5e0a7,707b6ccf-c9d9-4c1d-97f4-516b572b2f9d,1697663760379322222
6a69421f-e399-4db8-897a-d8ef21b5e0a7,707b6ccf-c9d9-4c1d-97f4-516b572b2f9d,1697663760415266666
6a69421f-e399-4db8-897a-d8ef21b5e0a7,707b6ccf-c9d9-4c1d-97f4-516b572b2f9d,1697663760448944444
6a69421f-e399-4db8-897a-d8ef21b5e0a7,707b6ccf-c9d9-4c1d-97f4-516b572b2f9d,1697663760479166666
6a69421f-e399-4db8-897a-d8ef21b5e0a7,707b6ccf-c9d9-4c1d-97f4-516b572b2f9d,1697663760510577777
6a69421f-e399-4db8-897a-d8ef21b5e0a7,707b6ccf-c9d9-4c1d-97f4-516b572b2f9d,1697663760551366666
6a69421f-e399-4db8-897a-d8ef21b5e0a7,707b6ccf-c9d9-4c1d-97f4-516b572b2f9d,1697663760579700000
6a69421f-e399-4db8-897a-d8ef21b5e0a7,707b6ccf-c9d9-4c1d-97f4-516b572b2f9d,1697663760611022222
6a69421f-e399-4db8-897a-d8ef21b5e0a7,707b6ccf-c9d9-4c1d-97f4-516b572b2f9d,1697663760648944444
6a69421f-e399-4db8-897a-d8ef21b5e0a7,707b6ccf-c9d9-4c1d-97f4-516b572b2f9d,1697663760681266666
6a69421f-e399-4db8-897a-d8ef21b5e0a7,707b6ccf-c9d9-4c1d-97f4-516b572b2f9d,1697663760713977777
6a69421f-e399-4db8-897a-d8ef21b5e0a7,707b6ccf-c9d9-4c1d-97f4-516b572b2f9d,1697663760747766666
6a69421f-e399-4db8-897a-d8ef21b5e0a7,707b6ccf-c9d9-4c1d-97f4-516b572b2f9d,1697663760779766666
6a69421f-e399-4db8-897a-d8ef21b5e0a7,707b6ccf-c9d9-4c1d-97f4-516b572b2f9d,1697663760813822222
6a69421f-e399-4db8-897a-d8ef21b5e0a7,707b6ccf-c9d9-4c1d-97f4-516b572b2f9d,1697663760840400000
6a69421f-e399-4db8-897a-d8ef21b5e0a7,707b6ccf-c9d9-4c1d-97f4-516b572b2f9d,1697663760873633333
6a69421f-e399-4db8-897a-d8ef21b5e0a7,707b6ccf-c9d9-4c1d-97f4-516b572b2f9d,1697663760901422222
6a69421f-e399-4db8-897a-d8ef21b5e0a7,707b6ccf-c9d9-4c1d-97f4-516b572b2f9d,1697663760941444444
6a69421f-e399-4db8-897a-d8ef21b5e0a7,707b6ccf-c9d9-4c1d-97f4-516b572b2f9d,1697663760972666666
6a69421f-e399-4db8-897a-d8ef21b5e0a7,707b6ccf-c9d9-4c1d-97f4-516b572b2f9d,1697663761011177777
6a69421f-e399-4db8-897a-d8ef21b5e0a7,707b6ccf-c9d9-4c1d-97f4-516b572b2f9d,1697663761047622222
6a69421f-e399-4db8-897a-d8ef21b5e0a7,707b6ccf-c9d9-4c1d-97f4-516b572b2f9d,1697663761080266666
6a69421f-e399-4db8-897a-d8ef21b5e0a7,707b6ccf-c9d9-4c1d-97f4-516b572b2f9d,1697663761105955555
6a69421f-e399-4db8-897a-d8ef21b5e0a7,707b6ccf-c9d9-4c1d-97f4-516b572b2f9d,1697663761154811111
6a69421f-e399-4db8-897a-d8ef21b5e0a7,707b6ccf-c9d9-4c1d-97f4-516b572b2f9d,1697663761177777777
6a69421f-e399-4db8-897a-d8ef21b5e0a7,707b6ccf-c9d9-4c1d-97f4-516b572b2f9d,1697663761211155555
6a69421f-e399-4db8-897a-d8ef21b5e0a7,707b6ccf-c9d9-4c1d-97f4-516b572b2f9d,1697663761250922222
6a69421f-e399-4db8-897a-d8ef21b5e0a7,707b6ccf-c9d9-4c1d-97f4-516b572b2f9d,1697663761280733333
6a69421f-e399-4db8-897a-d8ef21b5e0a7,707b6ccf-c9d9-4c1d-97f4-516b572b2f9d,1697663761310900000
6a69421f-e399-4db8-897a-d8ef21b5e0a7,707b6ccf-c9d9-4c1d-97f4-516b572b2f9d,1697663761347255555
6a69421f-e399-4db8-897a-d8ef21b5e0a7,707b6ccf-c9d9-4c1d-97f4-516b572b2f9d,1697663761382088888
6a69421f-e399-4db8-897a-d8ef21b5e0a7,707b6ccf-c9d9-4c1d-97f4-516b572b2f9d,1697663761411822222
6a69421f-e399-4db8-897a-d8ef21b5e0a7,707b6ccf-c9d9-4c1d-97f4-516b572b2f9d,1697663761450244444
6a69421f-e399-4db8-897a-d8ef21b5e0a7,707b6ccf-c9d9-4c1d-97f4-516b572b2f9d,1697663761481966666
6a69421f-e399-4db8-897a-d8ef21b5e0a7,707b6ccf-c9d9-4c1d-97f4-516b572b2f9d,1697663761513566666
6a69421f-e399-4db8-897a-d8ef21b5e0a7,707b6ccf-c9d9-4c1d-97f4-516b572b2f9d,1697663761543011111
6a69421f-e399-4db8-897a-d8ef21b5e0a7,707b6ccf-c9d9-4c1d-97f4-516b572b2f9d,1697663761570166666
6a69421f-e399-4db8-897a-d8ef21b5e0a7,707b6ccf-c9d9-4c1d-97f4-516b572b2f9d,1697663761602344444
6a69421f-e399-4db8-897a-d8ef21b5e0a7,707b6ccf-c9d9-4c1d-97f4-516b572b2f9d,1697663761650644444
6a69421f-e399-4db8-897a-d8ef21b5e0a7,707b6ccf-c9d9-4c1d-97f4-516b572b2f9d,1697663761679622222
6a69421f-e399-4db8-897a-d8ef21b5e0a7,707b6ccf-c9d9-4c1d-97f4-516b572b2f9d,1697663761704622222
6a69421f-e399-4db8-897a-d8ef21b5e0a7,707b6ccf-c9d9-4c1d-97f4-516b572b2f9d,1697663761754166666
6a69421f-e399-4db8-897a-d8ef21b5e0a7,707b6ccf-c9d9-4c1d-97f4-516b572b2f9d,1697663761779677777
6a69421f-e399-4db8-897a-d8ef21b5e0a7,707b6ccf-c9d9-4c1d-97f4-516b572b2f9d,1697663761813555555
6a69421f-e399-4db8-897a-d8ef21b5e0a7,707b6ccf-c9d9-4c1d-97f4-516b572b2f9d,1697663761849066666
6a69421f-e399-4db8-897a-d8ef21b5e0a7,707b6ccf-c9d9-4c1d-97f4-516b572b2f9d,1697663761881922222
6a69421f-e399-4db8-897a-d8ef21b5e0a7,707b6ccf-c9d9-4c1d-97f4-516b572b2f9d,1697663761912055555
6a69421f-e399-4db8-897a-d8ef21b5e0a7,707b6ccf-c9d9-4c1d-97f4-516b572b2f9d,1697663761948255555
6a69421f-e399-4db8-897a-d8ef21b5e0a7,707b6ccf-c9d9-4c1d-97f4-516b572b2f9d,1697663761978411111
6a69421f-e399-4db8-897a-d8ef21b5e0a7,707b6ccf-c9d9-4c1d-97f4-516b572b2f9d,1697663762011911111
6a69421f-e399-4db8-897a-d8ef21b5e0a7,707b6ccf-c9d9-4c1d-97f4-516b572b2f9d,1697663762049477777
6a69421f-e399-4db8-897a-d8ef21b5e0a7,707b6ccf-c9d9-4c1d-97f4-516b572b2f9d,1697663762080188888
6a69421f-e399-4db8-897a-d8ef21b5e0a7,707b6ccf-c9d9-4c1d-97f4-516b572b2f9d,1697663762109911111
6a69421f-e399-4db8-897a-d8ef21b5e0a7,707b6ccf-c9d9-4c1d-97f4-516b572b2f9d,1697663762152077777
6a69421f-e399-4db8-897a-d8ef21b5e0a7,707b6ccf-c9d9-4c1d-97f4-516b572b2f9d,1697663762189966666
6a69421f-e399-4db8-897a-d8ef21b5e0a7,707b6ccf-c9d9-4c1d-97f4-516b572b2f9d,1697663762203833333
6a69421f-e399-4db8-897a-d8ef21b5e0a7,707b6ccf-c9d9-4c1d-97f4-516b572b2f9d,1697663762241500000
6a69421f-e399-4db8-897a-d8ef21b5e0a7,707b6ccf-c9d9-4c1d-97f4-516b572b2f9d,1697663762271822222
6a69421f-e399-4db8-897a-d8ef21b5e0a7,707b6ccf-c9d9-4c1d-97f4-516b572b2f9d,1697663762314811111
6a69421f-e399-4db8-897a-d8ef21b5e0a7,707b6ccf-c9d9-4c1d-97f4-516b572b2f9d,1697663762342800000
6a69421f-e399-4db8-897a-d8ef21b5e0a7,707b6ccf-c9d9-4c1d-97f4-516b572b2f9d,1697663762378133333
6a69421f-e399-4db8-897a-d8ef21b5e0a7,707b6ccf-c9d9-4c1d-97f4-516b572b2f9d,1697663762410577777
6a69421f-e399-4db8-897a-d8ef21b5e0a7,707b6ccf-c9d9-4c1d-97f4-516b572b2f9d,1697663762441822222
6a69421f-e399-4db8-897a-d8ef21b5e0a7,707b6ccf-c9d9-4c1d-97f4-516b572b2f9d,1697663762479944444
6a69421f-e399-4db8-897a-d8ef21b5e0a7,707b6ccf-c9d9-4c1d-97f4-516b572b2f9d,1697663762511122222
6a69421f-e399-4db8-897a-d8ef21b5e0a7,707b6ccf-c9d9-4c1d-97f4-516b572b2f9d,1697663762543166666
6a69421f-e399-4db8-897a-d8ef21b5e0a7,707b6ccf-c9d9-4c1d-97f4-516b572b2f9d,1697663762579222222
6a69421f-e399-4db8-897a-d8ef21b5e0a7,707b6ccf-c9d9-4c1d-97f4-516b572b2f9d,1697663762611811111
6a69421f-e399-4db8-897a-d8ef21b5e0a7,707b6ccf-c9d9-4c1d-97f4-516b572b2f9d,1697663762645344444
6a69421f-e399-4db8-897a-d8ef21b5e0a7,707b6ccf-c9d9-4c1d-97f4-516b572b2f9d,1697663762682277777
6a69421f-e399-4db8-897a-d8ef21b5e0a7,707b6ccf-c9d9-4c1d-97f4-516b572b2f9d,1697663762713633333
6a69421f-e399-4db8-897a-d8ef21b5e0a7,707b6ccf-c9d9-4c1d-97f4-516b572b2f9d,1697663762744544444
6a69421f-e399-4db8-897a-d8ef21b5e0a7,707b6ccf-c9d9-4c1d-97f4-516b572b2f9d,1697663762785200000
6a69421f-e399-4db8-897a-d8ef21b5e0a7,707b6ccf-c9d9-4c1d-97f4-516b572b2f9d,1697663762812477777
6a69421f-e399-4db8-897a-d8ef21b5e0a7,707b6ccf-c9d9-4c1d-97f4-516b572b2f9d,1697663762835666666
6a69421f-e399-4db8-897a-d8ef21b5e0a7,707b6ccf-c9d9-4c1d-97f4-516b572b2f9d,1697663762871388888
6a69421f-e399-4db8-897a-d8ef21b5e0a7,707b6ccf-c9d9-4c1d-97f4-516b572b2f9d,1697663762903266666
6a69421f-e399-4db8-897a-d8ef21b5e0a7,707b6ccf-c9d9-4c1d-97f4-516b572b2f9d,1697663762941444444
6a69421f-e399-4db8-897a-d8ef21b5e0a7,707b6ccf-c9d9-4c1d-97f4-516b572b2f9d,1697663762976133333
6a69421f-e399-4db8-897a-d8ef21b5e0a7,707b6ccf-c9d9-4c1d-97f4-516b572b2f9d,1697663763012888888
6a69421f-e399-4db8-897a-d8ef21b5e0a7,707b6ccf-c9d9-4c1d-97f4-516b572b2f9d,1697663763045066666
6a69421f-e399-4db8-897a-d8ef21b5e0a7,707b6ccf-c9d9-4c1d-97f4-516b572b2f9d,1697663763077488888
6a69421f-e399-4db8-897a-d8ef21b5e0a7,707b6ccf-c9d9-4c1d-97f4-516b572b2f9d,1697663763113311111
6a69421f-e399-4db8-897a-d8ef21b5e0a7,707b6ccf-c9d9-4c1d-97f4-516b572b2f9d,1697663763144011111
6a69421f-e399-4db8-897a-d8ef21b5e0a7,707b6ccf-c9d9-4c1d-97f4-516b572b2f9d,1697663763180700000
6a69421f-e399-4db8-897a-d8ef21b5e0a7,707b6ccf-c9d9-4c1d-97f4-516b572b2f9d,1697663763210977777
6a69421f-e399-4db8-897a-d8ef21b5e0a7,707b6ccf-c9d9-4c1d-97f4-516b572b2f9d,1697663763241966666
6a69421f-e399-4db8-897a-d8ef21b5e0a7,707b6ccf-c9d9-4c1d-97f4-516b572b2f9d,1697663763282522222
6a69421f-e399-4db8-897a-d8ef21b5e0a7,707b6ccf-c9d9-4c1d-97f4-516b572b2f9d,1697663763312033333
6a69421f-e399-4db8-897a-d8ef21b5e0a7,707b6ccf-c9d9-4c1d-97f4-516b572b2f9d,1697663763347600000
6a69421f-e399-4db8-897a-d8ef21b5e0a7,707b6ccf-c9d9-4c1d-97f4-516b572b2f9d,1697663763378188888
6a69421f-e399-4db8-897a-d8ef21b5e0a7,707b6ccf-c9d9-4c1d-97f4-516b572b2f9d,1697663763411555555
6a69421f-e399-4db8-897a-d8ef21b5e0a7,707b6ccf-c9d9-4c1d-97f4-516b572b2f9d,1697663763443055555
6a69421f-e399-4db8-897a-d8ef21b5e0a7,707b6ccf-c9d9-4c1d-97f4-516b572b2f9d,1697663763485811111
6a69421f-e399-4db8-897a-d8ef21b5e0a7,707b6ccf-c9d9-4c1d-97f4-516b572b2f9d,1697663763504544444
6a69421f-e399-4db8-897a-d8ef21b5e0a7,707b6ccf-c9d9-4c1d-97f4-516b572b2f9d,1697663763536111111
6a69421f-e399-4db8-897a-d8ef21b5e0a7,707b6ccf-c9d9-4c1d-97f4-516b572b2f9d,1697663763584411111
6a69421f-e399-4db8-897a-d8ef21b5e0a7,707b6ccf-c9d9-4c1d-97f4-516b572b2f9d,1697663763603966666
6a69421f-e399-4db8-897a-d8ef21b5e0a7,707b6ccf-c9d9-4c1d-97f4-516b572b2f9d,1697663763637011111
6a69421f-e399-4db8-897a-d8ef21b5e0a7,707b6ccf-c9d9-4c1d-97f4-516b572b2f9d,1697663763677955555
6a69421f-e399-4db8-897a-d8ef21b5e0a7,707b6ccf-c9d9-4c1d-97f4-516b572b2f9d,1697663763714644444
6a69421f-e399-4db8-897a-d8ef21b5e0a7,707b6ccf-c9d9-4c1d-97f4-516b572b2f9d,1697663763743800000
6a69421f-e399-4db8-897a-d8ef21b5e0a7,707b6ccf-c9d9-4c1d-97f4-516b572b2f9d,1697663763778666666
6a69421f-e399-4db8-897a-d8ef21b5e0a7,707b6ccf-c9d9-4c1d-97f4-516b572b2f9d,1697663763812855555
6a69421f-e399-4db8-897a-d8ef21b5e0a7,707b6ccf-c9d9-4c1d-97f4-516b572b2f9d,1697663763844088888
6a69421f-e399-4db8-897a-d8ef21b5e0a7,707b6ccf-c9d9-4c1d-97f4-516b572b2f9d,1697663763881833333
6a69421f-e399-4db8-897a-d8ef21b5e0a7,707b6ccf-c9d9-4c1d-97f4-516b572b2f9d,1697663763910588888
6a69421f-e399-4db8-897a-d8ef21b5e0a7,707b6ccf-c9d9-4c1d-97f4-516b572b2f9d,1697663763946511111
6a69421f-e399-4db8-897a-d8ef21b5e0a7,707b6ccf-c9d9-4c1d-97f4-516b572b2f9d,1697663763981077777
6a69421f-e399-4db8-897a-d8ef21b5e0a7,707b6ccf-c9d9-4c1d-97f4-516b572b2f9d,1697663764005211111
6a69421f-e399-4db8-897a-d8ef21b5e0a7,707b6ccf-c9d9-4c1d-97f4-516b572b2f9d,1697663764046166666
6a69421f-e399-4db8-897a-d8ef21b5e0a7,707b6ccf-c9d9-4c1d-97f4-516b572b2f9d,1697663764082011111
6a69421f-e399-4db8-897a-d8ef21b5e0a7,707b6ccf-c9d9-4c1d-97f4-516b572b2f9d,1697663764110800000
6a69421f-e399-4db8-897a-d8ef21b5e0a7,707b6ccf-c9d9-4c1d-97f4-516b572b2f9d,1697663764141711111
6a69421f-e399-4db8-897a-d8ef21b5e0a7,707b6ccf-c9d9-4c1d-97f4-516b572b2f9d,1697663764180133333
6a69421f-e399-4db8-897a-d8ef21b5e0a7,707b6ccf-c9d9-4c1d-97f4-516b572b2f9d,1697663764203622222
6a69421f-e399-4db8-897a-d8ef21b5e0a7,707b6ccf-c9d9-4c1d-97f4-516b572b2f9d,1697663764250422222
6a69421f-e399-4db8-897a-d8ef21b5e0a7,707b6ccf-c9d9-4c1d-97f4-516b572b2f9d,1697663764273022222
6a69421f-e399-4db8-897a-d8ef21b5e0a7,707b6ccf-c9d9-4c1d-97f4-516b572b2f9d,1697663764314611111
6a69421f-e399-4db8-897a-d8ef21b5e0a7,707b6ccf-c9d9-4c1d-97f4-516b572b2f9d,1697663764344822222
6a69421f-e399-4db8-897a-d8ef21b5e0a7,707b6ccf-c9d9-4c1d-97f4-516b572b2f9d,1697663764379500000
6a69421f-e399-4db8-897a-d8ef21b5e0a7,707b6ccf-c9d9-4c1d-97f4-516b572b2f9d,1697663764410544444
6a69421f-e399-4db8-897a-d8ef21b5e0a7,707b6ccf-c9d9-4c1d-97f4-516b572b2f9d,1697663764446533333
6a69421f-e399-4db8-897a-d8ef21b5e0a7,707b6ccf-c9d9-4c1d-97f4-516b572b2f9d,1697663764480644444
6a69421f-e399-4db8-897a-d8ef21b5e0a7,707b6ccf-c9d9-4c1d-97f4-516b572b2f9d,1697663764512300000
6a69421f-e399-4db8-897a-d8ef21b5e0a7,707b6ccf-c9d9-4c1d-97f4-516b572b2f9d,1697663764543133333
6a69421f-e399-4db8-897a-d8ef21b5e0a7,707b6ccf-c9d9-4c1d-97f4-516b572b2f9d,1697663764582033333
6a69421f-e399-4db8-897a-d8ef21b5e0a7,707b6ccf-c9d9-4c1d-97f4-516b572b2f9d,1697663764612811111
6a69421f-e399-4db8-897a-d8ef21b5e0a7,707b6ccf-c9d9-4c1d-97f4-516b572b2f9d,1697663764643455555
6a69421f-e399-4db8-897a-d8ef21b5e0a7,707b6ccf-c9d9-4c1d-97f4-516b572b2f9d,1697663764682977777
6a69421f-e399-4db8-897a-d8ef21b5e0a7,707b6ccf-c9d9-4c1d-97f4-516b572b2f9d,1697663764710877777
6a69421f-e399-4db8-897a-d8ef21b5e0a7,707b6ccf-c9d9-4c1d-97f4-516b572b2f9d,1697663764742577777
6a69421f-e399-4db8-897a-d8ef21b5e0a7,707b6ccf-c9d9-4c1d-97f4-516b572b2f9d,1697663764784366666
6a69421f-e399-4db8-897a-d8ef21b5e0a7,707b6ccf-c9d9-4c1d-97f4-516b572b2f9d,1697663764825922222
6a69421f-e399-4db8-897a-d8ef21b5e0a7,707b6ccf-c9d9-4c1d-97f4-516b572b2f9d,1697663764837188888
6a69421f-e399-4db8-897a-d8ef21b5e0a7,707b6ccf-c9d9-4c1d-97f4-516b572b2f9d,1697663764871588888
6a69421f-e399-4db8-897a-d8ef21b5e0a7,707b6ccf-c9d9-4c1d-97f4-516b572b2f9d,1697663764916011111
6a69421f-e399-4db8-897a-d8ef21b5e0a7,707b6ccf-c9d9-4c1d-97f4-516b572b2f9d,1697663764935677777
6a69421f-e399-4db8-897a-d8ef21b5e0a7,707b6ccf-c9d9-4c1d-97f4-516b572b2f9d,1697663764970311111
6a69421f-e399-4db8-897a-d8ef21b5e0a7,707b6ccf-c9d9-4c1d-97f4-516b572b2f9d,1697663765014144444
6a69421f-e399-4db8-897a-d8ef21b5e0a7,707b6ccf-c9d9-4c1d-97f4-516b572b2f9d,1697663765043411111
6a69421f-e399-4db8-897a-d8ef21b5e0a7,707b6ccf-c9d9-4c1d-97f4-516b572b2f9d,1697663765079344444
6a69421f-e399-4db8-897a-d8ef21b5e0a7,707b6ccf-c9d9-4c1d-97f4-516b572b2f9d,1697663765110088888
6a69421f-e399-4db8-897a-d8ef21b5e0a7,707b6ccf-c9d9-4c1d-97f4-516b572b2f9d,1697663765142611111
6a69421f-e399-4db8-897a-d8ef21b5e0a7,707b6ccf-c9d9-4c1d-97f4-516b572b2f9d,1697663765179255555
6a69421f-e399-4db8-897a-d8ef21b5e0a7,707b6ccf-c9d9-4c1d-97f4-516b572b2f9d,1697663765211822222
6a69421f-e399-4db8-897a-d8ef21b5e0a7,707b6ccf-c9d9-4c1d-97f4-516b572b2f9d,1697663765247344444
6a69421f-e399-4db8-897a-d8ef21b5e0a7,707b6ccf-c9d9-4c1d-97f4-516b572b2f9d,1697663765281766666
6a69421f-e399-4db8-897a-d8ef21b5e0a7,707b6ccf-c9d9-4c1d-97f4-516b572b2f9d,1697663765310766666
6a69421f-e399-4db8-897a-d8ef21b5e0a7,707b6ccf-c9d9-4c1d-97f4-516b572b2f9d,1697663765342944444
6a69421f-e399-4db8-897a-d8ef21b5e0a7,707b6ccf-c9d9-4c1d-97f4-516b572b2f9d,1697663765379700000
6a69421f-e399-4db8-897a-d8ef21b5e0a7,707b6ccf-c9d9-4c1d-97f4-516b572b2f9d,1697663765410177777
6a69421f-e399-4db8-897a-d8ef21b5e0a7,707b6ccf-c9d9-4c1d-97f4-516b572b2f9d,1697663765445655555
6a69421f-e399-4db8-897a-d8ef21b5e0a7,707b6ccf-c9d9-4c1d-97f4-516b572b2f9d,1697663765490077777
6a69421f-e399-4db8-897a-d8ef21b5e0a7,707b6ccf-c9d9-4c1d-97f4-516b572b2f9d,1697663765509455555
6a69421f-e399-4db8-897a-d8ef21b5e0a7,707b6ccf-c9d9-4c1d-97f4-516b572b2f9d,1697663765547211111
6a69421f-e399-4db8-897a-d8ef21b5e0a7,707b6ccf-c9d9-4c1d-97f4-516b572b2f9d,1697663765571188888
6a69421f-e399-4db8-897a-d8ef21b5e0a7,707b6ccf-c9d9-4c1d-97f4-516b572b2f9d,1697663765605166666
6a69421f-e399-4db8-897a-d8ef21b5e0a7,707b6ccf-c9d9-4c1d-97f4-516b572b2f9d,1697663765643711111
6a69421f-e399-4db8-897a-d8ef21b5e0a7,707b6ccf-c9d9-4c1d-97f4-516b572b2f9d,1697663765674600000
6a69421f-e399-4db8-897a-d8ef21b5e0a7,707b6ccf-c9d9-4c1d-97f4-516b572b2f9d,1697663765711355555
6a69421f-e399-4db8-897a-d8ef21b5e0a7,707b6ccf-c9d9-4c1d-97f4-516b572b2f9d,1697663765741922222
6a69421f-e399-4db8-897a-d8ef21b5e0a7,707b6ccf-c9d9-4c1d-97f4-516b572b2f9d,1697663765777400000
6a69421f-e399-4db8-897a-d8ef21b5e0a7,707b6ccf-c9d9-4c1d-97f4-516b572b2f9d,1697663765814277777
6a69421f-e399-4db8-897a-d8ef21b5e0a7,707b6ccf-c9d9-4c1d-97f4-516b572b2f9d,1697663765848188888
6a69421f-e399-4db8-897a-d8ef21b5e0a7,707b6ccf-c9d9-4c1d-97f4-516b572b2f9d,1697663765876933333
6a69421f-e399-4db8-897a-d8ef21b5e0a7,707b6ccf-c9d9-4c1d-97f4-516b572b2f9d,1697663765913933333
6a69421f-e399-4db8-897a-d8ef21b5e0a7,707b6ccf-c9d9-4c1d-97f4-516b572b2f9d,1697663765947544444
6a69421f-e399-4db8-897a-d8ef21b5e0a7,707b6ccf-c9d9-4c1d-97f4-516b572b2f9d,1697663765975655555
6a69421f-e399-4db8-897a-d8ef21b5e0a7,707b6ccf-c9d9-4c1d-97f4-516b572b2f9d,1697663766011411111
6a69421f-e399-4db8-897a-d8ef21b5e0a7,707b6ccf-c9d9-4c1d-97f4-516b572b2f9d,1697663766043055555
6a69421f-e399-4db8-897a-d8ef21b5e0a7,707b6ccf-c9d9-4c1d-97f4-516b572b2f9d,1697663766075844444
6a69421f-e399-4db8-897a-d8ef21b5e0a7,707b6ccf-c9d9-4c1d-97f4-516b572b2f9d,1697663766114566666
6a69421f-e399-4db8-897a-d8ef21b5e0a7,707b6ccf-c9d9-4c1d-97f4-516b572b2f9d,1697663766153200000
6a69421f-e399-4db8-897a-d8ef21b5e0a7,707b6ccf-c9d9-4c1d-97f4-516b572b2f9d,1697663766168911111
6a69421f-e399-4db8-897a-d8ef21b5e0a7,707b6ccf-c9d9-4c1d-97f4-516b572b2f9d,1697663766224166666
6a69421f-e399-4db8-897a-d8ef21b5e0a7,707b6ccf-c9d9-4c1d-97f4-516b572b2f9d,1697663766244866666
6a69421f-e399-4db8-897a-d8ef21b5e0a7,707b6ccf-c9d9-4c1d-97f4-516b572b2f9d,1697663766269177777
6a69421f-e399-4db8-897a-d8ef21b5e0a7,707b6ccf-c9d9-4c1d-97f4-516b572b2f9d,1697663766317011111
6a69421f-e399-4db8-897a-d8ef21b5e0a7,707b6ccf-c9d9-4c1d-97f4-516b572b2f9d,1697663766348200000
6a69421f-e399-4db8-897a-d8ef21b5e0a7,707b6ccf-c9d9-4c1d-97f4-516b572b2f9d,1697663766378088888
6a69421f-e399-4db8-897a-d8ef21b5e0a7,707b6ccf-c9d9-4c1d-97f4-516b572b2f9d,1697663766414300000
6a69421f-e399-4db8-897a-d8ef21b5e0a7,707b6ccf-c9d9-4c1d-97f4-516b572b2f9d,1697663766444000000
6a69421f-e399-4db8-897a-d8ef21b5e0a7,707b6ccf-c9d9-4c1d-97f4-516b572b2f9d,1697663766481144444
6a69421f-e399-4db8-897a-d8ef21b5e0a7,707b6ccf-c9d9-4c1d-97f4-516b572b2f9d,1697663766514000000
6a69421f-e399-4db8-897a-d8ef21b5e0a7,707b6ccf-c9d9-4c1d-97f4-516b572b2f9d,1697663766542288888
6a69421f-e399-4db8-897a-d8ef21b5e0a7,707b6ccf-c9d9-4c1d-97f4-516b572b2f9d,1697663766575455555
6a69421f-e399-4db8-897a-d8ef21b5e0a7,707b6ccf-c9d9-4c1d-97f4-516b572b2f9d,1697663766612033333
6a69421f-e399-4db8-897a-d8ef21b5e0a7,707b6ccf-c9d9-4c1d-97f4-516b572b2f9d,1697663766643377777
6a69421f-e399-4db8-897a-d8ef21b5e0a7,707b6ccf-c9d9-4c1d-97f4-516b572b2f9d,1697663766674266666
6a69421f-e399-4db8-897a-d8ef21b5e0a7,707b6ccf-c9d9-4c1d-97f4-516b572b2f9d,1697663766712611111
6a69421f-e399-4db8-897a-d8ef21b5e0a7,707b6ccf-c9d9-4c1d-97f4-516b572b2f9d,1697663766743255555
6a69421f-e399-4db8-897a-d8ef21b5e0a7,707b6ccf-c9d9-4c1d-97f4-516b572b2f9d,1697663766778533333
6a69421f-e399-4db8-897a-d8ef21b5e0a7,707b6ccf-c9d9-4c1d-97f4-516b572b2f9d,1697663766825400000
6a69421f-e399-4db8-897a-d8ef21b5e0a7,707b6ccf-c9d9-4c1d-97f4-516b572b2f9d,1697663766844388888
6a69421f-e399-4db8-897a-d8ef21b5e0a7,707b6ccf-c9d9-4c1d-97f4-516b572b2f9d,1697663766868544444
6a69421f-e399-4db8-897a-d8ef21b5e0a7,707b6ccf-c9d9-4c1d-97f4-516b572b2f9d,1697663766902922222
6a69421f-e399-4db8-897a-d8ef21b5e0a7,707b6ccf-c9d9-4c1d-97f4-516b572b2f9d,1697663766950800000
6a69421f-e399-4db8-897a-d8ef21b5e0a7,707b6ccf-c9d9-4c1d-97f4-516b572b2f9d,1697663766975811111
6a69421f-e399-4db8-897a-d8ef21b5e0a7,707b6ccf-c9d9-4c1d-97f4-516b572b2f9d,1697663767011166666
6a69421f-e399-4db8-897a-d8ef21b5e0a7,707b6ccf-c9d9-4c1d-97f4-516b572b2f9d,1697663767041466666
6a69421f-e399-4db8-897a-d8ef21b5e0a7,707b6ccf-c9d9-4c1d-97f4-516b572b2f9d,1697663767074655555
6a69421f-e399-4db8-897a-d8ef21b5e0a7,707b6ccf-c9d9-4c1d-97f4-516b572b2f9d,1697663767111111111
6a69421f-e399-4db8-897a-d8ef21b5e0a7,707b6ccf-c9d9-4c1d-97f4-516b572b2f9d,1697663767143944444
6a69421f-e399-4db8-897a-d8ef21b5e0a7,707b6ccf-c9d9-4c1d-97f4-516b572b2f9d,1697663767175533333
6a69421f-e399-4db8-897a-d8ef21b5e0a7,707b6ccf-c9d9-4c1d-97f4-516b572b2f9d,1697663767210522222
6a69421f-e399-4db8-897a-d8ef21b5e0a7,707b6ccf-c9d9-4c1d-97f4-516b572b2f9d,1697663767244200000
6a69421f-e399-4db8-897a-d8ef21b5e0a7,707b6ccf-c9d9-4c1d-97f4-516b572b2f9d,1697663767275533333
6a69421f-e399-4db8-897a-d8ef21b5e0a7,707b6ccf-c9d9-4c1d-97f4-516b572b2f9d,1697663767309455555
6a69421f-e399-4db8-897a-d8ef21b5e0a7,707b6ccf-c9d9-4c1d-97f4-516b572b2f9d,1697663767341888888
6a69421f-e399-4db8-897a-d8ef21b5e0a7,707b6ccf-c9d9-4c1d-97f4-516b572b2f9d,1697663767373455555
6a69421f-e399-4db8-897a-d8ef21b5e0a7,707b6ccf-c9d9-4c1d-97f4-516b572b2f9d,1697663767410100000
6a69421f-e399-4db8-897a-d8ef21b5e0a7,707b6ccf-c9d9-4c1d-97f4-516b572b2f9d,1697663767441566666
6a69421f-e399-4db8-897a-d8ef21b5e0a7,707b6ccf-c9d9-4c1d-97f4-516b572b2f9d,1697663767502022222
6a69421f-e399-4db8-897a-d8ef21b5e0a7,707b6ccf-c9d9-4c1d-97f4-516b572b2f9d,1697663767505455555
6a69421f-e399-4db8-897a-d8ef21b5e0a7,707b6ccf-c9d9-4c1d-97f4-516b572b2f9d,1697663767537766666
6a69421f-e399-4db8-897a-d8ef21b5e0a7,707b6ccf-c9d9-4c1d-97f4-516b572b2f9d,1697663767565866666
6a69421f-e399-4db8-897a-d8ef21b5e0a7,707b6ccf-c9d9-4c1d-97f4-516b572b2f9d,1697663767601800000
6a69421f-e399-4db8-897a-d8ef21b5e0a7,707b6ccf-c9d9-4c1d-97f4-516b572b2f9d,1697663767642600000
6a69421f-e399-4db8-897a-d8ef21b5e0a7,707b6ccf-c9d9-4c1d-97f4-516b572b2f9d,1697663767673188888
6a69421f-e399-4db8-897a-d8ef21b5e0a7,707b6ccf-c9d9-4c1d-97f4-516b572b2f9d,1697663767711322222
6a69421f-e399-4db8-897a-d8ef21b5e0a7,707b6ccf-c9d9-4c1d-97f4-516b572b2f9d,1697663767741411111
6a69421f-e399-4db8-897a-d8ef21b5e0a7,707b6ccf-c9d9-4c1d-97f4-516b572b2f9d,1697663767773911111
6a69421f-e399-4db8-897a-d8ef21b5e0a7,707b6ccf-c9d9-4c1d-97f4-516b572b2f9d,1697663767809377777
6a69421f-e399-4db8-897a-d8ef21b5e0a7,707b6ccf-c9d9-4c1d-97f4-516b572b2f9d,1697663767841866666
6a69421f-e399-4db8-897a-d8ef21b5e0a7,707b6ccf-c9d9-4c1d-97f4-516b572b2f9d,1697663767875166666
6a69421f-e399-4db8-897a-d8ef21b5e0a7,707b6ccf-c9d9-4c1d-97f4-516b572b2f9d,1697663767910766666
6a69421f-e399-4db8-897a-d8ef21b5e0a7,707b6ccf-c9d9-4c1d-97f4-516b572b2f9d,1697663767946577777
6a69421f-e399-4db8-897a-d8ef21b5e0a7,707b6ccf-c9d9-4c1d-97f4-516b572b2f9d,1697663767974300000
6a69421f-e399-4db8-897a-d8ef21b5e0a7,707b6ccf-c9d9-4c1d-97f4-516b572b2f9d,1697663768009944444
6a69421f-e399-4db8-897a-d8ef21b5e0a7,707b6ccf-c9d9-4c1d-97f4-516b572b2f9d,1697663768042644444
6a69421f-e399-4db8-897a-d8ef21b5e0a7,707b6ccf-c9d9-4c1d-97f4-516b572b2f9d,1697663768075688888
6a69421f-e399-4db8-897a-d8ef21b5e0a7,707b6ccf-c9d9-4c1d-97f4-516b572b2f9d,1697663768111044444
6a69421f-e399-4db8-897a-d8ef21b5e0a7,707b6ccf-c9d9-4c1d-97f4-516b572b2f9d,1697663768141733333
6a69421f-e399-4db8-897a-d8ef21b5e0a7,707b6ccf-c9d9-4c1d-97f4-516b572b2f9d,1697663768167166666
6a69421f-e399-4db8-897a-d8ef21b5e0a7,707b6ccf-c9d9-4c1d-97f4-516b572b2f9d,1697663768205411111
6a69421f-e399-4db8-897a-d8ef21b5e0a7,707b6ccf-c9d9-4c1d-97f4-516b572b2f9d,1697663768247788888
6a69421f-e399-4db8-897a-d8ef21b5e0a7,707b6ccf-c9d9-4c1d-97f4-516b572b2f9d,1697663768278600000
6a69421f-e399-4db8-897a-d8ef21b5e0a7,707b6ccf-c9d9-4c1d-97f4-516b572b2f9d,1697663768301044444
6a69421f-e399-4db8-897a-d8ef21b5e0a7,707b6ccf-c9d9-4c1d-97f4-516b572b2f9d,1697663768343544444
6a69421f-e399-4db8-897a-d8ef21b5e0a7,707b6ccf-c9d9-4c1d-97f4-516b572b2f9d,1697663768376011111
6a69421f-e399-4db8-897a-d8ef21b5e0a7,707b6ccf-c9d9-4c1d-97f4-516b572b2f9d,1697663768412222222
6a69421f-e399-4db8-897a-d8ef21b5e0a7,707b6ccf-c9d9-4c1d-97f4-516b572b2f9d,1697663768442600000
6a69421f-e399-4db8-897a-d8ef21b5e0a7,707b6ccf-c9d9-4c1d-97f4-516b572b2f9d,1697663768475311111
6a69421f-e399-4db8-897a-d8ef21b5e0a7,707b6ccf-c9d9-4c1d-97f4-516b572b2f9d,1697663768510466666
6a69421f-e399-4db8-897a-d8ef21b5e0a7,707b6ccf-c9d9-4c1d-97f4-516b572b2f9d,1697663768550611111
6a69421f-e399-4db8-897a-d8ef21b5e0a7,707b6ccf-c9d9-4c1d-97f4-516b572b2f9d,1697663768576833333
6a69421f-e399-4db8-897a-d8ef21b5e0a7,707b6ccf-c9d9-4c1d-97f4-516b572b2f9d,1697663768611722222
6a69421f-e399-4db8-897a-d8ef21b5e0a7,707b6ccf-c9d9-4c1d-97f4-516b572b2f9d,1697663768644244444
6a69421f-e399-4db8-897a-d8ef21b5e0a7,707b6ccf-c9d9-4c1d-97f4-516b572b2f9d,1697663768675455555
6a69421f-e399-4db8-897a-d8ef21b5e0a7,707b6ccf-c9d9-4c1d-97f4-516b572b2f9d,1697663768709766666
6a69421f-e399-4db8-897a-d8ef21b5e0a7,707b6ccf-c9d9-4c1d-97f4-516b572b2f9d,1697663768743511111
6a69421f-e399-4db8-897a-d8ef21b5e0a7,707b6ccf-c9d9-4c1d-97f4-516b572b2f9d,1697663768775277777
6a69421f-e399-4db8-897a-d8ef21b5e0a7,707b6ccf-c9d9-4c1d-97f4-516b572b2f9d,1697663768803555555
6a69421f-e399-4db8-897a-d8ef21b5e0a7,707b6ccf-c9d9-4c1d-97f4-516b572b2f9d,1697663768837733333
6a69421f-e399-4db8-897a-d8ef21b5e0a7,707b6ccf-c9d9-4c1d-97f4-516b572b2f9d,1697663768866388888
6a69421f-e399-4db8-897a-d8ef21b5e0a7,707b6ccf-c9d9-4c1d-97f4-516b572b2f9d,1697663768903111111
6a69421f-e399-4db8-897a-d8ef21b5e0a7,707b6ccf-c9d9-4c1d-97f4-516b572b2f9d,1697663768936244444
6a69421f-e399-4db8-897a-d8ef21b5e0a7,707b6ccf-c9d9-4c1d-97f4-516b572b2f9d,1697663768968100000
6a69421f-e399-4db8-897a-d8ef21b5e0a7,707b6ccf-c9d9-4c1d-97f4-516b572b2f9d,1697663769009788888
6a69421f-e399-4db8-897a-d8ef21b5e0a7,707b6ccf-c9d9-4c1d-97f4-516b572b2f9d,1697663769046566666
6a69421f-e399-4db8-897a-d8ef21b5e0a7,707b6ccf-c9d9-4c1d-97f4-516b572b2f9d,1697663769076688888
6a69421f-e399-4db8-897a-d8ef21b5e0a7,707b6ccf-c9d9-4c1d-97f4-516b572b2f9d,1697663769109144444
6a69421f-e399-4db8-897a-d8ef21b5e0a7,707b6ccf-c9d9-4c1d-97f4-516b572b2f9d,1697663769145333333
6a69421f-e399-4db8-897a-d8ef21b5e0a7,707b6ccf-c9d9-4c1d-97f4-516b572b2f9d,1697663769178055555
6a69421f-e399-4db8-897a-d8ef21b5e0a7,707b6ccf-c9d9-4c1d-97f4-516b572b2f9d,1697663769207788888
6a69421f-e399-4db8-897a-d8ef21b5e0a7,707b6ccf-c9d9-4c1d-97f4-516b572b2f9d,1697663769244588888
6a69421f-e399-4db8-897a-d8ef21b5e0a7,707b6ccf-c9d9-4c1d-97f4-516b572b2f9d,1697663769275311111
6a69421f-e399-4db8-897a-d8ef21b5e0a7,707b6ccf-c9d9-4c1d-97f4-516b572b2f9d,1697663769310722222
6a69421f-e399-4db8-897a-d8ef21b5e0a7,707b6ccf-c9d9-4c1d-97f4-516b572b2f9d,1697663769345877777
6a69421f-e399-4db8-897a-d8ef21b5e0a7,707b6ccf-c9d9-4c1d-97f4-516b572b2f9d,1697663769378611111
6a69421f-e399-4db8-897a-d8ef21b5e0a7,707b6ccf-c9d9-4c1d-97f4-516b572b2f9d,1697663769407722222
6a69421f-e399-4db8-897a-d8ef21b5e0a7,707b6ccf-c9d9-4c1d-97f4-516b572b2f9d,1697663769443400000
6a69421f-e399-4db8-897a-d8ef21b5e0a7,707b6ccf-c9d9-4c1d-97f4-516b572b2f9d,1697663769487833333
6a69421f-e399-4db8-897a-d8ef21b5e0a7,707b6ccf-c9d9-4c1d-97f4-516b572b2f9d,1697663769503611111
6a69421f-e399-4db8-897a-d8ef21b5e0a7,707b6ccf-c9d9-4c1d-97f4-516b572b2f9d,1697663769535300000
6a69421f-e399-4db8-897a-d8ef21b5e0a7,707b6ccf-c9d9-4c1d-97f4-516b572b2f9d,1697663769567077777
6a69421f-e399-4db8-897a-d8ef21b5e0a7,707b6ccf-c9d9-4c1d-97f4-516b572b2f9d,1697663769602622222
6a69421f-e399-4db8-897a-d8ef21b5e0a7,707b6ccf-c9d9-4c1d-97f4-516b572b2f9d,1697663769643111111
6a69421f-e399-4db8-897a-d8ef21b5e0a7,707b6ccf-c9d9-4c1d-97f4-516b572b2f9d,1697663769674966666
6a69421f-e399-4db8-897a-d8ef21b5e0a7,707b6ccf-c9d9-4c1d-97f4-516b572b2f9d,1697663769707566666
6a69421f-e399-4db8-897a-d8ef21b5e0a7,707b6ccf-c9d9-4c1d-97f4-516b572b2f9d,1697663769742133333
6a69421f-e399-4db8-897a-d8ef21b5e0a7,707b6ccf-c9d9-4c1d-97f4-516b572b2f9d,1697663769775622222
6a69421f-e399-4db8-897a-d8ef21b5e0a7,707b6ccf-c9d9-4c1d-97f4-516b572b2f9d,1697663769808477777
6a69421f-e399-4db8-897a-d8ef21b5e0a7,707b6ccf-c9d9-4c1d-97f4-516b572b2f9d,1697663769845688888
6a69421f-e399-4db8-897a-d8ef21b5e0a7,707b6ccf-c9d9-4c1d-97f4-516b572b2f9d,1697663769879211111
6a69421f-e399-4db8-897a-d8ef21b5e0a7,707b6ccf-c9d9-4c1d-97f4-516b572b2f9d,1697663769910055555
6a69421f-e399-4db8-897a-d8ef21b5e0a7,707b6ccf-c9d9-4c1d-97f4-516b572b2f9d,1697663769943577777
6a69421f-e399-4db8-897a-d8ef21b5e0a7,707b6ccf-c9d9-4c1d-97f4-516b572b2f9d,1697663769978144444
6a69421f-e399-4db8-897a-d8ef21b5e0a7,707b6ccf-c9d9-4c1d-97f4-516b572b2f9d,1697663770010400000
6a69421f-e399-4db8-897a-d8ef21b5e0a7,707b6ccf-c9d9-4c1d-97f4-516b572b2f9d,1697663770045300000
6a69421f-e399-4db8-897a-d8ef21b5e0a7,707b6ccf-c9d9-4c1d-97f4-516b572b2f9d,1697663770078522222
6a69421f-e399-4db8-897a-d8ef21b5e0a7,707b6ccf-c9d9-4c1d-97f4-516b572b2f9d,1697663770111466666
6a69421f-e399-4db8-897a-d8ef21b5e0a7,707b6ccf-c9d9-4c1d-97f4-516b572b2f9d,1697663770143366666
6a69421f-e399-4db8-897a-d8ef21b5e0a7,707b6ccf-c9d9-4c1d-97f4-516b572b2f9d,1697663770170122222
6a69421f-e399-4db8-897a-d8ef21b5e0a7,707b6ccf-c9d9-4c1d-97f4-516b572b2f9d,1697663770212644444
6a69421f-e399-4db8-897a-d8ef21b5e0a7,707b6ccf-c9d9-4c1d-97f4-516b572b2f9d,1697663770238433333
6a69421f-e399-4db8-897a-d8ef21b5e0a7,707b6ccf-c9d9-4c1d-97f4-516b572b2f9d,1697663770270133333
6a69421f-e399-4db8-897a-d8ef21b5e0a7,707b6ccf-c9d9-4c1d-97f4-516b572b2f9d,1697663770307122222
6a69421f-e399-4db8-897a-d8ef21b5e0a7,707b6ccf-c9d9-4c1d-97f4-516b572b2f9d,1697663770343433333
6a69421f-e399-4db8-897a-d8ef21b5e0a7,707b6ccf-c9d9-4c1d-97f4-516b572b2f9d,1697663770376111111
6a69421f-e399-4db8-897a-d8ef21b5e0a7,707b6ccf-c9d9-4c1d-97f4-516b572b2f9d,1697663770405755555
6a69421f-e399-4db8-897a-d8ef21b5e0a7,707b6ccf-c9d9-4c1d-97f4-516b572b2f9d,1697663770446255555
6a69421f-e399-4db8-897a-d8ef21b5e0a7,707b6ccf-c9d9-4c1d-97f4-516b572b2f9d,1697663770476200000
6a69421f-e399-4db8-897a-d8ef21b5e0a7,707b6ccf-c9d9-4c1d-97f4-516b572b2f9d,1697663770506622222
6a69421f-e399-4db8-897a-d8ef21b5e0a7,707b6ccf-c9d9-4c1d-97f4-516b572b2f9d,1697663770544177777
6a69421f-e399-4db8-897a-d8ef21b5e0a7,707b6ccf-c9d9-4c1d-97f4-516b572b2f9d,1697663770574922222
6a69421f-e399-4db8-897a-d8ef21b5e0a7,707b6ccf-c9d9-4c1d-97f4-516b572b2f9d,1697663770606811111
6a69421f-e399-4db8-897a-d8ef21b5e0a7,707b6ccf-c9d9-4c1d-97f4-516b572b2f9d,1697663770643355555
6a69421f-e399-4db8-897a-d8ef21b5e0a7,707b6ccf-c9d9-4c1d-97f4-516b572b2f9d,1697663770675588888
6a69421f-e399-4db8-897a-d8ef21b5e0a7,707b6ccf-c9d9-4c1d-97f4-516b572b2f9d,1697663770706011111
6a69421f-e399-4db8-897a-d8ef21b5e0a7,707b6ccf-c9d9-4c1d-97f4-516b572b2f9d,1697663770745088888
6a69421f-e399-4db8-897a-d8ef21b5e0a7,707b6ccf-c9d9-4c1d-97f4-516b572b2f9d,1697663770774200000
6a69421f-e399-4db8-897a-d8ef21b5e0a7,707b6ccf-c9d9-4c1d-97f4-516b572b2f9d,1697663770803477777
6a69421f-e399-4db8-897a-d8ef21b5e0a7,707b6ccf-c9d9-4c1d-97f4-516b572b2f9d,1697663770834733333
6a69421f-e399-4db8-897a-d8ef21b5e0a7,707b6ccf-c9d9-4c1d-97f4-516b572b2f9d,1697663770881300000
6a69421f-e399-4db8-897a-d8ef21b5e0a7,707b6ccf-c9d9-4c1d-97f4-516b572b2f9d,1697663770898544444
6a69421f-e399-4db8-897a-d8ef21b5e0a7,707b6ccf-c9d9-4c1d-97f4-516b572b2f9d,1697663770936222222
6a69421f-e399-4db8-897a-d8ef21b5e0a7,707b6ccf-c9d9-4c1d-97f4-516b572b2f9d,1697663770970422222
6a69421f-e399-4db8-897a-d8ef21b5e0a7,707b6ccf-c9d9-4c1d-97f4-516b572b2f9d,1697663771011766666
6a69421f-e399-4db8-897a-d8ef21b5e0a7,707b6ccf-c9d9-4c1d-97f4-516b572b2f9d,1697663771048400000
6a69421f-e399-4db8-897a-d8ef21b5e0a7,707b6ccf-c9d9-4c1d-97f4-516b572b2f9d,1697663771079011111
6a69421f-e399-4db8-897a-d8ef21b5e0a7,707b6ccf-c9d9-4c1d-97f4-516b572b2f9d,1697663771109466666
6a69421f-e399-4db8-897a-d8ef21b5e0a7,707b6ccf-c9d9-4c1d-97f4-516b572b2f9d,1697663771143877777
6a69421f-e399-4db8-897a-d8ef21b5e0a7,707b6ccf-c9d9-4c1d-97f4-516b572b2f9d,1697663771178655555
6a69421f-e399-4db8-897a-d8ef21b5e0a7,707b6ccf-c9d9-4c1d-97f4-516b572b2f9d,1697663771217600000
6a69421f-e399-4db8-897a-d8ef21b5e0a7,707b6ccf-c9d9-4c1d-97f4-516b572b2f9d,1697663771250822222
6a69421f-e399-4db8-897a-d8ef21b5e0a7,707b6ccf-c9d9-4c1d-97f4-516b572b2f9d,1697663771275088888
6a69421f-e399-4db8-897a-d8ef21b5e0a7,707b6ccf-c9d9-4c1d-97f4-516b572b2f9d,1697663771312611111
6a69421f-e399-4db8-897a-d8ef21b5e0a7,707b6ccf-c9d9-4c1d-97f4-516b572b2f9d,1697663771341311111
6a69421f-e399-4db8-897a-d8ef21b5e0a7,707b6ccf-c9d9-4c1d-97f4-516b572b2f9d,1697663771374900000
6a69421f-e399-4db8-897a-d8ef21b5e0a7,707b6ccf-c9d9-4c1d-97f4-516b572b2f9d,1697663771407600000
6a69421f-e399-4db8-897a-d8ef21b5e0a7,707b6ccf-c9d9-4c1d-97f4-516b572b2f9d,1697663771446477777
6a69421f-e399-4db8-897a-d8ef21b5e0a7,707b6ccf-c9d9-4c1d-97f4-516b572b2f9d,1697663771490955555
6a69421f-e399-4db8-897a-d8ef21b5e0a7,707b6ccf-c9d9-4c1d-97f4-516b572b2f9d,1697663771498133333
6a69421f-e399-4db8-897a-d8ef21b5e0a7,707b6ccf-c9d9-4c1d-97f4-516b572b2f9d,1697663771532788888
6a69421f-e399-4db8-897a-d8ef21b5e0a7,707b6ccf-c9d9-4c1d-97f4-516b572b2f9d,1697663771567422222
6a69421f-e399-4db8-897a-d8ef21b5e0a7,707b6ccf-c9d9-4c1d-97f4-516b572b2f9d,1697663771599011111
6a69421f-e399-4db8-897a-d8ef21b5e0a7,707b6ccf-c9d9-4c1d-97f4-516b572b2f9d,1697663771642144444
6a69421f-e399-4db8-897a-d8ef21b5e0a7,707b6ccf-c9d9-4c1d-97f4-516b572b2f9d,1697663771675455555
6a69421f-e399-4db8-897a-d8ef21b5e0a7,707b6ccf-c9d9-4c1d-97f4-516b572b2f9d,1697663771707622222
6a69421f-e399-4db8-897a-d8ef21b5e0a7,707b6ccf-c9d9-4c1d-97f4-516b572b2f9d,1697663771741400000
6a69421f-e399-4db8-897a-d8ef21b5e0a7,707b6ccf-c9d9-4c1d-97f4-516b572b2f9d,1697663771776711111
6a69421f-e399-4db8-897a-d8ef21b5e0a7,707b6ccf-c9d9-4c1d-97f4-516b572b2f9d,1697663771805255555
6a69421f-e399-4db8-897a-d8ef21b5e0a7,707b6ccf-c9d9-4c1d-97f4-516b572b2f9d,1697663771843277777
6a69421f-e399-4db8-897a-d8ef21b5e0a7,707b6ccf-c9d9-4c1d-97f4-516b572b2f9d,1697663771878233333
6a69421f-e399-4db8-897a-d8ef21b5e0a7,707b6ccf-c9d9-4c1d-97f4-516b572b2f9d,1697663771905922222
6a69421f-e399-4db8-897a-d8ef21b5e0a7,707b6ccf-c9d9-4c1d-97f4-516b572b2f9d,1697663771942811111
6a69421f-e399-4db8-897a-d8ef21b5e0a7,707b6ccf-c9d9-4c1d-97f4-516b572b2f9d,1697663771976555555
6a69421f-e399-4db8-897a-d8ef21b5e0a7,707b6ccf-c9d9-4c1d-97f4-516b572b2f9d,1697663772004455555
6a69421f-e399-4db8-897a-d8ef21b5e0a7,707b6ccf-c9d9-4c1d-97f4-516b572b2f9d,1697663772039422222
6a69421f-e399-4db8-897a-d8ef21b5e0a7,707b6ccf-c9d9-4c1d-97f4-516b572b2f9d,1697663772077811111
6a69421f-e399-4db8-897a-d8ef21b5e0a7,707b6ccf-c9d9-4c1d-97f4-516b572b2f9d,1697663772104466666
6a69421f-e399-4db8-897a-d8ef21b5e0a7,707b6ccf-c9d9-4c1d-97f4-516b572b2f9d,1697663772133488888
6a69421f-e399-4db8-897a-d8ef21b5e0a7,707b6ccf-c9d9-4c1d-97f4-516b572b2f9d,1697663772166600000
6a69421f-e399-4db8-897a-d8ef21b5e0a7,707b6ccf-c9d9-4c1d-97f4-516b572b2f9d,1697663772197022222
6a69421f-e399-4db8-897a-d8ef21b5e0a7,707b6ccf-c9d9-4c1d-97f4-516b572b2f9d,1697663772231588888
6a69421f-e399-4db8-897a-d8ef21b5e0a7,707b6ccf-c9d9-4c1d-97f4-516b572b2f9d,1697663772267333333
6a69421f-e399-4db8-897a-d8ef21b5e0a7,707b6ccf-c9d9-4c1d-97f4-516b572b2f9d,1697663772309366666
6a69421f-e399-4db8-897a-d8ef21b5e0a7,707b6ccf-c9d9-4c1d-97f4-516b572b2f9d,1697663772338811111
6a69421f-e399-4db8-897a-d8ef21b5e0a7,707b6ccf-c9d9-4c1d-97f4-516b572b2f9d,1697663772375566666
6a69421f-e399-4db8-897a-d8ef21b5e0a7,707b6ccf-c9d9-4c1d-97f4-516b572b2f9d,1697663772406644444
6a69421f-e399-4db8-897a-d8ef21b5e0a7,707b6ccf-c9d9-4c1d-97f4-516b572b2f9d,1697663772438822222
6a69421f-e399-4db8-897a-d8ef21b5e0a7,707b6ccf-c9d9-4c1d-97f4-516b572b2f9d,1697663772474755555
6a69421f-e399-4db8-897a-d8ef21b5e0a7,707b6ccf-c9d9-4c1d-97f4-516b572b2f9d,1697663772504633333
6a69421f-e399-4db8-897a-d8ef21b5e0a7,707b6ccf-c9d9-4c1d-97f4-516b572b2f9d,1697663772541022222
6a69421f-e399-4db8-897a-d8ef21b5e0a7,707b6ccf-c9d9-4c1d-97f4-516b572b2f9d,1697663772576944444
6a69421f-e399-4db8-897a-d8ef21b5e0a7,707b6ccf-c9d9-4c1d-97f4-516b572b2f9d,1697663772607100000
6a69421f-e399-4db8-897a-d8ef21b5e0a7,707b6ccf-c9d9-4c1d-97f4-516b572b2f9d,1697663772638488888
6a69421f-e399-4db8-897a-d8ef21b5e0a7,707b6ccf-c9d9-4c1d-97f4-516b572b2f9d,1697663772675533333
6a69421f-e399-4db8-897a-d8ef21b5e0a7,707b6ccf-c9d9-4c1d-97f4-516b572b2f9d,1697663772708188888
6a69421f-e399-4db8-897a-d8ef21b5e0a7,707b6ccf-c9d9-4c1d-97f4-516b572b2f9d,1697663772742722222
6a69421f-e399-4db8-897a-d8ef21b5e0a7,707b6ccf-c9d9-4c1d-97f4-516b572b2f9d,1697663772776222222
6a69421f-e399-4db8-897a-d8ef21b5e0a7,707b6ccf-c9d9-4c1d-97f4-516b572b2f9d,1697663772799433333
6a69421f-e399-4db8-897a-d8ef21b5e0a7,707b6ccf-c9d9-4c1d-97f4-516b572b2f9d,1697663772832277777
6a69421f-e399-4db8-897a-d8ef21b5e0a7,707b6ccf-c9d9-4c1d-97f4-516b572b2f9d,1697663772876466666
6a69421f-e399-4db8-897a-d8ef21b5e0a7,707b6ccf-c9d9-4c1d-97f4-516b572b2f9d,1697663772909511111
6a69421f-e399-4db8-897a-d8ef21b5e0a7,707b6ccf-c9d9-4c1d-97f4-516b572b2f9d,1697663772932266666
6a69421f-e399-4db8-897a-d8ef21b5e0a7,707b6ccf-c9d9-4c1d-97f4-516b572b2f9d,1697663772974277777
6a69421f-e399-4db8-897a-d8ef21b5e0a7,707b6ccf-c9d9-4c1d-97f4-516b572b2f9d,1697663773009311111
6a69421f-e399-4db8-897a-d8ef21b5e0a7,707b6ccf-c9d9-4c1d-97f4-516b572b2f9d,1697663773037944444
6a69421f-e399-4db8-897a-d8ef21b5e0a7,707b6ccf-c9d9-4c1d-97f4-516b572b2f9d,1697663773073944444
6a69421f-e399-4db8-897a-d8ef21b5e0a7,707b6ccf-c9d9-4c1d-97f4-516b572b2f9d,1697663773105611111
6a69421f-e399-4db8-897a-d8ef21b5e0a7,707b6ccf-c9d9-4c1d-97f4-516b572b2f9d,1697663773137400000
6a69421f-e399-4db8-897a-d8ef21b5e0a7,707b6ccf-c9d9-4c1d-97f4-516b572b2f9d,1697663773175944444
6a69421f-e399-4db8-897a-d8ef21b5e0a7,707b6ccf-c9d9-4c1d-97f4-516b572b2f9d,1697663773206733333
6a69421f-e399-4db8-897a-d8ef21b5e0a7,707b6ccf-c9d9-4c1d-97f4-516b572b2f9d,1697663773239200000
6a69421f-e399-4db8-897a-d8ef21b5e0a7,707b6ccf-c9d9-4c1d-97f4-516b572b2f9d,1697663773277733333
6a69421f-e399-4db8-897a-d8ef21b5e0a7,707b6ccf-c9d9-4c1d-97f4-516b572b2f9d,1697663773306866666
6a69421f-e399-4db8-897a-d8ef21b5e0a7,707b6ccf-c9d9-4c1d-97f4-516b572b2f9d,1697663773338711111
6a69421f-e399-4db8-897a-d8ef21b5e0a7,707b6ccf-c9d9-4c1d-97f4-516b572b2f9d,1697663773376988888
6a69421f-e399-4db8-897a-d8ef21b5e0a7,707b6ccf-c9d9-4c1d-97f4-516b572b2f9d,1697663773407766666
6a69421f-e399-4db8-897a-d8ef21b5e0a7,707b6ccf-c9d9-4c1d-97f4-516b572b2f9d,1697663773441788888
6a69421f-e399-4db8-897a-d8ef21b5e0a7,707b6ccf-c9d9-4c1d-97f4-516b572b2f9d,1697663773468122222
6a69421f-e399-4db8-897a-d8ef21b5e0a7,707b6ccf-c9d9-4c1d-97f4-516b572b2f9d,1697663773498666666
6a69421f-e399-4db8-897a-d8ef21b5e0a7,707b6ccf-c9d9-4c1d-97f4-516b572b2f9d,1697663773530922222
6a69421f-e399-4db8-897a-d8ef21b5e0a7,707b6ccf-c9d9-4c1d-97f4-516b572b2f9d,1697663773567533333
6a69421f-e399-4db8-897a-d8ef21b5e0a7,707b6ccf-c9d9-4c1d-97f4-516b572b2f9d,1697663773601188888
6a69421f-e399-4db8-897a-d8ef21b5e0a7,707b6ccf-c9d9-4c1d-97f4-516b572b2f9d,1697663773638800000
6a69421f-e399-4db8-897a-d8ef21b5e0a7,707b6ccf-c9d9-4c1d-97f4-516b572b2f9d,1697663773677711111
6a69421f-e399-4db8-897a-d8ef21b5e0a7,707b6ccf-c9d9-4c1d-97f4-516b572b2f9d,1697663773708177777
6a69421f-e399-4db8-897a-d8ef21b5e0a7,707b6ccf-c9d9-4c1d-97f4-516b572b2f9d,1697663773740411111
6a69421f-e399-4db8-897a-d8ef21b5e0a7,707b6ccf-c9d9-4c1d-97f4-516b572b2f9d,1697663773779622222
6a69421f-e399-4db8-897a-d8ef21b5e0a7,707b6ccf-c9d9-4c1d-97f4-516b572b2f9d,1697663773809888888
6a69421f-e399-4db8-897a-d8ef21b5e0a7,707b6ccf-c9d9-4c1d-97f4-516b572b2f9d,1697663773839722222
6a69421f-e399-4db8-897a-d8ef21b5e0a7,707b6ccf-c9d9-4c1d-97f4-516b572b2f9d,1697663773877688888
6a69421f-e399-4db8-897a-d8ef21b5e0a7,707b6ccf-c9d9-4c1d-97f4-516b572b2f9d,1697663773909955555
6a69421f-e399-4db8-897a-d8ef21b5e0a7,707b6ccf-c9d9-4c1d-97f4-516b572b2f9d,1697663773940266666
6a69421f-e399-4db8-897a-d8ef21b5e0a7,707b6ccf-c9d9-4c1d-97f4-516b572b2f9d,1697663773976111111
6a69421f-e399-4db8-897a-d8ef21b5e0a7,707b6ccf-c9d9-4c1d-97f4-516b572b2f9d,1697663774007300000
6a69421f-e399-4db8-897a-d8ef21b5e0a7,707b6ccf-c9d9-4c1d-97f4-516b572b2f9d,1697663774040144444
6a69421f-e399-4db8-897a-d8ef21b5e0a7,707b6ccf-c9d9-4c1d-97f4-516b572b2f9d,1697663774076566666
6a69421f-e399-4db8-897a-d8ef21b5e0a7,707b6ccf-c9d9-4c1d-97f4-516b572b2f9d,1697663774108800000
6a69421f-e399-4db8-897a-d8ef21b5e0a7,707b6ccf-c9d9-4c1d-97f4-516b572b2f9d,1697663774133800000
6a69421f-e399-4db8-897a-d8ef21b5e0a7,707b6ccf-c9d9-4c1d-97f4-516b572b2f9d,1697663774174555555
6a69421f-e399-4db8-897a-d8ef21b5e0a7,707b6ccf-c9d9-4c1d-97f4-516b572b2f9d,1697663774201222222
6a69421f-e399-4db8-897a-d8ef21b5e0a7,707b6ccf-c9d9-4c1d-97f4-516b572b2f9d,1697663774248100000
6a69421f-e399-4db8-897a-d8ef21b5e0a7,707b6ccf-c9d9-4c1d-97f4-516b572b2f9d,1697663774271522222
6a69421f-e399-4db8-897a-d8ef21b5e0a7,707b6ccf-c9d9-4c1d-97f4-516b572b2f9d,1697663774306211111
6a69421f-e399-4db8-897a-d8ef21b5e0a7,707b6ccf-c9d9-4c1d-97f4-516b572b2f9d,1697663774342288888
6a69421f-e399-4db8-897a-d8ef21b5e0a7,707b6ccf-c9d9-4c1d-97f4-516b572b2f9d,1697663774371477777
6a69421f-e399-4db8-897a-d8ef21b5e0a7,707b6ccf-c9d9-4c1d-97f4-516b572b2f9d,1697663774410611111
6a69421f-e399-4db8-897a-d8ef21b5e0a7,707b6ccf-c9d9-4c1d-97f4-516b572b2f9d,1697663774440555555
6a69421f-e399-4db8-897a-d8ef21b5e0a7,707b6ccf-c9d9-4c1d-97f4-516b572b2f9d,1697663774470933333
6a69421f-e399-4db8-897a-d8ef21b5e0a7,707b6ccf-c9d9-4c1d-97f4-516b572b2f9d,1697663774509722222
6a69421f-e399-4db8-897a-d8ef21b5e0a7,707b6ccf-c9d9-4c1d-97f4-516b572b2f9d,1697663774540400000
6a69421f-e399-4db8-897a-d8ef21b5e0a7,707b6ccf-c9d9-4c1d-97f4-516b572b2f9d,1697663774575177777
6a69421f-e399-4db8-897a-d8ef21b5e0a7,707b6ccf-c9d9-4c1d-97f4-516b572b2f9d,1697663774604344444
6a69421f-e399-4db8-897a-d8ef21b5e0a7,707b6ccf-c9d9-4c1d-97f4-516b572b2f9d,1697663774638622222
6a69421f-e399-4db8-897a-d8ef21b5e0a7,707b6ccf-c9d9-4c1d-97f4-516b572b2f9d,1697663774679811111
6a69421f-e399-4db8-897a-d8ef21b5e0a7,707b6ccf-c9d9-4c1d-97f4-516b572b2f9d,1697663774709244444
6a69421f-e399-4db8-897a-d8ef21b5e0a7,707b6ccf-c9d9-4c1d-97f4-516b572b2f9d,1697663774744000000
6a69421f-e399-4db8-897a-d8ef21b5e0a7,707b6ccf-c9d9-4c1d-97f4-516b572b2f9d,1697663774773944444
6a69421f-e399-4db8-897a-d8ef21b5e0a7,707b6ccf-c9d9-4c1d-97f4-516b572b2f9d,1697663774807811111
6a69421f-e399-4db8-897a-d8ef21b5e0a7,707b6ccf-c9d9-4c1d-97f4-516b572b2f9d,1697663774830855555
6a69421f-e399-4db8-897a-d8ef21b5e0a7,707b6ccf-c9d9-4c1d-97f4-516b572b2f9d,1697663774867211111
6a69421f-e399-4db8-897a-d8ef21b5e0a7,707b6ccf-c9d9-4c1d-97f4-516b572b2f9d,1697663774906966666
6a69421f-e399-4db8-897a-d8ef21b5e0a7,707b6ccf-c9d9-4c1d-97f4-516b572b2f9d,1697663774941755555
6a69421f-e399-4db8-897a-d8ef21b5e0a7,707b6ccf-c9d9-4c1d-97f4-516b572b2f9d,1697663774969000000
6a69421f-e399-4db8-897a-d8ef21b5e0a7,707b6ccf-c9d9-4c1d-97f4-516b572b2f9d,1697663775006155555
6a69421f-e399-4db8-897a-d8ef21b5e0a7,707b6ccf-c9d9-4c1d-97f4-516b572b2f9d,1697663775039344444
6a69421f-e399-4db8-897a-d8ef21b5e0a7,707b6ccf-c9d9-4c1d-97f4-516b572b2f9d,1697663775070866666
6a69421f-e399-4db8-897a-d8ef21b5e0a7,707b6ccf-c9d9-4c1d-97f4-516b572b2f9d,1697663775109888888
6a69421f-e399-4db8-897a-d8ef21b5e0a7,707b6ccf-c9d9-4c1d-97f4-516b572b2f9d,1697663775138255555
6a69421f-e399-4db8-897a-d8ef21b5e0a7,707b6ccf-c9d9-4c1d-97f4-516b572b2f9d,1697663775177522222
6a69421f-e399-4db8-897a-d8ef21b5e0a7,707b6ccf-c9d9-4c1d-97f4-516b572b2f9d,1697663775205944444
6a69421f-e399-4db8-897a-d8ef21b5e0a7,707b6ccf-c9d9-4c1d-97f4-516b572b2f9d,1697663775237933333
6a69421f-e399-4db8-897a-d8ef21b5e0a7,707b6ccf-c9d9-4c1d-97f4-516b572b2f9d,1697663775270155555
6a69421f-e399-4db8-897a-d8ef21b5e0a7,707b6ccf-c9d9-4c1d-97f4-516b572b2f9d,1697663775308444444
6a69421f-e399-4db8-897a-d8ef21b5e0a7,707b6ccf-c9d9-4c1d-97f4-516b572b2f9d,1697663775341400000
6a69421f-e399-4db8-897a-d8ef21b5e0a7,707b6ccf-c9d9-4c1d-97f4-516b572b2f9d,1697663775370188888
6a69421f-e399-4db8-897a-d8ef21b5e0a7,707b6ccf-c9d9-4c1d-97f4-516b572b2f9d,1697663775408788888
6a69421f-e399-4db8-897a-d8ef21b5e0a7,707b6ccf-c9d9-4c1d-97f4-516b572b2f9d,1697663775442611111
6a69421f-e399-4db8-897a-d8ef21b5e0a7,707b6ccf-c9d9-4c1d-97f4-516b572b2f9d,1697663775461900000
6a69421f-e399-4db8-897a-d8ef21b5e0a7,707b6ccf-c9d9-4c1d-97f4-516b572b2f9d,1697663775500844444
6a69421f-e399-4db8-897a-d8ef21b5e0a7,707b6ccf-c9d9-4c1d-97f4-516b572b2f9d,1697663775536700000
6a69421f-e399-4db8-897a-d8ef21b5e0a7,707b6ccf-c9d9-4c1d-97f4-516b572b2f9d,1697663775570955555
6a69421f-e399-4db8-897a-d8ef21b5e0a7,707b6ccf-c9d9-4c1d-97f4-516b572b2f9d,1697663775597466666
6a69421f-e399-4db8-897a-d8ef21b5e0a7,707b6ccf-c9d9-4c1d-97f4-516b572b2f9d,1697663775642444444
6a69421f-e399-4db8-897a-d8ef21b5e0a7,707b6ccf-c9d9-4c1d-97f4-516b572b2f9d,1697663775670277777
6a69421f-e399-4db8-897a-d8ef21b5e0a7,707b6ccf-c9d9-4c1d-97f4-516b572b2f9d,1697663775707388888
6a69421f-e399-4db8-897a-d8ef21b5e0a7,707b6ccf-c9d9-4c1d-97f4-516b572b2f9d,1697663775738588888
6a69421f-e399-4db8-897a-d8ef21b5e0a7,707b6ccf-c9d9-4c1d-97f4-516b572b2f9d,1697663775770544444
6a69421f-e399-4db8-897a-d8ef21b5e0a7,707b6ccf-c9d9-4c1d-97f4-516b572b2f9d,1697663775809866666
6a69421f-e399-4db8-897a-d8ef21b5e0a7,707b6ccf-c9d9-4c1d-97f4-516b572b2f9d,1697663775844866666
6a69421f-e399-4db8-897a-d8ef21b5e0a7,707b6ccf-c9d9-4c1d-97f4-516b572b2f9d,1697663775872011111
6a69421f-e399-4db8-897a-d8ef21b5e0a7,707b6ccf-c9d9-4c1d-97f4-516b572b2f9d,1697663775908588888
6a69421f-e399-4db8-897a-d8ef21b5e0a7,707b6ccf-c9d9-4c1d-97f4-516b572b2f9d,1697663775939433333
6a69421f-e399-4db8-897a-d8ef21b5e0a7,707b6ccf-c9d9-4c1d-97f4-516b572b2f9d,1697663775969444444
6a69421f-e399-4db8-897a-d8ef21b5e0a7,707b6ccf-c9d9-4c1d-97f4-516b572b2f9d,1697663776006522222
6a69421f-e399-4db8-897a-d8ef21b5e0a7,707b6ccf-c9d9-4c1d-97f4-516b572b2f9d,1697663776042366666
6a69421f-e399-4db8-897a-d8ef21b5e0a7,707b6ccf-c9d9-4c1d-97f4-516b572b2f9d,1697663776064655555
6a69421f-e399-4db8-897a-d8ef21b5e0a7,707b6ccf-c9d9-4c1d-97f4-516b572b2f9d,1697663776112644444
6a69421f-e399-4db8-897a-d8ef21b5e0a7,707b6ccf-c9d9-4c1d-97f4-516b572b2f9d,1697663776137822222
6a69421f-e399-4db8-897a-d8ef21b5e0a7,707b6ccf-c9d9-4c1d-97f4-516b572b2f9d,1697663776175111111
6a69421f-e399-4db8-897a-d8ef21b5e0a7,707b6ccf-c9d9-4c1d-97f4-516b572b2f9d,1697663776197600000
6a69421f-e399-4db8-897a-d8ef21b5e0a7,707b6ccf-c9d9-4c1d-97f4-516b572b2f9d,1697663776231244444
6a69421f-e399-4db8-897a-d8ef21b5e0a7,707b6ccf-c9d9-4c1d-97f4-516b572b2f9d,1697663776270966666
6a69421f-e399-4db8-897a-d8ef21b5e0a7,707b6ccf-c9d9-4c1d-97f4-516b572b2f9d,1697663776311111111
6a69421f-e399-4db8-897a-d8ef21b5e0a7,707b6ccf-c9d9-4c1d-97f4-516b572b2f9d,1697663776338422222
6a69421f-e399-4db8-897a-d8ef21b5e0a7,707b6ccf-c9d9-4c1d-97f4-516b572b2f9d,1697663776371488888
6a69421f-e399-4db8-897a-d8ef21b5e0a7,707b6ccf-c9d9-4c1d-97f4-516b572b2f9d,1697663776409300000
6a69421f-e399-4db8-897a-d8ef21b5e0a7,707b6ccf-c9d9-4c1d-97f4-516b572b2f9d,1697663776437933333
6a69421f-e399-4db8-897a-d8ef21b5e0a7,707b6ccf-c9d9-4c1d-97f4-516b572b2f9d,1697663776471300000
6a69421f-e399-4db8-897a-d8ef21b5e0a7,707b6ccf-c9d9-4c1d-97f4-516b572b2f9d,1697663776510011111
6a69421f-e399-4db8-897a-d8ef21b5e0a7,707b6ccf-c9d9-4c1d-97f4-516b572b2f9d,1697663776542300000
6a69421f-e399-4db8-897a-d8ef21b5e0a7,707b6ccf-c9d9-4c1d-97f4-516b572b2f9d,1697663776571688888
6a69421f-e399-4db8-897a-d8ef21b5e0a7,707b6ccf-c9d9-4c1d-97f4-516b572b2f9d,1697663776608011111
6a69421f-e399-4db8-897a-d8ef21b5e0a7,707b6ccf-c9d9-4c1d-97f4-516b572b2f9d,1697663776642866666
6a69421f-e399-4db8-897a-d8ef21b5e0a7,707b6ccf-c9d9-4c1d-97f4-516b572b2f9d,1697663776674188888
6a69421f-e399-4db8-897a-d8ef21b5e0a7,707b6ccf-c9d9-4c1d-97f4-516b572b2f9d,1697663776710433333
6a69421f-e399-4db8-897a-d8ef21b5e0a7,707b6ccf-c9d9-4c1d-97f4-516b572b2f9d,1697663776740333333
6a69421f-e399-4db8-897a-d8ef21b5e0a7,707b6ccf-c9d9-4c1d-97f4-516b572b2f9d,1697663776779688888
6a69421f-e399-4db8-897a-d8ef21b5e0a7,707b6ccf-c9d9-4c1d-97f4-516b572b2f9d,1697663776799644444
6a69421f-e399-4db8-897a-d8ef21b5e0a7,707b6ccf-c9d9-4c1d-97f4-516b572b2f9d,1697663776834677777
6a69421f-e399-4db8-897a-d8ef21b5e0a7,707b6ccf-c9d9-4c1d-97f4-516b572b2f9d,1697663776882911111
6a69421f-e399-4db8-897a-d8ef21b5e0a7,707b6ccf-c9d9-4c1d-97f4-516b572b2f9d,1697663776898677777
6a69421f-e399-4db8-897a-d8ef21b5e0a7,707b6ccf-c9d9-4c1d-97f4-516b572b2f9d,1697663776938955555
6a69421f-e399-4db8-897a-d8ef21b5e0a7,707b6ccf-c9d9-4c1d-97f4-516b572b2f9d,1697663776971411111
6a69421f-e399-4db8-897a-d8ef21b5e0a7,707b6ccf-c9d9-4c1d-97f4-516b572b2f9d,1697663777010644444
6a69421f-e399-4db8-897a-d8ef21b5e0a7,707b6ccf-c9d9-4c1d-97f4-516b572b2f9d,1697663777043633333
6a69421f-e399-4db8-897a-d8ef21b5e0a7,707b6ccf-c9d9-4c1d-97f4-516b572b2f9d,1697663777072933333
6a69421f-e399-4db8-897a-d8ef21b5e0a7,707b6ccf-c9d9-4c1d-97f4-516b572b2f9d,1697663777104933333
6a69421f-e399-4db8-897a-d8ef21b5e0a7,707b6ccf-c9d9-4c1d-97f4-516b572b2f9d,1697663777139300000
6a69421f-e399-4db8-897a-d8ef21b5e0a7,707b6ccf-c9d9-4c1d-97f4-516b572b2f9d,1697663777171111111
6a69421f-e399-4db8-897a-d8ef21b5e0a7,707b6ccf-c9d9-4c1d-97f4-516b572b2f9d,1697663777207700000
6a69421f-e399-4db8-897a-d8ef21b5e0a7,707b6ccf-c9d9-4c1d-97f4-516b572b2f9d,1697663777238977777
6a69421f-e399-4db8-897a-d8ef21b5e0a7,707b6ccf-c9d9-4c1d-97f4-516b572b2f9d,1697663777272111111
6a69421f-e399-4db8-897a-d8ef21b5e0a7,707b6ccf-c9d9-4c1d-97f4-516b572b2f9d,1697663777309544444
6a69421f-e399-4db8-897a-d8ef21b5e0a7,707b6ccf-c9d9-4c1d-97f4-516b572b2f9d,1697663777345188888
6a69421f-e399-4db8-897a-d8ef21b5e0a7,707b6ccf-c9d9-4c1d-97f4-516b572b2f9d,1697663777371733333
6a69421f-e399-4db8-897a-d8ef21b5e0a7,707b6ccf-c9d9-4c1d-97f4-516b572b2f9d,1697663777410666666
6a69421f-e399-4db8-897a-d8ef21b5e0a7,707b6ccf-c9d9-4c1d-97f4-516b572b2f9d,1697663777431288888
6a69421f-e399-4db8-897a-d8ef21b5e0a7,707b6ccf-c9d9-4c1d-97f4-516b572b2f9d,1697663777462866666
6a69421f-e399-4db8-897a-d8ef21b5e0a7,707b6ccf-c9d9-4c1d-97f4-516b572b2f9d,1697663777501644444
6a69421f-e399-4db8-897a-d8ef21b5e0a7,707b6ccf-c9d9-4c1d-97f4-516b572b2f9d,1697663777538666666
6a69421f-e399-4db8-897a-d8ef21b5e0a7,707b6ccf-c9d9-4c1d-97f4-516b572b2f9d,1697663777570966666
6a69421f-e399-4db8-897a-d8ef21b5e0a7,707b6ccf-c9d9-4c1d-97f4-516b572b2f9d,1697663777606622222
6a69421f-e399-4db8-897a-d8ef21b5e0a7,707b6ccf-c9d9-4c1d-97f4-516b572b2f9d,1697663777636611111
6a69421f-e399-4db8-897a-d8ef21b5e0a7,707b6ccf-c9d9-4c1d-97f4-516b572b2f9d,1697663777673611111
6a69421f-e399-4db8-897a-d8ef21b5e0a7,707b6ccf-c9d9-4c1d-97f4-516b572b2f9d,1697663777710188888
6a69421f-e399-4db8-897a-d8ef21b5e0a7,707b6ccf-c9d9-4c1d-97f4-516b572b2f9d,1697663777739700000
6a69421f-e399-4db8-897a-d8ef21b5e0a7,707b6ccf-c9d9-4c1d-97f4-516b572b2f9d,1697663777771811111
6a69421f-e399-4db8-897a-d8ef21b5e0a7,707b6ccf-c9d9-4c1d-97f4-516b572b2f9d,1697663777809644444
6a69421f-e399-4db8-897a-d8ef21b5e0a7,707b6ccf-c9d9-4c1d-97f4-516b572b2f9d,1697663777837722222
6a69421f-e399-4db8-897a-d8ef21b5e0a7,707b6ccf-c9d9-4c1d-97f4-516b572b2f9d,1697663777870588888
6a69421f-e399-4db8-897a-d8ef21b5e0a7,707b6ccf-c9d9-4c1d-97f4-516b572b2f9d,1697663777909055555
6a69421f-e399-4db8-897a-d8ef21b5e0a7,707b6ccf-c9d9-4c1d-97f4-516b572b2f9d,1697663777939600000
6a69421f-e399-4db8-897a-d8ef21b5e0a7,707b6ccf-c9d9-4c1d-97f4-516b572b2f9d,1697663777970344444
6a69421f-e399-4db8-897a-d8ef21b5e0a7,707b6ccf-c9d9-4c1d-97f4-516b572b2f9d,1697663778013711111
6a69421f-e399-4db8-897a-d8ef21b5e0a7,707b6ccf-c9d9-4c1d-97f4-516b572b2f9d,1697663778042277777
6a69421f-e399-4db8-897a-d8ef21b5e0a7,707b6ccf-c9d9-4c1d-97f4-516b572b2f9d,1697663778073200000
6a69421f-e399-4db8-897a-d8ef21b5e0a7,707b6ccf-c9d9-4c1d-97f4-516b572b2f9d,1697663778126111111
6a69421f-e399-4db8-897a-d8ef21b5e0a7,707b6ccf-c9d9-4c1d-97f4-516b572b2f9d,1697663778138655555
6a69421f-e399-4db8-897a-d8ef21b5e0a7,707b6ccf-c9d9-4c1d-97f4-516b572b2f9d,1697663778161966666
6a69421f-e399-4db8-897a-d8ef21b5e0a7,707b6ccf-c9d9-4c1d-97f4-516b572b2f9d,1697663778203111111
6a69421f-e399-4db8-897a-d8ef21b5e0a7,707b6ccf-c9d9-4c1d-97f4-516b572b2f9d,1697663778237855555
6a69421f-e399-4db8-897a-d8ef21b5e0a7,707b6ccf-c9d9-4c1d-97f4-516b572b2f9d,1697663778270877777
6a69421f-e399-4db8-897a-d8ef21b5e0a7,707b6ccf-c9d9-4c1d-97f4-516b572b2f9d,1697663778308044444
6a69421f-e399-4db8-897a-d8ef21b5e0a7,707b6ccf-c9d9-4c1d-97f4-516b572b2f9d,1697663778337788888
6a69421f-e399-4db8-897a-d8ef21b5e0a7,707b6ccf-c9d9-4c1d-97f4-516b572b2f9d,1697663778373744444
6a69421f-e399-4db8-897a-d8ef21b5e0a7,707b6ccf-c9d9-4c1d-97f4-516b572b2f9d,1697663778407077777
6a69421f-e399-4db8-897a-d8ef21b5e0a7,707b6ccf-c9d9-4c1d-97f4-516b572b2f9d,1697663778437577777
6a69421f-e399-4db8-897a-d8ef21b5e0a7,707b6ccf-c9d9-4c1d-97f4-516b572b2f9d,1697663778470466666
6a69421f-e399-4db8-897a-d8ef21b5e0a7,707b6ccf-c9d9-4c1d-97f4-516b572b2f9d,1697663778501500000
6a69421f-e399-4db8-897a-d8ef21b5e0a7,707b6ccf-c9d9-4c1d-97f4-516b572b2f9d,1697663778545322222
6a69421f-e399-4db8-897a-d8ef21b5e0a7,707b6ccf-c9d9-4c1d-97f4-516b572b2f9d,1697663778573844444
6a69421f-e399-4db8-897a-d8ef21b5e0a7,707b6ccf-c9d9-4c1d-97f4-516b572b2f9d,1697663778604366666
6a69421f-e399-4db8-897a-d8ef21b5e0a7,707b6ccf-c9d9-4c1d-97f4-516b572b2f9d,1697663778638655555
6a69421f-e399-4db8-897a-d8ef21b5e0a7,707b6ccf-c9d9-4c1d-97f4-516b572b2f9d,1697663778671411111
6a69421f-e399-4db8-897a-d8ef21b5e0a7,707b6ccf-c9d9-4c1d-97f4-516b572b2f9d,1697663778701955555
6a69421f-e399-4db8-897a-d8ef21b5e0a7,707b6ccf-c9d9-4c1d-97f4-516b572b2f9d,1697663778743977777
6a69421f-e399-4db8-897a-d8ef21b5e0a7,707b6ccf-c9d9-4c1d-97f4-516b572b2f9d,1697663778786100000
6a69421f-e399-4db8-897a-d8ef21b5e0a7,707b6ccf-c9d9-4c1d-97f4-516b572b2f9d,1697663778796155555
6a69421f-e399-4db8-897a-d8ef21b5e0a7,707b6ccf-c9d9-4c1d-97f4-516b572b2f9d,1697663778851133333
6a69421f-e399-4db8-897a-d8ef21b5e0a7,707b6ccf-c9d9-4c1d-97f4-516b572b2f9d,1697663778862866666
6a69421f-e399-4db8-897a-d8ef21b5e0a7,707b6ccf-c9d9-4c1d-97f4-516b572b2f9d,1697663778895777777
6a69421f-e399-4db8-897a-d8ef21b5e0a7,707b6ccf-c9d9-4c1d-97f4-516b572b2f9d,1697663778938588888
6a69421f-e399-4db8-897a-d8ef21b5e0a7,707b6ccf-c9d9-4c1d-97f4-516b572b2f9d,1697663778971122222
6a69421f-e399-4db8-897a-d8ef21b5e0a7,707b6ccf-c9d9-4c1d-97f4-516b572b2f9d,1697663779003144444
6a69421f-e399-4db8-897a-d8ef21b5e0a7,707b6ccf-c9d9-4c1d-97f4-516b572b2f9d,1697663779042200000
6a69421f-e399-4db8-897a-d8ef21b5e0a7,707b6ccf-c9d9-4c1d-97f4-516b572b2f9d,1697663779072422222
6a69421f-e399-4db8-897a-d8ef21b5e0a7,707b6ccf-c9d9-4c1d-97f4-516b572b2f9d,1697663779109500000
6a69421f-e399-4db8-897a-d8ef21b5e0a7,707b6ccf-c9d9-4c1d-97f4-516b572b2f9d,1697663779137333333
6a69421f-e399-4db8-897a-d8ef21b5e0a7,707b6ccf-c9d9-4c1d-97f4-516b572b2f9d,1697663779169955555
6a69421f-e399-4db8-897a-d8ef21b5e0a7,707b6ccf-c9d9-4c1d-97f4-516b572b2f9d,1697663779204033333
6a69421f-e399-4db8-897a-d8ef21b5e0a7,707b6ccf-c9d9-4c1d-97f4-516b572b2f9d,1697663779244477777
6a69421f-e399-4db8-897a-d8ef21b5e0a7,707b6ccf-c9d9-4c1d-97f4-516b572b2f9d,1697663779272111111
6a69421f-e399-4db8-897a-d8ef21b5e0a7,707b6ccf-c9d9-4c1d-97f4-516b572b2f9d,1697663779303733333
6a69421f-e399-4db8-897a-d8ef21b5e0a7,707b6ccf-c9d9-4c1d-97f4-516b572b2f9d,1697663779341600000
6a69421f-e399-4db8-897a-d8ef21b5e0a7,707b6ccf-c9d9-4c1d-97f4-516b572b2f9d,1697663779369188888
6a69421f-e399-4db8-897a-d8ef21b5e0a7,707b6ccf-c9d9-4c1d-97f4-516b572b2f9d,1697663779403644444
6a69421f-e399-4db8-897a-d8ef21b5e0a7,707b6ccf-c9d9-4c1d-97f4-516b572b2f9d,1697663779449900000
6a69421f-e399-4db8-897a-d8ef21b5e0a7,707b6ccf-c9d9-4c1d-97f4-516b572b2f9d,1697663779462988888
6a69421f-e399-4db8-897a-d8ef21b5e0a7,707b6ccf-c9d9-4c1d-97f4-516b572b2f9d,1697663779496444444
6a69421f-e399-4db8-897a-d8ef21b5e0a7,707b6ccf-c9d9-4c1d-97f4-516b572b2f9d,1697663779531777777
6a69421f-e399-4db8-897a-d8ef21b5e0a7,707b6ccf-c9d9-4c1d-97f4-516b572b2f9d,1697663779563166666
6a69421f-e399-4db8-897a-d8ef21b5e0a7,707b6ccf-c9d9-4c1d-97f4-516b572b2f9d,1697663779603700000
6a69421f-e399-4db8-897a-d8ef21b5e0a7,707b6ccf-c9d9-4c1d-97f4-516b572b2f9d,1697663779642900000
6a69421f-e399-4db8-897a-d8ef21b5e0a7,707b6ccf-c9d9-4c1d-97f4-516b572b2f9d,1697663779672088888
6a69421f-e399-4db8-897a-d8ef21b5e0a7,707b6ccf-c9d9-4c1d-97f4-516b572b2f9d,1697663779704177777
6a69421f-e399-4db8-897a-d8ef21b5e0a7,707b6ccf-c9d9-4c1d-97f4-516b572b2f9d,1697663779740355555
6a69421f-e399-4db8-897a-d8ef21b5e0a7,707b6ccf-c9d9-4c1d-97f4-516b572b2f9d,1697663779764088888
6a69421f-e399-4db8-897a-d8ef21b5e0a7,707b6ccf-c9d9-4c1d-97f4-516b572b2f9d,1697663779809988888
6a69421f-e399-4db8-897a-d8ef21b5e0a7,707b6ccf-c9d9-4c1d-97f4-516b572b2f9d,1697663779839044444
6a69421f-e399-4db8-897a-d8ef21b5e0a7,707b6ccf-c9d9-4c1d-97f4-516b572b2f9d,1697663779871166666
6a69421f-e399-4db8-897a-d8ef21b5e0a7,707b6ccf-c9d9-4c1d-97f4-516b572b2f9d,1697663779909477777
6a69421f-e399-4db8-897a-d8ef21b5e0a7,707b6ccf-c9d9-4c1d-97f4-516b572b2f9d,1697663779941055555
6a69421f-e399-4db8-897a-d8ef21b5e0a7,707b6ccf-c9d9-4c1d-97f4-516b572b2f9d,1697663779963888888
6a69421f-e399-4db8-897a-d8ef21b5e0a7,707b6ccf-c9d9-4c1d-97f4-516b572b2f9d,1697663780005788888
6a69421f-e399-4db8-897a-d8ef21b5e0a7,707b6ccf-c9d9-4c1d-97f4-516b572b2f9d,1697663780039088888
6a69421f-e399-4db8-897a-d8ef21b5e0a7,707b6ccf-c9d9-4c1d-97f4-516b572b2f9d,1697663780071644444
6a69421f-e399-4db8-897a-d8ef21b5e0a7,707b6ccf-c9d9-4c1d-97f4-516b572b2f9d,1697663780111488888
6a69421f-e399-4db8-897a-d8ef21b5e0a7,707b6ccf-c9d9-4c1d-97f4-516b572b2f9d,1697663780131511111
6a69421f-e399-4db8-897a-d8ef21b5e0a7,707b6ccf-c9d9-4c1d-97f4-516b572b2f9d,1697663780162166666
6a69421f-e399-4db8-897a-d8ef21b5e0a7,707b6ccf-c9d9-4c1d-97f4-516b572b2f9d,1697663780198922222
6a69421f-e399-4db8-897a-d8ef21b5e0a7,707b6ccf-c9d9-4c1d-97f4-516b572b2f9d,1697663780230444444
6a69421f-e399-4db8-897a-d8ef21b5e0a7,707b6ccf-c9d9-4c1d-97f4-516b572b2f9d,1697663780270122222
6a69421f-e399-4db8-897a-d8ef21b5e0a7,707b6ccf-c9d9-4c1d-97f4-516b572b2f9d,1697663780304133333
6a69421f-e399-4db8-897a-d8ef21b5e0a7,707b6ccf-c9d9-4c1d-97f4-516b572b2f9d,1697663780341011111
6a69421f-e399-4db8-897a-d8ef21b5e0a7,707b6ccf-c9d9-4c1d-97f4-516b572b2f9d,1697663780365233333
6a69421f-e399-4db8-897a-d8ef21b5e0a7,707b6ccf-c9d9-4c1d-97f4-516b572b2f9d,1697663780407400000
6a69421f-e399-4db8-897a-d8ef21b5e0a7,707b6ccf-c9d9-4c1d-97f4-516b572b2f9d,1697663780443055555
6a69421f-e399-4db8-897a-d8ef21b5e0a7,707b6ccf-c9d9-4c1d-97f4-516b572b2f9d,1697663780472866666
6a69421f-e399-4db8-897a-d8ef21b5e0a7,707b6ccf-c9d9-4c1d-97f4-516b572b2f9d,1697663780505511111
6a69421f-e399-4db8-897a-d8ef21b5e0a7,707b6ccf-c9d9-4c1d-97f4-516b572b2f9d,1697663780542088888
6a69421f-e399-4db8-897a-d8ef21b5e0a7,707b6ccf-c9d9-4c1d-97f4-516b572b2f9d,1697663780573555555
6a69421f-e399-4db8-897a-d8ef21b5e0a7,707b6ccf-c9d9-4c1d-97f4-516b572b2f9d,1697663780604122222
6a69421f-e399-4db8-897a-d8ef21b5e0a7,707b6ccf-c9d9-4c1d-97f4-516b572b2f9d,1697663780641244444
6a69421f-e399-4db8-897a-d8ef21b5e0a7,707b6ccf-c9d9-4c1d-97f4-516b572b2f9d,1697663780671311111
6a69421f-e399-4db8-897a-d8ef21b5e0a7,707b6ccf-c9d9-4c1d-97f4-516b572b2f9d,1697663780707122222
6a69421f-e399-4db8-897a-d8ef21b5e0a7,707b6ccf-c9d9-4c1d-97f4-516b572b2f9d,1697663780738222222
6a69421f-e399-4db8-897a-d8ef21b5e0a7,707b6ccf-c9d9-4c1d-97f4-516b572b2f9d,1697663780791511111
6a69421f-e399-4db8-897a-d8ef21b5e0a7,707b6ccf-c9d9-4c1d-97f4-516b572b2f9d,1697663780802511111
6a69421f-e399-4db8-897a-d8ef21b5e0a7,707b6ccf-c9d9-4c1d-97f4-516b572b2f9d,1697663780834766666
6a69421f-e399-4db8-897a-d8ef21b5e0a7,707b6ccf-c9d9-4c1d-97f4-516b572b2f9d,1697663780863133333
6a69421f-e399-4db8-897a-d8ef21b5e0a7,707b6ccf-c9d9-4c1d-97f4-516b572b2f9d,1697663780893988888
6a69421f-e399-4db8-897a-d8ef21b5e0a7,707b6ccf-c9d9-4c1d-97f4-516b572b2f9d,1697663780937600000
6a69421f-e399-4db8-897a-d8ef21b5e0a7,707b6ccf-c9d9-4c1d-97f4-516b572b2f9d,1697663780969144444
6a69421f-e399-4db8-897a-d8ef21b5e0a7,707b6ccf-c9d9-4c1d-97f4-516b572b2f9d,1697663781009155555
6a69421f-e399-4db8-897a-d8ef21b5e0a7,707b6ccf-c9d9-4c1d-97f4-516b572b2f9d,1697663781039955555
6a69421f-e399-4db8-897a-d8ef21b5e0a7,707b6ccf-c9d9-4c1d-97f4-516b572b2f9d,1697663781069955555
6a69421f-e399-4db8-897a-d8ef21b5e0a7,707b6ccf-c9d9-4c1d-97f4-516b572b2f9d,1697663781106088888
6a69421f-e399-4db8-897a-d8ef21b5e0a7,707b6ccf-c9d9-4c1d-97f4-516b572b2f9d,1697663781141666666
6a69421f-e399-4db8-897a-d8ef21b5e0a7,707b6ccf-c9d9-4c1d-97f4-516b572b2f9d,1697663781171933333
6a69421f-e399-4db8-897a-d8ef21b5e0a7,707b6ccf-c9d9-4c1d-97f4-516b572b2f9d,1697663781204022222
6a69421f-e399-4db8-897a-d8ef21b5e0a7,707b6ccf-c9d9-4c1d-97f4-516b572b2f9d,1697663781237433333
6a69421f-e399-4db8-897a-d8ef21b5e0a7,707b6ccf-c9d9-4c1d-97f4-516b572b2f9d,1697663781271977777
6a69421f-e399-4db8-897a-d8ef21b5e0a7,707b6ccf-c9d9-4c1d-97f4-516b572b2f9d,1697663781304377777
6a69421f-e399-4db8-897a-d8ef21b5e0a7,707b6ccf-c9d9-4c1d-97f4-516b572b2f9d,1697663781340788888
6a69421f-e399-4db8-897a-d8ef21b5e0a7,707b6ccf-c9d9-4c1d-97f4-516b572b2f9d,1697663781368955555
6a69421f-e399-4db8-897a-d8ef21b5e0a7,707b6ccf-c9d9-4c1d-97f4-516b572b2f9d,1697663781402666666
6a69421f-e399-4db8-897a-d8ef21b5e0a7,707b6ccf-c9d9-4c1d-97f4-516b572b2f9d,1697663781450044444
6a69421f-e399-4db8-897a-d8ef21b5e0a7,707b6ccf-c9d9-4c1d-97f4-516b572b2f9d,1697663781460911111
6a69421f-e399-4db8-897a-d8ef21b5e0a7,707b6ccf-c9d9-4c1d-97f4-516b572b2f9d,1697663781498633333
6a69421f-e399-4db8-897a-d8ef21b5e0a7,707b6ccf-c9d9-4c1d-97f4-516b572b2f9d,1697663781529744444
6a69421f-e399-4db8-897a-d8ef21b5e0a7,707b6ccf-c9d9-4c1d-97f4-516b572b2f9d,1697663781581444444
6a69421f-e399-4db8-897a-d8ef21b5e0a7,707b6ccf-c9d9-4c1d-97f4-516b572b2f9d,1697663781593166666
6a69421f-e399-4db8-897a-d8ef21b5e0a7,707b6ccf-c9d9-4c1d-97f4-516b572b2f9d,1697663781644144444
6a69421f-e399-4db8-897a-d8ef21b5e0a7,707b6ccf-c9d9-4c1d-97f4-516b572b2f9d,1697663781669622222
6a69421f-e399-4db8-897a-d8ef21b5e0a7,707b6ccf-c9d9-4c1d-97f4-516b572b2f9d,1697663781702511111
6a69421f-e399-4db8-897a-d8ef21b5e0a7,707b6ccf-c9d9-4c1d-97f4-516b572b2f9d,1697663781735444444
6a69421f-e399-4db8-897a-d8ef21b5e0a7,707b6ccf-c9d9-4c1d-97f4-516b572b2f9d,1697663781772966666
6a69421f-e399-4db8-897a-d8ef21b5e0a7,707b6ccf-c9d9-4c1d-97f4-516b572b2f9d,1697663781804433333
6a69421f-e399-4db8-897a-d8ef21b5e0a7,707b6ccf-c9d9-4c1d-97f4-516b572b2f9d,1697663781838677777
6a69421f-e399-4db8-897a-d8ef21b5e0a7,707b6ccf-c9d9-4c1d-97f4-516b572b2f9d,1697663781873177777
6a69421f-e399-4db8-897a-d8ef21b5e0a7,707b6ccf-c9d9-4c1d-97f4-516b572b2f9d,1697663781902200000
6a69421f-e399-4db8-897a-d8ef21b5e0a7,707b6ccf-c9d9-4c1d-97f4-516b572b2f9d,1697663781936622222
6a69421f-e399-4db8-897a-d8ef21b5e0a7,707b6ccf-c9d9-4c1d-97f4-516b572b2f9d,1697663781969522222
6a69421f-e399-4db8-897a-d8ef21b5e0a7,707b6ccf-c9d9-4c1d-97f4-516b572b2f9d,1697663782003544444
6a69421f-e399-4db8-897a-d8ef21b5e0a7,707b6ccf-c9d9-4c1d-97f4-516b572b2f9d,1697663782034388888
6a69421f-e399-4db8-897a-d8ef21b5e0a7,707b6ccf-c9d9-4c1d-97f4-516b572b2f9d,1697663782071266666
6a69421f-e399-4db8-897a-d8ef21b5e0a7,707b6ccf-c9d9-4c1d-97f4-516b572b2f9d,1697663782116788888
6a69421f-e399-4db8-897a-d8ef21b5e0a7,707b6ccf-c9d9-4c1d-97f4-516b572b2f9d,1697663782141255555
6a69421f-e399-4db8-897a-d8ef21b5e0a7,707b6ccf-c9d9-4c1d-97f4-516b572b2f9d,1697663782184522222
6a69421f-e399-4db8-897a-d8ef21b5e0a7,707b6ccf-c9d9-4c1d-97f4-516b572b2f9d,1697663782204344444
6a69421f-e399-4db8-897a-d8ef21b5e0a7,707b6ccf-c9d9-4c1d-97f4-516b572b2f9d,1697663782244722222
6a69421f-e399-4db8-897a-d8ef21b5e0a7,707b6ccf-c9d9-4c1d-97f4-516b572b2f9d,1697663782261322222
6a69421f-e399-4db8-897a-d8ef21b5e0a7,707b6ccf-c9d9-4c1d-97f4-516b572b2f9d,1697663782296677777
6a69421f-e399-4db8-897a-d8ef21b5e0a7,707b6ccf-c9d9-4c1d-97f4-516b572b2f9d,1697663782336622222
6a69421f-e399-4db8-897a-d8ef21b5e0a7,707b6ccf-c9d9-4c1d-97f4-516b572b2f9d,1697663782369611111
6a69421f-e399-4db8-897a-d8ef21b5e0a7,707b6ccf-c9d9-4c1d-97f4-516b572b2f9d,1697663782406533333
6a69421f-e399-4db8-897a-d8ef21b5e0a7,707b6ccf-c9d9-4c1d-97f4-516b572b2f9d,1697663782434733333
6a69421f-e399-4db8-897a-d8ef21b5e0a7,707b6ccf-c9d9-4c1d-97f4-516b572b2f9d,1697663782470944444
6a69421f-e399-4db8-897a-d8ef21b5e0a7,707b6ccf-c9d9-4c1d-97f4-516b572b2f9d,1697663782503722222
6a69421f-e399-4db8-897a-d8ef21b5e0a7,707b6ccf-c9d9-4c1d-97f4-516b572b2f9d,1697663782536033333
6a69421f-e399-4db8-897a-d8ef21b5e0a7,707b6ccf-c9d9-4c1d-97f4-516b572b2f9d,1697663782570155555
6a69421f-e399-4db8-897a-d8ef21b5e0a7,707b6ccf-c9d9-4c1d-97f4-516b572b2f9d,1697663782606988888
6a69421f-e399-4db8-897a-d8ef21b5e0a7,707b6ccf-c9d9-4c1d-97f4-516b572b2f9d,1697663782639077777
6a69421f-e399-4db8-897a-d8ef21b5e0a7,707b6ccf-c9d9-4c1d-97f4-516b572b2f9d,1697663782673988888
6a69421f-e399-4db8-897a-d8ef21b5e0a7,707b6ccf-c9d9-4c1d-97f4-516b572b2f9d,1697663782704011111
6a69421f-e399-4db8-897a-d8ef21b5e0a7,707b6ccf-c9d9-4c1d-97f4-516b572b2f9d,1697663782734611111
6a69421f-e399-4db8-897a-d8ef21b5e0a7,707b6ccf-c9d9-4c1d-97f4-516b572b2f9d,1697663782768844444
6a69421f-e399-4db8-897a-d8ef21b5e0a7,707b6ccf-c9d9-4c1d-97f4-516b572b2f9d,1697663782794155555
6a69421f-e399-4db8-897a-d8ef21b5e0a7,707b6ccf-c9d9-4c1d-97f4-516b572b2f9d,1697663782828433333
6a69421f-e399-4db8-897a-d8ef21b5e0a7,707b6ccf-c9d9-4c1d-97f4-516b572b2f9d,1697663782878111111
6a69421f-e399-4db8-897a-d8ef21b5e0a7,707b6ccf-c9d9-4c1d-97f4-516b572b2f9d,1697663782898177777
6a69421f-e399-4db8-897a-d8ef21b5e0a7,707b6ccf-c9d9-4c1d-97f4-516b572b2f9d,1697663782930244444
6a69421f-e399-4db8-897a-d8ef21b5e0a7,707b6ccf-c9d9-4c1d-97f4-516b572b2f9d,1697663782976033333
6a69421f-e399-4db8-897a-d8ef21b5e0a7,707b6ccf-c9d9-4c1d-97f4-516b572b2f9d,1697663783004266666
6a69421f-e399-4db8-897a-d8ef21b5e0a7,707b6ccf-c9d9-4c1d-97f4-516b572b2f9d,1697663783037600000
6a69421f-e399-4db8-897a-d8ef21b5e0a7,707b6ccf-c9d9-4c1d-97f4-516b572b2f9d,1697663783072188888
6a69421f-e399-4db8-897a-d8ef21b5e0a7,707b6ccf-c9d9-4c1d-97f4-516b572b2f9d,1697663783105566666
6a69421f-e399-4db8-897a-d8ef21b5e0a7,707b6ccf-c9d9-4c1d-97f4-516b572b2f9d,1697663783136366666
6a69421f-e399-4db8-897a-d8ef21b5e0a7,707b6ccf-c9d9-4c1d-97f4-516b572b2f9d,1697663783170444444
6a69421f-e399-4db8-897a-d8ef21b5e0a7,707b6ccf-c9d9-4c1d-97f4-516b572b2f9d,1697663783202288888
6a69421f-e399-4db8-897a-d8ef21b5e0a7,707b6ccf-c9d9-4c1d-97f4-516b572b2f9d,1697663783234855555
6a69421f-e399-4db8-897a-d8ef21b5e0a7,707b6ccf-c9d9-4c1d-97f4-516b572b2f9d,1697663783271411111
6a69421f-e399-4db8-897a-d8ef21b5e0a7,707b6ccf-c9d9-4c1d-97f4-516b572b2f9d,1697663783301044444
6a69421f-e399-4db8-897a-d8ef21b5e0a7,707b6ccf-c9d9-4c1d-97f4-516b572b2f9d,1697663783334377777
6a69421f-e399-4db8-897a-d8ef21b5e0a7,707b6ccf-c9d9-4c1d-97f4-516b572b2f9d,1697663783371955555
6a69421f-e399-4db8-897a-d8ef21b5e0a7,707b6ccf-c9d9-4c1d-97f4-516b572b2f9d,1697663783410288888
6a69421f-e399-4db8-897a-d8ef21b5e0a7,707b6ccf-c9d9-4c1d-97f4-516b572b2f9d,1697663783428366666
6a69421f-e399-4db8-897a-d8ef21b5e0a7,707b6ccf-c9d9-4c1d-97f4-516b572b2f9d,1697663783463033333
6a69421f-e399-4db8-897a-d8ef21b5e0a7,707b6ccf-c9d9-4c1d-97f4-516b572b2f9d,1697663783506766666
6a69421f-e399-4db8-897a-d8ef21b5e0a7,707b6ccf-c9d9-4c1d-97f4-516b572b2f9d,1697663783549155555
6a69421f-e399-4db8-897a-d8ef21b5e0a7,707b6ccf-c9d9-4c1d-97f4-516b572b2f9d,1697663783563288888
6a69421f-e399-4db8-897a-d8ef21b5e0a7,707b6ccf-c9d9-4c1d-97f4-516b572b2f9d,1697663783603111111
6a69421f-e399-4db8-897a-d8ef21b5e0a7,707b6ccf-c9d9-4c1d-97f4-516b572b2f9d,1697663783633933333
6a69421f-e399-4db8-897a-d8ef21b5e0a7,707b6ccf-c9d9-4c1d-97f4-516b572b2f9d,1697663783670177777
6a69421f-e399-4db8-897a-d8ef21b5e0a7,707b6ccf-c9d9-4c1d-97f4-516b572b2f9d,1697663783702933333
6a69421f-e399-4db8-897a-d8ef21b5e0a7,707b6ccf-c9d9-4c1d-97f4-516b572b2f9d,1697663783736033333
6a69421f-e399-4db8-897a-d8ef21b5e0a7,707b6ccf-c9d9-4c1d-97f4-516b572b2f9d,1697663783771833333
6a69421f-e399-4db8-897a-d8ef21b5e0a7,707b6ccf-c9d9-4c1d-97f4-516b572b2f9d,1697663783803688888
6a69421f-e399-4db8-897a-d8ef21b5e0a7,707b6ccf-c9d9-4c1d-97f4-516b572b2f9d,1697663783835466666
6a69421f-e399-4db8-897a-d8ef21b5e0a7,707b6ccf-c9d9-4c1d-97f4-516b572b2f9d,1697663783873633333
6a69421f-e399-4db8-897a-d8ef21b5e0a7,707b6ccf-c9d9-4c1d-97f4-516b572b2f9d,1697663783903733333
6a69421f-e399-4db8-897a-d8ef21b5e0a7,707b6ccf-c9d9-4c1d-97f4-516b572b2f9d,1697663783937466666
6a69421f-e399-4db8-897a-d8ef21b5e0a7,707b6ccf-c9d9-4c1d-97f4-516b572b2f9d,1697663783972888888
6a69421f-e399-4db8-897a-d8ef21b5e0a7,707b6ccf-c9d9-4c1d-97f4-516b572b2f9d,1697663784006122222
6a69421f-e399-4db8-897a-d8ef21b5e0a7,707b6ccf-c9d9-4c1d-97f4-516b572b2f9d,1697663784035777777
6a69421f-e399-4db8-897a-d8ef21b5e0a7,707b6ccf-c9d9-4c1d-97f4-516b572b2f9d,1697663784082588888
6a69421f-e399-4db8-897a-d8ef21b5e0a7,707b6ccf-c9d9-4c1d-97f4-516b572b2f9d,1697663784094177777
6a69421f-e399-4db8-897a-d8ef21b5e0a7,707b6ccf-c9d9-4c1d-97f4-516b572b2f9d,1697663784133788888
6a69421f-e399-4db8-897a-d8ef21b5e0a7,707b6ccf-c9d9-4c1d-97f4-516b572b2f9d,1697663784169111111
6a69421f-e399-4db8-897a-d8ef21b5e0a7,707b6ccf-c9d9-4c1d-97f4-516b572b2f9d,1697663784194411111
6a69421f-e399-4db8-897a-d8ef21b5e0a7,707b6ccf-c9d9-4c1d-97f4-516b572b2f9d,1697663784229233333
6a69421f-e399-4db8-897a-d8ef21b5e0a7,707b6ccf-c9d9-4c1d-97f4-516b572b2f9d,1697663784276022222
6a69421f-e399-4db8-897a-d8ef21b5e0a7,707b6ccf-c9d9-4c1d-97f4-516b572b2f9d,1697663784305000000
6a69421f-e399-4db8-897a-d8ef21b5e0a7,707b6ccf-c9d9-4c1d-97f4-516b572b2f9d,1697663784337177777
6a69421f-e399-4db8-897a-d8ef21b5e0a7,707b6ccf-c9d9-4c1d-97f4-516b572b2f9d,1697663784370611111
6a69421f-e399-4db8-897a-d8ef21b5e0a7,707b6ccf-c9d9-4c1d-97f4-516b572b2f9d,1697663784408566666
6a69421f-e399-4db8-897a-d8ef21b5e0a7,707b6ccf-c9d9-4c1d-97f4-516b572b2f9d,1697663784434522222
6a69421f-e399-4db8-897a-d8ef21b5e0a7,707b6ccf-c9d9-4c1d-97f4-516b572b2f9d,1697663784470455555
6a69421f-e399-4db8-897a-d8ef21b5e0a7,707b6ccf-c9d9-4c1d-97f4-516b572b2f9d,1697663784506355555
6a69421f-e399-4db8-897a-d8ef21b5e0a7,707b6ccf-c9d9-4c1d-97f4-516b572b2f9d,1697663784535144444
6a69421f-e399-4db8-897a-d8ef21b5e0a7,707b6ccf-c9d9-4c1d-97f4-516b572b2f9d,1697663784570233333
6a69421f-e399-4db8-897a-d8ef21b5e0a7,707b6ccf-c9d9-4c1d-97f4-516b572b2f9d,1697663784603822222
6a69421f-e399-4db8-897a-d8ef21b5e0a7,707b6ccf-c9d9-4c1d-97f4-516b572b2f9d,1697663784635533333
6a69421f-e399-4db8-897a-d8ef21b5e0a7,707b6ccf-c9d9-4c1d-97f4-516b572b2f9d,1697663784669911111
6a69421f-e399-4db8-897a-d8ef21b5e0a7,707b6ccf-c9d9-4c1d-97f4-516b572b2f9d,1697663784706922222
6a69421f-e399-4db8-897a-d8ef21b5e0a7,707b6ccf-c9d9-4c1d-97f4-516b572b2f9d,1697663784738966666
6a69421f-e399-4db8-897a-d8ef21b5e0a7,707b6ccf-c9d9-4c1d-97f4-516b572b2f9d,1697663784772322222
6a69421f-e399-4db8-897a-d8ef21b5e0a7,707b6ccf-c9d9-4c1d-97f4-516b572b2f9d,1697663784812388888
6a69421f-e399-4db8-897a-d8ef21b5e0a7,707b6ccf-c9d9-4c1d-97f4-516b572b2f9d,1697663784830111111
6a69421f-e399-4db8-897a-d8ef21b5e0a7,707b6ccf-c9d9-4c1d-97f4-516b572b2f9d,1697663784863600000
6a69421f-e399-4db8-897a-d8ef21b5e0a7,707b6ccf-c9d9-4c1d-97f4-516b572b2f9d,1697663784906933333
6a69421f-e399-4db8-897a-d8ef21b5e0a7,707b6ccf-c9d9-4c1d-97f4-516b572b2f9d,1697663784939355555
6a69421f-e399-4db8-897a-d8ef21b5e0a7,707b6ccf-c9d9-4c1d-97f4-516b572b2f9d,1697663784967077777
6a69421f-e399-4db8-897a-d8ef21b5e0a7,707b6ccf-c9d9-4c1d-97f4-516b572b2f9d,1697663785002600000
6a69421f-e399-4db8-897a-d8ef21b5e0a7,707b6ccf-c9d9-4c1d-97f4-516b572b2f9d,1697663785035755555
6a69421f-e399-4db8-897a-d8ef21b5e0a7,707b6ccf-c9d9-4c1d-97f4-516b572b2f9d,1697663785066311111
6a69421f-e399-4db8-897a-d8ef21b5e0a7,707b6ccf-c9d9-4c1d-97f4-516b572b2f9d,1697663785104366666
6a69421f-e399-4db8-897a-d8ef21b5e0a7,707b6ccf-c9d9-4c1d-97f4-516b572b2f9d,1697663785137333333
6a69421f-e399-4db8-897a-d8ef21b5e0a7,707b6ccf-c9d9-4c1d-97f4-516b572b2f9d,1697663785172744444
6a69421f-e399-4db8-897a-d8ef21b5e0a7,707b6ccf-c9d9-4c1d-97f4-516b572b2f9d,1697663785202166666
6a69421f-e399-4db8-897a-d8ef21b5e0a7,707b6ccf-c9d9-4c1d-97f4-516b572b2f9d,1697663785235411111
6a69421f-e399-4db8-897a-d8ef21b5e0a7,707b6ccf-c9d9-4c1d-97f4-516b572b2f9d,1697663785271188888
6a69421f-e399-4db8-897a-d8ef21b5e0a7,707b6ccf-c9d9-4c1d-97f4-516b572b2f9d,1697663785302833333
6a69421f-e399-4db8-897a-d8ef21b5e0a7,707b6ccf-c9d9-4c1d-97f4-516b572b2f9d,1697663785335555555
6a69421f-e399-4db8-897a-d8ef21b5e0a7,707b6ccf-c9d9-4c1d-97f4-516b572b2f9d,1697663785368822222
6a69421f-e399-4db8-897a-d8ef21b5e0a7,707b6ccf-c9d9-4c1d-97f4-516b572b2f9d,1697663785412744444
6a69421f-e399-4db8-897a-d8ef21b5e0a7,707b6ccf-c9d9-4c1d-97f4-516b572b2f9d,1697663785444244444
6a69421f-e399-4db8-897a-d8ef21b5e0a7,707b6ccf-c9d9-4c1d-97f4-516b572b2f9d,1697663785459788888
6a69421f-e399-4db8-897a-d8ef21b5e0a7,707b6ccf-c9d9-4c1d-97f4-516b572b2f9d,1697663785494400000
6a69421f-e399-4db8-897a-d8ef21b5e0a7,707b6ccf-c9d9-4c1d-97f4-516b572b2f9d,1697663785539177777
6a69421f-e399-4db8-897a-d8ef21b5e0a7,707b6ccf-c9d9-4c1d-97f4-516b572b2f9d,1697663785558088888
6a69421f-e399-4db8-897a-d8ef21b5e0a7,707b6ccf-c9d9-4c1d-97f4-516b572b2f9d,1697663785607266666
6a69421f-e399-4db8-897a-d8ef21b5e0a7,707b6ccf-c9d9-4c1d-97f4-516b572b2f9d,1697663785636277777
6a69421f-e399-4db8-897a-d8ef21b5e0a7,707b6ccf-c9d9-4c1d-97f4-516b572b2f9d,1697663785669444444
6a69421f-e399-4db8-897a-d8ef21b5e0a7,707b6ccf-c9d9-4c1d-97f4-516b572b2f9d,1697663785704500000
6a69421f-e399-4db8-897a-d8ef21b5e0a7,707b6ccf-c9d9-4c1d-97f4-516b572b2f9d,1697663785736022222
6a69421f-e399-4db8-897a-d8ef21b5e0a7,707b6ccf-c9d9-4c1d-97f4-516b572b2f9d,1697663785770800000
6a69421f-e399-4db8-897a-d8ef21b5e0a7,707b6ccf-c9d9-4c1d-97f4-516b572b2f9d,1697663785803100000
6a69421f-e399-4db8-897a-d8ef21b5e0a7,707b6ccf-c9d9-4c1d-97f4-516b572b2f9d,1697663785834988888
6a69421f-e399-4db8-897a-d8ef21b5e0a7,707b6ccf-c9d9-4c1d-97f4-516b572b2f9d,1697663785868577777
6a69421f-e399-4db8-897a-d8ef21b5e0a7,707b6ccf-c9d9-4c1d-97f4-516b572b2f9d,1697663785902144444
6a69421f-e399-4db8-897a-d8ef21b5e0a7,707b6ccf-c9d9-4c1d-97f4-516b572b2f9d,1697663785936077777
6a69421f-e399-4db8-897a-d8ef21b5e0a7,707b6ccf-c9d9-4c1d-97f4-516b572b2f9d,1697663785968822222
6a69421f-e399-4db8-897a-d8ef21b5e0a7,707b6ccf-c9d9-4c1d-97f4-516b572b2f9d,1697663786003577777
6a69421f-e399-4db8-897a-d8ef21b5e0a7,707b6ccf-c9d9-4c1d-97f4-516b572b2f9d,1697663786036366666
6a69421f-e399-4db8-897a-d8ef21b5e0a7,707b6ccf-c9d9-4c1d-97f4-516b572b2f9d,1697663786076400000
6a69421f-e399-4db8-897a-d8ef21b5e0a7,707b6ccf-c9d9-4c1d-97f4-516b572b2f9d,1697663786099544444
6a69421f-e399-4db8-897a-d8ef21b5e0a7,707b6ccf-c9d9-4c1d-97f4-516b572b2f9d,1697663786131677777
6a69421f-e399-4db8-897a-d8ef21b5e0a7,707b6ccf-c9d9-4c1d-97f4-516b572b2f9d,1697663786175655555
6a69421f-e399-4db8-897a-d8ef21b5e0a7,707b6ccf-c9d9-4c1d-97f4-516b572b2f9d,1697663786197111111
6a69421f-e399-4db8-897a-d8ef21b5e0a7,707b6ccf-c9d9-4c1d-97f4-516b572b2f9d,1697663786242977777
6a69421f-e399-4db8-897a-d8ef21b5e0a7,707b6ccf-c9d9-4c1d-97f4-516b572b2f9d,1697663786260100000
6a69421f-e399-4db8-897a-d8ef21b5e0a7,707b6ccf-c9d9-4c1d-97f4-516b572b2f9d,1697663786305622222
6a69421f-e399-4db8-897a-d8ef21b5e0a7,707b6ccf-c9d9-4c1d-97f4-516b572b2f9d,1697663786333711111
6a69421f-e399-4db8-897a-d8ef21b5e0a7,707b6ccf-c9d9-4c1d-97f4-516b572b2f9d,1697663786367211111
6a69421f-e399-4db8-897a-d8ef21b5e0a7,707b6ccf-c9d9-4c1d-97f4-516b572b2f9d,1697663786405477777
6a69421f-e399-4db8-897a-d8ef21b5e0a7,707b6ccf-c9d9-4c1d-97f4-516b572b2f9d,1697663786437055555
6a69421f-e399-4db8-897a-d8ef21b5e0a7,707b6ccf-c9d9-4c1d-97f4-516b572b2f9d,1697663786467933333
6a69421f-e399-4db8-897a-d8ef21b5e0a7,707b6ccf-c9d9-4c1d-97f4-516b572b2f9d,1697663786507611111
6a69421f-e399-4db8-897a-d8ef21b5e0a7,707b6ccf-c9d9-4c1d-97f4-516b572b2f9d,1697663786538822222
6a69421f-e399-4db8-897a-d8ef21b5e0a7,707b6ccf-c9d9-4c1d-97f4-516b572b2f9d,1697663786566866666
6a69421f-e399-4db8-897a-d8ef21b5e0a7,707b6ccf-c9d9-4c1d-97f4-516b572b2f9d,1697663786603611111
6a69421f-e399-4db8-897a-d8ef21b5e0a7,707b6ccf-c9d9-4c1d-97f4-516b572b2f9d,1697663786634266666
6a69421f-e399-4db8-897a-d8ef21b5e0a7,707b6ccf-c9d9-4c1d-97f4-516b572b2f9d,1697663786664811111
6a69421f-e399-4db8-897a-d8ef21b5e0a7,707b6ccf-c9d9-4c1d-97f4-516b572b2f9d,1697663786702433333
6a69421f-e399-4db8-897a-d8ef21b5e0a7,707b6ccf-c9d9-4c1d-97f4-516b572b2f9d,1697663786738088888
6a69421f-e399-4db8-897a-d8ef21b5e0a7,707b6ccf-c9d9-4c1d-97f4-516b572b2f9d,1697663786768666666
6a69421f-e399-4db8-897a-d8ef21b5e0a7,707b6ccf-c9d9-4c1d-97f4-516b572b2f9d,1697663786795122222
6a69421f-e399-4db8-897a-d8ef21b5e0a7,707b6ccf-c9d9-4c1d-97f4-516b572b2f9d,1697663786829144444
6a69421f-e399-4db8-897a-d8ef21b5e0a7,707b6ccf-c9d9-4c1d-97f4-516b572b2f9d,1697663786880522222
6a69421f-e399-4db8-897a-d8ef21b5e0a7,707b6ccf-c9d9-4c1d-97f4-516b572b2f9d,1697663786898977777
6a69421f-e399-4db8-897a-d8ef21b5e0a7,707b6ccf-c9d9-4c1d-97f4-516b572b2f9d,1697663786926055555
6a69421f-e399-4db8-897a-d8ef21b5e0a7,707b6ccf-c9d9-4c1d-97f4-516b572b2f9d,1697663786971200000
6a69421f-e399-4db8-897a-d8ef21b5e0a7,707b6ccf-c9d9-4c1d-97f4-516b572b2f9d,1697663787008311111
6a69421f-e399-4db8-897a-d8ef21b5e0a7,707b6ccf-c9d9-4c1d-97f4-516b572b2f9d,1697663787035544444
6a69421f-e399-4db8-897a-d8ef21b5e0a7,707b6ccf-c9d9-4c1d-97f4-516b572b2f9d,1697663787070655555
6a69421f-e399-4db8-897a-d8ef21b5e0a7,707b6ccf-c9d9-4c1d-97f4-516b572b2f9d,1697663787109044444
6a69421f-e399-4db8-897a-d8ef21b5e0a7,707b6ccf-c9d9-4c1d-97f4-516b572b2f9d,1697663787136066666
6a69421f-e399-4db8-897a-d8ef21b5e0a7,707b6ccf-c9d9-4c1d-97f4-516b572b2f9d,1697663787166377777
6a69421f-e399-4db8-897a-d8ef21b5e0a7,707b6ccf-c9d9-4c1d-97f4-516b572b2f9d,1697663787202855555
6a69421f-e399-4db8-897a-d8ef21b5e0a7,707b6ccf-c9d9-4c1d-97f4-516b572b2f9d,1697663787235311111
6a69421f-e399-4db8-897a-d8ef21b5e0a7,707b6ccf-c9d9-4c1d-97f4-516b572b2f9d,1697663787268722222
6a69421f-e399-4db8-897a-d8ef21b5e0a7,707b6ccf-c9d9-4c1d-97f4-516b572b2f9d,1697663787305233333
6a69421f-e399-4db8-897a-d8ef21b5e0a7,707b6ccf-c9d9-4c1d-97f4-516b572b2f9d,1697663787334800000
6a69421f-e399-4db8-897a-d8ef21b5e0a7,707b6ccf-c9d9-4c1d-97f4-516b572b2f9d,1697663787365944444
6a69421f-e399-4db8-897a-d8ef21b5e0a7,707b6ccf-c9d9-4c1d-97f4-516b572b2f9d,1697663787404588888
6a69421f-e399-4db8-897a-d8ef21b5e0a7,707b6ccf-c9d9-4c1d-97f4-516b572b2f9d,1697663787452777777
6a69421f-e399-4db8-897a-d8ef21b5e0a7,707b6ccf-c9d9-4c1d-97f4-516b572b2f9d,1697663787463011111
6a69421f-e399-4db8-897a-d8ef21b5e0a7,707b6ccf-c9d9-4c1d-97f4-516b572b2f9d,1697663787506122222
6a69421f-e399-4db8-897a-d8ef21b5e0a7,707b6ccf-c9d9-4c1d-97f4-516b572b2f9d,1697663787535133333
6a69421f-e399-4db8-897a-d8ef21b5e0a7,707b6ccf-c9d9-4c1d-97f4-516b572b2f9d,1697663787560911111
6a69421f-e399-4db8-897a-d8ef21b5e0a7,707b6ccf-c9d9-4c1d-97f4-516b572b2f9d,1697663787603422222
6a69421f-e399-4db8-897a-d8ef21b5e0a7,707b6ccf-c9d9-4c1d-97f4-516b572b2f9d,1697663787634377777
6a69421f-e399-4db8-897a-d8ef21b5e0a7,707b6ccf-c9d9-4c1d-97f4-516b572b2f9d,1697663787666133333
6a69421f-e399-4db8-897a-d8ef21b5e0a7,707b6ccf-c9d9-4c1d-97f4-516b572b2f9d,1697663787702711111
6a69421f-e399-4db8-897a-d8ef21b5e0a7,707b6ccf-c9d9-4c1d-97f4-516b572b2f9d,1697663787735622222
6a69421f-e399-4db8-897a-d8ef21b5e0a7,707b6ccf-c9d9-4c1d-97f4-516b572b2f9d,1697663787767344444
6a69421f-e399-4db8-897a-d8ef21b5e0a7,707b6ccf-c9d9-4c1d-97f4-516b572b2f9d,1697663787803033333
6a69421f-e399-4db8-897a-d8ef21b5e0a7,707b6ccf-c9d9-4c1d-97f4-516b572b2f9d,1697663787837722222
6a69421f-e399-4db8-897a-d8ef21b5e0a7,707b6ccf-c9d9-4c1d-97f4-516b572b2f9d,1697663787867500000
6a69421f-e399-4db8-897a-d8ef21b5e0a7,707b6ccf-c9d9-4c1d-97f4-516b572b2f9d,1697663787907811111
6a69421f-e399-4db8-897a-d8ef21b5e0a7,707b6ccf-c9d9-4c1d-97f4-516b572b2f9d,1697663787934066666
6a69421f-e399-4db8-897a-d8ef21b5e0a7,707b6ccf-c9d9-4c1d-97f4-516b572b2f9d,1697663787966466666
6a69421f-e399-4db8-897a-d8ef21b5e0a7,707b6ccf-c9d9-4c1d-97f4-516b572b2f9d,1697663788008633333
6a69421f-e399-4db8-897a-d8ef21b5e0a7,707b6ccf-c9d9-4c1d-97f4-516b572b2f9d,1697663788036200000
6a69421f-e399-4db8-897a-d8ef21b5e0a7,707b6ccf-c9d9-4c1d-97f4-516b572b2f9d,1697663788069466666
6a69421f-e399-4db8-897a-d8ef21b5e0a7,707b6ccf-c9d9-4c1d-97f4-516b572b2f9d,1697663788100733333
6a69421f-e399-4db8-897a-d8ef21b5e0a7,707b6ccf-c9d9-4c1d-97f4-516b572b2f9d,1697663788129233333
6a69421f-e399-4db8-897a-d8ef21b5e0a7,707b6ccf-c9d9-4c1d-97f4-516b572b2f9d,1697663788182688888
6a69421f-e399-4db8-897a-d8ef21b5e0a7,707b6ccf-c9d9-4c1d-97f4-516b572b2f9d,1697663788194900000
6a69421f-e399-4db8-897a-d8ef21b5e0a7,707b6ccf-c9d9-4c1d-97f4-516b572b2f9d,1697663788229355555
6a69421f-e399-4db8-897a-d8ef21b5e0a7,707b6ccf-c9d9-4c1d-97f4-516b572b2f9d,1697663788266800000
6a69421f-e399-4db8-897a-d8ef21b5e0a7,707b6ccf-c9d9-4c1d-97f4-516b572b2f9d,1697663788301433333
6a69421f-e399-4db8-897a-d8ef21b5e0a7,707b6ccf-c9d9-4c1d-97f4-516b572b2f9d,1697663788331233333
6a69421f-e399-4db8-897a-d8ef21b5e0a7,707b6ccf-c9d9-4c1d-97f4-516b572b2f9d,1697663788371233333
6a69421f-e399-4db8-897a-d8ef21b5e0a7,707b6ccf-c9d9-4c1d-97f4-516b572b2f9d,1697663788399588888
6a69421f-e399-4db8-897a-d8ef21b5e0a7,707b6ccf-c9d9-4c1d-97f4-516b572b2f9d,1697663788436955555
6a69421f-e399-4db8-897a-d8ef21b5e0a7,707b6ccf-c9d9-4c1d-97f4-516b572b2f9d,1697663788468688888
6a69421f-e399-4db8-897a-d8ef21b5e0a7,707b6ccf-c9d9-4c1d-97f4-516b572b2f9d,1697663788497922222
6a69421f-e399-4db8-897a-d8ef21b5e0a7,707b6ccf-c9d9-4c1d-97f4-516b572b2f9d,1697663788535011111
6a69421f-e399-4db8-897a-d8ef21b5e0a7,707b6ccf-c9d9-4c1d-97f4-516b572b2f9d,1697663788567088888
6a69421f-e399-4db8-897a-d8ef21b5e0a7,707b6ccf-c9d9-4c1d-97f4-516b572b2f9d,1697663788598666666
6a69421f-e399-4db8-897a-d8ef21b5e0a7,707b6ccf-c9d9-4c1d-97f4-516b572b2f9d,1697663788636000000
6a69421f-e399-4db8-897a-d8ef21b5e0a7,707b6ccf-c9d9-4c1d-97f4-516b572b2f9d,1697663788667188888
6a69421f-e399-4db8-897a-d8ef21b5e0a7,707b6ccf-c9d9-4c1d-97f4-516b572b2f9d,1697663788698733333
6a69421f-e399-4db8-897a-d8ef21b5e0a7,707b6ccf-c9d9-4c1d-97f4-516b572b2f9d,1697663788734455555
6a69421f-e399-4db8-897a-d8ef21b5e0a7,707b6ccf-c9d9-4c1d-97f4-516b572b2f9d,1697663788760544444
6a69421f-e399-4db8-897a-d8ef21b5e0a7,707b6ccf-c9d9-4c1d-97f4-516b572b2f9d,1697663788792211111
6a69421f-e399-4db8-897a-d8ef21b5e0a7,707b6ccf-c9d9-4c1d-97f4-516b572b2f9d,1697663788826388888
6a69421f-e399-4db8-897a-d8ef21b5e0a7,707b6ccf-c9d9-4c1d-97f4-516b572b2f9d,1697663788860100000
6a69421f-e399-4db8-897a-d8ef21b5e0a7,707b6ccf-c9d9-4c1d-97f4-516b572b2f9d,1697663788897266666
6a69421f-e399-4db8-897a-d8ef21b5e0a7,707b6ccf-c9d9-4c1d-97f4-516b572b2f9d,1697663788928222222
6a69421f-e399-4db8-897a-d8ef21b5e0a7,707b6ccf-c9d9-4c1d-97f4-516b572b2f9d,1697663788970411111
6a69421f-e399-4db8-897a-d8ef21b5e0a7,707b6ccf-c9d9-4c1d-97f4-516b572b2f9d,1697663789002533333
6a69421f-e399-4db8-897a-d8ef21b5e0a7,707b6ccf-c9d9-4c1d-97f4-516b572b2f9d,1697663789034833333
6a69421f-e399-4db8-897a-d8ef21b5e0a7,707b6ccf-c9d9-4c1d-97f4-516b572b2f9d,1697663789066777777
6a69421f-e399-4db8-897a-d8ef21b5e0a7,707b6ccf-c9d9-4c1d-97f4-516b572b2f9d,1697663789100755555
6a69421f-e399-4db8-897a-d8ef21b5e0a7,707b6ccf-c9d9-4c1d-97f4-516b572b2f9d,1697663789136077777
6a69421f-e399-4db8-897a-d8ef21b5e0a7,707b6ccf-c9d9-4c1d-97f4-516b572b2f9d,1697663789168755555
6a69421f-e399-4db8-897a-d8ef21b5e0a7,707b6ccf-c9d9-4c1d-97f4-516b572b2f9d,1697663789201966666
6a69421f-e399-4db8-897a-d8ef21b5e0a7,707b6ccf-c9d9-4c1d-97f4-516b572b2f9d,1697663789239022222
6a69421f-e399-4db8-897a-d8ef21b5e0a7,707b6ccf-c9d9-4c1d-97f4-516b572b2f9d,1697663789269400000
6a69421f-e399-4db8-897a-d8ef21b5e0a7,707b6ccf-c9d9-4c1d-97f4-516b572b2f9d,1697663789299722222
6a69421f-e399-4db8-897a-d8ef21b5e0a7,707b6ccf-c9d9-4c1d-97f4-516b572b2f9d,1697663789338466666
6a69421f-e399-4db8-897a-d8ef21b5e0a7,707b6ccf-c9d9-4c1d-97f4-516b572b2f9d,1697663789368488888
6a69421f-e399-4db8-897a-d8ef21b5e0a7,707b6ccf-c9d9-4c1d-97f4-516b572b2f9d,1697663789399077777
6a69421f-e399-4db8-897a-d8ef21b5e0a7,707b6ccf-c9d9-4c1d-97f4-516b572b2f9d,1697663789453044444
6a69421f-e399-4db8-897a-d8ef21b5e0a7,707b6ccf-c9d9-4c1d-97f4-516b572b2f9d,1697663789472677777
6a69421f-e399-4db8-897a-d8ef21b5e0a7,707b6ccf-c9d9-4c1d-97f4-516b572b2f9d,1697663789492100000
6a69421f-e399-4db8-897a-d8ef21b5e0a7,707b6ccf-c9d9-4c1d-97f4-516b572b2f9d,1697663789531611111
6a69421f-e399-4db8-897a-d8ef21b5e0a7,707b6ccf-c9d9-4c1d-97f4-516b572b2f9d,1697663789558433333
6a69421f-e399-4db8-897a-d8ef21b5e0a7,707b6ccf-c9d9-4c1d-97f4-516b572b2f9d,1697663789602022222
6a69421f-e399-4db8-897a-d8ef21b5e0a7,707b6ccf-c9d9-4c1d-97f4-516b572b2f9d,1697663789630277777
6a69421f-e399-4db8-897a-d8ef21b5e0a7,707b6ccf-c9d9-4c1d-97f4-516b572b2f9d,1697663789668577777
6a69421f-e399-4db8-897a-d8ef21b5e0a7,707b6ccf-c9d9-4c1d-97f4-516b572b2f9d,1697663789699788888
6a69421f-e399-4db8-897a-d8ef21b5e0a7,707b6ccf-c9d9-4c1d-97f4-516b572b2f9d,1697663789736577777
6a69421f-e399-4db8-897a-d8ef21b5e0a7,707b6ccf-c9d9-4c1d-97f4-516b572b2f9d,1697663789766688888
6a69421f-e399-4db8-897a-d8ef21b5e0a7,707b6ccf-c9d9-4c1d-97f4-516b572b2f9d,1697663789802177777
6a69421f-e399-4db8-897a-d8ef21b5e0a7,707b6ccf-c9d9-4c1d-97f4-516b572b2f9d,1697663789834011111
6a69421f-e399-4db8-897a-d8ef21b5e0a7,707b6ccf-c9d9-4c1d-97f4-516b572b2f9d,1697663789866155555
6a69421f-e399-4db8-897a-d8ef21b5e0a7,707b6ccf-c9d9-4c1d-97f4-516b572b2f9d,1697663789901466666
6a69421f-e399-4db8-897a-d8ef21b5e0a7,707b6ccf-c9d9-4c1d-97f4-516b572b2f9d,1697663789933511111
6a69421f-e399-4db8-897a-d8ef21b5e0a7,707b6ccf-c9d9-4c1d-97f4-516b572b2f9d,1697663789966933333
6a69421f-e399-4db8-897a-d8ef21b5e0a7,707b6ccf-c9d9-4c1d-97f4-516b572b2f9d,1697663790000288888
6a69421f-e399-4db8-897a-d8ef21b5e0a7,707b6ccf-c9d9-4c1d-97f4-516b572b2f9d,1697663790035822222
6a69421f-e399-4db8-897a-d8ef21b5e0a7,707b6ccf-c9d9-4c1d-97f4-516b572b2f9d,1697663790069488888
6a69421f-e399-4db8-897a-d8ef21b5e0a7,707b6ccf-c9d9-4c1d-97f4-516b572b2f9d,1697663790108788888
6a69421f-e399-4db8-897a-d8ef21b5e0a7,707b6ccf-c9d9-4c1d-97f4-516b572b2f9d,1697663790128722222
6a69421f-e399-4db8-897a-d8ef21b5e0a7,707b6ccf-c9d9-4c1d-97f4-516b572b2f9d,1697663790159922222
6a69421f-e399-4db8-897a-d8ef21b5e0a7,707b6ccf-c9d9-4c1d-97f4-516b572b2f9d,1697663790193122222
6a69421f-e399-4db8-897a-d8ef21b5e0a7,707b6ccf-c9d9-4c1d-97f4-516b572b2f9d,1697663790243711111
6a69421f-e399-4db8-897a-d8ef21b5e0a7,707b6ccf-c9d9-4c1d-97f4-516b572b2f9d,1697663790257300000
6a69421f-e399-4db8-897a-d8ef21b5e0a7,707b6ccf-c9d9-4c1d-97f4-516b572b2f9d,1697663790299211111
6a69421f-e399-4db8-897a-d8ef21b5e0a7,707b6ccf-c9d9-4c1d-97f4-516b572b2f9d,1697663790336811111
6a69421f-e399-4db8-897a-d8ef21b5e0a7,707b6ccf-c9d9-4c1d-97f4-516b572b2f9d,1697663790366066666
6a69421f-e399-4db8-897a-d8ef21b5e0a7,707b6ccf-c9d9-4c1d-97f4-516b572b2f9d,1697663790401666666
6a69421f-e399-4db8-897a-d8ef21b5e0a7,707b6ccf-c9d9-4c1d-97f4-516b572b2f9d,1697663790435922222
6a69421f-e399-4db8-897a-d8ef21b5e0a7,707b6ccf-c9d9-4c1d-97f4-516b572b2f9d,1697663790468177777
6a69421f-e399-4db8-897a-d8ef21b5e0a7,707b6ccf-c9d9-4c1d-97f4-516b572b2f9d,1697663790502422222
6a69421f-e399-4db8-897a-d8ef21b5e0a7,707b6ccf-c9d9-4c1d-97f4-516b572b2f9d,1697663790536011111
6a69421f-e399-4db8-897a-d8ef21b5e0a7,707b6ccf-c9d9-4c1d-97f4-516b572b2f9d,1697663790567055555
6a69421f-e399-4db8-897a-d8ef21b5e0a7,707b6ccf-c9d9-4c1d-97f4-516b572b2f9d,1697663790601711111
6a69421f-e399-4db8-897a-d8ef21b5e0a7,707b6ccf-c9d9-4c1d-97f4-516b572b2f9d,1697663790636766666
6a69421f-e399-4db8-897a-d8ef21b5e0a7,707b6ccf-c9d9-4c1d-97f4-516b572b2f9d,1697663790668866666
6a69421f-e399-4db8-897a-d8ef21b5e0a7,707b6ccf-c9d9-4c1d-97f4-516b572b2f9d,1697663790698933333
6a69421f-e399-4db8-897a-d8ef21b5e0a7,707b6ccf-c9d9-4c1d-97f4-516b572b2f9d,1697663790737466666
6a69421f-e399-4db8-897a-d8ef21b5e0a7,707b6ccf-c9d9-4c1d-97f4-516b572b2f9d,1697663790767766666
6a69421f-e399-4db8-897a-d8ef21b5e0a7,707b6ccf-c9d9-4c1d-97f4-516b572b2f9d,1697663790792277777
6a69421f-e399-4db8-897a-d8ef21b5e0a7,707b6ccf-c9d9-4c1d-97f4-516b572b2f9d,1697663790837322222
6a69421f-e399-4db8-897a-d8ef21b5e0a7,707b6ccf-c9d9-4c1d-97f4-516b572b2f9d,1697663790872744444
6a69421f-e399-4db8-897a-d8ef21b5e0a7,707b6ccf-c9d9-4c1d-97f4-516b572b2f9d,1697663790892011111
6a69421f-e399-4db8-897a-d8ef21b5e0a7,707b6ccf-c9d9-4c1d-97f4-516b572b2f9d,1697663790930144444
6a69421f-e399-4db8-897a-d8ef21b5e0a7,707b6ccf-c9d9-4c1d-97f4-516b572b2f9d,1697663790971622222
6a69421f-e399-4db8-897a-d8ef21b5e0a7,707b6ccf-c9d9-4c1d-97f4-516b572b2f9d,1697663791006022222
6a69421f-e399-4db8-897a-d8ef21b5e0a7,707b6ccf-c9d9-4c1d-97f4-516b572b2f9d,1697663791039300000
6a69421f-e399-4db8-897a-d8ef21b5e0a7,707b6ccf-c9d9-4c1d-97f4-516b572b2f9d,1697663791068255555
6a69421f-e399-4db8-897a-d8ef21b5e0a7,707b6ccf-c9d9-4c1d-97f4-516b572b2f9d,1697663791103422222
6a69421f-e399-4db8-897a-d8ef21b5e0a7,707b6ccf-c9d9-4c1d-97f4-516b572b2f9d,1697663791136688888
6a69421f-e399-4db8-897a-d8ef21b5e0a7,707b6ccf-c9d9-4c1d-97f4-516b572b2f9d,1697663791169133333
6a69421f-e399-4db8-897a-d8ef21b5e0a7,707b6ccf-c9d9-4c1d-97f4-516b572b2f9d,1697663791200844444
6a69421f-e399-4db8-897a-d8ef21b5e0a7,707b6ccf-c9d9-4c1d-97f4-516b572b2f9d,1697663791233900000
6a69421f-e399-4db8-897a-d8ef21b5e0a7,707b6ccf-c9d9-4c1d-97f4-516b572b2f9d,1697663791266011111
6a69421f-e399-4db8-897a-d8ef21b5e0a7,707b6ccf-c9d9-4c1d-97f4-516b572b2f9d,1697663791305322222
6a69421f-e399-4db8-897a-d8ef21b5e0a7,707b6ccf-c9d9-4c1d-97f4-516b572b2f9d,1697663791334600000
6a69421f-e399-4db8-897a-d8ef21b5e0a7,707b6ccf-c9d9-4c1d-97f4-516b572b2f9d,1697663791365455555
6a69421f-e399-4db8-897a-d8ef21b5e0a7,707b6ccf-c9d9-4c1d-97f4-516b572b2f9d,1697663791402433333
6a69421f-e399-4db8-897a-d8ef21b5e0a7,707b6ccf-c9d9-4c1d-97f4-516b572b2f9d,1697663791441077777
6a69421f-e399-4db8-897a-d8ef21b5e0a7,707b6ccf-c9d9-4c1d-97f4-516b572b2f9d,1697663791459722222
6a69421f-e399-4db8-897a-d8ef21b5e0a7,707b6ccf-c9d9-4c1d-97f4-516b572b2f9d,1697663791489677777
6a69421f-e399-4db8-897a-d8ef21b5e0a7,707b6ccf-c9d9-4c1d-97f4-516b572b2f9d,1697663791526522222
6a69421f-e399-4db8-897a-d8ef21b5e0a7,707b6ccf-c9d9-4c1d-97f4-516b572b2f9d,1697663791561166666
6a69421f-e399-4db8-897a-d8ef21b5e0a7,707b6ccf-c9d9-4c1d-97f4-516b572b2f9d,1697663791596333333
6a69421f-e399-4db8-897a-d8ef21b5e0a7,707b6ccf-c9d9-4c1d-97f4-516b572b2f9d,1697663791632422222
6a69421f-e399-4db8-897a-d8ef21b5e0a7,707b6ccf-c9d9-4c1d-97f4-516b572b2f9d,1697663791666744444
6a69421f-e399-4db8-897a-d8ef21b5e0a7,707b6ccf-c9d9-4c1d-97f4-516b572b2f9d,1697663791702088888
6a69421f-e399-4db8-897a-d8ef21b5e0a7,707b6ccf-c9d9-4c1d-97f4-516b572b2f9d,1697663791733244444
6a69421f-e399-4db8-897a-d8ef21b5e0a7,707b6ccf-c9d9-4c1d-97f4-516b572b2f9d,1697663791765311111
6a69421f-e399-4db8-897a-d8ef21b5e0a7,707b6ccf-c9d9-4c1d-97f4-516b572b2f9d,1697663791800188888
6a69421f-e399-4db8-897a-d8ef21b5e0a7,707b6ccf-c9d9-4c1d-97f4-516b572b2f9d,1697663791820844444
6a69421f-e399-4db8-897a-d8ef21b5e0a7,707b6ccf-c9d9-4c1d-97f4-516b572b2f9d,1697663791870455555
6a69421f-e399-4db8-897a-d8ef21b5e0a7,707b6ccf-c9d9-4c1d-97f4-516b572b2f9d,1697663791897844444
6a69421f-e399-4db8-897a-d8ef21b5e0a7,707b6ccf-c9d9-4c1d-97f4-516b572b2f9d,1697663791931188888
6a69421f-e399-4db8-897a-d8ef21b5e0a7,707b6ccf-c9d9-4c1d-97f4-516b572b2f9d,1697663791966511111
6a69421f-e399-4db8-897a-d8ef21b5e0a7,707b6ccf-c9d9-4c1d-97f4-516b572b2f9d,1697663791998466666
6a69421f-e399-4db8-897a-d8ef21b5e0a7,707b6ccf-c9d9-4c1d-97f4-516b572b2f9d,1697663792031277777
6a69421f-e399-4db8-897a-d8ef21b5e0a7,707b6ccf-c9d9-4c1d-97f4-516b572b2f9d,1697663792081900000
6a69421f-e399-4db8-897a-d8ef21b5e0a7,707b6ccf-c9d9-4c1d-97f4-516b572b2f9d,1697663792093244444
6a69421f-e399-4db8-897a-d8ef21b5e0a7,707b6ccf-c9d9-4c1d-97f4-516b572b2f9d,1697663792126511111
6a69421f-e399-4db8-897a-d8ef21b5e0a7,707b6ccf-c9d9-4c1d-97f4-516b572b2f9d,1697663792159766666
6a69421f-e399-4db8-897a-d8ef21b5e0a7,707b6ccf-c9d9-4c1d-97f4-516b572b2f9d,1697663792193833333
6a69421f-e399-4db8-897a-d8ef21b5e0a7,707b6ccf-c9d9-4c1d-97f4-516b572b2f9d,1697663792222833333
6a69421f-e399-4db8-897a-d8ef21b5e0a7,707b6ccf-c9d9-4c1d-97f4-516b572b2f9d,1697663792269433333
6a69421f-e399-4db8-897a-d8ef21b5e0a7,707b6ccf-c9d9-4c1d-97f4-516b572b2f9d,1697663792299466666
6a69421f-e399-4db8-897a-d8ef21b5e0a7,707b6ccf-c9d9-4c1d-97f4-516b572b2f9d,1697663792334722222
6a69421f-e399-4db8-897a-d8ef21b5e0a7,707b6ccf-c9d9-4c1d-97f4-516b572b2f9d,1697663792368477777
6a69421f-e399-4db8-897a-d8ef21b5e0a7,707b6ccf-c9d9-4c1d-97f4-516b572b2f9d,1697663792402944444
6a69421f-e399-4db8-897a-d8ef21b5e0a7,707b6ccf-c9d9-4c1d-97f4-516b572b2f9d,1697663792432022222
6a69421f-e399-4db8-897a-d8ef21b5e0a7,707b6ccf-c9d9-4c1d-97f4-516b572b2f9d,1697663792467222222
6a69421f-e399-4db8-897a-d8ef21b5e0a7,707b6ccf-c9d9-4c1d-97f4-516b572b2f9d,1697663792499144444
6a69421f-e399-4db8-897a-d8ef21b5e0a7,707b6ccf-c9d9-4c1d-97f4-516b572b2f9d,1697663792533533333
6a69421f-e399-4db8-897a-d8ef21b5e0a7,707b6ccf-c9d9-4c1d-97f4-516b572b2f9d,1697663792568244444
6a69421f-e399-4db8-897a-d8ef21b5e0a7,707b6ccf-c9d9-4c1d-97f4-516b572b2f9d,1697663792600600000
6a69421f-e399-4db8-897a-d8ef21b5e0a7,707b6ccf-c9d9-4c1d-97f4-516b572b2f9d,1697663792631433333
6a69421f-e399-4db8-897a-d8ef21b5e0a7,707b6ccf-c9d9-4c1d-97f4-516b572b2f9d,1697663792669300000
6a69421f-e399-4db8-897a-d8ef21b5e0a7,707b6ccf-c9d9-4c1d-97f4-516b572b2f9d,1697663792699044444
6a69421f-e399-4db8-897a-d8ef21b5e0a7,707b6ccf-c9d9-4c1d-97f4-516b572b2f9d,1697663792731588888
6a69421f-e399-4db8-897a-d8ef21b5e0a7,707b6ccf-c9d9-4c1d-97f4-516b572b2f9d,1697663792760800000
6a69421f-e399-4db8-897a-d8ef21b5e0a7,707b6ccf-c9d9-4c1d-97f4-516b572b2f9d,1697663792792044444
6a69421f-e399-4db8-897a-d8ef21b5e0a7,707b6ccf-c9d9-4c1d-97f4-516b572b2f9d,1697663792841444444
6a69421f-e399-4db8-897a-d8ef21b5e0a7,707b6ccf-c9d9-4c1d-97f4-516b572b2f9d,1697663792857733333
6a69421f-e399-4db8-897a-d8ef21b5e0a7,707b6ccf-c9d9-4c1d-97f4-516b572b2f9d,1697663792892766666
6a69421f-e399-4db8-897a-d8ef21b5e0a7,707b6ccf-c9d9-4c1d-97f4-516b572b2f9d,1697663792922500000
6a69421f-e399-4db8-897a-d8ef21b5e0a7,707b6ccf-c9d9-4c1d-97f4-516b572b2f9d,1697663792971033333
6a69421f-e399-4db8-897a-d8ef21b5e0a7,707b6ccf-c9d9-4c1d-97f4-516b572b2f9d,1697663792999122222
6a69421f-e399-4db8-897a-d8ef21b5e0a7,707b6ccf-c9d9-4c1d-97f4-516b572b2f9d,1697663793030588888
6a69421f-e399-4db8-897a-d8ef21b5e0a7,707b6ccf-c9d9-4c1d-97f4-516b572b2f9d,1697663793069388888
6a69421f-e399-4db8-897a-d8ef21b5e0a7,707b6ccf-c9d9-4c1d-97f4-516b572b2f9d,1697663793100455555
6a69421f-e399-4db8-897a-d8ef21b5e0a7,707b6ccf-c9d9-4c1d-97f4-516b572b2f9d,1697663793131211111
6a69421f-e399-4db8-897a-d8ef21b5e0a7,707b6ccf-c9d9-4c1d-97f4-516b572b2f9d,1697663793167433333
6a69421f-e399-4db8-897a-d8ef21b5e0a7,707b6ccf-c9d9-4c1d-97f4-516b572b2f9d,1697663793201877777
6a69421f-e399-4db8-897a-d8ef21b5e0a7,707b6ccf-c9d9-4c1d-97f4-516b572b2f9d,1697663793229744444
6a69421f-e399-4db8-897a-d8ef21b5e0a7,707b6ccf-c9d9-4c1d-97f4-516b572b2f9d,1697663793265622222
6a69421f-e399-4db8-897a-d8ef21b5e0a7,707b6ccf-c9d9-4c1d-97f4-516b572b2f9d,1697663793302711111
6a69421f-e399-4db8-897a-d8ef21b5e0a7,707b6ccf-c9d9-4c1d-97f4-516b572b2f9d,1697663793334144444
6a69421f-e399-4db8-897a-d8ef21b5e0a7,707b6ccf-c9d9-4c1d-97f4-516b572b2f9d,1697663793366488888
6a69421f-e399-4db8-897a-d8ef21b5e0a7,707b6ccf-c9d9-4c1d-97f4-516b572b2f9d,1697663793404055555
6a69421f-e399-4db8-897a-d8ef21b5e0a7,707b6ccf-c9d9-4c1d-97f4-516b572b2f9d,1697663793449966666
6a69421f-e399-4db8-897a-d8ef21b5e0a7,707b6ccf-c9d9-4c1d-97f4-516b572b2f9d,1697663793461166666
6a69421f-e399-4db8-897a-d8ef21b5e0a7,707b6ccf-c9d9-4c1d-97f4-516b572b2f9d,1697663793492455555
6a69421f-e399-4db8-897a-d8ef21b5e0a7,707b6ccf-c9d9-4c1d-97f4-516b572b2f9d,1697663793521788888
6a69421f-e399-4db8-897a-d8ef21b5e0a7,707b6ccf-c9d9-4c1d-97f4-516b572b2f9d,1697663793558677777
6a69421f-e399-4db8-897a-d8ef21b5e0a7,707b6ccf-c9d9-4c1d-97f4-516b572b2f9d,1697663793601955555
6a69421f-e399-4db8-897a-d8ef21b5e0a7,707b6ccf-c9d9-4c1d-97f4-516b572b2f9d,1697663793623200000
6a69421f-e399-4db8-897a-d8ef21b5e0a7,707b6ccf-c9d9-4c1d-97f4-516b572b2f9d,1697663793673333333
6a69421f-e399-4db8-897a-d8ef21b5e0a7,707b6ccf-c9d9-4c1d-97f4-516b572b2f9d,1697663793698777777
6a69421f-e399-4db8-897a-d8ef21b5e0a7,707b6ccf-c9d9-4c1d-97f4-516b572b2f9d,1697663793731600000
6a69421f-e399-4db8-897a-d8ef21b5e0a7,707b6ccf-c9d9-4c1d-97f4-516b572b2f9d,1697663793768688888
6a69421f-e399-4db8-897a-d8ef21b5e0a7,707b6ccf-c9d9-4c1d-97f4-516b572b2f9d,1697663793792211111
6a69421f-e399-4db8-897a-d8ef21b5e0a7,707b6ccf-c9d9-4c1d-97f4-516b572b2f9d,1697663793829888888
6a69421f-e399-4db8-897a-d8ef21b5e0a7,707b6ccf-c9d9-4c1d-97f4-516b572b2f9d,1697663793866766666
6a69421f-e399-4db8-897a-d8ef21b5e0a7,707b6ccf-c9d9-4c1d-97f4-516b572b2f9d,1697663793898533333
6a69421f-e399-4db8-897a-d8ef21b5e0a7,707b6ccf-c9d9-4c1d-97f4-516b572b2f9d,1697663793931244444
6a69421f-e399-4db8-897a-d8ef21b5e0a7,707b6ccf-c9d9-4c1d-97f4-516b572b2f9d,1697663793968944444
6a69421f-e399-4db8-897a-d8ef21b5e0a7,707b6ccf-c9d9-4c1d-97f4-516b572b2f9d,1697663793998188888
6a69421f-e399-4db8-897a-d8ef21b5e0a7,707b6ccf-c9d9-4c1d-97f4-516b572b2f9d,1697663794032022222
6a69421f-e399-4db8-897a-d8ef21b5e0a7,707b6ccf-c9d9-4c1d-97f4-516b572b2f9d,1697663794076544444
6a69421f-e399-4db8-897a-d8ef21b5e0a7,707b6ccf-c9d9-4c1d-97f4-516b572b2f9d,1697663794103455555
6a69421f-e399-4db8-897a-d8ef21b5e0a7,707b6ccf-c9d9-4c1d-97f4-516b572b2f9d,1697663794131277777
6a69421f-e399-4db8-897a-d8ef21b5e0a7,707b6ccf-c9d9-4c1d-97f4-516b572b2f9d,1697663794165044444
6a69421f-e399-4db8-897a-d8ef21b5e0a7,707b6ccf-c9d9-4c1d-97f4-516b572b2f9d,1697663794200144444
6a69421f-e399-4db8-897a-d8ef21b5e0a7,707b6ccf-c9d9-4c1d-97f4-516b572b2f9d,1697663794222544444
6a69421f-e399-4db8-897a-d8ef21b5e0a7,707b6ccf-c9d9-4c1d-97f4-516b572b2f9d,1697663794276011111
6a69421f-e399-4db8-897a-d8ef21b5e0a7,707b6ccf-c9d9-4c1d-97f4-516b572b2f9d,1697663794301122222
6a69421f-e399-4db8-897a-d8ef21b5e0a7,707b6ccf-c9d9-4c1d-97f4-516b572b2f9d,1697663794323588888
6a69421f-e399-4db8-897a-d8ef21b5e0a7,707b6ccf-c9d9-4c1d-97f4-516b572b2f9d,1697663794375633333
6a69421f-e399-4db8-897a-d8ef21b5e0a7,707b6ccf-c9d9-4c1d-97f4-516b572b2f9d,1697663794397877777
6a69421f-e399-4db8-897a-d8ef21b5e0a7,707b6ccf-c9d9-4c1d-97f4-516b572b2f9d,1697663794431666666
6a69421f-e399-4db8-897a-d8ef21b5e0a7,707b6ccf-c9d9-4c1d-97f4-516b572b2f9d,1697663794468022222
6a69421f-e399-4db8-897a-d8ef21b5e0a7,707b6ccf-c9d9-4c1d-97f4-516b572b2f9d,1697663794498100000
6a69421f-e399-4db8-897a-d8ef21b5e0a7,707b6ccf-c9d9-4c1d-97f4-516b572b2f9d,1697663794530766666
6a69421f-e399-4db8-897a-d8ef21b5e0a7,707b6ccf-c9d9-4c1d-97f4-516b572b2f9d,1697663794568933333
6a69421f-e399-4db8-897a-d8ef21b5e0a7,707b6ccf-c9d9-4c1d-97f4-516b572b2f9d,1697663794598866666
6a69421f-e399-4db8-897a-d8ef21b5e0a7,707b6ccf-c9d9-4c1d-97f4-516b572b2f9d,1697663794629677777
6a69421f-e399-4db8-897a-d8ef21b5e0a7,707b6ccf-c9d9-4c1d-97f4-516b572b2f9d,1697663794662477777
6a69421f-e399-4db8-897a-d8ef21b5e0a7,707b6ccf-c9d9-4c1d-97f4-516b572b2f9d,1697663794699522222
6a69421f-e399-4db8-897a-d8ef21b5e0a7,707b6ccf-c9d9-4c1d-97f4-516b572b2f9d,1697663794733411111
6a69421f-e399-4db8-897a-d8ef21b5e0a7,707b6ccf-c9d9-4c1d-97f4-516b572b2f9d,1697663794782466666
6a69421f-e399-4db8-897a-d8ef21b5e0a7,707b6ccf-c9d9-4c1d-97f4-516b572b2f9d,1697663794803111111
6a69421f-e399-4db8-897a-d8ef21b5e0a7,707b6ccf-c9d9-4c1d-97f4-516b572b2f9d,1697663794823788888
6a69421f-e399-4db8-897a-d8ef21b5e0a7,707b6ccf-c9d9-4c1d-97f4-516b572b2f9d,1697663794854155555
6a69421f-e399-4db8-897a-d8ef21b5e0a7,707b6ccf-c9d9-4c1d-97f4-516b572b2f9d,1697663794891422222
6a69421f-e399-4db8-897a-d8ef21b5e0a7,707b6ccf-c9d9-4c1d-97f4-516b572b2f9d,1697663794934922222
6a69421f-e399-4db8-897a-d8ef21b5e0a7,707b6ccf-c9d9-4c1d-97f4-516b572b2f9d,1697663794964355555
6a69421f-e399-4db8-897a-d8ef21b5e0a7,707b6ccf-c9d9-4c1d-97f4-516b572b2f9d,1697663795000155555
6a69421f-e399-4db8-897a-d8ef21b5e0a7,707b6ccf-c9d9-4c1d-97f4-516b572b2f9d,1697663795028900000
6a69421f-e399-4db8-897a-d8ef21b5e0a7,707b6ccf-c9d9-4c1d-97f4-516b572b2f9d,1697663795063555555
6a69421f-e399-4db8-897a-d8ef21b5e0a7,707b6ccf-c9d9-4c1d-97f4-516b572b2f9d,1697663795099755555
6a69421f-e399-4db8-897a-d8ef21b5e0a7,707b6ccf-c9d9-4c1d-97f4-516b572b2f9d,1697663795128944444
6a69421f-e399-4db8-897a-d8ef21b5e0a7,707b6ccf-c9d9-4c1d-97f4-516b572b2f9d,1697663795162011111
6a69421f-e399-4db8-897a-d8ef21b5e0a7,707b6ccf-c9d9-4c1d-97f4-516b572b2f9d,1697663795199400000
6a69421f-e399-4db8-897a-d8ef21b5e0a7,707b6ccf-c9d9-4c1d-97f4-516b572b2f9d,1697663795231500000
6a69421f-e399-4db8-897a-d8ef21b5e0a7,707b6ccf-c9d9-4c1d-97f4-516b572b2f9d,1697663795263800000
6a69421f-e399-4db8-897a-d8ef21b5e0a7,707b6ccf-c9d9-4c1d-97f4-516b572b2f9d,1697663795301666666
6a69421f-e399-4db8-897a-d8ef21b5e0a7,707b6ccf-c9d9-4c1d-97f4-516b572b2f9d,1697663795330811111
6a69421f-e399-4db8-897a-d8ef21b5e0a7,707b6ccf-c9d9-4c1d-97f4-516b572b2f9d,1697663795362844444
6a69421f-e399-4db8-897a-d8ef21b5e0a7,707b6ccf-c9d9-4c1d-97f4-516b572b2f9d,1697663795402766666
6a69421f-e399-4db8-897a-d8ef21b5e0a7,707b6ccf-c9d9-4c1d-97f4-516b572b2f9d,1697663795422600000
6a69421f-e399-4db8-897a-d8ef21b5e0a7,707b6ccf-c9d9-4c1d-97f4-516b572b2f9d,1697663795455777777
6a69421f-e399-4db8-897a-d8ef21b5e0a7,707b6ccf-c9d9-4c1d-97f4-516b572b2f9d,1697663795492455555
6a69421f-e399-4db8-897a-d8ef21b5e0a7,707b6ccf-c9d9-4c1d-97f4-516b572b2f9d,1697663795522944444
6a69421f-e399-4db8-897a-d8ef21b5e0a7,707b6ccf-c9d9-4c1d-97f4-516b572b2f9d,1697663795561455555
6a69421f-e399-4db8-897a-d8ef21b5e0a7,707b6ccf-c9d9-4c1d-97f4-516b572b2f9d,1697663795597644444
6a69421f-e399-4db8-897a-d8ef21b5e0a7,707b6ccf-c9d9-4c1d-97f4-516b572b2f9d,1697663795631588888
6a69421f-e399-4db8-897a-d8ef21b5e0a7,707b6ccf-c9d9-4c1d-97f4-516b572b2f9d,1697663795668011111
6a69421f-e399-4db8-897a-d8ef21b5e0a7,707b6ccf-c9d9-4c1d-97f4-516b572b2f9d,1697663795700044444
6a69421f-e399-4db8-897a-d8ef21b5e0a7,707b6ccf-c9d9-4c1d-97f4-516b572b2f9d,1697663795731022222
6a69421f-e399-4db8-897a-d8ef21b5e0a7,707b6ccf-c9d9-4c1d-97f4-516b572b2f9d,1697663795764866666
6a69421f-e399-4db8-897a-d8ef21b5e0a7,707b6ccf-c9d9-4c1d-97f4-516b572b2f9d,1697663795800144444
6a69421f-e399-4db8-897a-d8ef21b5e0a7,707b6ccf-c9d9-4c1d-97f4-516b572b2f9d,1697663795829188888
6a69421f-e399-4db8-897a-d8ef21b5e0a7,707b6ccf-c9d9-4c1d-97f4-516b572b2f9d,1697663795867188888
6a69421f-e399-4db8-897a-d8ef21b5e0a7,707b6ccf-c9d9-4c1d-97f4-516b572b2f9d,1697663795900911111
6a69421f-e399-4db8-897a-d8ef21b5e0a7,707b6ccf-c9d9-4c1d-97f4-516b572b2f9d,1697663795935033333
6a69421f-e399-4db8-897a-d8ef21b5e0a7,707b6ccf-c9d9-4c1d-97f4-516b572b2f9d,1697663795962588888
6a69421f-e399-4db8-897a-d8ef21b5e0a7,707b6ccf-c9d9-4c1d-97f4-516b572b2f9d,1697663796002933333
6a69421f-e399-4db8-897a-d8ef21b5e0a7,707b6ccf-c9d9-4c1d-97f4-516b572b2f9d,1697663796036955555
6a69421f-e399-4db8-897a-d8ef21b5e0a7,707b6ccf-c9d9-4c1d-97f4-516b572b2f9d,1697663796057822222
6a69421f-e399-4db8-897a-d8ef21b5e0a7,707b6ccf-c9d9-4c1d-97f4-516b572b2f9d,1697663796115944444
6a69421f-e399-4db8-897a-d8ef21b5e0a7,707b6ccf-c9d9-4c1d-97f4-516b572b2f9d,1697663796126200000
6a69421f-e399-4db8-897a-d8ef21b5e0a7,707b6ccf-c9d9-4c1d-97f4-516b572b2f9d,1697663796174444444
6a69421f-e399-4db8-897a-d8ef21b5e0a7,707b6ccf-c9d9-4c1d-97f4-516b572b2f9d,1697663796192188888
6a69421f-e399-4db8-897a-d8ef21b5e0a7,707b6ccf-c9d9-4c1d-97f4-516b572b2f9d,1697663796229955555
6a69421f-e399-4db8-897a-d8ef21b5e0a7,707b6ccf-c9d9-4c1d-97f4-516b572b2f9d,1697663796262833333
6a69421f-e399-4db8-897a-d8ef21b5e0a7,707b6ccf-c9d9-4c1d-97f4-516b572b2f9d,1697663796300411111
6a69421f-e399-4db8-897a-d8ef21b5e0a7,707b6ccf-c9d9-4c1d-97f4-516b572b2f9d,1697663796329922222
6a69421f-e399-4db8-897a-d8ef21b5e0a7,707b6ccf-c9d9-4c1d-97f4-516b572b2f9d,1697663796364111111
6a69421f-e399-4db8-897a-d8ef21b5e0a7,707b6ccf-c9d9-4c1d-97f4-516b572b2f9d,1697663796398833333
6a69421f-e399-4db8-897a-d8ef21b5e0a7,707b6ccf-c9d9-4c1d-97f4-516b572b2f9d,1697663796430766666
6a69421f-e399-4db8-897a-d8ef21b5e0a7,707b6ccf-c9d9-4c1d-97f4-516b572b2f9d,1697663796464288888
6a69421f-e399-4db8-897a-d8ef21b5e0a7,707b6ccf-c9d9-4c1d-97f4-516b572b2f9d,1697663796501188888
6a69421f-e399-4db8-897a-d8ef21b5e0a7,707b6ccf-c9d9-4c1d-97f4-516b572b2f9d,1697663796534611111
6a69421f-e399-4db8-897a-d8ef21b5e0a7,707b6ccf-c9d9-4c1d-97f4-516b572b2f9d,1697663796563911111
6a69421f-e399-4db8-897a-d8ef21b5e0a7,707b6ccf-c9d9-4c1d-97f4-516b572b2f9d,1697663796602488888
6a69421f-e399-4db8-897a-d8ef21b5e0a7,707b6ccf-c9d9-4c1d-97f4-516b572b2f9d,1697663796632777777
6a69421f-e399-4db8-897a-d8ef21b5e0a7,707b6ccf-c9d9-4c1d-97f4-516b572b2f9d,1697663796661733333
6a69421f-e399-4db8-897a-d8ef21b5e0a7,707b6ccf-c9d9-4c1d-97f4-516b572b2f9d,1697663796698222222
6a69421f-e399-4db8-897a-d8ef21b5e0a7,707b6ccf-c9d9-4c1d-97f4-516b572b2f9d,1697663796747555555
6a69421f-e399-4db8-897a-d8ef21b5e0a7,707b6ccf-c9d9-4c1d-97f4-516b572b2f9d,1697663796759900000
6a69421f-e399-4db8-897a-d8ef21b5e0a7,707b6ccf-c9d9-4c1d-97f4-516b572b2f9d,1697663796797300000
6a69421f-e399-4db8-897a-d8ef21b5e0a7,707b6ccf-c9d9-4c1d-97f4-516b572b2f9d,1697663796831311111
6a69421f-e399-4db8-897a-d8ef21b5e0a7,707b6ccf-c9d9-4c1d-97f4-516b572b2f9d,1697663796857455555
6a69421f-e399-4db8-897a-d8ef21b5e0a7,707b6ccf-c9d9-4c1d-97f4-516b572b2f9d,1697663796889222222
6a69421f-e399-4db8-897a-d8ef21b5e0a7,707b6ccf-c9d9-4c1d-97f4-516b572b2f9d,1697663796929533333
6a69421f-e399-4db8-897a-d8ef21b5e0a7,707b6ccf-c9d9-4c1d-97f4-516b572b2f9d,1697663796961033333
6a69421f-e399-4db8-897a-d8ef21b5e0a7,707b6ccf-c9d9-4c1d-97f4-516b572b2f9d,1697663796999011111
6a69421f-e399-4db8-897a-d8ef21b5e0a7,707b6ccf-c9d9-4c1d-97f4-516b572b2f9d,1697663797030388888
6a69421f-e399-4db8-897a-d8ef21b5e0a7,707b6ccf-c9d9-4c1d-97f4-516b572b2f9d,1697663797062911111
6a69421f-e399-4db8-897a-d8ef21b5e0a7,707b6ccf-c9d9-4c1d-97f4-516b572b2f9d,1697663797099700000
6a69421f-e399-4db8-897a-d8ef21b5e0a7,707b6ccf-c9d9-4c1d-97f4-516b572b2f9d,1697663797132422222
6a69421f-e399-4db8-897a-d8ef21b5e0a7,707b6ccf-c9d9-4c1d-97f4-516b572b2f9d,1697663797162822222
6a69421f-e399-4db8-897a-d8ef21b5e0a7,707b6ccf-c9d9-4c1d-97f4-516b572b2f9d,1697663797204100000
6a69421f-e399-4db8-897a-d8ef21b5e0a7,707b6ccf-c9d9-4c1d-97f4-516b572b2f9d,1697663797229600000
6a69421f-e399-4db8-897a-d8ef21b5e0a7,707b6ccf-c9d9-4c1d-97f4-516b572b2f9d,1697663797262277777
6a69421f-e399-4db8-897a-d8ef21b5e0a7,707b6ccf-c9d9-4c1d-97f4-516b572b2f9d,1697663797300777777
6a69421f-e399-4db8-897a-d8ef21b5e0a7,707b6ccf-c9d9-4c1d-97f4-516b572b2f9d,1697663797330777777
6a69421f-e399-4db8-897a-d8ef21b5e0a7,707b6ccf-c9d9-4c1d-97f4-516b572b2f9d,1697663797366211111
6a69421f-e399-4db8-897a-d8ef21b5e0a7,707b6ccf-c9d9-4c1d-97f4-516b572b2f9d,1697663797410144444
6a69421f-e399-4db8-897a-d8ef21b5e0a7,707b6ccf-c9d9-4c1d-97f4-516b572b2f9d,1697663797426055555
6a69421f-e399-4db8-897a-d8ef21b5e0a7,707b6ccf-c9d9-4c1d-97f4-516b572b2f9d,1697663797454500000
6a69421f-e399-4db8-897a-d8ef21b5e0a7,707b6ccf-c9d9-4c1d-97f4-516b572b2f9d,1697663797503333333
6a69421f-e399-4db8-897a-d8ef21b5e0a7,707b6ccf-c9d9-4c1d-97f4-516b572b2f9d,1697663797527088888
6a69421f-e399-4db8-897a-d8ef21b5e0a7,707b6ccf-c9d9-4c1d-97f4-516b572b2f9d,1697663797561433333
6a69421f-e399-4db8-897a-d8ef21b5e0a7,707b6ccf-c9d9-4c1d-97f4-516b572b2f9d,1697663797598544444
6a69421f-e399-4db8-897a-d8ef21b5e0a7,707b6ccf-c9d9-4c1d-97f4-516b572b2f9d,1697663797630222222
6a69421f-e399-4db8-897a-d8ef21b5e0a7,707b6ccf-c9d9-4c1d-97f4-516b572b2f9d,1697663797661300000
6a69421f-e399-4db8-897a-d8ef21b5e0a7,707b6ccf-c9d9-4c1d-97f4-516b572b2f9d,1697663797696966666
6a69421f-e399-4db8-897a-d8ef21b5e0a7,707b6ccf-c9d9-4c1d-97f4-516b572b2f9d,1697663797730411111
6a69421f-e399-4db8-897a-d8ef21b5e0a7,707b6ccf-c9d9-4c1d-97f4-516b572b2f9d,1697663797761200000
6a69421f-e399-4db8-897a-d8ef21b5e0a7,707b6ccf-c9d9-4c1d-97f4-516b572b2f9d,1697663797802277777
6a69421f-e399-4db8-897a-d8ef21b5e0a7,707b6ccf-c9d9-4c1d-97f4-516b572b2f9d,1697663797825288888
6a69421f-e399-4db8-897a-d8ef21b5e0a7,707b6ccf-c9d9-4c1d-97f4-516b572b2f9d,1697663797861144444
6a69421f-e399-4db8-897a-d8ef21b5e0a7,707b6ccf-c9d9-4c1d-97f4-516b572b2f9d,1697663797894411111
6a69421f-e399-4db8-897a-d8ef21b5e0a7,707b6ccf-c9d9-4c1d-97f4-516b572b2f9d,1697663797930444444
6a69421f-e399-4db8-897a-d8ef21b5e0a7,707b6ccf-c9d9-4c1d-97f4-516b572b2f9d,1697663797961044444
6a69421f-e399-4db8-897a-d8ef21b5e0a7,707b6ccf-c9d9-4c1d-97f4-516b572b2f9d,1697663797995666666
6a69421f-e399-4db8-897a-d8ef21b5e0a7,707b6ccf-c9d9-4c1d-97f4-516b572b2f9d,1697663798030955555
6a69421f-e399-4db8-897a-d8ef21b5e0a7,707b6ccf-c9d9-4c1d-97f4-516b572b2f9d,1697663798057322222
6a69421f-e399-4db8-897a-d8ef21b5e0a7,707b6ccf-c9d9-4c1d-97f4-516b572b2f9d,1697663798096488888
6a69421f-e399-4db8-897a-d8ef21b5e0a7,707b6ccf-c9d9-4c1d-97f4-516b572b2f9d,1697663798121877777
6a69421f-e399-4db8-897a-d8ef21b5e0a7,707b6ccf-c9d9-4c1d-97f4-516b572b2f9d,1697663798159733333
6a69421f-e399-4db8-897a-d8ef21b5e0a7,707b6ccf-c9d9-4c1d-97f4-516b572b2f9d,1697663798188466666
6a69421f-e399-4db8-897a-d8ef21b5e0a7,707b6ccf-c9d9-4c1d-97f4-516b572b2f9d,1697663798234611111
6a69421f-e399-4db8-897a-d8ef21b5e0a7,707b6ccf-c9d9-4c1d-97f4-516b572b2f9d,1697663798261777777
6a69421f-e399-4db8-897a-d8ef21b5e0a7,707b6ccf-c9d9-4c1d-97f4-516b572b2f9d,1697663798295555555
6a69421f-e399-4db8-897a-d8ef21b5e0a7,707b6ccf-c9d9-4c1d-97f4-516b572b2f9d,1697663798330866666
6a69421f-e399-4db8-897a-d8ef21b5e0a7,707b6ccf-c9d9-4c1d-97f4-516b572b2f9d,1697663798369422222
6a69421f-e399-4db8-897a-d8ef21b5e0a7,707b6ccf-c9d9-4c1d-97f4-516b572b2f9d,1697663798397788888
6a69421f-e399-4db8-897a-d8ef21b5e0a7,707b6ccf-c9d9-4c1d-97f4-516b572b2f9d,1697663798431166666
6a69421f-e399-4db8-897a-d8ef21b5e0a7,707b6ccf-c9d9-4c1d-97f4-516b572b2f9d,1697663798461611111
6a69421f-e399-4db8-897a-d8ef21b5e0a7,707b6ccf-c9d9-4c1d-97f4-516b572b2f9d,1697663798494955555
6a69421f-e399-4db8-897a-d8ef21b5e0a7,707b6ccf-c9d9-4c1d-97f4-516b572b2f9d,1697663798528522222
6a69421f-e399-4db8-897a-d8ef21b5e0a7,707b6ccf-c9d9-4c1d-97f4-516b572b2f9d,1697663798568522222
6a69421f-e399-4db8-897a-d8ef21b5e0a7,707b6ccf-c9d9-4c1d-97f4-516b572b2f9d,1697663798595488888
6a69421f-e399-4db8-897a-d8ef21b5e0a7,707b6ccf-c9d9-4c1d-97f4-516b572b2f9d,1697663798631622222
6a69421f-e399-4db8-897a-d8ef21b5e0a7,707b6ccf-c9d9-4c1d-97f4-516b572b2f9d,1697663798661988888
6a69421f-e399-4db8-897a-d8ef21b5e0a7,707b6ccf-c9d9-4c1d-97f4-516b572b2f9d,1697663798694155555
6a69421f-e399-4db8-897a-d8ef21b5e0a7,707b6ccf-c9d9-4c1d-97f4-516b572b2f9d,1697663798723188888
6a69421f-e399-4db8-897a-d8ef21b5e0a7,707b6ccf-c9d9-4c1d-97f4-516b572b2f9d,1697663798777877777
6a69421f-e399-4db8-897a-d8ef21b5e0a7,707b6ccf-c9d9-4c1d-97f4-516b572b2f9d,1697663798797188888
6a69421f-e399-4db8-897a-d8ef21b5e0a7,707b6ccf-c9d9-4c1d-97f4-516b572b2f9d,1697663798825622222
6a69421f-e399-4db8-897a-d8ef21b5e0a7,707b6ccf-c9d9-4c1d-97f4-516b572b2f9d,1697663798868866666
6a69421f-e399-4db8-897a-d8ef21b5e0a7,707b6ccf-c9d9-4c1d-97f4-516b572b2f9d,1697663798895611111
6a69421f-e399-4db8-897a-d8ef21b5e0a7,707b6ccf-c9d9-4c1d-97f4-516b572b2f9d,1697663798929922222
6a69421f-e399-4db8-897a-d8ef21b5e0a7,707b6ccf-c9d9-4c1d-97f4-516b572b2f9d,1697663798963666666
6a69421f-e399-4db8-897a-d8ef21b5e0a7,707b6ccf-c9d9-4c1d-97f4-516b572b2f9d,1697663798992888888
6a69421f-e399-4db8-897a-d8ef21b5e0a7,707b6ccf-c9d9-4c1d-97f4-516b572b2f9d,1697663799034711111
6a69421f-e399-4db8-897a-d8ef21b5e0a7,707b6ccf-c9d9-4c1d-97f4-516b572b2f9d,1697663799062522222
6a69421f-e399-4db8-897a-d8ef21b5e0a7,707b6ccf-c9d9-4c1d-97f4-516b572b2f9d,1697663799095677777
6a69421f-e399-4db8-897a-d8ef21b5e0a7,707b6ccf-c9d9-4c1d-97f4-516b572b2f9d,1697663799133088888
6a69421f-e399-4db8-897a-d8ef21b5e0a7,707b6ccf-c9d9-4c1d-97f4-516b572b2f9d,1697663799165622222
6a69421f-e399-4db8-897a-d8ef21b5e0a7,707b6ccf-c9d9-4c1d-97f4-516b572b2f9d,1697663799195222222
6a69421f-e399-4db8-897a-d8ef21b5e0a7,707b6ccf-c9d9-4c1d-97f4-516b572b2f9d,1697663799229711111
6a69421f-e399-4db8-897a-d8ef21b5e0a7,707b6ccf-c9d9-4c1d-97f4-516b572b2f9d,1697663799261177777
6a69421f-e399-4db8-897a-d8ef21b5e0a7,707b6ccf-c9d9-4c1d-97f4-516b572b2f9d,1697663799296900000
6a69421f-e399-4db8-897a-d8ef21b5e0a7,707b6ccf-c9d9-4c1d-97f4-516b572b2f9d,1697663799329811111
6a69421f-e399-4db8-897a-d8ef21b5e0a7,707b6ccf-c9d9-4c1d-97f4-516b572b2f9d,1697663799363688888
6a69421f-e399-4db8-897a-d8ef21b5e0a7,707b6ccf-c9d9-4c1d-97f4-516b572b2f9d,1697663799384222222
6a69421f-e399-4db8-897a-d8ef21b5e0a7,707b6ccf-c9d9-4c1d-97f4-516b572b2f9d,1697663799420466666
6a69421f-e399-4db8-897a-d8ef21b5e0a7,707b6ccf-c9d9-4c1d-97f4-516b572b2f9d,1697663799462222222
6a69421f-e399-4db8-897a-d8ef21b5e0a7,707b6ccf-c9d9-4c1d-97f4-516b572b2f9d,1697663799490677777
6a69421f-e399-4db8-897a-d8ef21b5e0a7,707b6ccf-c9d9-4c1d-97f4-516b572b2f9d,1697663799534922222
6a69421f-e399-4db8-897a-d8ef21b5e0a7,707b6ccf-c9d9-4c1d-97f4-516b572b2f9d,1697663799565555555
6a69421f-e399-4db8-897a-d8ef21b5e0a7,707b6ccf-c9d9-4c1d-97f4-516b572b2f9d,1697663799594955555
6a69421f-e399-4db8-897a-d8ef21b5e0a7,707b6ccf-c9d9-4c1d-97f4-516b572b2f9d,1697663799634755555
6a69421f-e399-4db8-897a-d8ef21b5e0a7,707b6ccf-c9d9-4c1d-97f4-516b572b2f9d,1697663799668011111
6a69421f-e399-4db8-897a-d8ef21b5e0a7,707b6ccf-c9d9-4c1d-97f4-516b572b2f9d,1697663799695422222
6a69421f-e399-4db8-897a-d8ef21b5e0a7,707b6ccf-c9d9-4c1d-97f4-516b572b2f9d,1697663799729733333
6a69421f-e399-4db8-897a-d8ef21b5e0a7,707b6ccf-c9d9-4c1d-97f4-516b572b2f9d,1697663799764677777
6a69421f-e399-4db8-897a-d8ef21b5e0a7,707b6ccf-c9d9-4c1d-97f4-516b572b2f9d,1697663799793811111
6a69421f-e399-4db8-897a-d8ef21b5e0a7,707b6ccf-c9d9-4c1d-97f4-516b572b2f9d,1697663799828933333
6a69421f-e399-4db8-897a-d8ef21b5e0a7,707b6ccf-c9d9-4c1d-97f4-516b572b2f9d,1697663799863133333
6a69421f-e399-4db8-897a-d8ef21b5e0a7,707b6ccf-c9d9-4c1d-97f4-516b572b2f9d,1697663799898844444
6a69421f-e399-4db8-897a-d8ef21b5e0a7,707b6ccf-c9d9-4c1d-97f4-516b572b2f9d,1697663799931044444
6a69421f-e399-4db8-897a-d8ef21b5e0a7,707b6ccf-c9d9-4c1d-97f4-516b572b2f9d,1697663799963277777
6a69421f-e399-4db8-897a-d8ef21b5e0a7,707b6ccf-c9d9-4c1d-97f4-516b572b2f9d,1697663799997855555
6a69421f-e399-4db8-897a-d8ef21b5e0a7,707b6ccf-c9d9-4c1d-97f4-516b572b2f9d,1697663800044722222
6a69421f-e399-4db8-897a-d8ef21b5e0a7,707b6ccf-c9d9-4c1d-97f4-516b572b2f9d,1697663800062355555
6a69421f-e399-4db8-897a-d8ef21b5e0a7,707b6ccf-c9d9-4c1d-97f4-516b572b2f9d,1697663800095022222
6a69421f-e399-4db8-897a-d8ef21b5e0a7,707b6ccf-c9d9-4c1d-97f4-516b572b2f9d,1697663800125333333
6a69421f-e399-4db8-897a-d8ef21b5e0a7,707b6ccf-c9d9-4c1d-97f4-516b572b2f9d,1697663800162922222
6a69421f-e399-4db8-897a-d8ef21b5e0a7,707b6ccf-c9d9-4c1d-97f4-516b572b2f9d,1697663800187688888
6a69421f-e399-4db8-897a-d8ef21b5e0a7,707b6ccf-c9d9-4c1d-97f4-516b572b2f9d,1697663800234966666
6a69421f-e399-4db8-897a-d8ef21b5e0a7,707b6ccf-c9d9-4c1d-97f4-516b572b2f9d,1697663800266388888
6a69421f-e399-4db8-897a-d8ef21b5e0a7,707b6ccf-c9d9-4c1d-97f4-516b572b2f9d,1697663800294011111
6a69421f-e399-4db8-897a-d8ef21b5e0a7,707b6ccf-c9d9-4c1d-97f4-516b572b2f9d,1697663800331088888
6a69421f-e399-4db8-897a-d8ef21b5e0a7,707b6ccf-c9d9-4c1d-97f4-516b572b2f9d,1697663800366555555
6a69421f-e399-4db8-897a-d8ef21b5e0a7,707b6ccf-c9d9-4c1d-97f4-516b572b2f9d,1697663800394855555
6a69421f-e399-4db8-897a-d8ef21b5e0a7,707b6ccf-c9d9-4c1d-97f4-516b572b2f9d,1697663800430155555
6a69421f-e399-4db8-897a-d8ef21b5e0a7,707b6ccf-c9d9-4c1d-97f4-516b572b2f9d,1697663800465500000
6a69421f-e399-4db8-897a-d8ef21b5e0a7,707b6ccf-c9d9-4c1d-97f4-516b572b2f9d,1697663800494944444
6a69421f-e399-4db8-897a-d8ef21b5e0a7,707b6ccf-c9d9-4c1d-97f4-516b572b2f9d,1697663800529388888
6a69421f-e399-4db8-897a-d8ef21b5e0a7,707b6ccf-c9d9-4c1d-97f4-516b572b2f9d,1697663800562744444
6a69421f-e399-4db8-897a-d8ef21b5e0a7,707b6ccf-c9d9-4c1d-97f4-516b572b2f9d,1697663800599211111
6a69421f-e399-4db8-897a-d8ef21b5e0a7,707b6ccf-c9d9-4c1d-97f4-516b572b2f9d,1697663800629866666
6a69421f-e399-4db8-897a-d8ef21b5e0a7,707b6ccf-c9d9-4c1d-97f4-516b572b2f9d,1697663800662211111
6a69421f-e399-4db8-897a-d8ef21b5e0a7,707b6ccf-c9d9-4c1d-97f4-516b572b2f9d,1697663800699466666
6a69421f-e399-4db8-897a-d8ef21b5e0a7,707b6ccf-c9d9-4c1d-97f4-516b572b2f9d,1697663800744622222
6a69421f-e399-4db8-897a-d8ef21b5e0a7,707b6ccf-c9d9-4c1d-97f4-516b572b2f9d,1697663800761022222
6a69421f-e399-4db8-897a-d8ef21b5e0a7,707b6ccf-c9d9-4c1d-97f4-516b572b2f9d,1697663800788322222
6a69421f-e399-4db8-897a-d8ef21b5e0a7,707b6ccf-c9d9-4c1d-97f4-516b572b2f9d,1697663800823977777
6a69421f-e399-4db8-897a-d8ef21b5e0a7,707b6ccf-c9d9-4c1d-97f4-516b572b2f9d,1697663800860600000
6a69421f-e399-4db8-897a-d8ef21b5e0a7,707b6ccf-c9d9-4c1d-97f4-516b572b2f9d,1697663800885611111
6a69421f-e399-4db8-897a-d8ef21b5e0a7,707b6ccf-c9d9-4c1d-97f4-516b572b2f9d,1697663800934277777
6a69421f-e399-4db8-897a-d8ef21b5e0a7,707b6ccf-c9d9-4c1d-97f4-516b572b2f9d,1697663800963411111
6a69421f-e399-4db8-897a-d8ef21b5e0a7,707b6ccf-c9d9-4c1d-97f4-516b572b2f9d,1697663800995488888
6a69421f-e399-4db8-897a-d8ef21b5e0a7,707b6ccf-c9d9-4c1d-97f4-516b572b2f9d,1697663801030711111
6a69421f-e399-4db8-897a-d8ef21b5e0a7,707b6ccf-c9d9-4c1d-97f4-516b572b2f9d,1697663801063788888
6a69421f-e399-4db8-897a-d8ef21b5e0a7,707b6ccf-c9d9-4c1d-97f4-516b572b2f9d,1697663801097711111
6a69421f-e399-4db8-897a-d8ef21b5e0a7,707b6ccf-c9d9-4c1d-97f4-516b572b2f9d,1697663801129344444
6a69421f-e399-4db8-897a-d8ef21b5e0a7,707b6ccf-c9d9-4c1d-97f4-516b572b2f9d,1697663801167311111
6a69421f-e399-4db8-897a-d8ef21b5e0a7,707b6ccf-c9d9-4c1d-97f4-516b572b2f9d,1697663801195433333
6a69421f-e399-4db8-897a-d8ef21b5e0a7,707b6ccf-c9d9-4c1d-97f4-516b572b2f9d,1697663801227777777
6a69421f-e399-4db8-897a-d8ef21b5e0a7,707b6ccf-c9d9-4c1d-97f4-516b572b2f9d,1697663801266366666
6a69421f-e399-4db8-897a-d8ef21b5e0a7,707b6ccf-c9d9-4c1d-97f4-516b572b2f9d,1697663801298444444
6a69421f-e399-4db8-897a-d8ef21b5e0a7,707b6ccf-c9d9-4c1d-97f4-516b572b2f9d,1697663801330177777
6a69421f-e399-4db8-897a-d8ef21b5e0a7,707b6ccf-c9d9-4c1d-97f4-516b572b2f9d,1697663801366222222
6a69421f-e399-4db8-897a-d8ef21b5e0a7,707b6ccf-c9d9-4c1d-97f4-516b572b2f9d,1697663801411700000
6a69421f-e399-4db8-897a-d8ef21b5e0a7,707b6ccf-c9d9-4c1d-97f4-516b572b2f9d,1697663801419211111
6a69421f-e399-4db8-897a-d8ef21b5e0a7,707b6ccf-c9d9-4c1d-97f4-516b572b2f9d,1697663801454766666
6a69421f-e399-4db8-897a-d8ef21b5e0a7,707b6ccf-c9d9-4c1d-97f4-516b572b2f9d,1697663801493322222
6a69421f-e399-4db8-897a-d8ef21b5e0a7,707b6ccf-c9d9-4c1d-97f4-516b572b2f9d,1697663801521822222
6a69421f-e399-4db8-897a-d8ef21b5e0a7,707b6ccf-c9d9-4c1d-97f4-516b572b2f9d,1697663801570333333
6a69421f-e399-4db8-897a-d8ef21b5e0a7,707b6ccf-c9d9-4c1d-97f4-516b572b2f9d,1697663801594766666
6a69421f-e399-4db8-897a-d8ef21b5e0a7,707b6ccf-c9d9-4c1d-97f4-516b572b2f9d,1697663801626044444
6a69421f-e399-4db8-897a-d8ef21b5e0a7,707b6ccf-c9d9-4c1d-97f4-516b572b2f9d,1697663801661966666
6a69421f-e399-4db8-897a-d8ef21b5e0a7,707b6ccf-c9d9-4c1d-97f4-516b572b2f9d,1697663801699233333
6a69421f-e399-4db8-897a-d8ef21b5e0a7,707b6ccf-c9d9-4c1d-97f4-516b572b2f9d,1697663801728300000
6a69421f-e399-4db8-897a-d8ef21b5e0a7,707b6ccf-c9d9-4c1d-97f4-516b572b2f9d,1697663801763766666
6a69421f-e399-4db8-897a-d8ef21b5e0a7,707b6ccf-c9d9-4c1d-97f4-516b572b2f9d,1697663801793466666
6a69421f-e399-4db8-897a-d8ef21b5e0a7,707b6ccf-c9d9-4c1d-97f4-516b572b2f9d,1697663801827600000
6a69421f-e399-4db8-897a-d8ef21b5e0a7,707b6ccf-c9d9-4c1d-97f4-516b572b2f9d,1697663801860855555
6a69421f-e399-4db8-897a-d8ef21b5e0a7,707b6ccf-c9d9-4c1d-97f4-516b572b2f9d,1697663801894222222
6a69421f-e399-4db8-897a-d8ef21b5e0a7,707b6ccf-c9d9-4c1d-97f4-516b572b2f9d,1697663801927188888
6a69421f-e399-4db8-897a-d8ef21b5e0a7,707b6ccf-c9d9-4c1d-97f4-516b572b2f9d,1697663801962744444
6a69421f-e399-4db8-897a-d8ef21b5e0a7,707b6ccf-c9d9-4c1d-97f4-516b572b2f9d,1697663801993111111
6a69421f-e399-4db8-897a-d8ef21b5e0a7,707b6ccf-c9d9-4c1d-97f4-516b572b2f9d,1697663802027444444
6a69421f-e399-4db8-897a-d8ef21b5e0a7,707b6ccf-c9d9-4c1d-97f4-516b572b2f9d,1697663802064611111
6a69421f-e399-4db8-897a-d8ef21b5e0a7,707b6ccf-c9d9-4c1d-97f4-516b572b2f9d,1697663802092422222
6a69421f-e399-4db8-897a-d8ef21b5e0a7,707b6ccf-c9d9-4c1d-97f4-516b572b2f9d,1697663802128822222
6a69421f-e399-4db8-897a-d8ef21b5e0a7,707b6ccf-c9d9-4c1d-97f4-516b572b2f9d,1697663802163022222
6a69421f-e399-4db8-897a-d8ef21b5e0a7,707b6ccf-c9d9-4c1d-97f4-516b572b2f9d,1697663802188788888
6a69421f-e399-4db8-897a-d8ef21b5e0a7,707b6ccf-c9d9-4c1d-97f4-516b572b2f9d,1697663802217622222
6a69421f-e399-4db8-897a-d8ef21b5e0a7,707b6ccf-c9d9-4c1d-97f4-516b572b2f9d,1697663802261700000
6a69421f-e399-4db8-897a-d8ef21b5e0a7,707b6ccf-c9d9-4c1d-97f4-516b572b2f9d,1697663802295477777
6a69421f-e399-4db8-897a-d8ef21b5e0a7,707b6ccf-c9d9-4c1d-97f4-516b572b2f9d,1697663802328011111
6a69421f-e399-4db8-897a-d8ef21b5e0a7,707b6ccf-c9d9-4c1d-97f4-516b572b2f9d,1697663802364077777
6a69421f-e399-4db8-897a-d8ef21b5e0a7,707b6ccf-c9d9-4c1d-97f4-516b572b2f9d,1697663802394833333
6a69421f-e399-4db8-897a-d8ef21b5e0a7,707b6ccf-c9d9-4c1d-97f4-516b572b2f9d,1697663802427400000
6a69421f-e399-4db8-897a-d8ef21b5e0a7,707b6ccf-c9d9-4c1d-97f4-516b572b2f9d,1697663802462944444
6a69421f-e399-4db8-897a-d8ef21b5e0a7,707b6ccf-c9d9-4c1d-97f4-516b572b2f9d,1697663802496444444
6a69421f-e399-4db8-897a-d8ef21b5e0a7,707b6ccf-c9d9-4c1d-97f4-516b572b2f9d,1697663802530933333
6a69421f-e399-4db8-897a-d8ef21b5e0a7,707b6ccf-c9d9-4c1d-97f4-516b572b2f9d,1697663802563700000
6a69421f-e399-4db8-897a-d8ef21b5e0a7,707b6ccf-c9d9-4c1d-97f4-516b572b2f9d,1697663802595066666
6a69421f-e399-4db8-897a-d8ef21b5e0a7,707b6ccf-c9d9-4c1d-97f4-516b572b2f9d,1697663802624488888
6a69421f-e399-4db8-897a-d8ef21b5e0a7,707b6ccf-c9d9-4c1d-97f4-516b572b2f9d,1697663802667233333
6a69421f-e399-4db8-897a-d8ef21b5e0a7,707b6ccf-c9d9-4c1d-97f4-516b572b2f9d,1697663802694266666
6a69421f-e399-4db8-897a-d8ef21b5e0a7,707b6ccf-c9d9-4c1d-97f4-516b572b2f9d,1697663802734422222
6a69421f-e399-4db8-897a-d8ef21b5e0a7,707b6ccf-c9d9-4c1d-97f4-516b572b2f9d,1697663802756911111
6a69421f-e399-4db8-897a-d8ef21b5e0a7,707b6ccf-c9d9-4c1d-97f4-516b572b2f9d,1697663802784800000
6a69421f-e399-4db8-897a-d8ef21b5e0a7,707b6ccf-c9d9-4c1d-97f4-516b572b2f9d,1697663802828855555
6a69421f-e399-4db8-897a-d8ef21b5e0a7,707b6ccf-c9d9-4c1d-97f4-516b572b2f9d,1697663802858522222
6a69421f-e399-4db8-897a-d8ef21b5e0a7,707b6ccf-c9d9-4c1d-97f4-516b572b2f9d,1697663802887988888
6a69421f-e399-4db8-897a-d8ef21b5e0a7,707b6ccf-c9d9-4c1d-97f4-516b572b2f9d,1697663802928866666
6a69421f-e399-4db8-897a-d8ef21b5e0a7,707b6ccf-c9d9-4c1d-97f4-516b572b2f9d,1697663802964277777
6a69421f-e399-4db8-897a-d8ef21b5e0a7,707b6ccf-c9d9-4c1d-97f4-516b572b2f9d,1697663802996433333
6a69421f-e399-4db8-897a-d8ef21b5e0a7,707b6ccf-c9d9-4c1d-97f4-516b572b2f9d,1697663803028744444
6a69421f-e399-4db8-897a-d8ef21b5e0a7,707b6ccf-c9d9-4c1d-97f4-516b572b2f9d,1697663803060977777
6a69421f-e399-4db8-897a-d8ef21b5e0a7,707b6ccf-c9d9-4c1d-97f4-516b572b2f9d,1697663803098000000
6a69421f-e399-4db8-897a-d8ef21b5e0a7,707b6ccf-c9d9-4c1d-97f4-516b572b2f9d,1697663803127444444
6a69421f-e399-4db8-897a-d8ef21b5e0a7,707b6ccf-c9d9-4c1d-97f4-516b572b2f9d,1697663803167733333
6a69421f-e399-4db8-897a-d8ef21b5e0a7,707b6ccf-c9d9-4c1d-97f4-516b572b2f9d,1697663803196277777
6a69421f-e399-4db8-897a-d8ef21b5e0a7,707b6ccf-c9d9-4c1d-97f4-516b572b2f9d,1697663803228255555
6a69421f-e399-4db8-897a-d8ef21b5e0a7,707b6ccf-c9d9-4c1d-97f4-516b572b2f9d,1697663803263522222
6a69421f-e399-4db8-897a-d8ef21b5e0a7,707b6ccf-c9d9-4c1d-97f4-516b572b2f9d,1697663803296677777
6a69421f-e399-4db8-897a-d8ef21b5e0a7,707b6ccf-c9d9-4c1d-97f4-516b572b2f9d,1697663803326222222
6a69421f-e399-4db8-897a-d8ef21b5e0a7,707b6ccf-c9d9-4c1d-97f4-516b572b2f9d,1697663803361533333
6a69421f-e399-4db8-897a-d8ef21b5e0a7,707b6ccf-c9d9-4c1d-97f4-516b572b2f9d,1697663803405877777
6a69421f-e399-4db8-897a-d8ef21b5e0a7,707b6ccf-c9d9-4c1d-97f4-516b572b2f9d,1697663803419600000
6a69421f-e399-4db8-897a-d8ef21b5e0a7,707b6ccf-c9d9-4c1d-97f4-516b572b2f9d,1697663803454477777
6a69421f-e399-4db8-897a-d8ef21b5e0a7,707b6ccf-c9d9-4c1d-97f4-516b572b2f9d,1697663803485355555
6a69421f-e399-4db8-897a-d8ef21b5e0a7,707b6ccf-c9d9-4c1d-97f4-516b572b2f9d,1697663803520700000
6a69421f-e399-4db8-897a-d8ef21b5e0a7,707b6ccf-c9d9-4c1d-97f4-516b572b2f9d,1697663803564177777
6a69421f-e399-4db8-897a-d8ef21b5e0a7,707b6ccf-c9d9-4c1d-97f4-516b572b2f9d,1697663803595411111
6a69421f-e399-4db8-897a-d8ef21b5e0a7,707b6ccf-c9d9-4c1d-97f4-516b572b2f9d,1697663803629622222
6a69421f-e399-4db8-897a-d8ef21b5e0a7,707b6ccf-c9d9-4c1d-97f4-516b572b2f9d,1697663803661800000
6a69421f-e399-4db8-897a-d8ef21b5e0a7,707b6ccf-c9d9-4c1d-97f4-516b572b2f9d,1697663803695088888
6a69421f-e399-4db8-897a-d8ef21b5e0a7,707b6ccf-c9d9-4c1d-97f4-516b572b2f9d,1697663803728344444
6a69421f-e399-4db8-897a-d8ef21b5e0a7,707b6ccf-c9d9-4c1d-97f4-516b572b2f9d,1697663803762544444
6a69421f-e399-4db8-897a-d8ef21b5e0a7,707b6ccf-c9d9-4c1d-97f4-516b572b2f9d,1697663803798766666
6a69421f-e399-4db8-897a-d8ef21b5e0a7,707b6ccf-c9d9-4c1d-97f4-516b572b2f9d,1697663803826444444
6a69421f-e399-4db8-897a-d8ef21b5e0a7,707b6ccf-c9d9-4c1d-97f4-516b572b2f9d,1697663803863600000
6a69421f-e399-4db8-897a-d8ef21b5e0a7,707b6ccf-c9d9-4c1d-97f4-516b572b2f9d,1697663803894311111
6a69421f-e399-4db8-897a-d8ef21b5e0a7,707b6ccf-c9d9-4c1d-97f4-516b572b2f9d,1697663803928766666
6a69421f-e399-4db8-897a-d8ef21b5e0a7,707b6ccf-c9d9-4c1d-97f4-516b572b2f9d,1697663803968033333
6a69421f-e399-4db8-897a-d8ef21b5e0a7,707b6ccf-c9d9-4c1d-97f4-516b572b2f9d,1697663803999677777
6a69421f-e399-4db8-897a-d8ef21b5e0a7,707b6ccf-c9d9-4c1d-97f4-516b572b2f9d,1697663804028533333
6a69421f-e399-4db8-897a-d8ef21b5e0a7,707b6ccf-c9d9-4c1d-97f4-516b572b2f9d,1697663804073833333
6a69421f-e399-4db8-897a-d8ef21b5e0a7,707b6ccf-c9d9-4c1d-97f4-516b572b2f9d,1697663804091111111
6a69421f-e399-4db8-897a-d8ef21b5e0a7,707b6ccf-c9d9-4c1d-97f4-516b572b2f9d,1697663804119222222
6a69421f-e399-4db8-897a-d8ef21b5e0a7,707b6ccf-c9d9-4c1d-97f4-516b572b2f9d,1697663804155111111
6a69421f-e399-4db8-897a-d8ef21b5e0a7,707b6ccf-c9d9-4c1d-97f4-516b572b2f9d,1697663804201522222
6a69421f-e399-4db8-897a-d8ef21b5e0a7,707b6ccf-c9d9-4c1d-97f4-516b572b2f9d,1697663804217222222
6a69421f-e399-4db8-897a-d8ef21b5e0a7,707b6ccf-c9d9-4c1d-97f4-516b572b2f9d,1697663804268511111
6a69421f-e399-4db8-897a-d8ef21b5e0a7,707b6ccf-c9d9-4c1d-97f4-516b572b2f9d,1697663804296855555
6a69421f-e399-4db8-897a-d8ef21b5e0a7,707b6ccf-c9d9-4c1d-97f4-516b572b2f9d,1697663804328033333
6a69421f-e399-4db8-897a-d8ef21b5e0a7,707b6ccf-c9d9-4c1d-97f4-516b572b2f9d,1697663804360088888
6a69421f-e399-4db8-897a-d8ef21b5e0a7,707b6ccf-c9d9-4c1d-97f4-516b572b2f9d,1697663804395211111
6a69421f-e399-4db8-897a-d8ef21b5e0a7,707b6ccf-c9d9-4c1d-97f4-516b572b2f9d,1697663804426711111
6a69421f-e399-4db8-897a-d8ef21b5e0a7,707b6ccf-c9d9-4c1d-97f4-516b572b2f9d,1697663804462100000
6a69421f-e399-4db8-897a-d8ef21b5e0a7,707b6ccf-c9d9-4c1d-97f4-516b572b2f9d,1697663804495422222
6a69421f-e399-4db8-897a-d8ef21b5e0a7,707b6ccf-c9d9-4c1d-97f4-516b572b2f9d,1697663804525900000
6a69421f-e399-4db8-897a-d8ef21b5e0a7,707b6ccf-c9d9-4c1d-97f4-516b572b2f9d,1697663804558755555
6a69421f-e399-4db8-897a-d8ef21b5e0a7,707b6ccf-c9d9-4c1d-97f4-516b572b2f9d,1697663804596688888
6a69421f-e399-4db8-897a-d8ef21b5e0a7,707b6ccf-c9d9-4c1d-97f4-516b572b2f9d,1697663804626088888
6a69421f-e399-4db8-897a-d8ef21b5e0a7,707b6ccf-c9d9-4c1d-97f4-516b572b2f9d,1697663804657133333
6a69421f-e399-4db8-897a-d8ef21b5e0a7,707b6ccf-c9d9-4c1d-97f4-516b572b2f9d,1697663804697333333
6a69421f-e399-4db8-897a-d8ef21b5e0a7,707b6ccf-c9d9-4c1d-97f4-516b572b2f9d,1697663804720566666
6a69421f-e399-4db8-897a-d8ef21b5e0a7,707b6ccf-c9d9-4c1d-97f4-516b572b2f9d,1697663804751022222
6a69421f-e399-4db8-897a-d8ef21b5e0a7,707b6ccf-c9d9-4c1d-97f4-516b572b2f9d,1697663804785366666
6a69421f-e399-4db8-897a-d8ef21b5e0a7,707b6ccf-c9d9-4c1d-97f4-516b572b2f9d,1697663804818955555
6a69421f-e399-4db8-897a-d8ef21b5e0a7,707b6ccf-c9d9-4c1d-97f4-516b572b2f9d,1697663804848588888
6a69421f-e399-4db8-897a-d8ef21b5e0a7,707b6ccf-c9d9-4c1d-97f4-516b572b2f9d,1697663804894311111
6a69421f-e399-4db8-897a-d8ef21b5e0a7,707b6ccf-c9d9-4c1d-97f4-516b572b2f9d,1697663804931100000
6a69421f-e399-4db8-897a-d8ef21b5e0a7,707b6ccf-c9d9-4c1d-97f4-516b572b2f9d,1697663804960144444
6a69421f-e399-4db8-897a-d8ef21b5e0a7,707b6ccf-c9d9-4c1d-97f4-516b572b2f9d,1697663804995933333
6a69421f-e399-4db8-897a-d8ef21b5e0a7,707b6ccf-c9d9-4c1d-97f4-516b572b2f9d,1697663805026522222
6a69421f-e399-4db8-897a-d8ef21b5e0a7,707b6ccf-c9d9-4c1d-97f4-516b572b2f9d,1697663805060044444
6a69421f-e399-4db8-897a-d8ef21b5e0a7,707b6ccf-c9d9-4c1d-97f4-516b572b2f9d,1697663805096622222
6a69421f-e399-4db8-897a-d8ef21b5e0a7,707b6ccf-c9d9-4c1d-97f4-516b572b2f9d,1697663805129133333
6a69421f-e399-4db8-897a-d8ef21b5e0a7,707b6ccf-c9d9-4c1d-97f4-516b572b2f9d,1697663805159411111
6a69421f-e399-4db8-897a-d8ef21b5e0a7,707b6ccf-c9d9-4c1d-97f4-516b572b2f9d,1697663805195677777
6a69421f-e399-4db8-897a-d8ef21b5e0a7,707b6ccf-c9d9-4c1d-97f4-516b572b2f9d,1697663805226611111
6a69421f-e399-4db8-897a-d8ef21b5e0a7,707b6ccf-c9d9-4c1d-97f4-516b572b2f9d,1697663805257233333
6a69421f-e399-4db8-897a-d8ef21b5e0a7,707b6ccf-c9d9-4c1d-97f4-516b572b2f9d,1697663805294033333
6a69421f-e399-4db8-897a-d8ef21b5e0a7,707b6ccf-c9d9-4c1d-97f4-516b572b2f9d,1697663805326488888
6a69421f-e399-4db8-897a-d8ef21b5e0a7,707b6ccf-c9d9-4c1d-97f4-516b572b2f9d,1697663805355377777
6a69421f-e399-4db8-897a-d8ef21b5e0a7,707b6ccf-c9d9-4c1d-97f4-516b572b2f9d,1697663805394411111
6a69421f-e399-4db8-897a-d8ef21b5e0a7,707b6ccf-c9d9-4c1d-97f4-516b572b2f9d,1697663805419644444
6a69421f-e399-4db8-897a-d8ef21b5e0a7,707b6ccf-c9d9-4c1d-97f4-516b572b2f9d,1697663805463655555
6a69421f-e399-4db8-897a-d8ef21b5e0a7,707b6ccf-c9d9-4c1d-97f4-516b572b2f9d,1697663805488966666
6a69421f-e399-4db8-897a-d8ef21b5e0a7,707b6ccf-c9d9-4c1d-97f4-516b572b2f9d,1697663805528911111
6a69421f-e399-4db8-897a-d8ef21b5e0a7,707b6ccf-c9d9-4c1d-97f4-516b572b2f9d,1697663805564188888
6a69421f-e399-4db8-897a-d8ef21b5e0a7,707b6ccf-c9d9-4c1d-97f4-516b572b2f9d,1697663805594688888
6a69421f-e399-4db8-897a-d8ef21b5e0a7,707b6ccf-c9d9-4c1d-97f4-516b572b2f9d,1697663805625055555
6a69421f-e399-4db8-897a-d8ef21b5e0a7,707b6ccf-c9d9-4c1d-97f4-516b572b2f9d,1697663805663844444
6a69421f-e399-4db8-897a-d8ef21b5e0a7,707b6ccf-c9d9-4c1d-97f4-516b572b2f9d,1697663805697188888
6a69421f-e399-4db8-897a-d8ef21b5e0a7,707b6ccf-c9d9-4c1d-97f4-516b572b2f9d,1697663805729177777
6a69421f-e399-4db8-897a-d8ef21b5e0a7,707b6ccf-c9d9-4c1d-97f4-516b572b2f9d,1697663805762733333
6a69421f-e399-4db8-897a-d8ef21b5e0a7,707b6ccf-c9d9-4c1d-97f4-516b572b2f9d,1697663805797066666
6a69421f-e399-4db8-897a-d8ef21b5e0a7,707b6ccf-c9d9-4c1d-97f4-516b572b2f9d,1697663805827511111
6a69421f-e399-4db8-897a-d8ef21b5e0a7,707b6ccf-c9d9-4c1d-97f4-516b572b2f9d,1697663805862466666
6a69421f-e399-4db8-897a-d8ef21b5e0a7,707b6ccf-c9d9-4c1d-97f4-516b572b2f9d,1697663805897177777
6a69421f-e399-4db8-897a-d8ef21b5e0a7,707b6ccf-c9d9-4c1d-97f4-516b572b2f9d,1697663805926777777
6a69421f-e399-4db8-897a-d8ef21b5e0a7,707b6ccf-c9d9-4c1d-97f4-516b572b2f9d,1697663805962488888
6a69421f-e399-4db8-897a-d8ef21b5e0a7,707b6ccf-c9d9-4c1d-97f4-516b572b2f9d,1697663805996788888
6a69421f-e399-4db8-897a-d8ef21b5e0a7,707b6ccf-c9d9-4c1d-97f4-516b572b2f9d,1697663806018455555
6a69421f-e399-4db8-897a-d8ef21b5e0a7,707b6ccf-c9d9-4c1d-97f4-516b572b2f9d,1697663806052577777
6a69421f-e399-4db8-897a-d8ef21b5e0a7,707b6ccf-c9d9-4c1d-97f4-516b572b2f9d,1697663806090200000
6a69421f-e399-4db8-897a-d8ef21b5e0a7,707b6ccf-c9d9-4c1d-97f4-516b572b2f9d,1697663806117677777
6a69421f-e399-4db8-897a-d8ef21b5e0a7,707b6ccf-c9d9-4c1d-97f4-516b572b2f9d,1697663806152611111
6a69421f-e399-4db8-897a-d8ef21b5e0a7,707b6ccf-c9d9-4c1d-97f4-516b572b2f9d,1697663806195088888
6a69421f-e399-4db8-897a-d8ef21b5e0a7,707b6ccf-c9d9-4c1d-97f4-516b572b2f9d,1697663806226922222
6a69421f-e399-4db8-897a-d8ef21b5e0a7,707b6ccf-c9d9-4c1d-97f4-516b572b2f9d,1697663806261922222
6a69421f-e399-4db8-897a-d8ef21b5e0a7,707b6ccf-c9d9-4c1d-97f4-516b572b2f9d,1697663806290877777
6a69421f-e399-4db8-897a-d8ef21b5e0a7,707b6ccf-c9d9-4c1d-97f4-516b572b2f9d,1697663806327377777
6a69421f-e399-4db8-897a-d8ef21b5e0a7,707b6ccf-c9d9-4c1d-97f4-516b572b2f9d,1697663806362066666
6a69421f-e399-4db8-897a-d8ef21b5e0a7,707b6ccf-c9d9-4c1d-97f4-516b572b2f9d,1697663806396700000
6a69421f-e399-4db8-897a-d8ef21b5e0a7,707b6ccf-c9d9-4c1d-97f4-516b572b2f9d,1697663806424977777
6a69421f-e399-4db8-897a-d8ef21b5e0a7,707b6ccf-c9d9-4c1d-97f4-516b572b2f9d,1697663806460733333
6a69421f-e399-4db8-897a-d8ef21b5e0a7,707b6ccf-c9d9-4c1d-97f4-516b572b2f9d,1697663806495233333
6a69421f-e399-4db8-897a-d8ef21b5e0a7,707b6ccf-c9d9-4c1d-97f4-516b572b2f9d,1697663806527944444
6a69421f-e399-4db8-897a-d8ef21b5e0a7,707b6ccf-c9d9-4c1d-97f4-516b572b2f9d,1697663806561566666
6a69421f-e399-4db8-897a-d8ef21b5e0a7,707b6ccf-c9d9-4c1d-97f4-516b572b2f9d,1697663806598711111
6a69421f-e399-4db8-897a-d8ef21b5e0a7,707b6ccf-c9d9-4c1d-97f4-516b572b2f9d,1697663806628888888
6a69421f-e399-4db8-897a-d8ef21b5e0a7,707b6ccf-c9d9-4c1d-97f4-516b572b2f9d,1697663806659477777
6a69421f-e399-4db8-897a-d8ef21b5e0a7,707b6ccf-c9d9-4c1d-97f4-516b572b2f9d,1697663806690666666
6a69421f-e399-4db8-897a-d8ef21b5e0a7,707b6ccf-c9d9-4c1d-97f4-516b572b2f9d,1697663806720744444
6a69421f-e399-4db8-897a-d8ef21b5e0a7,707b6ccf-c9d9-4c1d-97f4-516b572b2f9d,1697663806753766666
6a69421f-e399-4db8-897a-d8ef21b5e0a7,707b6ccf-c9d9-4c1d-97f4-516b572b2f9d,1697663806788844444
6a69421f-e399-4db8-897a-d8ef21b5e0a7,707b6ccf-c9d9-4c1d-97f4-516b572b2f9d,1697663806827444444
6a69421f-e399-4db8-897a-d8ef21b5e0a7,707b6ccf-c9d9-4c1d-97f4-516b572b2f9d,1697663806858600000
6a69421f-e399-4db8-897a-d8ef21b5e0a7,707b6ccf-c9d9-4c1d-97f4-516b572b2f9d,1697663806896500000
6a69421f-e399-4db8-897a-d8ef21b5e0a7,707b6ccf-c9d9-4c1d-97f4-516b572b2f9d,1697663806930400000
6a69421f-e399-4db8-897a-d8ef21b5e0a7,707b6ccf-c9d9-4c1d-97f4-516b572b2f9d,1697663806962277777
6a69421f-e399-4db8-897a-d8ef21b5e0a7,707b6ccf-c9d9-4c1d-97f4-516b572b2f9d,1697663806995966666
6a69421f-e399-4db8-897a-d8ef21b5e0a7,707b6ccf-c9d9-4c1d-97f4-516b572b2f9d,1697663807030233333
6a69421f-e399-4db8-897a-d8ef21b5e0a7,707b6ccf-c9d9-4c1d-97f4-516b572b2f9d,1697663807061311111
6a69421f-e399-4db8-897a-d8ef21b5e0a7,707b6ccf-c9d9-4c1d-97f4-516b572b2f9d,1697663807097444444
6a69421f-e399-4db8-897a-d8ef21b5e0a7,707b6ccf-c9d9-4c1d-97f4-516b572b2f9d,1697663807125233333
6a69421f-e399-4db8-897a-d8ef21b5e0a7,707b6ccf-c9d9-4c1d-97f4-516b572b2f9d,1697663807160577777
6a69421f-e399-4db8-897a-d8ef21b5e0a7,707b6ccf-c9d9-4c1d-97f4-516b572b2f9d,1697663807195055555
6a69421f-e399-4db8-897a-d8ef21b5e0a7,707b6ccf-c9d9-4c1d-97f4-516b572b2f9d,1697663807226766666
6a69421f-e399-4db8-897a-d8ef21b5e0a7,707b6ccf-c9d9-4c1d-97f4-516b572b2f9d,1697663807261222222
6a69421f-e399-4db8-897a-d8ef21b5e0a7,707b6ccf-c9d9-4c1d-97f4-516b572b2f9d,1697663807297833333
6a69421f-e399-4db8-897a-d8ef21b5e0a7,707b6ccf-c9d9-4c1d-97f4-516b572b2f9d,1697663807335422222
6a69421f-e399-4db8-897a-d8ef21b5e0a7,707b6ccf-c9d9-4c1d-97f4-516b572b2f9d,1697663807354933333
6a69421f-e399-4db8-897a-d8ef21b5e0a7,707b6ccf-c9d9-4c1d-97f4-516b572b2f9d,1697663807404022222
6a69421f-e399-4db8-897a-d8ef21b5e0a7,707b6ccf-c9d9-4c1d-97f4-516b572b2f9d,1697663807431733333
6a69421f-e399-4db8-897a-d8ef21b5e0a7,707b6ccf-c9d9-4c1d-97f4-516b572b2f9d,1697663807461055555
6a69421f-e399-4db8-897a-d8ef21b5e0a7,707b6ccf-c9d9-4c1d-97f4-516b572b2f9d,1697663807491188888
6a69421f-e399-4db8-897a-d8ef21b5e0a7,707b6ccf-c9d9-4c1d-97f4-516b572b2f9d,1697663807526100000
6a69421f-e399-4db8-897a-d8ef21b5e0a7,707b6ccf-c9d9-4c1d-97f4-516b572b2f9d,1697663807563566666
6a69421f-e399-4db8-897a-d8ef21b5e0a7,707b6ccf-c9d9-4c1d-97f4-516b572b2f9d,1697663807594122222
6a69421f-e399-4db8-897a-d8ef21b5e0a7,707b6ccf-c9d9-4c1d-97f4-516b572b2f9d,1697663807628900000
6a69421f-e399-4db8-897a-d8ef21b5e0a7,707b6ccf-c9d9-4c1d-97f4-516b572b2f9d,1697663807658966666
6a69421f-e399-4db8-897a-d8ef21b5e0a7,707b6ccf-c9d9-4c1d-97f4-516b572b2f9d,1697663807690911111
6a69421f-e399-4db8-897a-d8ef21b5e0a7,707b6ccf-c9d9-4c1d-97f4-516b572b2f9d,1697663807730655555
6a69421f-e399-4db8-897a-d8ef21b5e0a7,707b6ccf-c9d9-4c1d-97f4-516b572b2f9d,1697663807760577777
6a69421f-e399-4db8-897a-d8ef21b5e0a7,707b6ccf-c9d9-4c1d-97f4-516b572b2f9d,1697663807792511111
6a69421f-e399-4db8-897a-d8ef21b5e0a7,707b6ccf-c9d9-4c1d-97f4-516b572b2f9d,1697663807830133333
6a69421f-e399-4db8-897a-d8ef21b5e0a7,707b6ccf-c9d9-4c1d-97f4-516b572b2f9d,1697663807861100000
6a69421f-e399-4db8-897a-d8ef21b5e0a7,707b6ccf-c9d9-4c1d-97f4-516b572b2f9d,1697663807890144444
6a69421f-e399-4db8-897a-d8ef21b5e0a7,707b6ccf-c9d9-4c1d-97f4-516b572b2f9d,1697663807924666666
6a69421f-e399-4db8-897a-d8ef21b5e0a7,707b6ccf-c9d9-4c1d-97f4-516b572b2f9d,1697663807967155555
6a69421f-e399-4db8-897a-d8ef21b5e0a7,707b6ccf-c9d9-4c1d-97f4-516b572b2f9d,1697663807984844444
6a69421f-e399-4db8-897a-d8ef21b5e0a7,707b6ccf-c9d9-4c1d-97f4-516b572b2f9d,1697663808019222222
6a69421f-e399-4db8-897a-d8ef21b5e0a7,707b6ccf-c9d9-4c1d-97f4-516b572b2f9d,1697663808054155555
6a69421f-e399-4db8-897a-d8ef21b5e0a7,707b6ccf-c9d9-4c1d-97f4-516b572b2f9d,1697663808082944444
6a69421f-e399-4db8-897a-d8ef21b5e0a7,707b6ccf-c9d9-4c1d-97f4-516b572b2f9d,1697663808127744444
6a69421f-e399-4db8-897a-d8ef21b5e0a7,707b6ccf-c9d9-4c1d-97f4-516b572b2f9d,1697663808162411111
6a69421f-e399-4db8-897a-d8ef21b5e0a7,707b6ccf-c9d9-4c1d-97f4-516b572b2f9d,1697663808191400000
6a69421f-e399-4db8-897a-d8ef21b5e0a7,707b6ccf-c9d9-4c1d-97f4-516b572b2f9d,1697663808230066666
6a69421f-e399-4db8-897a-d8ef21b5e0a7,707b6ccf-c9d9-4c1d-97f4-516b572b2f9d,1697663808258811111
6a69421f-e399-4db8-897a-d8ef21b5e0a7,707b6ccf-c9d9-4c1d-97f4-516b572b2f9d,1697663808289755555
6a69421f-e399-4db8-897a-d8ef21b5e0a7,707b6ccf-c9d9-4c1d-97f4-516b572b2f9d,1697663808329544444
6a69421f-e399-4db8-897a-d8ef21b5e0a7,707b6ccf-c9d9-4c1d-97f4-516b572b2f9d,1697663808361644444
6a69421f-e399-4db8-897a-d8ef21b5e0a7,707b6ccf-c9d9-4c1d-97f4-516b572b2f9d,1697663808384722222
6a69421f-e399-4db8-897a-d8ef21b5e0a7,707b6ccf-c9d9-4c1d-97f4-516b572b2f9d,1697663808429900000
6a69421f-e399-4db8-897a-d8ef21b5e0a7,707b6ccf-c9d9-4c1d-97f4-516b572b2f9d,1697663808460011111
6a69421f-e399-4db8-897a-d8ef21b5e0a7,707b6ccf-c9d9-4c1d-97f4-516b572b2f9d,1697663808484100000
6a69421f-e399-4db8-897a-d8ef21b5e0a7,707b6ccf-c9d9-4c1d-97f4-516b572b2f9d,1697663808533822222
6a69421f-e399-4db8-897a-d8ef21b5e0a7,707b6ccf-c9d9-4c1d-97f4-516b572b2f9d,1697663808560133333
6a69421f-e399-4db8-897a-d8ef21b5e0a7,707b6ccf-c9d9-4c1d-97f4-516b572b2f9d,1697663808585211111
6a69421f-e399-4db8-897a-d8ef21b5e0a7,707b6ccf-c9d9-4c1d-97f4-516b572b2f9d,1697663808628766666
6a69421f-e399-4db8-897a-d8ef21b5e0a7,707b6ccf-c9d9-4c1d-97f4-516b572b2f9d,1697663808669100000
6a69421f-e399-4db8-897a-d8ef21b5e0a7,707b6ccf-c9d9-4c1d-97f4-516b572b2f9d,1697663808682555555
6a69421f-e399-4db8-897a-d8ef21b5e0a7,707b6ccf-c9d9-4c1d-97f4-516b572b2f9d,1697663808720144444
6a69421f-e399-4db8-897a-d8ef21b5e0a7,707b6ccf-c9d9-4c1d-97f4-516b572b2f9d,1697663808752244444
6a69421f-e399-4db8-897a-d8ef21b5e0a7,707b6ccf-c9d9-4c1d-97f4-516b572b2f9d,1697663808790022222
6a69421f-e399-4db8-897a-d8ef21b5e0a7,707b6ccf-c9d9-4c1d-97f4-516b572b2f9d,1697663808825588888
6a69421f-e399-4db8-897a-d8ef21b5e0a7,707b6ccf-c9d9-4c1d-97f4-516b572b2f9d,1697663808862711111
6a69421f-e399-4db8-897a-d8ef21b5e0a7,707b6ccf-c9d9-4c1d-97f4-516b572b2f9d,1697663808892055555
6a69421f-e399-4db8-897a-d8ef21b5e0a7,707b6ccf-c9d9-4c1d-97f4-516b572b2f9d,1697663808929755555
6a69421f-e399-4db8-897a-d8ef21b5e0a7,707b6ccf-c9d9-4c1d-97f4-516b572b2f9d,1697663808959644444
6a69421f-e399-4db8-897a-d8ef21b5e0a7,707b6ccf-c9d9-4c1d-97f4-516b572b2f9d,1697663808989877777
6a69421f-e399-4db8-897a-d8ef21b5e0a7,707b6ccf-c9d9-4c1d-97f4-516b572b2f9d,1697663809030200000
6a69421f-e399-4db8-897a-d8ef21b5e0a7,707b6ccf-c9d9-4c1d-97f4-516b572b2f9d,1697663809059744444
6a69421f-e399-4db8-897a-d8ef21b5e0a7,707b6ccf-c9d9-4c1d-97f4-516b572b2f9d,1697663809090266666
6a69421f-e399-4db8-897a-d8ef21b5e0a7,707b6ccf-c9d9-4c1d-97f4-516b572b2f9d,1697663809124755555
6a69421f-e399-4db8-897a-d8ef21b5e0a7,707b6ccf-c9d9-4c1d-97f4-516b572b2f9d,1697663809166800000
6a69421f-e399-4db8-897a-d8ef21b5e0a7,707b6ccf-c9d9-4c1d-97f4-516b572b2f9d,1697663809190888888
6a69421f-e399-4db8-897a-d8ef21b5e0a7,707b6ccf-c9d9-4c1d-97f4-516b572b2f9d,1697663809227466666
6a69421f-e399-4db8-897a-d8ef21b5e0a7,707b6ccf-c9d9-4c1d-97f4-516b572b2f9d,1697663809262777777
6a69421f-e399-4db8-897a-d8ef21b5e0a7,707b6ccf-c9d9-4c1d-97f4-516b572b2f9d,1697663809303433333
6a69421f-e399-4db8-897a-d8ef21b5e0a7,707b6ccf-c9d9-4c1d-97f4-516b572b2f9d,1697663809320055555
6a69421f-e399-4db8-897a-d8ef21b5e0a7,707b6ccf-c9d9-4c1d-97f4-516b572b2f9d,1697663809349588888
6a69421f-e399-4db8-897a-d8ef21b5e0a7,707b6ccf-c9d9-4c1d-97f4-516b572b2f9d,1697663809393488888
6a69421f-e399-4db8-897a-d8ef21b5e0a7,707b6ccf-c9d9-4c1d-97f4-516b572b2f9d,1697663809427944444
6a69421f-e399-4db8-897a-d8ef21b5e0a7,707b6ccf-c9d9-4c1d-97f4-516b572b2f9d,1697663809462977777
6a69421f-e399-4db8-897a-d8ef21b5e0a7,707b6ccf-c9d9-4c1d-97f4-516b572b2f9d,1697663809482377777
6a69421f-e399-4db8-897a-d8ef21b5e0a7,707b6ccf-c9d9-4c1d-97f4-516b572b2f9d,1697663809526900000
6a69421f-e399-4db8-897a-d8ef21b5e0a7,707b6ccf-c9d9-4c1d-97f4-516b572b2f9d,1697663809558733333
6a69421f-e399-4db8-897a-d8ef21b5e0a7,707b6ccf-c9d9-4c1d-97f4-516b572b2f9d,1697663809591388888
6a69421f-e399-4db8-897a-d8ef21b5e0a7,707b6ccf-c9d9-4c1d-97f4-516b572b2f9d,1697663809625766666
6a69421f-e399-4db8-897a-d8ef21b5e0a7,707b6ccf-c9d9-4c1d-97f4-516b572b2f9d,1697663809656277777
6a69421f-e399-4db8-897a-d8ef21b5e0a7,707b6ccf-c9d9-4c1d-97f4-516b572b2f9d,1697663809693033333
6a69421f-e399-4db8-897a-d8ef21b5e0a7,707b6ccf-c9d9-4c1d-97f4-516b572b2f9d,1697663809732944444
6a69421f-e399-4db8-897a-d8ef21b5e0a7,707b6ccf-c9d9-4c1d-97f4-516b572b2f9d,1697663809760822222
6a69421f-e399-4db8-897a-d8ef21b5e0a7,707b6ccf-c9d9-4c1d-97f4-516b572b2f9d,1697663809793044444
6a69421f-e399-4db8-897a-d8ef21b5e0a7,707b6ccf-c9d9-4c1d-97f4-516b572b2f9d,1697663809829933333
6a69421f-e399-4db8-897a-d8ef21b5e0a7,707b6ccf-c9d9-4c1d-97f4-516b572b2f9d,1697663809858100000
6a69421f-e399-4db8-897a-d8ef21b5e0a7,707b6ccf-c9d9-4c1d-97f4-516b572b2f9d,1697663809889111111
6a69421f-e399-4db8-897a-d8ef21b5e0a7,707b6ccf-c9d9-4c1d-97f4-516b572b2f9d,1697663809929133333
6a69421f-e399-4db8-897a-d8ef21b5e0a7,707b6ccf-c9d9-4c1d-97f4-516b572b2f9d,1697663809968777777
6a69421f-e399-4db8-897a-d8ef21b5e0a7,707b6ccf-c9d9-4c1d-97f4-516b572b2f9d,1697663809985411111
6a69421f-e399-4db8-897a-d8ef21b5e0a7,707b6ccf-c9d9-4c1d-97f4-516b572b2f9d,1697663810040311111
6a69421f-e399-4db8-897a-d8ef21b5e0a7,707b6ccf-c9d9-4c1d-97f4-516b572b2f9d,1697663810051733333
6a69421f-e399-4db8-897a-d8ef21b5e0a7,707b6ccf-c9d9-4c1d-97f4-516b572b2f9d,1697663810085611111
6a69421f-e399-4db8-897a-d8ef21b5e0a7,707b6ccf-c9d9-4c1d-97f4-516b572b2f9d,1697663810130244444
6a69421f-e399-4db8-897a-d8ef21b5e0a7,707b6ccf-c9d9-4c1d-97f4-516b572b2f9d,1697663810159366666
6a69421f-e399-4db8-897a-d8ef21b5e0a7,707b6ccf-c9d9-4c1d-97f4-516b572b2f9d,1697663810190222222
6a69421f-e399-4db8-897a-d8ef21b5e0a7,707b6ccf-c9d9-4c1d-97f4-516b572b2f9d,1697663810227733333
6a69421f-e399-4db8-897a-d8ef21b5e0a7,707b6ccf-c9d9-4c1d-97f4-516b572b2f9d,1697663810262033333
6a69421f-e399-4db8-897a-d8ef21b5e0a7,707b6ccf-c9d9-4c1d-97f4-516b572b2f9d,1697663810291333333
6a69421f-e399-4db8-897a-d8ef21b5e0a7,707b6ccf-c9d9-4c1d-97f4-516b572b2f9d,1697663810329000000
6a69421f-e399-4db8-897a-d8ef21b5e0a7,707b6ccf-c9d9-4c1d-97f4-516b572b2f9d,1697663810359455555
6a69421f-e399-4db8-897a-d8ef21b5e0a7,707b6ccf-c9d9-4c1d-97f4-516b572b2f9d,1697663810392466666
6a69421f-e399-4db8-897a-d8ef21b5e0a7,707b6ccf-c9d9-4c1d-97f4-516b572b2f9d,1697663810429933333
6a69421f-e399-4db8-897a-d8ef21b5e0a7,707b6ccf-c9d9-4c1d-97f4-516b572b2f9d,1697663810461900000
6a69421f-e399-4db8-897a-d8ef21b5e0a7,707b6ccf-c9d9-4c1d-97f4-516b572b2f9d,1697663810488344444
6a69421f-e399-4db8-897a-d8ef21b5e0a7,707b6ccf-c9d9-4c1d-97f4-516b572b2f9d,1697663810531377777
6a69421f-e399-4db8-897a-d8ef21b5e0a7,707b6ccf-c9d9-4c1d-97f4-516b572b2f9d,1697663810562722222
6a69421f-e399-4db8-897a-d8ef21b5e0a7,707b6ccf-c9d9-4c1d-97f4-516b572b2f9d,1697663810592300000
6a69421f-e399-4db8-897a-d8ef21b5e0a7,707b6ccf-c9d9-4c1d-97f4-516b572b2f9d,1697663810642133333
6a69421f-e399-4db8-897a-d8ef21b5e0a7,707b6ccf-c9d9-4c1d-97f4-516b572b2f9d,1697663810653477777
6a69421f-e399-4db8-897a-d8ef21b5e0a7,707b6ccf-c9d9-4c1d-97f4-516b572b2f9d,1697663810684722222
6a69421f-e399-4db8-897a-d8ef21b5e0a7,707b6ccf-c9d9-4c1d-97f4-516b572b2f9d,1697663810717555555
6a69421f-e399-4db8-897a-d8ef21b5e0a7,707b6ccf-c9d9-4c1d-97f4-516b572b2f9d,1697663810751811111
6a69421f-e399-4db8-897a-d8ef21b5e0a7,707b6ccf-c9d9-4c1d-97f4-516b572b2f9d,1697663810795300000
6a69421f-e399-4db8-897a-d8ef21b5e0a7,707b6ccf-c9d9-4c1d-97f4-516b572b2f9d,1697663810824288888
6a69421f-e399-4db8-897a-d8ef21b5e0a7,707b6ccf-c9d9-4c1d-97f4-516b572b2f9d,1697663810862277777
6a69421f-e399-4db8-897a-d8ef21b5e0a7,707b6ccf-c9d9-4c1d-97f4-516b572b2f9d,1697663810884600000
6a69421f-e399-4db8-897a-d8ef21b5e0a7,707b6ccf-c9d9-4c1d-97f4-516b572b2f9d,1697663810928622222
6a69421f-e399-4db8-897a-d8ef21b5e0a7,707b6ccf-c9d9-4c1d-97f4-516b572b2f9d,1697663810962377777
6a69421f-e399-4db8-897a-d8ef21b5e0a7,707b6ccf-c9d9-4c1d-97f4-516b572b2f9d,1697663810992666666
6a69421f-e399-4db8-897a-d8ef21b5e0a7,707b6ccf-c9d9-4c1d-97f4-516b572b2f9d,1697663811023933333
6a69421f-e399-4db8-897a-d8ef21b5e0a7,707b6ccf-c9d9-4c1d-97f4-516b572b2f9d,1697663811062511111
6a69421f-e399-4db8-897a-d8ef21b5e0a7,707b6ccf-c9d9-4c1d-97f4-516b572b2f9d,1697663811083577777
6a69421f-e399-4db8-897a-d8ef21b5e0a7,707b6ccf-c9d9-4c1d-97f4-516b572b2f9d,1697663811121877777
6a69421f-e399-4db8-897a-d8ef21b5e0a7,707b6ccf-c9d9-4c1d-97f4-516b572b2f9d,1697663811160044444
6a69421f-e399-4db8-897a-d8ef21b5e0a7,707b6ccf-c9d9-4c1d-97f4-516b572b2f9d,1697663811194833333
6a69421f-e399-4db8-897a-d8ef21b5e0a7,707b6ccf-c9d9-4c1d-97f4-516b572b2f9d,1697663811223500000
6a69421f-e399-4db8-897a-d8ef21b5e0a7,707b6ccf-c9d9-4c1d-97f4-516b572b2f9d,1697663811265511111
6a69421f-e399-4db8-897a-d8ef21b5e0a7,707b6ccf-c9d9-4c1d-97f4-516b572b2f9d,1697663811295166666
6a69421f-e399-4db8-897a-d8ef21b5e0a7,707b6ccf-c9d9-4c1d-97f4-516b572b2f9d,1697663811313755555
6a69421f-e399-4db8-897a-d8ef21b5e0a7,707b6ccf-c9d9-4c1d-97f4-516b572b2f9d,1697663811355166666
6a69421f-e399-4db8-897a-d8ef21b5e0a7,707b6ccf-c9d9-4c1d-97f4-516b572b2f9d,1697663811381522222
6a69421f-e399-4db8-897a-d8ef21b5e0a7,707b6ccf-c9d9-4c1d-97f4-516b572b2f9d,1697663811413255555
6a69421f-e399-4db8-897a-d8ef21b5e0a7,707b6ccf-c9d9-4c1d-97f4-516b572b2f9d,1697663811458233333
6a69421f-e399-4db8-897a-d8ef21b5e0a7,707b6ccf-c9d9-4c1d-97f4-516b572b2f9d,1697663811489688888
6a69421f-e399-4db8-897a-d8ef21b5e0a7,707b6ccf-c9d9-4c1d-97f4-516b572b2f9d,1697663811526522222
6a69421f-e399-4db8-897a-d8ef21b5e0a7,707b6ccf-c9d9-4c1d-97f4-516b572b2f9d,1697663811557422222
6a69421f-e399-4db8-897a-d8ef21b5e0a7,707b6ccf-c9d9-4c1d-97f4-516b572b2f9d,1697663811591711111
6a69421f-e399-4db8-897a-d8ef21b5e0a7,707b6ccf-c9d9-4c1d-97f4-516b572b2f9d,1697663811625822222
6a69421f-e399-4db8-897a-d8ef21b5e0a7,707b6ccf-c9d9-4c1d-97f4-516b572b2f9d,1697663811658688888
6a69421f-e399-4db8-897a-d8ef21b5e0a7,707b6ccf-c9d9-4c1d-97f4-516b572b2f9d,1697663811690711111
6a69421f-e399-4db8-897a-d8ef21b5e0a7,707b6ccf-c9d9-4c1d-97f4-516b572b2f9d,1697663811722766666
6a69421f-e399-4db8-897a-d8ef21b5e0a7,707b6ccf-c9d9-4c1d-97f4-516b572b2f9d,1697663811761133333
6a69421f-e399-4db8-897a-d8ef21b5e0a7,707b6ccf-c9d9-4c1d-97f4-516b572b2f9d,1697663811789488888
6a69421f-e399-4db8-897a-d8ef21b5e0a7,707b6ccf-c9d9-4c1d-97f4-516b572b2f9d,1697663811822111111
6a69421f-e399-4db8-897a-d8ef21b5e0a7,707b6ccf-c9d9-4c1d-97f4-516b572b2f9d,1697663811861155555
6a69421f-e399-4db8-897a-d8ef21b5e0a7,707b6ccf-c9d9-4c1d-97f4-516b572b2f9d,1697663811890433333
6a69421f-e399-4db8-897a-d8ef21b5e0a7,707b6ccf-c9d9-4c1d-97f4-516b572b2f9d,1697663811922533333
6a69421f-e399-4db8-897a-d8ef21b5e0a7,707b6ccf-c9d9-4c1d-97f4-516b572b2f9d,1697663811955188888
6a69421f-e399-4db8-897a-d8ef21b5e0a7,707b6ccf-c9d9-4c1d-97f4-516b572b2f9d,1697663811983111111
6a69421f-e399-4db8-897a-d8ef21b5e0a7,707b6ccf-c9d9-4c1d-97f4-516b572b2f9d,1697663812022355555
6a69421f-e399-4db8-897a-d8ef21b5e0a7,707b6ccf-c9d9-4c1d-97f4-516b572b2f9d,1697663812052444444
6a69421f-e399-4db8-897a-d8ef21b5e0a7,707b6ccf-c9d9-4c1d-97f4-516b572b2f9d,1697663812083477777
6a69421f-e399-4db8-897a-d8ef21b5e0a7,707b6ccf-c9d9-4c1d-97f4-516b572b2f9d,1697663812120588888
6a69421f-e399-4db8-897a-d8ef21b5e0a7,707b6ccf-c9d9-4c1d-97f4-516b572b2f9d,1697663812161555555
6a69421f-e399-4db8-897a-d8ef21b5e0a7,707b6ccf-c9d9-4c1d-97f4-516b572b2f9d,1697663812191466666
6a69421f-e399-4db8-897a-d8ef21b5e0a7,707b6ccf-c9d9-4c1d-97f4-516b572b2f9d,1697663812220033333
6a69421f-e399-4db8-897a-d8ef21b5e0a7,707b6ccf-c9d9-4c1d-97f4-516b572b2f9d,1697663812260166666
6a69421f-e399-4db8-897a-d8ef21b5e0a7,707b6ccf-c9d9-4c1d-97f4-516b572b2f9d,1697663812283600000
6a69421f-e399-4db8-897a-d8ef21b5e0a7,707b6ccf-c9d9-4c1d-97f4-516b572b2f9d,1697663812321633333
6a69421f-e399-4db8-897a-d8ef21b5e0a7,707b6ccf-c9d9-4c1d-97f4-516b572b2f9d,1697663812361455555
6a69421f-e399-4db8-897a-d8ef21b5e0a7,707b6ccf-c9d9-4c1d-97f4-516b572b2f9d,1697663812383166666
6a69421f-e399-4db8-897a-d8ef21b5e0a7,707b6ccf-c9d9-4c1d-97f4-516b572b2f9d,1697663812422122222
6a69421f-e399-4db8-897a-d8ef21b5e0a7,707b6ccf-c9d9-4c1d-97f4-516b572b2f9d,1697663812458900000
6a69421f-e399-4db8-897a-d8ef21b5e0a7,707b6ccf-c9d9-4c1d-97f4-516b572b2f9d,1697663812491611111
6a69421f-e399-4db8-897a-d8ef21b5e0a7,707b6ccf-c9d9-4c1d-97f4-516b572b2f9d,1697663812521411111
6a69421f-e399-4db8-897a-d8ef21b5e0a7,707b6ccf-c9d9-4c1d-97f4-516b572b2f9d,1697663812562400000
6a69421f-e399-4db8-897a-d8ef21b5e0a7,707b6ccf-c9d9-4c1d-97f4-516b572b2f9d,1697663812583411111
6a69421f-e399-4db8-897a-d8ef21b5e0a7,707b6ccf-c9d9-4c1d-97f4-516b572b2f9d,1697663812630000000
6a69421f-e399-4db8-897a-d8ef21b5e0a7,707b6ccf-c9d9-4c1d-97f4-516b572b2f9d,1697663812666988888
6a69421f-e399-4db8-897a-d8ef21b5e0a7,707b6ccf-c9d9-4c1d-97f4-516b572b2f9d,1697663812683666666
6a69421f-e399-4db8-897a-d8ef21b5e0a7,707b6ccf-c9d9-4c1d-97f4-516b572b2f9d,1697663812721855555
6a69421f-e399-4db8-897a-d8ef21b5e0a7,707b6ccf-c9d9-4c1d-97f4-516b572b2f9d,1697663812759533333
6a69421f-e399-4db8-897a-d8ef21b5e0a7,707b6ccf-c9d9-4c1d-97f4-516b572b2f9d,1697663812790066666
6a69421f-e399-4db8-897a-d8ef21b5e0a7,707b6ccf-c9d9-4c1d-97f4-516b572b2f9d,1697663812822666666
6a69421f-e399-4db8-897a-d8ef21b5e0a7,707b6ccf-c9d9-4c1d-97f4-516b572b2f9d,1697663812857377777
6a69421f-e399-4db8-897a-d8ef21b5e0a7,707b6ccf-c9d9-4c1d-97f4-516b572b2f9d,1697663812890522222
6a69421f-e399-4db8-897a-d8ef21b5e0a7,707b6ccf-c9d9-4c1d-97f4-516b572b2f9d,1697663812927711111
6a69421f-e399-4db8-897a-d8ef21b5e0a7,707b6ccf-c9d9-4c1d-97f4-516b572b2f9d,1697663812960777777
6a69421f-e399-4db8-897a-d8ef21b5e0a7,707b6ccf-c9d9-4c1d-97f4-516b572b2f9d,1697663812990422222
6a69421f-e399-4db8-897a-d8ef21b5e0a7,707b6ccf-c9d9-4c1d-97f4-516b572b2f9d,1697663813026133333
6a69421f-e399-4db8-897a-d8ef21b5e0a7,707b6ccf-c9d9-4c1d-97f4-516b572b2f9d,1697663813058866666
6a69421f-e399-4db8-897a-d8ef21b5e0a7,707b6ccf-c9d9-4c1d-97f4-516b572b2f9d,1697663813091433333
6a69421f-e399-4db8-897a-d8ef21b5e0a7,707b6ccf-c9d9-4c1d-97f4-516b572b2f9d,1697663813122177777
6a69421f-e399-4db8-897a-d8ef21b5e0a7,707b6ccf-c9d9-4c1d-97f4-516b572b2f9d,1697663813163533333
6a69421f-e399-4db8-897a-d8ef21b5e0a7,707b6ccf-c9d9-4c1d-97f4-516b572b2f9d,1697663813189755555
6a69421f-e399-4db8-897a-d8ef21b5e0a7,707b6ccf-c9d9-4c1d-97f4-516b572b2f9d,1697663813226022222
6a69421f-e399-4db8-897a-d8ef21b5e0a7,707b6ccf-c9d9-4c1d-97f4-516b572b2f9d,1697663813269877777
6a69421f-e399-4db8-897a-d8ef21b5e0a7,707b6ccf-c9d9-4c1d-97f4-516b572b2f9d,1697663813295355555
6a69421f-e399-4db8-897a-d8ef21b5e0a7,707b6ccf-c9d9-4c1d-97f4-516b572b2f9d,1697663813316233333
6a69421f-e399-4db8-897a-d8ef21b5e0a7,707b6ccf-c9d9-4c1d-97f4-516b572b2f9d,1697663813349288888
6a69421f-e399-4db8-897a-d8ef21b5e0a7,707b6ccf-c9d9-4c1d-97f4-516b572b2f9d,1697663813383088888
6a69421f-e399-4db8-897a-d8ef21b5e0a7,707b6ccf-c9d9-4c1d-97f4-516b572b2f9d,1697663813420688888
6a69421f-e399-4db8-897a-d8ef21b5e0a7,707b6ccf-c9d9-4c1d-97f4-516b572b2f9d,1697663813462700000
6a69421f-e399-4db8-897a-d8ef21b5e0a7,707b6ccf-c9d9-4c1d-97f4-516b572b2f9d,1697663813487466666
6a69421f-e399-4db8-897a-d8ef21b5e0a7,707b6ccf-c9d9-4c1d-97f4-516b572b2f9d,1697663813526766666
6a69421f-e399-4db8-897a-d8ef21b5e0a7,707b6ccf-c9d9-4c1d-97f4-516b572b2f9d,1697663813568211111
6a69421f-e399-4db8-897a-d8ef21b5e0a7,707b6ccf-c9d9-4c1d-97f4-516b572b2f9d,1697663813591355555
6a69421f-e399-4db8-897a-d8ef21b5e0a7,707b6ccf-c9d9-4c1d-97f4-516b572b2f9d,1697663813621955555
6a69421f-e399-4db8-897a-d8ef21b5e0a7,707b6ccf-c9d9-4c1d-97f4-516b572b2f9d,1697663813657966666
6a69421f-e399-4db8-897a-d8ef21b5e0a7,707b6ccf-c9d9-4c1d-97f4-516b572b2f9d,1697663813691411111
6a69421f-e399-4db8-897a-d8ef21b5e0a7,707b6ccf-c9d9-4c1d-97f4-516b572b2f9d,1697663813722455555
6a69421f-e399-4db8-897a-d8ef21b5e0a7,707b6ccf-c9d9-4c1d-97f4-516b572b2f9d,1697663813759677777
6a69421f-e399-4db8-897a-d8ef21b5e0a7,707b6ccf-c9d9-4c1d-97f4-516b572b2f9d,1697663813790288888
6a69421f-e399-4db8-897a-d8ef21b5e0a7,707b6ccf-c9d9-4c1d-97f4-516b572b2f9d,1697663813821955555
6a69421f-e399-4db8-897a-d8ef21b5e0a7,707b6ccf-c9d9-4c1d-97f4-516b572b2f9d,1697663813861944444
6a69421f-e399-4db8-897a-d8ef21b5e0a7,707b6ccf-c9d9-4c1d-97f4-516b572b2f9d,1697663813892055555
6a69421f-e399-4db8-897a-d8ef21b5e0a7,707b6ccf-c9d9-4c1d-97f4-516b572b2f9d,1697663813939366666
6a69421f-e399-4db8-897a-d8ef21b5e0a7,707b6ccf-c9d9-4c1d-97f4-516b572b2f9d,1697663813952422222
6a69421f-e399-4db8-897a-d8ef21b5e0a7,707b6ccf-c9d9-4c1d-97f4-516b572b2f9d,1697663813983611111
6a69421f-e399-4db8-897a-d8ef21b5e0a7,707b6ccf-c9d9-4c1d-97f4-516b572b2f9d,1697663814018422222
6a69421f-e399-4db8-897a-d8ef21b5e0a7,707b6ccf-c9d9-4c1d-97f4-516b572b2f9d,1697663814049422222
6a69421f-e399-4db8-897a-d8ef21b5e0a7,707b6ccf-c9d9-4c1d-97f4-516b572b2f9d,1697663814091211111
6a69421f-e399-4db8-897a-d8ef21b5e0a7,707b6ccf-c9d9-4c1d-97f4-516b572b2f9d,1697663814123600000
6a69421f-e399-4db8-897a-d8ef21b5e0a7,707b6ccf-c9d9-4c1d-97f4-516b572b2f9d,1697663814154288888
6a69421f-e399-4db8-897a-d8ef21b5e0a7,707b6ccf-c9d9-4c1d-97f4-516b572b2f9d,1697663814190855555
6a69421f-e399-4db8-897a-d8ef21b5e0a7,707b6ccf-c9d9-4c1d-97f4-516b572b2f9d,1697663814224966666
6a69421f-e399-4db8-897a-d8ef21b5e0a7,707b6ccf-c9d9-4c1d-97f4-516b572b2f9d,1697663814257366666
6a69421f-e399-4db8-897a-d8ef21b5e0a7,707b6ccf-c9d9-4c1d-97f4-516b572b2f9d,1697663814294144444
6a69421f-e399-4db8-897a-d8ef21b5e0a7,707b6ccf-c9d9-4c1d-97f4-516b572b2f9d,1697663814322400000
6a69421f-e399-4db8-897a-d8ef21b5e0a7,707b6ccf-c9d9-4c1d-97f4-516b572b2f9d,1697663814357333333
6a69421f-e399-4db8-897a-d8ef21b5e0a7,707b6ccf-c9d9-4c1d-97f4-516b572b2f9d,1697663814390366666
6a69421f-e399-4db8-897a-d8ef21b5e0a7,707b6ccf-c9d9-4c1d-97f4-516b572b2f9d,1697663814422666666
6a69421f-e399-4db8-897a-d8ef21b5e0a7,707b6ccf-c9d9-4c1d-97f4-516b572b2f9d,1697663814459133333
6a69421f-e399-4db8-897a-d8ef21b5e0a7,707b6ccf-c9d9-4c1d-97f4-516b572b2f9d,1697663814494588888
6a69421f-e399-4db8-897a-d8ef21b5e0a7,707b6ccf-c9d9-4c1d-97f4-516b572b2f9d,1697663814523011111
6a69421f-e399-4db8-897a-d8ef21b5e0a7,707b6ccf-c9d9-4c1d-97f4-516b572b2f9d,1697663814555933333
6a69421f-e399-4db8-897a-d8ef21b5e0a7,707b6ccf-c9d9-4c1d-97f4-516b572b2f9d,1697663814606744444
6a69421f-e399-4db8-897a-d8ef21b5e0a7,707b6ccf-c9d9-4c1d-97f4-516b572b2f9d,1697663814617466666
6a69421f-e399-4db8-897a-d8ef21b5e0a7,707b6ccf-c9d9-4c1d-97f4-516b572b2f9d,1697663814647300000
6a69421f-e399-4db8-897a-d8ef21b5e0a7,707b6ccf-c9d9-4c1d-97f4-516b572b2f9d,1697663814681855555
6a69421f-e399-4db8-897a-d8ef21b5e0a7,707b6ccf-c9d9-4c1d-97f4-516b572b2f9d,1697663814719200000
6a69421f-e399-4db8-897a-d8ef21b5e0a7,707b6ccf-c9d9-4c1d-97f4-516b572b2f9d,1697663814758277777
6a69421f-e399-4db8-897a-d8ef21b5e0a7,707b6ccf-c9d9-4c1d-97f4-516b572b2f9d,1697663814794677777
6a69421f-e399-4db8-897a-d8ef21b5e0a7,707b6ccf-c9d9-4c1d-97f4-516b572b2f9d,1697663814822000000
6a69421f-e399-4db8-897a-d8ef21b5e0a7,707b6ccf-c9d9-4c1d-97f4-516b572b2f9d,1697663814854988888
6a69421f-e399-4db8-897a-d8ef21b5e0a7,707b6ccf-c9d9-4c1d-97f4-516b572b2f9d,1697663814891222222
6a69421f-e399-4db8-897a-d8ef21b5e0a7,707b6ccf-c9d9-4c1d-97f4-516b572b2f9d,1697663814922433333
6a69421f-e399-4db8-897a-d8ef21b5e0a7,707b6ccf-c9d9-4c1d-97f4-516b572b2f9d,1697663814955722222
6a69421f-e399-4db8-897a-d8ef21b5e0a7,707b6ccf-c9d9-4c1d-97f4-516b572b2f9d,1697663814991111111
6a69421f-e399-4db8-897a-d8ef21b5e0a7,707b6ccf-c9d9-4c1d-97f4-516b572b2f9d,1697663815023655555
6a69421f-e399-4db8-897a-d8ef21b5e0a7,707b6ccf-c9d9-4c1d-97f4-516b572b2f9d,1697663815055322222
6a69421f-e399-4db8-897a-d8ef21b5e0a7,707b6ccf-c9d9-4c1d-97f4-516b572b2f9d,1697663815089366666
6a69421f-e399-4db8-897a-d8ef21b5e0a7,707b6ccf-c9d9-4c1d-97f4-516b572b2f9d,1697663815126988888
6a69421f-e399-4db8-897a-d8ef21b5e0a7,707b6ccf-c9d9-4c1d-97f4-516b572b2f9d,1697663815155455555
6a69421f-e399-4db8-897a-d8ef21b5e0a7,707b6ccf-c9d9-4c1d-97f4-516b572b2f9d,1697663815189866666
6a69421f-e399-4db8-897a-d8ef21b5e0a7,707b6ccf-c9d9-4c1d-97f4-516b572b2f9d,1697663815222666666
6a69421f-e399-4db8-897a-d8ef21b5e0a7,707b6ccf-c9d9-4c1d-97f4-516b572b2f9d,1697663815265600000
6a69421f-e399-4db8-897a-d8ef21b5e0a7,707b6ccf-c9d9-4c1d-97f4-516b572b2f9d,1697663815287755555
6a69421f-e399-4db8-897a-d8ef21b5e0a7,707b6ccf-c9d9-4c1d-97f4-516b572b2f9d,1697663815318544444
6a69421f-e399-4db8-897a-d8ef21b5e0a7,707b6ccf-c9d9-4c1d-97f4-516b572b2f9d,1697663815352877777
6a69421f-e399-4db8-897a-d8ef21b5e0a7,707b6ccf-c9d9-4c1d-97f4-516b572b2f9d,1697663815399055555
6a69421f-e399-4db8-897a-d8ef21b5e0a7,707b6ccf-c9d9-4c1d-97f4-516b572b2f9d,1697663815413055555
6a69421f-e399-4db8-897a-d8ef21b5e0a7,707b6ccf-c9d9-4c1d-97f4-516b572b2f9d,1697663815455566666
6a69421f-e399-4db8-897a-d8ef21b5e0a7,707b6ccf-c9d9-4c1d-97f4-516b572b2f9d,1697663815493122222
6a69421f-e399-4db8-897a-d8ef21b5e0a7,707b6ccf-c9d9-4c1d-97f4-516b572b2f9d,1697663815529344444
6a69421f-e399-4db8-897a-d8ef21b5e0a7,707b6ccf-c9d9-4c1d-97f4-516b572b2f9d,1697663815554944444
6a69421f-e399-4db8-897a-d8ef21b5e0a7,707b6ccf-c9d9-4c1d-97f4-516b572b2f9d,1697663815595455555
6a69421f-e399-4db8-897a-d8ef21b5e0a7,707b6ccf-c9d9-4c1d-97f4-516b572b2f9d,1697663815627322222
6a69421f-e399-4db8-897a-d8ef21b5e0a7,707b6ccf-c9d9-4c1d-97f4-516b572b2f9d,1697663815657255555
6a69421f-e399-4db8-897a-d8ef21b5e0a7,707b6ccf-c9d9-4c1d-97f4-516b572b2f9d,1697663815690966666
6a69421f-e399-4db8-897a-d8ef21b5e0a7,707b6ccf-c9d9-4c1d-97f4-516b572b2f9d,1697663815725888888
6a69421f-e399-4db8-897a-d8ef21b5e0a7,707b6ccf-c9d9-4c1d-97f4-516b572b2f9d,1697663815754577777
6a69421f-e399-4db8-897a-d8ef21b5e0a7,707b6ccf-c9d9-4c1d-97f4-516b572b2f9d,1697663815794833333
6a69421f-e399-4db8-897a-d8ef21b5e0a7,707b6ccf-c9d9-4c1d-97f4-516b572b2f9d,1697663815826488888
6a69421f-e399-4db8-897a-d8ef21b5e0a7,707b6ccf-c9d9-4c1d-97f4-516b572b2f9d,1697663815855500000
6a69421f-e399-4db8-897a-d8ef21b5e0a7,707b6ccf-c9d9-4c1d-97f4-516b572b2f9d,1697663815890877777
6a69421f-e399-4db8-897a-d8ef21b5e0a7,707b6ccf-c9d9-4c1d-97f4-516b572b2f9d,1697663815946611111
6a69421f-e399-4db8-897a-d8ef21b5e0a7,707b6ccf-c9d9-4c1d-97f4-516b572b2f9d,1697663815955711111
6a69421f-e399-4db8-897a-d8ef21b5e0a7,707b6ccf-c9d9-4c1d-97f4-516b572b2f9d,1697663815981500000
6a69421f-e399-4db8-897a-d8ef21b5e0a7,707b6ccf-c9d9-4c1d-97f4-516b572b2f9d,1697663816014500000
6a69421f-e399-4db8-897a-d8ef21b5e0a7,707b6ccf-c9d9-4c1d-97f4-516b572b2f9d,1697663816049900000
6a69421f-e399-4db8-897a-d8ef21b5e0a7,707b6ccf-c9d9-4c1d-97f4-516b572b2f9d,1697663816089066666
6a69421f-e399-4db8-897a-d8ef21b5e0a7,707b6ccf-c9d9-4c1d-97f4-516b572b2f9d,1697663816121777777
6a69421f-e399-4db8-897a-d8ef21b5e0a7,707b6ccf-c9d9-4c1d-97f4-516b572b2f9d,1697663816155288888
6a69421f-e399-4db8-897a-d8ef21b5e0a7,707b6ccf-c9d9-4c1d-97f4-516b572b2f9d,1697663816190933333
6a69421f-e399-4db8-897a-d8ef21b5e0a7,707b6ccf-c9d9-4c1d-97f4-516b572b2f9d,1697663816222788888
6a69421f-e399-4db8-897a-d8ef21b5e0a7,707b6ccf-c9d9-4c1d-97f4-516b572b2f9d,1697663816257244444
6a69421f-e399-4db8-897a-d8ef21b5e0a7,707b6ccf-c9d9-4c1d-97f4-516b572b2f9d,1697663816291722222
6a69421f-e399-4db8-897a-d8ef21b5e0a7,707b6ccf-c9d9-4c1d-97f4-516b572b2f9d,1697663816330766666
6a69421f-e399-4db8-897a-d8ef21b5e0a7,707b6ccf-c9d9-4c1d-97f4-516b572b2f9d,1697663816353744444
6a69421f-e399-4db8-897a-d8ef21b5e0a7,707b6ccf-c9d9-4c1d-97f4-516b572b2f9d,1697663816393922222
6a69421f-e399-4db8-897a-d8ef21b5e0a7,707b6ccf-c9d9-4c1d-97f4-516b572b2f9d,1697663816424655555
6a69421f-e399-4db8-897a-d8ef21b5e0a7,707b6ccf-c9d9-4c1d-97f4-516b572b2f9d,1697663816456811111
6a69421f-e399-4db8-897a-d8ef21b5e0a7,707b6ccf-c9d9-4c1d-97f4-516b572b2f9d,1697663816492022222
6a69421f-e399-4db8-897a-d8ef21b5e0a7,707b6ccf-c9d9-4c1d-97f4-516b572b2f9d,1697663816524600000
6a69421f-e399-4db8-897a-d8ef21b5e0a7,707b6ccf-c9d9-4c1d-97f4-516b572b2f9d,1697663816559088888
6a69421f-e399-4db8-897a-d8ef21b5e0a7,707b6ccf-c9d9-4c1d-97f4-516b572b2f9d,1697663816605788888
6a69421f-e399-4db8-897a-d8ef21b5e0a7,707b6ccf-c9d9-4c1d-97f4-516b572b2f9d,1697663816616144444
6a69421f-e399-4db8-897a-d8ef21b5e0a7,707b6ccf-c9d9-4c1d-97f4-516b572b2f9d,1697663816648966666
6a69421f-e399-4db8-897a-d8ef21b5e0a7,707b6ccf-c9d9-4c1d-97f4-516b572b2f9d,1697663816683033333
6a69421f-e399-4db8-897a-d8ef21b5e0a7,707b6ccf-c9d9-4c1d-97f4-516b572b2f9d,1697663816732455555
6a69421f-e399-4db8-897a-d8ef21b5e0a7,707b6ccf-c9d9-4c1d-97f4-516b572b2f9d,1697663816754922222
6a69421f-e399-4db8-897a-d8ef21b5e0a7,707b6ccf-c9d9-4c1d-97f4-516b572b2f9d,1697663816791022222
6a69421f-e399-4db8-897a-d8ef21b5e0a7,707b6ccf-c9d9-4c1d-97f4-516b572b2f9d,1697663816823088888
6a69421f-e399-4db8-897a-d8ef21b5e0a7,707b6ccf-c9d9-4c1d-97f4-516b572b2f9d,1697663816857211111
6a69421f-e399-4db8-897a-d8ef21b5e0a7,707b6ccf-c9d9-4c1d-97f4-516b572b2f9d,1697663816889855555
6a69421f-e399-4db8-897a-d8ef21b5e0a7,707b6ccf-c9d9-4c1d-97f4-516b572b2f9d,1697663816924055555
6a69421f-e399-4db8-897a-d8ef21b5e0a7,707b6ccf-c9d9-4c1d-97f4-516b572b2f9d,1697663816954966666
6a69421f-e399-4db8-897a-d8ef21b5e0a7,707b6ccf-c9d9-4c1d-97f4-516b572b2f9d,1697663816990188888
6a69421f-e399-4db8-897a-d8ef21b5e0a7,707b6ccf-c9d9-4c1d-97f4-516b572b2f9d,1697663817023388888
6a69421f-e399-4db8-897a-d8ef21b5e0a7,707b6ccf-c9d9-4c1d-97f4-516b572b2f9d,1697663817055177777
6a69421f-e399-4db8-897a-d8ef21b5e0a7,707b6ccf-c9d9-4c1d-97f4-516b572b2f9d,1697663817090266666
6a69421f-e399-4db8-897a-d8ef21b5e0a7,707b6ccf-c9d9-4c1d-97f4-516b572b2f9d,1697663817122700000
6a69421f-e399-4db8-897a-d8ef21b5e0a7,707b6ccf-c9d9-4c1d-97f4-516b572b2f9d,1697663817156722222
6a69421f-e399-4db8-897a-d8ef21b5e0a7,707b6ccf-c9d9-4c1d-97f4-516b572b2f9d,1697663817189577777
6a69421f-e399-4db8-897a-d8ef21b5e0a7,707b6ccf-c9d9-4c1d-97f4-516b572b2f9d,1697663817221477777
6a69421f-e399-4db8-897a-d8ef21b5e0a7,707b6ccf-c9d9-4c1d-97f4-516b572b2f9d,1697663817266433333
6a69421f-e399-4db8-897a-d8ef21b5e0a7,707b6ccf-c9d9-4c1d-97f4-516b572b2f9d,1697663817278677777
6a69421f-e399-4db8-897a-d8ef21b5e0a7,707b6ccf-c9d9-4c1d-97f4-516b572b2f9d,1697663817314422222
6a69421f-e399-4db8-897a-d8ef21b5e0a7,707b6ccf-c9d9-4c1d-97f4-516b572b2f9d,1697663817346933333
6a69421f-e399-4db8-897a-d8ef21b5e0a7,707b6ccf-c9d9-4c1d-97f4-516b572b2f9d,1697663817379844444
6a69421f-e399-4db8-897a-d8ef21b5e0a7,707b6ccf-c9d9-4c1d-97f4-516b572b2f9d,1697663817416533333
6a69421f-e399-4db8-897a-d8ef21b5e0a7,707b6ccf-c9d9-4c1d-97f4-516b572b2f9d,1697663817459444444
6a69421f-e399-4db8-897a-d8ef21b5e0a7,707b6ccf-c9d9-4c1d-97f4-516b572b2f9d,1697663817487711111
6a69421f-e399-4db8-897a-d8ef21b5e0a7,707b6ccf-c9d9-4c1d-97f4-516b572b2f9d,1697663817522444444
6a69421f-e399-4db8-897a-d8ef21b5e0a7,707b6ccf-c9d9-4c1d-97f4-516b572b2f9d,1697663817556533333
6a69421f-e399-4db8-897a-d8ef21b5e0a7,707b6ccf-c9d9-4c1d-97f4-516b572b2f9d,1697663817587111111
6a69421f-e399-4db8-897a-d8ef21b5e0a7,707b6ccf-c9d9-4c1d-97f4-516b572b2f9d,1697663817623155555
6a69421f-e399-4db8-897a-d8ef21b5e0a7,707b6ccf-c9d9-4c1d-97f4-516b572b2f9d,1697663817655922222
6a69421f-e399-4db8-897a-d8ef21b5e0a7,707b6ccf-c9d9-4c1d-97f4-516b572b2f9d,1697663817687511111
6a69421f-e399-4db8-897a-d8ef21b5e0a7,707b6ccf-c9d9-4c1d-97f4-516b572b2f9d,1697663817725522222
6a69421f-e399-4db8-897a-d8ef21b5e0a7,707b6ccf-c9d9-4c1d-97f4-516b572b2f9d,1697663817755222222
6a69421f-e399-4db8-897a-d8ef21b5e0a7,707b6ccf-c9d9-4c1d-97f4-516b572b2f9d,1697663817787255555
6a69421f-e399-4db8-897a-d8ef21b5e0a7,707b6ccf-c9d9-4c1d-97f4-516b572b2f9d,1697663817827255555
6a69421f-e399-4db8-897a-d8ef21b5e0a7,707b6ccf-c9d9-4c1d-97f4-516b572b2f9d,1697663817853711111
6a69421f-e399-4db8-897a-d8ef21b5e0a7,707b6ccf-c9d9-4c1d-97f4-516b572b2f9d,1697663817885711111
6a69421f-e399-4db8-897a-d8ef21b5e0a7,707b6ccf-c9d9-4c1d-97f4-516b572b2f9d,1697663817916500000
6a69421f-e399-4db8-897a-d8ef21b5e0a7,707b6ccf-c9d9-4c1d-97f4-516b572b2f9d,1697663817949177777
6a69421f-e399-4db8-897a-d8ef21b5e0a7,707b6ccf-c9d9-4c1d-97f4-516b572b2f9d,1697663817985388888
6a69421f-e399-4db8-897a-d8ef21b5e0a7,707b6ccf-c9d9-4c1d-97f4-516b572b2f9d,1697663818034000000
6a69421f-e399-4db8-897a-d8ef21b5e0a7,707b6ccf-c9d9-4c1d-97f4-516b572b2f9d,1697663818045811111
6a69421f-e399-4db8-897a-d8ef21b5e0a7,707b6ccf-c9d9-4c1d-97f4-516b572b2f9d,1697663818087111111
6a69421f-e399-4db8-897a-d8ef21b5e0a7,707b6ccf-c9d9-4c1d-97f4-516b572b2f9d,1697663818122355555
6a69421f-e399-4db8-897a-d8ef21b5e0a7,707b6ccf-c9d9-4c1d-97f4-516b572b2f9d,1697663818157988888
6a69421f-e399-4db8-897a-d8ef21b5e0a7,707b6ccf-c9d9-4c1d-97f4-516b572b2f9d,1697663818189877777
6a69421f-e399-4db8-897a-d8ef21b5e0a7,707b6ccf-c9d9-4c1d-97f4-516b572b2f9d,1697663818225466666
6a69421f-e399-4db8-897a-d8ef21b5e0a7,707b6ccf-c9d9-4c1d-97f4-516b572b2f9d,1697663818255255555
6a69421f-e399-4db8-897a-d8ef21b5e0a7,707b6ccf-c9d9-4c1d-97f4-516b572b2f9d,1697663818288677777
6a69421f-e399-4db8-897a-d8ef21b5e0a7,707b6ccf-c9d9-4c1d-97f4-516b572b2f9d,1697663818329933333
6a69421f-e399-4db8-897a-d8ef21b5e0a7,707b6ccf-c9d9-4c1d-97f4-516b572b2f9d,1697663818356644444
6a69421f-e399-4db8-897a-d8ef21b5e0a7,707b6ccf-c9d9-4c1d-97f4-516b572b2f9d,1697663818390333333
6a69421f-e399-4db8-897a-d8ef21b5e0a7,707b6ccf-c9d9-4c1d-97f4-516b572b2f9d,1697663818424066666
6a69421f-e399-4db8-897a-d8ef21b5e0a7,707b6ccf-c9d9-4c1d-97f4-516b572b2f9d,1697663818457566666
6a69421f-e399-4db8-897a-d8ef21b5e0a7,707b6ccf-c9d9-4c1d-97f4-516b572b2f9d,1697663818487677777
6a69421f-e399-4db8-897a-d8ef21b5e0a7,707b6ccf-c9d9-4c1d-97f4-516b572b2f9d,1697663818525655555
6a69421f-e399-4db8-897a-d8ef21b5e0a7,707b6ccf-c9d9-4c1d-97f4-516b572b2f9d,1697663818560533333
6a69421f-e399-4db8-897a-d8ef21b5e0a7,707b6ccf-c9d9-4c1d-97f4-516b572b2f9d,1697663818578400000
6a69421f-e399-4db8-897a-d8ef21b5e0a7,707b6ccf-c9d9-4c1d-97f4-516b572b2f9d,1697663818619344444
6a69421f-e399-4db8-897a-d8ef21b5e0a7,707b6ccf-c9d9-4c1d-97f4-516b572b2f9d,1697663818651300000
6a69421f-e399-4db8-897a-d8ef21b5e0a7,707b6ccf-c9d9-4c1d-97f4-516b572b2f9d,1697663818686122222
6a69421f-e399-4db8-897a-d8ef21b5e0a7,707b6ccf-c9d9-4c1d-97f4-516b572b2f9d,1697663818722144444
6a69421f-e399-4db8-897a-d8ef21b5e0a7,707b6ccf-c9d9-4c1d-97f4-516b572b2f9d,1697663818751455555
6a69421f-e399-4db8-897a-d8ef21b5e0a7,707b6ccf-c9d9-4c1d-97f4-516b572b2f9d,1697663818787988888
6a69421f-e399-4db8-897a-d8ef21b5e0a7,707b6ccf-c9d9-4c1d-97f4-516b572b2f9d,1697663818822722222
6a69421f-e399-4db8-897a-d8ef21b5e0a7,707b6ccf-c9d9-4c1d-97f4-516b572b2f9d,1697663818856033333
6a69421f-e399-4db8-897a-d8ef21b5e0a7,707b6ccf-c9d9-4c1d-97f4-516b572b2f9d,1697663818888977777
6a69421f-e399-4db8-897a-d8ef21b5e0a7,707b6ccf-c9d9-4c1d-97f4-516b572b2f9d,1697663818925366666
6a69421f-e399-4db8-897a-d8ef21b5e0a7,707b6ccf-c9d9-4c1d-97f4-516b572b2f9d,1697663818955977777
6a69421f-e399-4db8-897a-d8ef21b5e0a7,707b6ccf-c9d9-4c1d-97f4-516b572b2f9d,1697663818984944444
6a69421f-e399-4db8-897a-d8ef21b5e0a7,707b6ccf-c9d9-4c1d-97f4-516b572b2f9d,1697663819024444444
6a69421f-e399-4db8-897a-d8ef21b5e0a7,707b6ccf-c9d9-4c1d-97f4-516b572b2f9d,1697663819054488888
6a69421f-e399-4db8-897a-d8ef21b5e0a7,707b6ccf-c9d9-4c1d-97f4-516b572b2f9d,1697663819085900000
6a69421f-e399-4db8-897a-d8ef21b5e0a7,707b6ccf-c9d9-4c1d-97f4-516b572b2f9d,1697663819125766666
6a69421f-e399-4db8-897a-d8ef21b5e0a7,707b6ccf-c9d9-4c1d-97f4-516b572b2f9d,1697663819158388888
6a69421f-e399-4db8-897a-d8ef21b5e0a7,707b6ccf-c9d9-4c1d-97f4-516b572b2f9d,1697663819191566666
6a69421f-e399-4db8-897a-d8ef21b5e0a7,707b6ccf-c9d9-4c1d-97f4-516b572b2f9d,1697663819226000000
6a69421f-e399-4db8-897a-d8ef21b5e0a7,707b6ccf-c9d9-4c1d-97f4-516b572b2f9d,1697663819266233333
6a69421f-e399-4db8-897a-d8ef21b5e0a7,707b6ccf-c9d9-4c1d-97f4-516b572b2f9d,1697663819284433333
6a69421f-e399-4db8-897a-d8ef21b5e0a7,707b6ccf-c9d9-4c1d-97f4-516b572b2f9d,1697663819321577777
6a69421f-e399-4db8-897a-d8ef21b5e0a7,707b6ccf-c9d9-4c1d-97f4-516b572b2f9d,1697663819362044444
6a69421f-e399-4db8-897a-d8ef21b5e0a7,707b6ccf-c9d9-4c1d-97f4-516b572b2f9d,1697663819380088888
6a69421f-e399-4db8-897a-d8ef21b5e0a7,707b6ccf-c9d9-4c1d-97f4-516b572b2f9d,1697663819414900000
6a69421f-e399-4db8-897a-d8ef21b5e0a7,707b6ccf-c9d9-4c1d-97f4-516b572b2f9d,1697663819457611111
6a69421f-e399-4db8-897a-d8ef21b5e0a7,707b6ccf-c9d9-4c1d-97f4-516b572b2f9d,1697663819487622222
6a69421f-e399-4db8-897a-d8ef21b5e0a7,707b6ccf-c9d9-4c1d-97f4-516b572b2f9d,1697663819523322222
6a69421f-e399-4db8-897a-d8ef21b5e0a7,707b6ccf-c9d9-4c1d-97f4-516b572b2f9d,1697663819555577777
6a69421f-e399-4db8-897a-d8ef21b5e0a7,707b6ccf-c9d9-4c1d-97f4-516b572b2f9d,1697663819588177777
6a69421f-e399-4db8-897a-d8ef21b5e0a7,707b6ccf-c9d9-4c1d-97f4-516b572b2f9d,1697663819623966666
6a69421f-e399-4db8-897a-d8ef21b5e0a7,707b6ccf-c9d9-4c1d-97f4-516b572b2f9d,1697663819657244444
6a69421f-e399-4db8-897a-d8ef21b5e0a7,707b6ccf-c9d9-4c1d-97f4-516b572b2f9d,1697663819689088888
6a69421f-e399-4db8-897a-d8ef21b5e0a7,707b6ccf-c9d9-4c1d-97f4-516b572b2f9d,1697663819725200000
6a69421f-e399-4db8-897a-d8ef21b5e0a7,707b6ccf-c9d9-4c1d-97f4-516b572b2f9d,1697663819753866666
6a69421f-e399-4db8-897a-d8ef21b5e0a7,707b6ccf-c9d9-4c1d-97f4-516b572b2f9d,1697663819788433333
6a69421f-e399-4db8-897a-d8ef21b5e0a7,707b6ccf-c9d9-4c1d-97f4-516b572b2f9d,1697663819822622222
6a69421f-e399-4db8-897a-d8ef21b5e0a7,707b6ccf-c9d9-4c1d-97f4-516b572b2f9d,1697663819856522222
6a69421f-e399-4db8-897a-d8ef21b5e0a7,707b6ccf-c9d9-4c1d-97f4-516b572b2f9d,1697663819886933333
6a69421f-e399-4db8-897a-d8ef21b5e0a7,707b6ccf-c9d9-4c1d-97f4-516b572b2f9d,1697663819918444444
6a69421f-e399-4db8-897a-d8ef21b5e0a7,707b6ccf-c9d9-4c1d-97f4-516b572b2f9d,1697663819952200000
6a69421f-e399-4db8-897a-d8ef21b5e0a7,707b6ccf-c9d9-4c1d-97f4-516b572b2f9d,1697663819989577777
6a69421f-e399-4db8-897a-d8ef21b5e0a7,707b6ccf-c9d9-4c1d-97f4-516b572b2f9d,1697663820034944444
6a69421f-e399-4db8-897a-d8ef21b5e0a7,707b6ccf-c9d9-4c1d-97f4-516b572b2f9d,1697663820052944444
6a69421f-e399-4db8-897a-d8ef21b5e0a7,707b6ccf-c9d9-4c1d-97f4-516b572b2f9d,1697663820088055555
6a69421f-e399-4db8-897a-d8ef21b5e0a7,707b6ccf-c9d9-4c1d-97f4-516b572b2f9d,1697663820126022222
6a69421f-e399-4db8-897a-d8ef21b5e0a7,707b6ccf-c9d9-4c1d-97f4-516b572b2f9d,1697663820157144444
6a69421f-e399-4db8-897a-d8ef21b5e0a7,707b6ccf-c9d9-4c1d-97f4-516b572b2f9d,1697663820186711111
6a69421f-e399-4db8-897a-d8ef21b5e0a7,707b6ccf-c9d9-4c1d-97f4-516b572b2f9d,1697663820222711111
6a69421f-e399-4db8-897a-d8ef21b5e0a7,707b6ccf-c9d9-4c1d-97f4-516b572b2f9d,1697663820255488888
6a69421f-e399-4db8-897a-d8ef21b5e0a7,707b6ccf-c9d9-4c1d-97f4-516b572b2f9d,1697663820289444444
6a69421f-e399-4db8-897a-d8ef21b5e0a7,707b6ccf-c9d9-4c1d-97f4-516b572b2f9d,1697663820324444444
6a69421f-e399-4db8-897a-d8ef21b5e0a7,707b6ccf-c9d9-4c1d-97f4-516b572b2f9d,1697663820357388888
6a69421f-e399-4db8-897a-d8ef21b5e0a7,707b6ccf-c9d9-4c1d-97f4-516b572b2f9d,1697663820391633333
6a69421f-e399-4db8-897a-d8ef21b5e0a7,707b6ccf-c9d9-4c1d-97f4-516b572b2f9d,1697663820423766666
6a69421f-e399-4db8-897a-d8ef21b5e0a7,707b6ccf-c9d9-4c1d-97f4-516b572b2f9d,1697663820457800000
6a69421f-e399-4db8-897a-d8ef21b5e0a7,707b6ccf-c9d9-4c1d-97f4-516b572b2f9d,1697663820488811111
6a69421f-e399-4db8-897a-d8ef21b5e0a7,707b6ccf-c9d9-4c1d-97f4-516b572b2f9d,1697663820519044444
6a69421f-e399-4db8-897a-d8ef21b5e0a7,707b6ccf-c9d9-4c1d-97f4-516b572b2f9d,1697663820554288888
6a69421f-e399-4db8-897a-d8ef21b5e0a7,707b6ccf-c9d9-4c1d-97f4-516b572b2f9d,1697663820600633333
6a69421f-e399-4db8-897a-d8ef21b5e0a7,707b6ccf-c9d9-4c1d-97f4-516b572b2f9d,1697663820612144444
6a69421f-e399-4db8-897a-d8ef21b5e0a7,707b6ccf-c9d9-4c1d-97f4-516b572b2f9d,1697663820658322222
6a69421f-e399-4db8-897a-d8ef21b5e0a7,707b6ccf-c9d9-4c1d-97f4-516b572b2f9d,1697663820680611111
6a69421f-e399-4db8-897a-d8ef21b5e0a7,707b6ccf-c9d9-4c1d-97f4-516b572b2f9d,1697663820714677777
6a69421f-e399-4db8-897a-d8ef21b5e0a7,707b6ccf-c9d9-4c1d-97f4-516b572b2f9d,1697663820750455555
6a69421f-e399-4db8-897a-d8ef21b5e0a7,707b6ccf-c9d9-4c1d-97f4-516b572b2f9d,1697663820789511111
6a69421f-e399-4db8-897a-d8ef21b5e0a7,707b6ccf-c9d9-4c1d-97f4-516b572b2f9d,1697663820818400000
6a69421f-e399-4db8-897a-d8ef21b5e0a7,707b6ccf-c9d9-4c1d-97f4-516b572b2f9d,1697663820858444444
6a69421f-e399-4db8-897a-d8ef21b5e0a7,707b6ccf-c9d9-4c1d-97f4-516b572b2f9d,1697663820886155555
6a69421f-e399-4db8-897a-d8ef21b5e0a7,707b6ccf-c9d9-4c1d-97f4-516b572b2f9d,1697663820922566666
6a69421f-e399-4db8-897a-d8ef21b5e0a7,707b6ccf-c9d9-4c1d-97f4-516b572b2f9d,1697663820954555555
6a69421f-e399-4db8-897a-d8ef21b5e0a7,707b6ccf-c9d9-4c1d-97f4-516b572b2f9d,1697663820987655555
6a69421f-e399-4db8-897a-d8ef21b5e0a7,707b6ccf-c9d9-4c1d-97f4-516b572b2f9d,1697663821022466666
6a69421f-e399-4db8-897a-d8ef21b5e0a7,707b6ccf-c9d9-4c1d-97f4-516b572b2f9d,1697663821051000000
6a69421f-e399-4db8-897a-d8ef21b5e0a7,707b6ccf-c9d9-4c1d-97f4-516b572b2f9d,1697663821086544444
6a69421f-e399-4db8-897a-d8ef21b5e0a7,707b6ccf-c9d9-4c1d-97f4-516b572b2f9d,1697663821122022222
6a69421f-e399-4db8-897a-d8ef21b5e0a7,707b6ccf-c9d9-4c1d-97f4-516b572b2f9d,1697663821155977777
6a69421f-e399-4db8-897a-d8ef21b5e0a7,707b6ccf-c9d9-4c1d-97f4-516b572b2f9d,1697663821186800000
6a69421f-e399-4db8-897a-d8ef21b5e0a7,707b6ccf-c9d9-4c1d-97f4-516b572b2f9d,1697663821223277777
6a69421f-e399-4db8-897a-d8ef21b5e0a7,707b6ccf-c9d9-4c1d-97f4-516b572b2f9d,1697663821250222222
6a69421f-e399-4db8-897a-d8ef21b5e0a7,707b6ccf-c9d9-4c1d-97f4-516b572b2f9d,1697663821280888888
6a69421f-e399-4db8-897a-d8ef21b5e0a7,707b6ccf-c9d9-4c1d-97f4-516b572b2f9d,1697663821315766666
6a69421f-e399-4db8-897a-d8ef21b5e0a7,707b6ccf-c9d9-4c1d-97f4-516b572b2f9d,1697663821346555555
6a69421f-e399-4db8-897a-d8ef21b5e0a7,707b6ccf-c9d9-4c1d-97f4-516b572b2f9d,1697663821377833333
6a69421f-e399-4db8-897a-d8ef21b5e0a7,707b6ccf-c9d9-4c1d-97f4-516b572b2f9d,1697663821420577777
6a69421f-e399-4db8-897a-d8ef21b5e0a7,707b6ccf-c9d9-4c1d-97f4-516b572b2f9d,1697663821454833333
6a69421f-e399-4db8-897a-d8ef21b5e0a7,707b6ccf-c9d9-4c1d-97f4-516b572b2f9d,1697663821490588888
6a69421f-e399-4db8-897a-d8ef21b5e0a7,707b6ccf-c9d9-4c1d-97f4-516b572b2f9d,1697663821520455555
6a69421f-e399-4db8-897a-d8ef21b5e0a7,707b6ccf-c9d9-4c1d-97f4-516b572b2f9d,1697663821551155555
6a69421f-e399-4db8-897a-d8ef21b5e0a7,707b6ccf-c9d9-4c1d-97f4-516b572b2f9d,1697663821589711111
6a69421f-e399-4db8-897a-d8ef21b5e0a7,707b6ccf-c9d9-4c1d-97f4-516b572b2f9d,1697663821622800000
6a69421f-e399-4db8-897a-d8ef21b5e0a7,707b6ccf-c9d9-4c1d-97f4-516b572b2f9d,1697663821656377777
6a69421f-e399-4db8-897a-d8ef21b5e0a7,707b6ccf-c9d9-4c1d-97f4-516b572b2f9d,1697663821688044444
6a69421f-e399-4db8-897a-d8ef21b5e0a7,707b6ccf-c9d9-4c1d-97f4-516b572b2f9d,1697663821720800000
6a69421f-e399-4db8-897a-d8ef21b5e0a7,707b6ccf-c9d9-4c1d-97f4-516b572b2f9d,1697663821751700000
6a69421f-e399-4db8-897a-d8ef21b5e0a7,707b6ccf-c9d9-4c1d-97f4-516b572b2f9d,1697663821789822222
6a69421f-e399-4db8-897a-d8ef21b5e0a7,707b6ccf-c9d9-4c1d-97f4-516b572b2f9d,1697663821820233333
6a69421f-e399-4db8-897a-d8ef21b5e0a7,707b6ccf-c9d9-4c1d-97f4-516b572b2f9d,1697663821851400000
6a69421f-e399-4db8-897a-d8ef21b5e0a7,707b6ccf-c9d9-4c1d-97f4-516b572b2f9d,1697663821891411111
6a69421f-e399-4db8-897a-d8ef21b5e0a7,707b6ccf-c9d9-4c1d-97f4-516b572b2f9d,1697663821912055555
6a69421f-e399-4db8-897a-d8ef21b5e0a7,707b6ccf-c9d9-4c1d-97f4-516b572b2f9d,1697663821950266666
6a69421f-e399-4db8-897a-d8ef21b5e0a7,707b6ccf-c9d9-4c1d-97f4-516b572b2f9d,1697663821984000000
6a69421f-e399-4db8-897a-d8ef21b5e0a7,707b6ccf-c9d9-4c1d-97f4-516b572b2f9d,1697663822010855555
6a69421f-e399-4db8-897a-d8ef21b5e0a7,707b6ccf-c9d9-4c1d-97f4-516b572b2f9d,1697663822055377777
6a69421f-e399-4db8-897a-d8ef21b5e0a7,707b6ccf-c9d9-4c1d-97f4-516b572b2f9d,1697663822088544444
6a69421f-e399-4db8-897a-d8ef21b5e0a7,707b6ccf-c9d9-4c1d-97f4-516b572b2f9d,1697663822119555555
6a69421f-e399-4db8-897a-d8ef21b5e0a7,707b6ccf-c9d9-4c1d-97f4-516b572b2f9d,1697663822159022222
6a69421f-e399-4db8-897a-d8ef21b5e0a7,707b6ccf-c9d9-4c1d-97f4-516b572b2f9d,1697663822190766666
6a69421f-e399-4db8-897a-d8ef21b5e0a7,707b6ccf-c9d9-4c1d-97f4-516b572b2f9d,1697663822219333333
6a69421f-e399-4db8-897a-d8ef21b5e0a7,707b6ccf-c9d9-4c1d-97f4-516b572b2f9d,1697663822253777777
6a69421f-e399-4db8-897a-d8ef21b5e0a7,707b6ccf-c9d9-4c1d-97f4-516b572b2f9d,1697663822287922222
6a69421f-e399-4db8-897a-d8ef21b5e0a7,707b6ccf-c9d9-4c1d-97f4-516b572b2f9d,1697663822322622222
6a69421f-e399-4db8-897a-d8ef21b5e0a7,707b6ccf-c9d9-4c1d-97f4-516b572b2f9d,1697663822351000000
6a69421f-e399-4db8-897a-d8ef21b5e0a7,707b6ccf-c9d9-4c1d-97f4-516b572b2f9d,1697663822387188888
6a69421f-e399-4db8-897a-d8ef21b5e0a7,707b6ccf-c9d9-4c1d-97f4-516b572b2f9d,1697663822419344444
6a69421f-e399-4db8-897a-d8ef21b5e0a7,707b6ccf-c9d9-4c1d-97f4-516b572b2f9d,1697663822455744444
6a69421f-e399-4db8-897a-d8ef21b5e0a7,707b6ccf-c9d9-4c1d-97f4-516b572b2f9d,1697663822485455555
6a69421f-e399-4db8-897a-d8ef21b5e0a7,707b6ccf-c9d9-4c1d-97f4-516b572b2f9d,1697663822524055555
6a69421f-e399-4db8-897a-d8ef21b5e0a7,707b6ccf-c9d9-4c1d-97f4-516b572b2f9d,1697663822550433333
6a69421f-e399-4db8-897a-d8ef21b5e0a7,707b6ccf-c9d9-4c1d-97f4-516b572b2f9d,1697663822592844444
6a69421f-e399-4db8-897a-d8ef21b5e0a7,707b6ccf-c9d9-4c1d-97f4-516b572b2f9d,1697663822613055555
6a69421f-e399-4db8-897a-d8ef21b5e0a7,707b6ccf-c9d9-4c1d-97f4-516b572b2f9d,1697663822647433333
6a69421f-e399-4db8-897a-d8ef21b5e0a7,707b6ccf-c9d9-4c1d-97f4-516b572b2f9d,1697663822692666666
6a69421f-e399-4db8-897a-d8ef21b5e0a7,707b6ccf-c9d9-4c1d-97f4-516b572b2f9d,1697663822717977777
6a69421f-e399-4db8-897a-d8ef21b5e0a7,707b6ccf-c9d9-4c1d-97f4-516b572b2f9d,1697663822756144444
6a69421f-e399-4db8-897a-d8ef21b5e0a7,707b6ccf-c9d9-4c1d-97f4-516b572b2f9d,1697663822789966666
6a69421f-e399-4db8-897a-d8ef21b5e0a7,707b6ccf-c9d9-4c1d-97f4-516b572b2f9d,1697663822818200000
6a69421f-e399-4db8-897a-d8ef21b5e0a7,707b6ccf-c9d9-4c1d-97f4-516b572b2f9d,1697663822855200000
6a69421f-e399-4db8-897a-d8ef21b5e0a7,707b6ccf-c9d9-4c1d-97f4-516b572b2f9d,1697663822887133333
6a69421f-e399-4db8-897a-d8ef21b5e0a7,707b6ccf-c9d9-4c1d-97f4-516b572b2f9d,1697663822919744444
6a69421f-e399-4db8-897a-d8ef21b5e0a7,707b6ccf-c9d9-4c1d-97f4-516b572b2f9d,1697663822957666666
6a69421f-e399-4db8-897a-d8ef21b5e0a7,707b6ccf-c9d9-4c1d-97f4-516b572b2f9d,1697663822988555555
6a69421f-e399-4db8-897a-d8ef21b5e0a7,707b6ccf-c9d9-4c1d-97f4-516b572b2f9d,1697663823022933333
6a69421f-e399-4db8-897a-d8ef21b5e0a7,707b6ccf-c9d9-4c1d-97f4-516b572b2f9d,1697663823056233333
6a69421f-e399-4db8-897a-d8ef21b5e0a7,707b6ccf-c9d9-4c1d-97f4-516b572b2f9d,1697663823089655555
6a69421f-e399-4db8-897a-d8ef21b5e0a7,707b6ccf-c9d9-4c1d-97f4-516b572b2f9d,1697663823117466666
6a69421f-e399-4db8-897a-d8ef21b5e0a7,707b6ccf-c9d9-4c1d-97f4-516b572b2f9d,1697663823156766666
6a69421f-e399-4db8-897a-d8ef21b5e0a7,707b6ccf-c9d9-4c1d-97f4-516b572b2f9d,1697663823188633333
6a69421f-e399-4db8-897a-d8ef21b5e0a7,707b6ccf-c9d9-4c1d-97f4-516b572b2f9d,1697663823213133333
6a69421f-e399-4db8-897a-d8ef21b5e0a7,707b6ccf-c9d9-4c1d-97f4-516b572b2f9d,1697663823249600000
6a69421f-e399-4db8-897a-d8ef21b5e0a7,707b6ccf-c9d9-4c1d-97f4-516b572b2f9d,1697663823279533333
6a69421f-e399-4db8-897a-d8ef21b5e0a7,707b6ccf-c9d9-4c1d-97f4-516b572b2f9d,1697663823323711111
6a69421f-e399-4db8-897a-d8ef21b5e0a7,707b6ccf-c9d9-4c1d-97f4-516b572b2f9d,1697663823346388888
6a69421f-e399-4db8-897a-d8ef21b5e0a7,707b6ccf-c9d9-4c1d-97f4-516b572b2f9d,1697663823387911111
6a69421f-e399-4db8-897a-d8ef21b5e0a7,707b6ccf-c9d9-4c1d-97f4-516b572b2f9d,1697663823426322222
6a69421f-e399-4db8-897a-d8ef21b5e0a7,707b6ccf-c9d9-4c1d-97f4-516b572b2f9d,1697663823455466666
6a69421f-e399-4db8-897a-d8ef21b5e0a7,707b6ccf-c9d9-4c1d-97f4-516b572b2f9d,1697663823486022222
6a69421f-e399-4db8-897a-d8ef21b5e0a7,707b6ccf-c9d9-4c1d-97f4-516b572b2f9d,1697663823521477777
6a69421f-e399-4db8-897a-d8ef21b5e0a7,707b6ccf-c9d9-4c1d-97f4-516b572b2f9d,1697663823555733333
6a69421f-e399-4db8-897a-d8ef21b5e0a7,707b6ccf-c9d9-4c1d-97f4-516b572b2f9d,1697663823585388888
6a69421f-e399-4db8-897a-d8ef21b5e0a7,707b6ccf-c9d9-4c1d-97f4-516b572b2f9d,1697663823619166666
6a69421f-e399-4db8-897a-d8ef21b5e0a7,707b6ccf-c9d9-4c1d-97f4-516b572b2f9d,1697663823655588888
6a69421f-e399-4db8-897a-d8ef21b5e0a7,707b6ccf-c9d9-4c1d-97f4-516b572b2f9d,1697663823685533333
6a69421f-e399-4db8-897a-d8ef21b5e0a7,707b6ccf-c9d9-4c1d-97f4-516b572b2f9d,1697663823717855555
6a69421f-e399-4db8-897a-d8ef21b5e0a7,707b6ccf-c9d9-4c1d-97f4-516b572b2f9d,1697663823750344444
6a69421f-e399-4db8-897a-d8ef21b5e0a7,707b6ccf-c9d9-4c1d-97f4-516b572b2f9d,1697663823787066666
6a69421f-e399-4db8-897a-d8ef21b5e0a7,707b6ccf-c9d9-4c1d-97f4-516b572b2f9d,1697663823818366666
6a69421f-e399-4db8-897a-d8ef21b5e0a7,707b6ccf-c9d9-4c1d-97f4-516b572b2f9d,1697663823848200000
6a69421f-e399-4db8-897a-d8ef21b5e0a7,707b6ccf-c9d9-4c1d-97f4-516b572b2f9d,1697663823905577777
6a69421f-e399-4db8-897a-d8ef21b5e0a7,707b6ccf-c9d9-4c1d-97f4-516b572b2f9d,1697663823923922222
6a69421f-e399-4db8-897a-d8ef21b5e0a7,707b6ccf-c9d9-4c1d-97f4-516b572b2f9d,1697663823946144444
6a69421f-e399-4db8-897a-d8ef21b5e0a7,707b6ccf-c9d9-4c1d-97f4-516b572b2f9d,1697663823977911111
6a69421f-e399-4db8-897a-d8ef21b5e0a7,707b6ccf-c9d9-4c1d-97f4-516b572b2f9d,1697663824018777777
6a69421f-e399-4db8-897a-d8ef21b5e0a7,707b6ccf-c9d9-4c1d-97f4-516b572b2f9d,1697663824052422222
6a69421f-e399-4db8-897a-d8ef21b5e0a7,707b6ccf-c9d9-4c1d-97f4-516b572b2f9d,1697663824087433333
6a69421f-e399-4db8-897a-d8ef21b5e0a7,707b6ccf-c9d9-4c1d-97f4-516b572b2f9d,1697663824121544444
6a69421f-e399-4db8-897a-d8ef21b5e0a7,707b6ccf-c9d9-4c1d-97f4-516b572b2f9d,1697663824151488888
6a69421f-e399-4db8-897a-d8ef21b5e0a7,707b6ccf-c9d9-4c1d-97f4-516b572b2f9d,1697663824191144444
6a69421f-e399-4db8-897a-d8ef21b5e0a7,707b6ccf-c9d9-4c1d-97f4-516b572b2f9d,1697663824223588888
6a69421f-e399-4db8-897a-d8ef21b5e0a7,707b6ccf-c9d9-4c1d-97f4-516b572b2f9d,1697663824251666666
6a69421f-e399-4db8-897a-d8ef21b5e0a7,707b6ccf-c9d9-4c1d-97f4-516b572b2f9d,1697663824289544444
6a69421f-e399-4db8-897a-d8ef21b5e0a7,707b6ccf-c9d9-4c1d-97f4-516b572b2f9d,1697663824318955555
6a69421f-e399-4db8-897a-d8ef21b5e0a7,707b6ccf-c9d9-4c1d-97f4-516b572b2f9d,1697663824353455555
6a69421f-e399-4db8-897a-d8ef21b5e0a7,707b6ccf-c9d9-4c1d-97f4-516b572b2f9d,1697663824389855555
6a69421f-e399-4db8-897a-d8ef21b5e0a7,707b6ccf-c9d9-4c1d-97f4-516b572b2f9d,1697663824418933333
6a69421f-e399-4db8-897a-d8ef21b5e0a7,707b6ccf-c9d9-4c1d-97f4-516b572b2f9d,1697663824451600000
6a69421f-e399-4db8-897a-d8ef21b5e0a7,707b6ccf-c9d9-4c1d-97f4-516b572b2f9d,1697663824488533333
6a69421f-e399-4db8-897a-d8ef21b5e0a7,707b6ccf-c9d9-4c1d-97f4-516b572b2f9d,1697663824528666666
6a69421f-e399-4db8-897a-d8ef21b5e0a7,707b6ccf-c9d9-4c1d-97f4-516b572b2f9d,1697663824543822222
6a69421f-e399-4db8-897a-d8ef21b5e0a7,707b6ccf-c9d9-4c1d-97f4-516b572b2f9d,1697663824582900000
6a69421f-e399-4db8-897a-d8ef21b5e0a7,707b6ccf-c9d9-4c1d-97f4-516b572b2f9d,1697663824625477777
6a69421f-e399-4db8-897a-d8ef21b5e0a7,707b6ccf-c9d9-4c1d-97f4-516b572b2f9d,1697663824648711111
6a69421f-e399-4db8-897a-d8ef21b5e0a7,707b6ccf-c9d9-4c1d-97f4-516b572b2f9d,1697663824686866666
6a69421f-e399-4db8-897a-d8ef21b5e0a7,707b6ccf-c9d9-4c1d-97f4-516b572b2f9d,1697663824717755555
6a69421f-e399-4db8-897a-d8ef21b5e0a7,707b6ccf-c9d9-4c1d-97f4-516b572b2f9d,1697663824751444444
6a69421f-e399-4db8-897a-d8ef21b5e0a7,707b6ccf-c9d9-4c1d-97f4-516b572b2f9d,1697663824791566666
6a69421f-e399-4db8-897a-d8ef21b5e0a7,707b6ccf-c9d9-4c1d-97f4-516b572b2f9d,1697663824818433333
6a69421f-e399-4db8-897a-d8ef21b5e0a7,707b6ccf-c9d9-4c1d-97f4-516b572b2f9d,1697663824851522222
6a69421f-e399-4db8-897a-d8ef21b5e0a7,707b6ccf-c9d9-4c1d-97f4-516b572b2f9d,1697663824889877777
6a69421f-e399-4db8-897a-d8ef21b5e0a7,707b6ccf-c9d9-4c1d-97f4-516b572b2f9d,1697663824917844444
6a69421f-e399-4db8-897a-d8ef21b5e0a7,707b6ccf-c9d9-4c1d-97f4-516b572b2f9d,1697663824952988888
6a69421f-e399-4db8-897a-d8ef21b5e0a7,707b6ccf-c9d9-4c1d-97f4-516b572b2f9d,1697663824985522222
6a69421f-e399-4db8-897a-d8ef21b5e0a7,707b6ccf-c9d9-4c1d-97f4-516b572b2f9d,1697663825022688888
6a69421f-e399-4db8-897a-d8ef21b5e0a7,707b6ccf-c9d9-4c1d-97f4-516b572b2f9d,1697663825049500000
6a69421f-e399-4db8-897a-d8ef21b5e0a7,707b6ccf-c9d9-4c1d-97f4-516b572b2f9d,1697663825087944444
6a69421f-e399-4db8-897a-d8ef21b5e0a7,707b6ccf-c9d9-4c1d-97f4-516b572b2f9d,1697663825120611111
6a69421f-e399-4db8-897a-d8ef21b5e0a7,707b6ccf-c9d9-4c1d-97f4-516b572b2f9d,1697663825154622222
6a69421f-e399-4db8-897a-d8ef21b5e0a7,707b6ccf-c9d9-4c1d-97f4-516b572b2f9d,1697663825180711111
6a69421f-e399-4db8-897a-d8ef21b5e0a7,707b6ccf-c9d9-4c1d-97f4-516b572b2f9d,1697663825214066666
6a69421f-e399-4db8-897a-d8ef21b5e0a7,707b6ccf-c9d9-4c1d-97f4-516b572b2f9d,1697663825263466666
6a69421f-e399-4db8-897a-d8ef21b5e0a7,707b6ccf-c9d9-4c1d-97f4-516b572b2f9d,1697663825280322222
6a69421f-e399-4db8-897a-d8ef21b5e0a7,707b6ccf-c9d9-4c1d-97f4-516b572b2f9d,1697663825311366666
6a69421f-e399-4db8-897a-d8ef21b5e0a7,707b6ccf-c9d9-4c1d-97f4-516b572b2f9d,1697663825354288888
6a69421f-e399-4db8-897a-d8ef21b5e0a7,707b6ccf-c9d9-4c1d-97f4-516b572b2f9d,1697663825390644444
6a69421f-e399-4db8-897a-d8ef21b5e0a7,707b6ccf-c9d9-4c1d-97f4-516b572b2f9d,1697663825422588888
6a69421f-e399-4db8-897a-d8ef21b5e0a7,707b6ccf-c9d9-4c1d-97f4-516b572b2f9d,1697663825442166666
6a69421f-e399-4db8-897a-d8ef21b5e0a7,707b6ccf-c9d9-4c1d-97f4-516b572b2f9d,1697663825491633333
6a69421f-e399-4db8-897a-d8ef21b5e0a7,707b6ccf-c9d9-4c1d-97f4-516b572b2f9d,1697663825521700000
6a69421f-e399-4db8-897a-d8ef21b5e0a7,707b6ccf-c9d9-4c1d-97f4-516b572b2f9d,1697663825550444444
6a69421f-e399-4db8-897a-d8ef21b5e0a7,707b6ccf-c9d9-4c1d-97f4-516b572b2f9d,1697663825588344444
6a69421f-e399-4db8-897a-d8ef21b5e0a7,707b6ccf-c9d9-4c1d-97f4-516b572b2f9d,1697663825620344444
6a69421f-e399-4db8-897a-d8ef21b5e0a7,707b6ccf-c9d9-4c1d-97f4-516b572b2f9d,1697663825644011111
6a69421f-e399-4db8-897a-d8ef21b5e0a7,707b6ccf-c9d9-4c1d-97f4-516b572b2f9d,1697663825696066666
6a69421f-e399-4db8-897a-d8ef21b5e0a7,707b6ccf-c9d9-4c1d-97f4-516b572b2f9d,1697663825721933333
6a69421f-e399-4db8-897a-d8ef21b5e0a7,707b6ccf-c9d9-4c1d-97f4-516b572b2f9d,1697663825751700000
6a69421f-e399-4db8-897a-d8ef21b5e0a7,707b6ccf-c9d9-4c1d-97f4-516b572b2f9d,1697663825785822222
6a69421f-e399-4db8-897a-d8ef21b5e0a7,707b6ccf-c9d9-4c1d-97f4-516b572b2f9d,1697663825819833333
6a69421f-e399-4db8-897a-d8ef21b5e0a7,707b6ccf-c9d9-4c1d-97f4-516b572b2f9d,1697663825846422222
6a69421f-e399-4db8-897a-d8ef21b5e0a7,707b6ccf-c9d9-4c1d-97f4-516b572b2f9d,1697663825902711111
6a69421f-e399-4db8-897a-d8ef21b5e0a7,707b6ccf-c9d9-4c1d-97f4-516b572b2f9d,1697663825919466666
6a69421f-e399-4db8-897a-d8ef21b5e0a7,707b6ccf-c9d9-4c1d-97f4-516b572b2f9d,1697663825943044444
6a69421f-e399-4db8-897a-d8ef21b5e0a7,707b6ccf-c9d9-4c1d-97f4-516b572b2f9d,1697663825986422222
6a69421f-e399-4db8-897a-d8ef21b5e0a7,707b6ccf-c9d9-4c1d-97f4-516b572b2f9d,1697663826021866666
6a69421f-e399-4db8-897a-d8ef21b5e0a7,707b6ccf-c9d9-4c1d-97f4-516b572b2f9d,1697663826051733333
6a69421f-e399-4db8-897a-d8ef21b5e0a7,707b6ccf-c9d9-4c1d-97f4-516b572b2f9d,1697663826089611111
6a69421f-e399-4db8-897a-d8ef21b5e0a7,707b6ccf-c9d9-4c1d-97f4-516b572b2f9d,1697663826118811111
6a69421f-e399-4db8-897a-d8ef21b5e0a7,707b6ccf-c9d9-4c1d-97f4-516b572b2f9d,1697663826152033333
6a69421f-e399-4db8-897a-d8ef21b5e0a7,707b6ccf-c9d9-4c1d-97f4-516b572b2f9d,1697663826188977777
6a69421f-e399-4db8-897a-d8ef21b5e0a7,707b6ccf-c9d9-4c1d-97f4-516b572b2f9d,1697663826218200000
6a69421f-e399-4db8-897a-d8ef21b5e0a7,707b6ccf-c9d9-4c1d-97f4-516b572b2f9d,1697663826254244444
6a69421f-e399-4db8-897a-d8ef21b5e0a7,707b6ccf-c9d9-4c1d-97f4-516b572b2f9d,1697663826286811111
6a69421f-e399-4db8-897a-d8ef21b5e0a7,707b6ccf-c9d9-4c1d-97f4-516b572b2f9d,1697663826318911111
6a69421f-e399-4db8-897a-d8ef21b5e0a7,707b6ccf-c9d9-4c1d-97f4-516b572b2f9d,1697663826349677777
6a69421f-e399-4db8-897a-d8ef21b5e0a7,707b6ccf-c9d9-4c1d-97f4-516b572b2f9d,1697663826390922222
6a69421f-e399-4db8-897a-d8ef21b5e0a7,707b6ccf-c9d9-4c1d-97f4-516b572b2f9d,1697663826423055555
6a69421f-e399-4db8-897a-d8ef21b5e0a7,707b6ccf-c9d9-4c1d-97f4-516b572b2f9d,1697663826443766666
6a69421f-e399-4db8-897a-d8ef21b5e0a7,707b6ccf-c9d9-4c1d-97f4-516b572b2f9d,1697663826503500000
6a69421f-e399-4db8-897a-d8ef21b5e0a7,707b6ccf-c9d9-4c1d-97f4-516b572b2f9d,1697663826515100000
6a69421f-e399-4db8-897a-d8ef21b5e0a7,707b6ccf-c9d9-4c1d-97f4-516b572b2f9d,1697663826543566666
6a69421f-e399-4db8-897a-d8ef21b5e0a7,707b6ccf-c9d9-4c1d-97f4-516b572b2f9d,1697663826579200000
6a69421f-e399-4db8-897a-d8ef21b5e0a7,707b6ccf-c9d9-4c1d-97f4-516b572b2f9d,1697663826616533333
6a69421f-e399-4db8-897a-d8ef21b5e0a7,707b6ccf-c9d9-4c1d-97f4-516b572b2f9d,1697663826640144444
6a69421f-e399-4db8-897a-d8ef21b5e0a7,707b6ccf-c9d9-4c1d-97f4-516b572b2f9d,1697663826690577777
6a69421f-e399-4db8-897a-d8ef21b5e0a7,707b6ccf-c9d9-4c1d-97f4-516b572b2f9d,1697663826719711111
6a69421f-e399-4db8-897a-d8ef21b5e0a7,707b6ccf-c9d9-4c1d-97f4-516b572b2f9d,1697663826750055555
6a69421f-e399-4db8-897a-d8ef21b5e0a7,707b6ccf-c9d9-4c1d-97f4-516b572b2f9d,1697663826789255555
6a69421f-e399-4db8-897a-d8ef21b5e0a7,707b6ccf-c9d9-4c1d-97f4-516b572b2f9d,1697663826820144444
6a69421f-e399-4db8-897a-d8ef21b5e0a7,707b6ccf-c9d9-4c1d-97f4-516b572b2f9d,1697663826852688888
6a69421f-e399-4db8-897a-d8ef21b5e0a7,707b6ccf-c9d9-4c1d-97f4-516b572b2f9d,1697663826888211111
6a69421f-e399-4db8-897a-d8ef21b5e0a7,707b6ccf-c9d9-4c1d-97f4-516b572b2f9d,1697663826915844444
6a69421f-e399-4db8-897a-d8ef21b5e0a7,707b6ccf-c9d9-4c1d-97f4-516b572b2f9d,1697663826950211111
6a69421f-e399-4db8-897a-d8ef21b5e0a7,707b6ccf-c9d9-4c1d-97f4-516b572b2f9d,1697663826987622222
6a69421f-e399-4db8-897a-d8ef21b5e0a7,707b6ccf-c9d9-4c1d-97f4-516b572b2f9d,1697663827019022222
6a69421f-e399-4db8-897a-d8ef21b5e0a7,707b6ccf-c9d9-4c1d-97f4-516b572b2f9d,1697663827051300000
6a69421f-e399-4db8-897a-d8ef21b5e0a7,707b6ccf-c9d9-4c1d-97f4-516b572b2f9d,1697663827084033333
6a69421f-e399-4db8-897a-d8ef21b5e0a7,707b6ccf-c9d9-4c1d-97f4-516b572b2f9d,1697663827118922222
6a69421f-e399-4db8-897a-d8ef21b5e0a7,707b6ccf-c9d9-4c1d-97f4-516b572b2f9d,1697663827162077777
6a69421f-e399-4db8-897a-d8ef21b5e0a7,707b6ccf-c9d9-4c1d-97f4-516b572b2f9d,1697663827174900000
6a69421f-e399-4db8-897a-d8ef21b5e0a7,707b6ccf-c9d9-4c1d-97f4-516b572b2f9d,1697663827211055555
6a69421f-e399-4db8-897a-d8ef21b5e0a7,707b6ccf-c9d9-4c1d-97f4-516b572b2f9d,1697663827256344444
6a69421f-e399-4db8-897a-d8ef21b5e0a7,707b6ccf-c9d9-4c1d-97f4-516b572b2f9d,1697663827292233333
6a69421f-e399-4db8-897a-d8ef21b5e0a7,707b6ccf-c9d9-4c1d-97f4-516b572b2f9d,1697663827320822222
6a69421f-e399-4db8-897a-d8ef21b5e0a7,707b6ccf-c9d9-4c1d-97f4-516b572b2f9d,1697663827342777777
6a69421f-e399-4db8-897a-d8ef21b5e0a7,707b6ccf-c9d9-4c1d-97f4-516b572b2f9d,1697663827381833333
6a69421f-e399-4db8-897a-d8ef21b5e0a7,707b6ccf-c9d9-4c1d-97f4-516b572b2f9d,1697663827418755555
6a69421f-e399-4db8-897a-d8ef21b5e0a7,707b6ccf-c9d9-4c1d-97f4-516b572b2f9d,1697663827447688888
6a69421f-e399-4db8-897a-d8ef21b5e0a7,707b6ccf-c9d9-4c1d-97f4-516b572b2f9d,1697663827479955555
6a69421f-e399-4db8-897a-d8ef21b5e0a7,707b6ccf-c9d9-4c1d-97f4-516b572b2f9d,1697663827516722222
6a69421f-e399-4db8-897a-d8ef21b5e0a7,707b6ccf-c9d9-4c1d-97f4-516b572b2f9d,1697663827549066666
6a69421f-e399-4db8-897a-d8ef21b5e0a7,707b6ccf-c9d9-4c1d-97f4-516b572b2f9d,1697663827590622222
6a69421f-e399-4db8-897a-d8ef21b5e0a7,707b6ccf-c9d9-4c1d-97f4-516b572b2f9d,1697663827619033333
6a69421f-e399-4db8-897a-d8ef21b5e0a7,707b6ccf-c9d9-4c1d-97f4-516b572b2f9d,1697663827649633333
6a69421f-e399-4db8-897a-d8ef21b5e0a7,707b6ccf-c9d9-4c1d-97f4-516b572b2f9d,1697663827681755555
6a69421f-e399-4db8-897a-d8ef21b5e0a7,707b6ccf-c9d9-4c1d-97f4-516b572b2f9d,1697663827717211111
6a69421f-e399-4db8-897a-d8ef21b5e0a7,707b6ccf-c9d9-4c1d-97f4-516b572b2f9d,1697663827750177777
6a69421f-e399-4db8-897a-d8ef21b5e0a7,707b6ccf-c9d9-4c1d-97f4-516b572b2f9d,1697663827785600000
6a69421f-e399-4db8-897a-d8ef21b5e0a7,707b6ccf-c9d9-4c1d-97f4-516b572b2f9d,1697663827828422222
6a69421f-e399-4db8-897a-d8ef21b5e0a7,707b6ccf-c9d9-4c1d-97f4-516b572b2f9d,1697663827841266666
6a69421f-e399-4db8-897a-d8ef21b5e0a7,707b6ccf-c9d9-4c1d-97f4-516b572b2f9d,1697663827879555555
6a69421f-e399-4db8-897a-d8ef21b5e0a7,707b6ccf-c9d9-4c1d-97f4-516b572b2f9d,1697663827921588888
6a69421f-e399-4db8-897a-d8ef21b5e0a7,707b6ccf-c9d9-4c1d-97f4-516b572b2f9d,1697663827942844444
6a69421f-e399-4db8-897a-d8ef21b5e0a7,707b6ccf-c9d9-4c1d-97f4-516b572b2f9d,1697663827983933333
6a69421f-e399-4db8-897a-d8ef21b5e0a7,707b6ccf-c9d9-4c1d-97f4-516b572b2f9d,1697663828018544444
6a69421f-e399-4db8-897a-d8ef21b5e0a7,707b6ccf-c9d9-4c1d-97f4-516b572b2f9d,1697663828054488888
6a69421f-e399-4db8-897a-d8ef21b5e0a7,707b6ccf-c9d9-4c1d-97f4-516b572b2f9d,1697663828081277777
6a69421f-e399-4db8-897a-d8ef21b5e0a7,707b6ccf-c9d9-4c1d-97f4-516b572b2f9d,1697663828121811111
6a69421f-e399-4db8-897a-d8ef21b5e0a7,707b6ccf-c9d9-4c1d-97f4-516b572b2f9d,1697663828150533333
6a69421f-e399-4db8-897a-d8ef21b5e0a7,707b6ccf-c9d9-4c1d-97f4-516b572b2f9d,1697663828182877777
6a69421f-e399-4db8-897a-d8ef21b5e0a7,707b6ccf-c9d9-4c1d-97f4-516b572b2f9d,1697663828219377777
6a69421f-e399-4db8-897a-d8ef21b5e0a7,707b6ccf-c9d9-4c1d-97f4-516b572b2f9d,1697663828250855555
6a69421f-e399-4db8-897a-d8ef21b5e0a7,707b6ccf-c9d9-4c1d-97f4-516b572b2f9d,1697663828281344444
6a69421f-e399-4db8-897a-d8ef21b5e0a7,707b6ccf-c9d9-4c1d-97f4-516b572b2f9d,1697663828318544444
6a69421f-e399-4db8-897a-d8ef21b5e0a7,707b6ccf-c9d9-4c1d-97f4-516b572b2f9d,1697663828349866666
6a69421f-e399-4db8-897a-d8ef21b5e0a7,707b6ccf-c9d9-4c1d-97f4-516b572b2f9d,1697663828385966666
6a69421f-e399-4db8-897a-d8ef21b5e0a7,707b6ccf-c9d9-4c1d-97f4-516b572b2f9d,1697663828418788888
6a69421f-e399-4db8-897a-d8ef21b5e0a7,707b6ccf-c9d9-4c1d-97f4-516b572b2f9d,1697663828450511111
6a69421f-e399-4db8-897a-d8ef21b5e0a7,707b6ccf-c9d9-4c1d-97f4-516b572b2f9d,1697663828503666666
6a69421f-e399-4db8-897a-d8ef21b5e0a7,707b6ccf-c9d9-4c1d-97f4-516b572b2f9d,1697663828515055555
6a69421f-e399-4db8-897a-d8ef21b5e0a7,707b6ccf-c9d9-4c1d-97f4-516b572b2f9d,1697663828558122222
6a69421f-e399-4db8-897a-d8ef21b5e0a7,707b6ccf-c9d9-4c1d-97f4-516b572b2f9d,1697663828574755555
6a69421f-e399-4db8-897a-d8ef21b5e0a7,707b6ccf-c9d9-4c1d-97f4-516b572b2f9d,1697663828621844444
6a69421f-e399-4db8-897a-d8ef21b5e0a7,707b6ccf-c9d9-4c1d-97f4-516b572b2f9d,1697663828641511111
6a69421f-e399-4db8-897a-d8ef21b5e0a7,707b6ccf-c9d9-4c1d-97f4-516b572b2f9d,1697663828682077777
6a69421f-e399-4db8-897a-d8ef21b5e0a7,707b6ccf-c9d9-4c1d-97f4-516b572b2f9d,1697663828721933333
6a69421f-e399-4db8-897a-d8ef21b5e0a7,707b6ccf-c9d9-4c1d-97f4-516b572b2f9d,1697663828750222222
6a69421f-e399-4db8-897a-d8ef21b5e0a7,707b6ccf-c9d9-4c1d-97f4-516b572b2f9d,1697663828782288888
6a69421f-e399-4db8-897a-d8ef21b5e0a7,707b6ccf-c9d9-4c1d-97f4-516b572b2f9d,1697663828819311111
6a69421f-e399-4db8-897a-d8ef21b5e0a7,707b6ccf-c9d9-4c1d-97f4-516b572b2f9d,1697663828854033333
6a69421f-e399-4db8-897a-d8ef21b5e0a7,707b6ccf-c9d9-4c1d-97f4-516b572b2f9d,1697663828880511111
6a69421f-e399-4db8-897a-d8ef21b5e0a7,707b6ccf-c9d9-4c1d-97f4-516b572b2f9d,1697663828919255555
6a69421f-e399-4db8-897a-d8ef21b5e0a7,707b6ccf-c9d9-4c1d-97f4-516b572b2f9d,1697663828951100000
6a69421f-e399-4db8-897a-d8ef21b5e0a7,707b6ccf-c9d9-4c1d-97f4-516b572b2f9d,1697663828981977777
6a69421f-e399-4db8-897a-d8ef21b5e0a7,707b6ccf-c9d9-4c1d-97f4-516b572b2f9d,1697663829019433333
6a69421f-e399-4db8-897a-d8ef21b5e0a7,707b6ccf-c9d9-4c1d-97f4-516b572b2f9d,1697663829050177777
6a69421f-e399-4db8-897a-d8ef21b5e0a7,707b6ccf-c9d9-4c1d-97f4-516b572b2f9d,1697663829083166666
6a69421f-e399-4db8-897a-d8ef21b5e0a7,707b6ccf-c9d9-4c1d-97f4-516b572b2f9d,1697663829118466666
6a69421f-e399-4db8-897a-d8ef21b5e0a7,707b6ccf-c9d9-4c1d-97f4-516b572b2f9d,1697663829161933333
6a69421f-e399-4db8-897a-d8ef21b5e0a7,707b6ccf-c9d9-4c1d-97f4-516b572b2f9d,1697663829177966666
6a69421f-e399-4db8-897a-d8ef21b5e0a7,707b6ccf-c9d9-4c1d-97f4-516b572b2f9d,1697663829210544444
6a69421f-e399-4db8-897a-d8ef21b5e0a7,707b6ccf-c9d9-4c1d-97f4-516b572b2f9d,1697663829244711111
6a69421f-e399-4db8-897a-d8ef21b5e0a7,707b6ccf-c9d9-4c1d-97f4-516b572b2f9d,1697663829279200000
6a69421f-e399-4db8-897a-d8ef21b5e0a7,707b6ccf-c9d9-4c1d-97f4-516b572b2f9d,1697663829314566666
6a69421f-e399-4db8-897a-d8ef21b5e0a7,707b6ccf-c9d9-4c1d-97f4-516b572b2f9d,1697663829354066666
6a69421f-e399-4db8-897a-d8ef21b5e0a7,707b6ccf-c9d9-4c1d-97f4-516b572b2f9d,1697663829382077777
6a69421f-e399-4db8-897a-d8ef21b5e0a7,707b6ccf-c9d9-4c1d-97f4-516b572b2f9d,1697663829419444444
6a69421f-e399-4db8-897a-d8ef21b5e0a7,707b6ccf-c9d9-4c1d-97f4-516b572b2f9d,1697663829453022222
6a69421f-e399-4db8-897a-d8ef21b5e0a7,707b6ccf-c9d9-4c1d-97f4-516b572b2f9d,1697663829482666666
6a69421f-e399-4db8-897a-d8ef21b5e0a7,707b6ccf-c9d9-4c1d-97f4-516b572b2f9d,1697663829526988888
6a69421f-e399-4db8-897a-d8ef21b5e0a7,707b6ccf-c9d9-4c1d-97f4-516b572b2f9d,1697663829552622222
6a69421f-e399-4db8-897a-d8ef21b5e0a7,707b6ccf-c9d9-4c1d-97f4-516b572b2f9d,1697663829583322222
6a69421f-e399-4db8-897a-d8ef21b5e0a7,707b6ccf-c9d9-4c1d-97f4-516b572b2f9d,1697663829618077777
6a69421f-e399-4db8-897a-d8ef21b5e0a7,707b6ccf-c9d9-4c1d-97f4-516b572b2f9d,1697663829653544444
6a69421f-e399-4db8-897a-d8ef21b5e0a7,707b6ccf-c9d9-4c1d-97f4-516b572b2f9d,1697663829683044444
6a69421f-e399-4db8-897a-d8ef21b5e0a7,707b6ccf-c9d9-4c1d-97f4-516b572b2f9d,1697663829719333333
6a69421f-e399-4db8-897a-d8ef21b5e0a7,707b6ccf-c9d9-4c1d-97f4-516b572b2f9d,1697663829751711111
6a69421f-e399-4db8-897a-d8ef21b5e0a7,707b6ccf-c9d9-4c1d-97f4-516b572b2f9d,1697663829782988888
6a69421f-e399-4db8-897a-d8ef21b5e0a7,707b6ccf-c9d9-4c1d-97f4-516b572b2f9d,1697663829820844444
6a69421f-e399-4db8-897a-d8ef21b5e0a7,707b6ccf-c9d9-4c1d-97f4-516b572b2f9d,1697663829842377777
6a69421f-e399-4db8-897a-d8ef21b5e0a7,707b6ccf-c9d9-4c1d-97f4-516b572b2f9d,1697663829886733333
6a69421f-e399-4db8-897a-d8ef21b5e0a7,707b6ccf-c9d9-4c1d-97f4-516b572b2f9d,1697663829923677777
6a69421f-e399-4db8-897a-d8ef21b5e0a7,707b6ccf-c9d9-4c1d-97f4-516b572b2f9d,1697663829942488888
6a69421f-e399-4db8-897a-d8ef21b5e0a7,707b6ccf-c9d9-4c1d-97f4-516b572b2f9d,1697663829983411111
6a69421f-e399-4db8-897a-d8ef21b5e0a7,707b6ccf-c9d9-4c1d-97f4-516b572b2f9d,1697663830019288888
6a69421f-e399-4db8-897a-d8ef21b5e0a7,707b6ccf-c9d9-4c1d-97f4-516b572b2f9d,1697663830051700000
6a69421f-e399-4db8-897a-d8ef21b5e0a7,707b6ccf-c9d9-4c1d-97f4-516b572b2f9d,1697663830082622222
6a69421f-e399-4db8-897a-d8ef21b5e0a7,707b6ccf-c9d9-4c1d-97f4-516b572b2f9d,1697663830122666666
6a69421f-e399-4db8-897a-d8ef21b5e0a7,707b6ccf-c9d9-4c1d-97f4-516b572b2f9d,1697663830145033333
6a69421f-e399-4db8-897a-d8ef21b5e0a7,707b6ccf-c9d9-4c1d-97f4-516b572b2f9d,1697663830183466666
6a69421f-e399-4db8-897a-d8ef21b5e0a7,707b6ccf-c9d9-4c1d-97f4-516b572b2f9d,1697663830214822222
6a69421f-e399-4db8-897a-d8ef21b5e0a7,707b6ccf-c9d9-4c1d-97f4-516b572b2f9d,1697663830251233333
6a69421f-e399-4db8-897a-d8ef21b5e0a7,707b6ccf-c9d9-4c1d-97f4-516b572b2f9d,1697663830282100000
6a69421f-e399-4db8-897a-d8ef21b5e0a7,707b6ccf-c9d9-4c1d-97f4-516b572b2f9d,1697663830315922222
6a69421f-e399-4db8-897a-d8ef21b5e0a7,707b6ccf-c9d9-4c1d-97f4-516b572b2f9d,1697663830350533333
6a69421f-e399-4db8-897a-d8ef21b5e0a7,707b6ccf-c9d9-4c1d-97f4-516b572b2f9d,1697663830382955555
6a69421f-e399-4db8-897a-d8ef21b5e0a7,707b6ccf-c9d9-4c1d-97f4-516b572b2f9d,1697663830416233333
6a69421f-e399-4db8-897a-d8ef21b5e0a7,707b6ccf-c9d9-4c1d-97f4-516b572b2f9d,1697663830449822222
6a69421f-e399-4db8-897a-d8ef21b5e0a7,707b6ccf-c9d9-4c1d-97f4-516b572b2f9d,1697663830492111111
6a69421f-e399-4db8-897a-d8ef21b5e0a7,707b6ccf-c9d9-4c1d-97f4-516b572b2f9d,1697663830521955555
6a69421f-e399-4db8-897a-d8ef21b5e0a7,707b6ccf-c9d9-4c1d-97f4-516b572b2f9d,1697663830541344444
6a69421f-e399-4db8-897a-d8ef21b5e0a7,707b6ccf-c9d9-4c1d-97f4-516b572b2f9d,1697663830576322222
6a69421f-e399-4db8-897a-d8ef21b5e0a7,707b6ccf-c9d9-4c1d-97f4-516b572b2f9d,1697663830611966666
6a69421f-e399-4db8-897a-d8ef21b5e0a7,707b6ccf-c9d9-4c1d-97f4-516b572b2f9d,1697663830651655555
6a69421f-e399-4db8-897a-d8ef21b5e0a7,707b6ccf-c9d9-4c1d-97f4-516b572b2f9d,1697663830682144444
6a69421f-e399-4db8-897a-d8ef21b5e0a7,707b6ccf-c9d9-4c1d-97f4-516b572b2f9d,1697663830714466666
6a69421f-e399-4db8-897a-d8ef21b5e0a7,707b6ccf-c9d9-4c1d-97f4-516b572b2f9d,1697663830751711111
6a69421f-e399-4db8-897a-d8ef21b5e0a7,707b6ccf-c9d9-4c1d-97f4-516b572b2f9d,1697663830783822222
6a69421f-e399-4db8-897a-d8ef21b5e0a7,707b6ccf-c9d9-4c1d-97f4-516b572b2f9d,1697663830813733333
6a69421f-e399-4db8-897a-d8ef21b5e0a7,707b6ccf-c9d9-4c1d-97f4-516b572b2f9d,1697663830849977777
6a69421f-e399-4db8-897a-d8ef21b5e0a7,707b6ccf-c9d9-4c1d-97f4-516b572b2f9d,1697663830885177777
6a69421f-e399-4db8-897a-d8ef21b5e0a7,707b6ccf-c9d9-4c1d-97f4-516b572b2f9d,1697663830914188888
6a69421f-e399-4db8-897a-d8ef21b5e0a7,707b6ccf-c9d9-4c1d-97f4-516b572b2f9d,1697663830950688888
6a69421f-e399-4db8-897a-d8ef21b5e0a7,707b6ccf-c9d9-4c1d-97f4-516b572b2f9d,1697663830985244444
6a69421f-e399-4db8-897a-d8ef21b5e0a7,707b6ccf-c9d9-4c1d-97f4-516b572b2f9d,1697663831018522222
6a69421f-e399-4db8-897a-d8ef21b5e0a7,707b6ccf-c9d9-4c1d-97f4-516b572b2f9d,1697663831051577777
6a69421f-e399-4db8-897a-d8ef21b5e0a7,707b6ccf-c9d9-4c1d-97f4-516b572b2f9d,1697663831082422222
6a69421f-e399-4db8-897a-d8ef21b5e0a7,707b6ccf-c9d9-4c1d-97f4-516b572b2f9d,1697663831116022222
6a69421f-e399-4db8-897a-d8ef21b5e0a7,707b6ccf-c9d9-4c1d-97f4-516b572b2f9d,1697663831164200000
6a69421f-e399-4db8-897a-d8ef21b5e0a7,707b6ccf-c9d9-4c1d-97f4-516b572b2f9d,1697663831176711111
6a69421f-e399-4db8-897a-d8ef21b5e0a7,707b6ccf-c9d9-4c1d-97f4-516b572b2f9d,1697663831209311111
6a69421f-e399-4db8-897a-d8ef21b5e0a7,707b6ccf-c9d9-4c1d-97f4-516b572b2f9d,1697663831242688888
6a69421f-e399-4db8-897a-d8ef21b5e0a7,707b6ccf-c9d9-4c1d-97f4-516b572b2f9d,1697663831279766666
6a69421f-e399-4db8-897a-d8ef21b5e0a7,707b6ccf-c9d9-4c1d-97f4-516b572b2f9d,1697663831306088888
6a69421f-e399-4db8-897a-d8ef21b5e0a7,707b6ccf-c9d9-4c1d-97f4-516b572b2f9d,1697663831353000000
6a69421f-e399-4db8-897a-d8ef21b5e0a7,707b6ccf-c9d9-4c1d-97f4-516b572b2f9d,1697663831383411111
6a69421f-e399-4db8-897a-d8ef21b5e0a7,707b6ccf-c9d9-4c1d-97f4-516b572b2f9d,1697663831414288888
6a69421f-e399-4db8-897a-d8ef21b5e0a7,707b6ccf-c9d9-4c1d-97f4-516b572b2f9d,1697663831450277777
6a69421f-e399-4db8-897a-d8ef21b5e0a7,707b6ccf-c9d9-4c1d-97f4-516b572b2f9d,1697663831484333333
6a69421f-e399-4db8-897a-d8ef21b5e0a7,707b6ccf-c9d9-4c1d-97f4-516b572b2f9d,1697663831517122222
6a69421f-e399-4db8-897a-d8ef21b5e0a7,707b6ccf-c9d9-4c1d-97f4-516b572b2f9d,1697663831554022222
6a69421f-e399-4db8-897a-d8ef21b5e0a7,707b6ccf-c9d9-4c1d-97f4-516b572b2f9d,1697663831585011111
6a69421f-e399-4db8-897a-d8ef21b5e0a7,707b6ccf-c9d9-4c1d-97f4-516b572b2f9d,1697663831618622222
6a69421f-e399-4db8-897a-d8ef21b5e0a7,707b6ccf-c9d9-4c1d-97f4-516b572b2f9d,1697663831653388888
6a69421f-e399-4db8-897a-d8ef21b5e0a7,707b6ccf-c9d9-4c1d-97f4-516b572b2f9d,1697663831686433333
6a69421f-e399-4db8-897a-d8ef21b5e0a7,707b6ccf-c9d9-4c1d-97f4-516b572b2f9d,1697663831718055555
6a69421f-e399-4db8-897a-d8ef21b5e0a7,707b6ccf-c9d9-4c1d-97f4-516b572b2f9d,1697663831747488888
6a69421f-e399-4db8-897a-d8ef21b5e0a7,707b6ccf-c9d9-4c1d-97f4-516b572b2f9d,1697663831782633333
6a69421f-e399-4db8-897a-d8ef21b5e0a7,707b6ccf-c9d9-4c1d-97f4-516b572b2f9d,1697663831828066666
6a69421f-e399-4db8-897a-d8ef21b5e0a7,707b6ccf-c9d9-4c1d-97f4-516b572b2f9d,1697663831846988888
6a69421f-e399-4db8-897a-d8ef21b5e0a7,707b6ccf-c9d9-4c1d-97f4-516b572b2f9d,1697663831879788888
6a69421f-e399-4db8-897a-d8ef21b5e0a7,707b6ccf-c9d9-4c1d-97f4-516b572b2f9d,1697663831917866666
6a69421f-e399-4db8-897a-d8ef21b5e0a7,707b6ccf-c9d9-4c1d-97f4-516b572b2f9d,1697663831948866666
6a69421f-e399-4db8-897a-d8ef21b5e0a7,707b6ccf-c9d9-4c1d-97f4-516b572b2f9d,1697663831975611111
6a69421f-e399-4db8-897a-d8ef21b5e0a7,707b6ccf-c9d9-4c1d-97f4-516b572b2f9d,1697663832013644444
6a69421f-e399-4db8-897a-d8ef21b5e0a7,707b6ccf-c9d9-4c1d-97f4-516b572b2f9d,1697663832051766666
6a69421f-e399-4db8-897a-d8ef21b5e0a7,707b6ccf-c9d9-4c1d-97f4-516b572b2f9d,1697663832083933333
6a69421f-e399-4db8-897a-d8ef21b5e0a7,707b6ccf-c9d9-4c1d-97f4-516b572b2f9d,1697663832114466666
6a69421f-e399-4db8-897a-d8ef21b5e0a7,707b6ccf-c9d9-4c1d-97f4-516b572b2f9d,1697663832149377777
6a69421f-e399-4db8-897a-d8ef21b5e0a7,707b6ccf-c9d9-4c1d-97f4-516b572b2f9d,1697663832182933333
6a69421f-e399-4db8-897a-d8ef21b5e0a7,707b6ccf-c9d9-4c1d-97f4-516b572b2f9d,1697663832215355555
6a69421f-e399-4db8-897a-d8ef21b5e0a7,707b6ccf-c9d9-4c1d-97f4-516b572b2f9d,1697663832250177777
6a69421f-e399-4db8-897a-d8ef21b5e0a7,707b6ccf-c9d9-4c1d-97f4-516b572b2f9d,1697663832284322222
6a69421f-e399-4db8-897a-d8ef21b5e0a7,707b6ccf-c9d9-4c1d-97f4-516b572b2f9d,1697663832313888888
6a69421f-e399-4db8-897a-d8ef21b5e0a7,707b6ccf-c9d9-4c1d-97f4-516b572b2f9d,1697663832352066666
6a69421f-e399-4db8-897a-d8ef21b5e0a7,707b6ccf-c9d9-4c1d-97f4-516b572b2f9d,1697663832388688888
6a69421f-e399-4db8-897a-d8ef21b5e0a7,707b6ccf-c9d9-4c1d-97f4-516b572b2f9d,1697663832417055555
6a69421f-e399-4db8-897a-d8ef21b5e0a7,707b6ccf-c9d9-4c1d-97f4-516b572b2f9d,1697663832449322222
6a69421f-e399-4db8-897a-d8ef21b5e0a7,707b6ccf-c9d9-4c1d-97f4-516b572b2f9d,1697663832501155555
6a69421f-e399-4db8-897a-d8ef21b5e0a7,707b6ccf-c9d9-4c1d-97f4-516b572b2f9d,1697663832519233333
6a69421f-e399-4db8-897a-d8ef21b5e0a7,707b6ccf-c9d9-4c1d-97f4-516b572b2f9d,1697663832542811111
6a69421f-e399-4db8-897a-d8ef21b5e0a7,707b6ccf-c9d9-4c1d-97f4-516b572b2f9d,1697663832575533333
6a69421f-e399-4db8-897a-d8ef21b5e0a7,707b6ccf-c9d9-4c1d-97f4-516b572b2f9d,1697663832616688888
6a69421f-e399-4db8-897a-d8ef21b5e0a7,707b6ccf-c9d9-4c1d-97f4-516b572b2f9d,1697663832642366666
6a69421f-e399-4db8-897a-d8ef21b5e0a7,707b6ccf-c9d9-4c1d-97f4-516b572b2f9d,1697663832683033333
6a69421f-e399-4db8-897a-d8ef21b5e0a7,707b6ccf-c9d9-4c1d-97f4-516b572b2f9d,1697663832714888888
6a69421f-e399-4db8-897a-d8ef21b5e0a7,707b6ccf-c9d9-4c1d-97f4-516b572b2f9d,1697663832749833333
6a69421f-e399-4db8-897a-d8ef21b5e0a7,707b6ccf-c9d9-4c1d-97f4-516b572b2f9d,1697663832786733333
6a69421f-e399-4db8-897a-d8ef21b5e0a7,707b6ccf-c9d9-4c1d-97f4-516b572b2f9d,1697663832819255555
6a69421f-e399-4db8-897a-d8ef21b5e0a7,707b6ccf-c9d9-4c1d-97f4-516b572b2f9d,1697663832854344444
6a69421f-e399-4db8-897a-d8ef21b5e0a7,707b6ccf-c9d9-4c1d-97f4-516b572b2f9d,1697663832883433333
6a69421f-e399-4db8-897a-d8ef21b5e0a7,707b6ccf-c9d9-4c1d-97f4-516b572b2f9d,1697663832917077777
6a69421f-e399-4db8-897a-d8ef21b5e0a7,707b6ccf-c9d9-4c1d-97f4-516b572b2f9d,1697663832951600000
6a69421f-e399-4db8-897a-d8ef21b5e0a7,707b6ccf-c9d9-4c1d-97f4-516b572b2f9d,1697663832983800000
6a69421f-e399-4db8-897a-d8ef21b5e0a7,707b6ccf-c9d9-4c1d-97f4-516b572b2f9d,1697663833016355555
6a69421f-e399-4db8-897a-d8ef21b5e0a7,707b6ccf-c9d9-4c1d-97f4-516b572b2f9d,1697663833054911111
6a69421f-e399-4db8-897a-d8ef21b5e0a7,707b6ccf-c9d9-4c1d-97f4-516b572b2f9d,1697663833084900000
6a69421f-e399-4db8-897a-d8ef21b5e0a7,707b6ccf-c9d9-4c1d-97f4-516b572b2f9d,1697663833118033333
6a69421f-e399-4db8-897a-d8ef21b5e0a7,707b6ccf-c9d9-4c1d-97f4-516b572b2f9d,1697663833160077777
6a69421f-e399-4db8-897a-d8ef21b5e0a7,707b6ccf-c9d9-4c1d-97f4-516b572b2f9d,1697663833176355555
6a69421f-e399-4db8-897a-d8ef21b5e0a7,707b6ccf-c9d9-4c1d-97f4-516b572b2f9d,1697663833207388888
6a69421f-e399-4db8-897a-d8ef21b5e0a7,707b6ccf-c9d9-4c1d-97f4-516b572b2f9d,1697663833244388888
6a69421f-e399-4db8-897a-d8ef21b5e0a7,707b6ccf-c9d9-4c1d-97f4-516b572b2f9d,1697663833276188888
6a69421f-e399-4db8-897a-d8ef21b5e0a7,707b6ccf-c9d9-4c1d-97f4-516b572b2f9d,1697663833309322222
6a69421f-e399-4db8-897a-d8ef21b5e0a7,707b6ccf-c9d9-4c1d-97f4-516b572b2f9d,1697663833353088888
6a69421f-e399-4db8-897a-d8ef21b5e0a7,707b6ccf-c9d9-4c1d-97f4-516b572b2f9d,1697663833384977777
6a69421f-e399-4db8-897a-d8ef21b5e0a7,707b6ccf-c9d9-4c1d-97f4-516b572b2f9d,1697663833414922222
6a69421f-e399-4db8-897a-d8ef21b5e0a7,707b6ccf-c9d9-4c1d-97f4-516b572b2f9d,1697663833448144444
6a69421f-e399-4db8-897a-d8ef21b5e0a7,707b6ccf-c9d9-4c1d-97f4-516b572b2f9d,1697663833482544444
6a69421f-e399-4db8-897a-d8ef21b5e0a7,707b6ccf-c9d9-4c1d-97f4-516b572b2f9d,1697663833515055555
6a69421f-e399-4db8-897a-d8ef21b5e0a7,707b6ccf-c9d9-4c1d-97f4-516b572b2f9d,1697663833545166666
6a69421f-e399-4db8-897a-d8ef21b5e0a7,707b6ccf-c9d9-4c1d-97f4-516b572b2f9d,1697663833584644444
6a69421f-e399-4db8-897a-d8ef21b5e0a7,707b6ccf-c9d9-4c1d-97f4-516b572b2f9d,1697663833614522222
6a69421f-e399-4db8-897a-d8ef21b5e0a7,707b6ccf-c9d9-4c1d-97f4-516b572b2f9d,1697663833646733333
6a69421f-e399-4db8-897a-d8ef21b5e0a7,707b6ccf-c9d9-4c1d-97f4-516b572b2f9d,1697663833687511111
6a69421f-e399-4db8-897a-d8ef21b5e0a7,707b6ccf-c9d9-4c1d-97f4-516b572b2f9d,1697663833717666666
6a69421f-e399-4db8-897a-d8ef21b5e0a7,707b6ccf-c9d9-4c1d-97f4-516b572b2f9d,1697663833746411111
6a69421f-e399-4db8-897a-d8ef21b5e0a7,707b6ccf-c9d9-4c1d-97f4-516b572b2f9d,1697663833786277777
6a69421f-e399-4db8-897a-d8ef21b5e0a7,707b6ccf-c9d9-4c1d-97f4-516b572b2f9d,1697663833820422222
6a69421f-e399-4db8-897a-d8ef21b5e0a7,707b6ccf-c9d9-4c1d-97f4-516b572b2f9d,1697663833841566666
6a69421f-e399-4db8-897a-d8ef21b5e0a7,707b6ccf-c9d9-4c1d-97f4-516b572b2f9d,1697663833873011111
6a69421f-e399-4db8-897a-d8ef21b5e0a7,707b6ccf-c9d9-4c1d-97f4-516b572b2f9d,1697663833905944444
6a69421f-e399-4db8-897a-d8ef21b5e0a7,707b6ccf-c9d9-4c1d-97f4-516b572b2f9d,1697663833937777777
6a69421f-e399-4db8-897a-d8ef21b5e0a7,707b6ccf-c9d9-4c1d-97f4-516b572b2f9d,1697663833974088888
6a69421f-e399-4db8-897a-d8ef21b5e0a7,707b6ccf-c9d9-4c1d-97f4-516b572b2f9d,1697663834022833333
6a69421f-e399-4db8-897a-d8ef21b5e0a7,707b6ccf-c9d9-4c1d-97f4-516b572b2f9d,1697663834051155555
6a69421f-e399-4db8-897a-d8ef21b5e0a7,707b6ccf-c9d9-4c1d-97f4-516b572b2f9d,1697663834083711111
6a69421f-e399-4db8-897a-d8ef21b5e0a7,707b6ccf-c9d9-4c1d-97f4-516b572b2f9d,1697663834115077777
6a69421f-e399-4db8-897a-d8ef21b5e0a7,707b6ccf-c9d9-4c1d-97f4-516b572b2f9d,1697663834145155555
6a69421f-e399-4db8-897a-d8ef21b5e0a7,707b6ccf-c9d9-4c1d-97f4-516b572b2f9d,1697663834183622222
6a69421f-e399-4db8-897a-d8ef21b5e0a7,707b6ccf-c9d9-4c1d-97f4-516b572b2f9d,1697663834222777777
6a69421f-e399-4db8-897a-d8ef21b5e0a7,707b6ccf-c9d9-4c1d-97f4-516b572b2f9d,1697663834237344444
6a69421f-e399-4db8-897a-d8ef21b5e0a7,707b6ccf-c9d9-4c1d-97f4-516b572b2f9d,1697663834282433333
6a69421f-e399-4db8-897a-d8ef21b5e0a7,707b6ccf-c9d9-4c1d-97f4-516b572b2f9d,1697663834317111111
6a69421f-e399-4db8-897a-d8ef21b5e0a7,707b6ccf-c9d9-4c1d-97f4-516b572b2f9d,1697663834351888888
6a69421f-e399-4db8-897a-d8ef21b5e0a7,707b6ccf-c9d9-4c1d-97f4-516b572b2f9d,1697663834381800000
6a69421f-e399-4db8-897a-d8ef21b5e0a7,707b6ccf-c9d9-4c1d-97f4-516b572b2f9d,1697663834417155555
6a69421f-e399-4db8-897a-d8ef21b5e0a7,707b6ccf-c9d9-4c1d-97f4-516b572b2f9d,1697663834445788888
6a69421f-e399-4db8-897a-d8ef21b5e0a7,707b6ccf-c9d9-4c1d-97f4-516b572b2f9d,1697663834503555555
6a69421f-e399-4db8-897a-d8ef21b5e0a7,707b6ccf-c9d9-4c1d-97f4-516b572b2f9d,1697663834517566666
6a69421f-e399-4db8-897a-d8ef21b5e0a7,707b6ccf-c9d9-4c1d-97f4-516b572b2f9d,1697663834559344444
6a69421f-e399-4db8-897a-d8ef21b5e0a7,707b6ccf-c9d9-4c1d-97f4-516b572b2f9d,1697663834573933333
6a69421f-e399-4db8-897a-d8ef21b5e0a7,707b6ccf-c9d9-4c1d-97f4-516b572b2f9d,1697663834606744444
6a69421f-e399-4db8-897a-d8ef21b5e0a7,707b6ccf-c9d9-4c1d-97f4-516b572b2f9d,1697663834636422222
6a69421f-e399-4db8-897a-d8ef21b5e0a7,707b6ccf-c9d9-4c1d-97f4-516b572b2f9d,1697663834689622222
6a69421f-e399-4db8-897a-d8ef21b5e0a7,707b6ccf-c9d9-4c1d-97f4-516b572b2f9d,1697663834716488888
6a69421f-e399-4db8-897a-d8ef21b5e0a7,707b6ccf-c9d9-4c1d-97f4-516b572b2f9d,1697663834746955555
6a69421f-e399-4db8-897a-d8ef21b5e0a7,707b6ccf-c9d9-4c1d-97f4-516b572b2f9d,1697663834794566666
6a69421f-e399-4db8-897a-d8ef21b5e0a7,707b6ccf-c9d9-4c1d-97f4-516b572b2f9d,1697663834809477777
6a69421f-e399-4db8-897a-d8ef21b5e0a7,707b6ccf-c9d9-4c1d-97f4-516b572b2f9d,1697663834848066666
6a69421f-e399-4db8-897a-d8ef21b5e0a7,707b6ccf-c9d9-4c1d-97f4-516b572b2f9d,1697663834883955555
6a69421f-e399-4db8-897a-d8ef21b5e0a7,707b6ccf-c9d9-4c1d-97f4-516b572b2f9d,1697663834915555555
6a69421f-e399-4db8-897a-d8ef21b5e0a7,707b6ccf-c9d9-4c1d-97f4-516b572b2f9d,1697663834945133333
6a69421f-e399-4db8-897a-d8ef21b5e0a7,707b6ccf-c9d9-4c1d-97f4-516b572b2f9d,1697663834984177777
6a69421f-e399-4db8-897a-d8ef21b5e0a7,707b6ccf-c9d9-4c1d-97f4-516b572b2f9d,1697663835015200000
6a69421f-e399-4db8-897a-d8ef21b5e0a7,707b6ccf-c9d9-4c1d-97f4-516b572b2f9d,1697663835047655555
6a69421f-e399-4db8-897a-d8ef21b5e0a7,707b6ccf-c9d9-4c1d-97f4-516b572b2f9d,1697663835091133333
6a69421f-e399-4db8-897a-d8ef21b5e0a7,707b6ccf-c9d9-4c1d-97f4-516b572b2f9d,1697663835117255555
6a69421f-e399-4db8-897a-d8ef21b5e0a7,707b6ccf-c9d9-4c1d-97f4-516b572b2f9d,1697663835169733333
6a69421f-e399-4db8-897a-d8ef21b5e0a7,707b6ccf-c9d9-4c1d-97f4-516b572b2f9d,1697663835181922222
6a69421f-e399-4db8-897a-d8ef21b5e0a7,707b6ccf-c9d9-4c1d-97f4-516b572b2f9d,1697663835212033333
6a69421f-e399-4db8-897a-d8ef21b5e0a7,707b6ccf-c9d9-4c1d-97f4-516b572b2f9d,1697663835242022222
6a69421f-e399-4db8-897a-d8ef21b5e0a7,707b6ccf-c9d9-4c1d-97f4-516b572b2f9d,1697663835284577777
6a69421f-e399-4db8-897a-d8ef21b5e0a7,707b6ccf-c9d9-4c1d-97f4-516b572b2f9d,1697663835319166666
6a69421f-e399-4db8-897a-d8ef21b5e0a7,707b6ccf-c9d9-4c1d-97f4-516b572b2f9d,1697663835345855555
6a69421f-e399-4db8-897a-d8ef21b5e0a7,707b6ccf-c9d9-4c1d-97f4-516b572b2f9d,1697663835382644444
6a69421f-e399-4db8-897a-d8ef21b5e0a7,707b6ccf-c9d9-4c1d-97f4-516b572b2f9d,1697663835414555555
6a69421f-e399-4db8-897a-d8ef21b5e0a7,707b6ccf-c9d9-4c1d-97f4-516b572b2f9d,1697663835447111111
6a69421f-e399-4db8-897a-d8ef21b5e0a7,707b6ccf-c9d9-4c1d-97f4-516b572b2f9d,1697663835486211111
6a69421f-e399-4db8-897a-d8ef21b5e0a7,707b6ccf-c9d9-4c1d-97f4-516b572b2f9d,1697663835516911111
6a69421f-e399-4db8-897a-d8ef21b5e0a7,707b6ccf-c9d9-4c1d-97f4-516b572b2f9d,1697663835551644444
6a69421f-e399-4db8-897a-d8ef21b5e0a7,707b6ccf-c9d9-4c1d-97f4-516b572b2f9d,1697663835583588888
6a69421f-e399-4db8-897a-d8ef21b5e0a7,707b6ccf-c9d9-4c1d-97f4-516b572b2f9d,1697663835616600000
6a69421f-e399-4db8-897a-d8ef21b5e0a7,707b6ccf-c9d9-4c1d-97f4-516b572b2f9d,1697663835644588888
6a69421f-e399-4db8-897a-d8ef21b5e0a7,707b6ccf-c9d9-4c1d-97f4-516b572b2f9d,1697663835684455555
6a69421f-e399-4db8-897a-d8ef21b5e0a7,707b6ccf-c9d9-4c1d-97f4-516b572b2f9d,1697663835714300000
6a69421f-e399-4db8-897a-d8ef21b5e0a7,707b6ccf-c9d9-4c1d-97f4-516b572b2f9d,1697663835747655555
6a69421f-e399-4db8-897a-d8ef21b5e0a7,707b6ccf-c9d9-4c1d-97f4-516b572b2f9d,1697663835790211111
6a69421f-e399-4db8-897a-d8ef21b5e0a7,707b6ccf-c9d9-4c1d-97f4-516b572b2f9d,1697663835814222222
6a69421f-e399-4db8-897a-d8ef21b5e0a7,707b6ccf-c9d9-4c1d-97f4-516b572b2f9d,1697663835841288888
6a69421f-e399-4db8-897a-d8ef21b5e0a7,707b6ccf-c9d9-4c1d-97f4-516b572b2f9d,1697663835873544444
6a69421f-e399-4db8-897a-d8ef21b5e0a7,707b6ccf-c9d9-4c1d-97f4-516b572b2f9d,1697663835911133333
6a69421f-e399-4db8-897a-d8ef21b5e0a7,707b6ccf-c9d9-4c1d-97f4-516b572b2f9d,1697663835938822222
6a69421f-e399-4db8-897a-d8ef21b5e0a7,707b6ccf-c9d9-4c1d-97f4-516b572b2f9d,1697663835984911111
6a69421f-e399-4db8-897a-d8ef21b5e0a7,707b6ccf-c9d9-4c1d-97f4-516b572b2f9d,1697663836017844444
6a69421f-e399-4db8-897a-d8ef21b5e0a7,707b6ccf-c9d9-4c1d-97f4-516b572b2f9d,1697663836049366666
6a69421f-e399-4db8-897a-d8ef21b5e0a7,707b6ccf-c9d9-4c1d-97f4-516b572b2f9d,1697663836082288888
6a69421f-e399-4db8-897a-d8ef21b5e0a7,707b6ccf-c9d9-4c1d-97f4-516b572b2f9d,1697663836116022222
6a69421f-e399-4db8-897a-d8ef21b5e0a7,707b6ccf-c9d9-4c1d-97f4-516b572b2f9d,1697663836148500000
6a69421f-e399-4db8-897a-d8ef21b5e0a7,707b6ccf-c9d9-4c1d-97f4-516b572b2f9d,1697663836184555555
6a69421f-e399-4db8-897a-d8ef21b5e0a7,707b6ccf-c9d9-4c1d-97f4-516b572b2f9d,1697663836214266666
6a69421f-e399-4db8-897a-d8ef21b5e0a7,707b6ccf-c9d9-4c1d-97f4-516b572b2f9d,1697663836247711111
6a69421f-e399-4db8-897a-d8ef21b5e0a7,707b6ccf-c9d9-4c1d-97f4-516b572b2f9d,1697663836284711111
6a69421f-e399-4db8-897a-d8ef21b5e0a7,707b6ccf-c9d9-4c1d-97f4-516b572b2f9d,1697663836316366666
6a69421f-e399-4db8-897a-d8ef21b5e0a7,707b6ccf-c9d9-4c1d-97f4-516b572b2f9d,1697663836346233333
6a69421f-e399-4db8-897a-d8ef21b5e0a7,707b6ccf-c9d9-4c1d-97f4-516b572b2f9d,1697663836389366666
6a69421f-e399-4db8-897a-d8ef21b5e0a7,707b6ccf-c9d9-4c1d-97f4-516b572b2f9d,1697663836417522222
6a69421f-e399-4db8-897a-d8ef21b5e0a7,707b6ccf-c9d9-4c1d-97f4-516b572b2f9d,1697663836457266666
6a69421f-e399-4db8-897a-d8ef21b5e0a7,707b6ccf-c9d9-4c1d-97f4-516b572b2f9d,1697663836481233333
6a69421f-e399-4db8-897a-d8ef21b5e0a7,707b6ccf-c9d9-4c1d-97f4-516b572b2f9d,1697663836510622222
6a69421f-e399-4db8-897a-d8ef21b5e0a7,707b6ccf-c9d9-4c1d-97f4-516b572b2f9d,1697663836539533333
6a69421f-e399-4db8-897a-d8ef21b5e0a7,707b6ccf-c9d9-4c1d-97f4-516b572b2f9d,1697663836578666666
6a69421f-e399-4db8-897a-d8ef21b5e0a7,707b6ccf-c9d9-4c1d-97f4-516b572b2f9d,1697663836608144444
6a69421f-e399-4db8-897a-d8ef21b5e0a7,707b6ccf-c9d9-4c1d-97f4-516b572b2f9d,1697663836646300000
6a69421f-e399-4db8-897a-d8ef21b5e0a7,707b6ccf-c9d9-4c1d-97f4-516b572b2f9d,1697663836678233333
6a69421f-e399-4db8-897a-d8ef21b5e0a7,707b6ccf-c9d9-4c1d-97f4-516b572b2f9d,1697663836716177777
6a69421f-e399-4db8-897a-d8ef21b5e0a7,707b6ccf-c9d9-4c1d-97f4-516b572b2f9d,1697663836745377777
6a69421f-e399-4db8-897a-d8ef21b5e0a7,707b6ccf-c9d9-4c1d-97f4-516b572b2f9d,1697663836787288888
6a69421f-e399-4db8-897a-d8ef21b5e0a7,707b6ccf-c9d9-4c1d-97f4-516b572b2f9d,1697663836817300000
6a69421f-e399-4db8-897a-d8ef21b5e0a7,707b6ccf-c9d9-4c1d-97f4-516b572b2f9d,1697663836849244444
6a69421f-e399-4db8-897a-d8ef21b5e0a7,707b6ccf-c9d9-4c1d-97f4-516b572b2f9d,1697663836879544444
6a69421f-e399-4db8-897a-d8ef21b5e0a7,707b6ccf-c9d9-4c1d-97f4-516b572b2f9d,1697663836915066666
6a69421f-e399-4db8-897a-d8ef21b5e0a7,707b6ccf-c9d9-4c1d-97f4-516b572b2f9d,1697663836945766666
6a69421f-e399-4db8-897a-d8ef21b5e0a7,707b6ccf-c9d9-4c1d-97f4-516b572b2f9d,1697663836982666666
6a69421f-e399-4db8-897a-d8ef21b5e0a7,707b6ccf-c9d9-4c1d-97f4-516b572b2f9d,1697663837011355555
6a69421f-e399-4db8-897a-d8ef21b5e0a7,707b6ccf-c9d9-4c1d-97f4-516b572b2f9d,1697663837047288888
6a69421f-e399-4db8-897a-d8ef21b5e0a7,707b6ccf-c9d9-4c1d-97f4-516b572b2f9d,1697663837079333333
6a69421f-e399-4db8-897a-d8ef21b5e0a7,707b6ccf-c9d9-4c1d-97f4-516b572b2f9d,1697663837121100000
6a69421f-e399-4db8-897a-d8ef21b5e0a7,707b6ccf-c9d9-4c1d-97f4-516b572b2f9d,1697663837167944444
6a69421f-e399-4db8-897a-d8ef21b5e0a7,707b6ccf-c9d9-4c1d-97f4-516b572b2f9d,1697663837187255555
6a69421f-e399-4db8-897a-d8ef21b5e0a7,707b6ccf-c9d9-4c1d-97f4-516b572b2f9d,1697663837212222222
6a69421f-e399-4db8-897a-d8ef21b5e0a7,707b6ccf-c9d9-4c1d-97f4-516b572b2f9d,1697663837249400000
6a69421f-e399-4db8-897a-d8ef21b5e0a7,707b6ccf-c9d9-4c1d-97f4-516b572b2f9d,1697663837278844444
6a69421f-e399-4db8-897a-d8ef21b5e0a7,707b6ccf-c9d9-4c1d-97f4-516b572b2f9d,1697663837309133333
6a69421f-e399-4db8-897a-d8ef21b5e0a7,707b6ccf-c9d9-4c1d-97f4-516b572b2f9d,1697663837348600000
6a69421f-e399-4db8-897a-d8ef21b5e0a7,707b6ccf-c9d9-4c1d-97f4-516b572b2f9d,1697663837381766666
6a69421f-e399-4db8-897a-d8ef21b5e0a7,707b6ccf-c9d9-4c1d-97f4-516b572b2f9d,1697663837415300000
6a69421f-e399-4db8-897a-d8ef21b5e0a7,707b6ccf-c9d9-4c1d-97f4-516b572b2f9d,1697663837446066666
6a69421f-e399-4db8-897a-d8ef21b5e0a7,707b6ccf-c9d9-4c1d-97f4-516b572b2f9d,1697663837483511111
6a69421f-e399-4db8-897a-d8ef21b5e0a7,707b6ccf-c9d9-4c1d-97f4-516b572b2f9d,1697663837515511111
6a69421f-e399-4db8-897a-d8ef21b5e0a7,707b6ccf-c9d9-4c1d-97f4-516b572b2f9d,1697663837545655555
6a69421f-e399-4db8-897a-d8ef21b5e0a7,707b6ccf-c9d9-4c1d-97f4-516b572b2f9d,1697663837579666666
6a69421f-e399-4db8-897a-d8ef21b5e0a7,707b6ccf-c9d9-4c1d-97f4-516b572b2f9d,1697663837614833333
6a69421f-e399-4db8-897a-d8ef21b5e0a7,707b6ccf-c9d9-4c1d-97f4-516b572b2f9d,1697663837648066666
6a69421f-e399-4db8-897a-d8ef21b5e0a7,707b6ccf-c9d9-4c1d-97f4-516b572b2f9d,1697663837681377777
6a69421f-e399-4db8-897a-d8ef21b5e0a7,707b6ccf-c9d9-4c1d-97f4-516b572b2f9d,1697663837717422222
6a69421f-e399-4db8-897a-d8ef21b5e0a7,707b6ccf-c9d9-4c1d-97f4-516b572b2f9d,1697663837750744444
6a69421f-e399-4db8-897a-d8ef21b5e0a7,707b6ccf-c9d9-4c1d-97f4-516b572b2f9d,1697663837777666666
6a69421f-e399-4db8-897a-d8ef21b5e0a7,707b6ccf-c9d9-4c1d-97f4-516b572b2f9d,1697663837811100000
6a69421f-e399-4db8-897a-d8ef21b5e0a7,707b6ccf-c9d9-4c1d-97f4-516b572b2f9d,1697663837853911111
6a69421f-e399-4db8-897a-d8ef21b5e0a7,707b6ccf-c9d9-4c1d-97f4-516b572b2f9d,1697663837887966666
6a69421f-e399-4db8-897a-d8ef21b5e0a7,707b6ccf-c9d9-4c1d-97f4-516b572b2f9d,1697663837908177777
6a69421f-e399-4db8-897a-d8ef21b5e0a7,707b6ccf-c9d9-4c1d-97f4-516b572b2f9d,1697663837943055555
6a69421f-e399-4db8-897a-d8ef21b5e0a7,707b6ccf-c9d9-4c1d-97f4-516b572b2f9d,1697663837969688888
6a69421f-e399-4db8-897a-d8ef21b5e0a7,707b6ccf-c9d9-4c1d-97f4-516b572b2f9d,1697663838016711111
6a69421f-e399-4db8-897a-d8ef21b5e0a7,707b6ccf-c9d9-4c1d-97f4-516b572b2f9d,1697663838046555555
6a69421f-e399-4db8-897a-d8ef21b5e0a7,707b6ccf-c9d9-4c1d-97f4-516b572b2f9d,1697663838079577777
6a69421f-e399-4db8-897a-d8ef21b5e0a7,707b6ccf-c9d9-4c1d-97f4-516b572b2f9d,1697663838115300000
6a69421f-e399-4db8-897a-d8ef21b5e0a7,707b6ccf-c9d9-4c1d-97f4-516b572b2f9d,1697663838149000000
6a69421f-e399-4db8-897a-d8ef21b5e0a7,707b6ccf-c9d9-4c1d-97f4-516b572b2f9d,1697663838181011111
6a69421f-e399-4db8-897a-d8ef21b5e0a7,707b6ccf-c9d9-4c1d-97f4-516b572b2f9d,1697663838211644444
6a69421f-e399-4db8-897a-d8ef21b5e0a7,707b6ccf-c9d9-4c1d-97f4-516b572b2f9d,1697663838249600000
6a69421f-e399-4db8-897a-d8ef21b5e0a7,707b6ccf-c9d9-4c1d-97f4-516b572b2f9d,1697663838277722222
6a69421f-e399-4db8-897a-d8ef21b5e0a7,707b6ccf-c9d9-4c1d-97f4-516b572b2f9d,1697663838313611111
6a69421f-e399-4db8-897a-d8ef21b5e0a7,707b6ccf-c9d9-4c1d-97f4-516b572b2f9d,1697663838345955555
6a69421f-e399-4db8-897a-d8ef21b5e0a7,707b6ccf-c9d9-4c1d-97f4-516b572b2f9d,1697663838380077777
6a69421f-e399-4db8-897a-d8ef21b5e0a7,707b6ccf-c9d9-4c1d-97f4-516b572b2f9d,1697663838422155555
6a69421f-e399-4db8-897a-d8ef21b5e0a7,707b6ccf-c9d9-4c1d-97f4-516b572b2f9d,1697663838450622222
6a69421f-e399-4db8-897a-d8ef21b5e0a7,707b6ccf-c9d9-4c1d-97f4-516b572b2f9d,1697663838484400000
6a69421f-e399-4db8-897a-d8ef21b5e0a7,707b6ccf-c9d9-4c1d-97f4-516b572b2f9d,1697663838511477777
6a69421f-e399-4db8-897a-d8ef21b5e0a7,707b6ccf-c9d9-4c1d-97f4-516b572b2f9d,1697663838537400000
6a69421f-e399-4db8-897a-d8ef21b5e0a7,707b6ccf-c9d9-4c1d-97f4-516b572b2f9d,1697663838574988888
6a69421f-e399-4db8-897a-d8ef21b5e0a7,707b6ccf-c9d9-4c1d-97f4-516b572b2f9d,1697663838605744444
6a69421f-e399-4db8-897a-d8ef21b5e0a7,707b6ccf-c9d9-4c1d-97f4-516b572b2f9d,1697663838648900000
6a69421f-e399-4db8-897a-d8ef21b5e0a7,707b6ccf-c9d9-4c1d-97f4-516b572b2f9d,1697663838679633333
6a69421f-e399-4db8-897a-d8ef21b5e0a7,707b6ccf-c9d9-4c1d-97f4-516b572b2f9d,1697663838715144444
6a69421f-e399-4db8-897a-d8ef21b5e0a7,707b6ccf-c9d9-4c1d-97f4-516b572b2f9d,1697663838746755555
6a69421f-e399-4db8-897a-d8ef21b5e0a7,707b6ccf-c9d9-4c1d-97f4-516b572b2f9d,1697663838780100000
6a69421f-e399-4db8-897a-d8ef21b5e0a7,707b6ccf-c9d9-4c1d-97f4-516b572b2f9d,1697663838814755555
6a69421f-e399-4db8-897a-d8ef21b5e0a7,707b6ccf-c9d9-4c1d-97f4-516b572b2f9d,1697663838847411111
6a69421f-e399-4db8-897a-d8ef21b5e0a7,707b6ccf-c9d9-4c1d-97f4-516b572b2f9d,1697663838877488888
6a69421f-e399-4db8-897a-d8ef21b5e0a7,707b6ccf-c9d9-4c1d-97f4-516b572b2f9d,1697663838917588888
6a69421f-e399-4db8-897a-d8ef21b5e0a7,707b6ccf-c9d9-4c1d-97f4-516b572b2f9d,1697663838949200000
6a69421f-e399-4db8-897a-d8ef21b5e0a7,707b6ccf-c9d9-4c1d-97f4-516b572b2f9d,1697663838982166666
6a69421f-e399-4db8-897a-d8ef21b5e0a7,707b6ccf-c9d9-4c1d-97f4-516b572b2f9d,1697663839014633333
6a69421f-e399-4db8-897a-d8ef21b5e0a7,707b6ccf-c9d9-4c1d-97f4-516b572b2f9d,1697663839044433333
6a69421f-e399-4db8-897a-d8ef21b5e0a7,707b6ccf-c9d9-4c1d-97f4-516b572b2f9d,1697663839078722222
6a69421f-e399-4db8-897a-d8ef21b5e0a7,707b6ccf-c9d9-4c1d-97f4-516b572b2f9d,1697663839121811111
6a69421f-e399-4db8-897a-d8ef21b5e0a7,707b6ccf-c9d9-4c1d-97f4-516b572b2f9d,1697663839155577777
6a69421f-e399-4db8-897a-d8ef21b5e0a7,707b6ccf-c9d9-4c1d-97f4-516b572b2f9d,1697663839175344444
6a69421f-e399-4db8-897a-d8ef21b5e0a7,707b6ccf-c9d9-4c1d-97f4-516b572b2f9d,1697663839206066666
6a69421f-e399-4db8-897a-d8ef21b5e0a7,707b6ccf-c9d9-4c1d-97f4-516b572b2f9d,1697663839262488888
6a69421f-e399-4db8-897a-d8ef21b5e0a7,707b6ccf-c9d9-4c1d-97f4-516b572b2f9d,1697663839276311111
6a69421f-e399-4db8-897a-d8ef21b5e0a7,707b6ccf-c9d9-4c1d-97f4-516b572b2f9d,1697663839305966666
6a69421f-e399-4db8-897a-d8ef21b5e0a7,707b6ccf-c9d9-4c1d-97f4-516b572b2f9d,1697663839349788888
6a69421f-e399-4db8-897a-d8ef21b5e0a7,707b6ccf-c9d9-4c1d-97f4-516b572b2f9d,1697663839378822222
6a69421f-e399-4db8-897a-d8ef21b5e0a7,707b6ccf-c9d9-4c1d-97f4-516b572b2f9d,1697663839414033333
6a69421f-e399-4db8-897a-d8ef21b5e0a7,707b6ccf-c9d9-4c1d-97f4-516b572b2f9d,1697663839446500000
6a69421f-e399-4db8-897a-d8ef21b5e0a7,707b6ccf-c9d9-4c1d-97f4-516b572b2f9d,1697663839477933333
6a69421f-e399-4db8-897a-d8ef21b5e0a7,707b6ccf-c9d9-4c1d-97f4-516b572b2f9d,1697663839514844444
6a69421f-e399-4db8-897a-d8ef21b5e0a7,707b6ccf-c9d9-4c1d-97f4-516b572b2f9d,1697663839551511111
6a69421f-e399-4db8-897a-d8ef21b5e0a7,707b6ccf-c9d9-4c1d-97f4-516b572b2f9d,1697663839579644444
6a69421f-e399-4db8-897a-d8ef21b5e0a7,707b6ccf-c9d9-4c1d-97f4-516b572b2f9d,1697663839612355555
6a69421f-e399-4db8-897a-d8ef21b5e0a7,707b6ccf-c9d9-4c1d-97f4-516b572b2f9d,1697663839649733333
6a69421f-e399-4db8-897a-d8ef21b5e0a7,707b6ccf-c9d9-4c1d-97f4-516b572b2f9d,1697663839679755555
6a69421f-e399-4db8-897a-d8ef21b5e0a7,707b6ccf-c9d9-4c1d-97f4-516b572b2f9d,1697663839717322222
6a69421f-e399-4db8-897a-d8ef21b5e0a7,707b6ccf-c9d9-4c1d-97f4-516b572b2f9d,1697663839750066666
6a69421f-e399-4db8-897a-d8ef21b5e0a7,707b6ccf-c9d9-4c1d-97f4-516b572b2f9d,1697663839780511111
6a69421f-e399-4db8-897a-d8ef21b5e0a7,707b6ccf-c9d9-4c1d-97f4-516b572b2f9d,1697663839836766666
6a69421f-e399-4db8-897a-d8ef21b5e0a7,707b6ccf-c9d9-4c1d-97f4-516b572b2f9d,1697663839846811111
6a69421f-e399-4db8-897a-d8ef21b5e0a7,707b6ccf-c9d9-4c1d-97f4-516b572b2f9d,1697663839871144444
6a69421f-e399-4db8-897a-d8ef21b5e0a7,707b6ccf-c9d9-4c1d-97f4-516b572b2f9d,1697663839915700000
6a69421f-e399-4db8-897a-d8ef21b5e0a7,707b6ccf-c9d9-4c1d-97f4-516b572b2f9d,1697663839954200000
6a69421f-e399-4db8-897a-d8ef21b5e0a7,707b6ccf-c9d9-4c1d-97f4-516b572b2f9d,1697663839981255555
6a69421f-e399-4db8-897a-d8ef21b5e0a7,707b6ccf-c9d9-4c1d-97f4-516b572b2f9d,1697663840004455555
6a69421f-e399-4db8-897a-d8ef21b5e0a7,707b6ccf-c9d9-4c1d-97f4-516b572b2f9d,1697663840047455555
6a69421f-e399-4db8-897a-d8ef21b5e0a7,707b6ccf-c9d9-4c1d-97f4-516b572b2f9d,1697663840080044444
6a69421f-e399-4db8-897a-d8ef21b5e0a7,707b6ccf-c9d9-4c1d-97f4-516b572b2f9d,1697663840112022222
6a69421f-e399-4db8-897a-d8ef21b5e0a7,707b6ccf-c9d9-4c1d-97f4-516b572b2f9d,1697663840149444444
6a69421f-e399-4db8-897a-d8ef21b5e0a7,707b6ccf-c9d9-4c1d-97f4-516b572b2f9d,1697663840180600000
6a69421f-e399-4db8-897a-d8ef21b5e0a7,707b6ccf-c9d9-4c1d-97f4-516b572b2f9d,1697663840203655555
6a69421f-e399-4db8-897a-d8ef21b5e0a7,707b6ccf-c9d9-4c1d-97f4-516b572b2f9d,1697663840249922222
6a69421f-e399-4db8-897a-d8ef21b5e0a7,707b6ccf-c9d9-4c1d-97f4-516b572b2f9d,1697663840281522222
6a69421f-e399-4db8-897a-d8ef21b5e0a7,707b6ccf-c9d9-4c1d-97f4-516b572b2f9d,1697663840308922222
6a69421f-e399-4db8-897a-d8ef21b5e0a7,707b6ccf-c9d9-4c1d-97f4-516b572b2f9d,1697663840353100000
6a69421f-e399-4db8-897a-d8ef21b5e0a7,707b6ccf-c9d9-4c1d-97f4-516b572b2f9d,1697663840379511111
6a69421f-e399-4db8-897a-d8ef21b5e0a7,707b6ccf-c9d9-4c1d-97f4-516b572b2f9d,1697663840410888888
6a69421f-e399-4db8-897a-d8ef21b5e0a7,707b6ccf-c9d9-4c1d-97f4-516b572b2f9d,1697663840450011111
6a69421f-e399-4db8-897a-d8ef21b5e0a7,707b6ccf-c9d9-4c1d-97f4-516b572b2f9d,1697663840473166666
6a69421f-e399-4db8-897a-d8ef21b5e0a7,707b6ccf-c9d9-4c1d-97f4-516b572b2f9d,1697663840506355555
6a69421f-e399-4db8-897a-d8ef21b5e0a7,707b6ccf-c9d9-4c1d-97f4-516b572b2f9d,1697663840539611111
6a69421f-e399-4db8-897a-d8ef21b5e0a7,707b6ccf-c9d9-4c1d-97f4-516b572b2f9d,1697663840576844444
6a69421f-e399-4db8-897a-d8ef21b5e0a7,707b6ccf-c9d9-4c1d-97f4-516b572b2f9d,1697663840604177777
6a69421f-e399-4db8-897a-d8ef21b5e0a7,707b6ccf-c9d9-4c1d-97f4-516b572b2f9d,1697663840648544444
6a69421f-e399-4db8-897a-d8ef21b5e0a7,707b6ccf-c9d9-4c1d-97f4-516b572b2f9d,1697663840680700000
6a69421f-e399-4db8-897a-d8ef21b5e0a7,707b6ccf-c9d9-4c1d-97f4-516b572b2f9d,1697663840703966666
6a69421f-e399-4db8-897a-d8ef21b5e0a7,707b6ccf-c9d9-4c1d-97f4-516b572b2f9d,1697663840757144444
6a69421f-e399-4db8-897a-d8ef21b5e0a7,707b6ccf-c9d9-4c1d-97f4-516b572b2f9d,1697663840782066666
6a69421f-e399-4db8-897a-d8ef21b5e0a7,707b6ccf-c9d9-4c1d-97f4-516b572b2f9d,1697663840811644444
6a69421f-e399-4db8-897a-d8ef21b5e0a7,707b6ccf-c9d9-4c1d-97f4-516b572b2f9d,1697663840846888888
6a69421f-e399-4db8-897a-d8ef21b5e0a7,707b6ccf-c9d9-4c1d-97f4-516b572b2f9d,1697663840877755555
6a69421f-e399-4db8-897a-d8ef21b5e0a7,707b6ccf-c9d9-4c1d-97f4-516b572b2f9d,1697663840914166666
6a69421f-e399-4db8-897a-d8ef21b5e0a7,707b6ccf-c9d9-4c1d-97f4-516b572b2f9d,1697663840947155555
6a69421f-e399-4db8-897a-d8ef21b5e0a7,707b6ccf-c9d9-4c1d-97f4-516b572b2f9d,1697663840981866666
6a69421f-e399-4db8-897a-d8ef21b5e0a7,707b6ccf-c9d9-4c1d-97f4-516b572b2f9d,1697663841011611111
6a69421f-e399-4db8-897a-d8ef21b5e0a7,707b6ccf-c9d9-4c1d-97f4-516b572b2f9d,1697663841047144444
6a69421f-e399-4db8-897a-d8ef21b5e0a7,707b6ccf-c9d9-4c1d-97f4-516b572b2f9d,1697663841078477777
6a69421f-e399-4db8-897a-d8ef21b5e0a7,707b6ccf-c9d9-4c1d-97f4-516b572b2f9d,1697663841111211111
6a69421f-e399-4db8-897a-d8ef21b5e0a7,707b6ccf-c9d9-4c1d-97f4-516b572b2f9d,1697663841141766666
6a69421f-e399-4db8-897a-d8ef21b5e0a7,707b6ccf-c9d9-4c1d-97f4-516b572b2f9d,1697663841171466666
6a69421f-e399-4db8-897a-d8ef21b5e0a7,707b6ccf-c9d9-4c1d-97f4-516b572b2f9d,1697663841202144444
6a69421f-e399-4db8-897a-d8ef21b5e0a7,707b6ccf-c9d9-4c1d-97f4-516b572b2f9d,1697663841240077777
6a69421f-e399-4db8-897a-d8ef21b5e0a7,707b6ccf-c9d9-4c1d-97f4-516b572b2f9d,1697663841269444444
6a69421f-e399-4db8-897a-d8ef21b5e0a7,707b6ccf-c9d9-4c1d-97f4-516b572b2f9d,1697663841311933333
6a69421f-e399-4db8-897a-d8ef21b5e0a7,707b6ccf-c9d9-4c1d-97f4-516b572b2f9d,1697663841349911111
6a69421f-e399-4db8-897a-d8ef21b5e0a7,707b6ccf-c9d9-4c1d-97f4-516b572b2f9d,1697663841383555555
6a69421f-e399-4db8-897a-d8ef21b5e0a7,707b6ccf-c9d9-4c1d-97f4-516b572b2f9d,1697663841403455555
6a69421f-e399-4db8-897a-d8ef21b5e0a7,707b6ccf-c9d9-4c1d-97f4-516b572b2f9d,1697663841454755555
6a69421f-e399-4db8-897a-d8ef21b5e0a7,707b6ccf-c9d9-4c1d-97f4-516b572b2f9d,1697663841482633333
6a69421f-e399-4db8-897a-d8ef21b5e0a7,707b6ccf-c9d9-4c1d-97f4-516b572b2f9d,1697663841512688888
6a69421f-e399-4db8-897a-d8ef21b5e0a7,707b6ccf-c9d9-4c1d-97f4-516b572b2f9d,1697663841545911111
6a69421f-e399-4db8-897a-d8ef21b5e0a7,707b6ccf-c9d9-4c1d-97f4-516b572b2f9d,1697663841580111111
6a69421f-e399-4db8-897a-d8ef21b5e0a7,707b6ccf-c9d9-4c1d-97f4-516b572b2f9d,1697663841615088888
6a69421f-e399-4db8-897a-d8ef21b5e0a7,707b6ccf-c9d9-4c1d-97f4-516b572b2f9d,1697663841648144444
6a69421f-e399-4db8-897a-d8ef21b5e0a7,707b6ccf-c9d9-4c1d-97f4-516b572b2f9d,1697663841682633333
6a69421f-e399-4db8-897a-d8ef21b5e0a7,707b6ccf-c9d9-4c1d-97f4-516b572b2f9d,1697663841711255555
6a69421f-e399-4db8-897a-d8ef21b5e0a7,707b6ccf-c9d9-4c1d-97f4-516b572b2f9d,1697663841747155555
6a69421f-e399-4db8-897a-d8ef21b5e0a7,707b6ccf-c9d9-4c1d-97f4-516b572b2f9d,1697663841780944444
6a69421f-e399-4db8-897a-d8ef21b5e0a7,707b6ccf-c9d9-4c1d-97f4-516b572b2f9d,1697663841803655555
6a69421f-e399-4db8-897a-d8ef21b5e0a7,707b6ccf-c9d9-4c1d-97f4-516b572b2f9d,1697663841839788888
6a69421f-e399-4db8-897a-d8ef21b5e0a7,707b6ccf-c9d9-4c1d-97f4-516b572b2f9d,1697663841870522222
6a69421f-e399-4db8-897a-d8ef21b5e0a7,707b6ccf-c9d9-4c1d-97f4-516b572b2f9d,1697663841917077777
6a69421f-e399-4db8-897a-d8ef21b5e0a7,707b6ccf-c9d9-4c1d-97f4-516b572b2f9d,1697663841950988888
6a69421f-e399-4db8-897a-d8ef21b5e0a7,707b6ccf-c9d9-4c1d-97f4-516b572b2f9d,1697663841978411111
6a69421f-e399-4db8-897a-d8ef21b5e0a7,707b6ccf-c9d9-4c1d-97f4-516b572b2f9d,1697663842014111111
6a69421f-e399-4db8-897a-d8ef21b5e0a7,707b6ccf-c9d9-4c1d-97f4-516b572b2f9d,1697663842050677777
6a69421f-e399-4db8-897a-d8ef21b5e0a7,707b6ccf-c9d9-4c1d-97f4-516b572b2f9d,1697663842077300000
6a69421f-e399-4db8-897a-d8ef21b5e0a7,707b6ccf-c9d9-4c1d-97f4-516b572b2f9d,1697663842110777777
6a69421f-e399-4db8-897a-d8ef21b5e0a7,707b6ccf-c9d9-4c1d-97f4-516b572b2f9d,1697663842149155555
6a69421f-e399-4db8-897a-d8ef21b5e0a7,707b6ccf-c9d9-4c1d-97f4-516b572b2f9d,1697663842178533333
6a69421f-e399-4db8-897a-d8ef21b5e0a7,707b6ccf-c9d9-4c1d-97f4-516b572b2f9d,1697663842211388888
6a69421f-e399-4db8-897a-d8ef21b5e0a7,707b6ccf-c9d9-4c1d-97f4-516b572b2f9d,1697663842247366666
6a69421f-e399-4db8-897a-d8ef21b5e0a7,707b6ccf-c9d9-4c1d-97f4-516b572b2f9d,1697663842279800000
6a69421f-e399-4db8-897a-d8ef21b5e0a7,707b6ccf-c9d9-4c1d-97f4-516b572b2f9d,1697663842311044444
6a69421f-e399-4db8-897a-d8ef21b5e0a7,707b6ccf-c9d9-4c1d-97f4-516b572b2f9d,1697663842348855555
6a69421f-e399-4db8-897a-d8ef21b5e0a7,707b6ccf-c9d9-4c1d-97f4-516b572b2f9d,1697663842378711111
6a69421f-e399-4db8-897a-d8ef21b5e0a7,707b6ccf-c9d9-4c1d-97f4-516b572b2f9d,1697663842412466666
6a69421f-e399-4db8-897a-d8ef21b5e0a7,707b6ccf-c9d9-4c1d-97f4-516b572b2f9d,1697663842450733333
6a69421f-e399-4db8-897a-d8ef21b5e0a7,707b6ccf-c9d9-4c1d-97f4-516b572b2f9d,1697663842470422222
6a69421f-e399-4db8-897a-d8ef21b5e0a7,707b6ccf-c9d9-4c1d-97f4-516b572b2f9d,1697663842502288888
6a69421f-e399-4db8-897a-d8ef21b5e0a7,707b6ccf-c9d9-4c1d-97f4-516b572b2f9d,1697663842542666666
6a69421f-e399-4db8-897a-d8ef21b5e0a7,707b6ccf-c9d9-4c1d-97f4-516b572b2f9d,1697663842569822222
6a69421f-e399-4db8-897a-d8ef21b5e0a7,707b6ccf-c9d9-4c1d-97f4-516b572b2f9d,1697663842618833333
6a69421f-e399-4db8-897a-d8ef21b5e0a7,707b6ccf-c9d9-4c1d-97f4-516b572b2f9d,1697663842645755555
6a69421f-e399-4db8-897a-d8ef21b5e0a7,707b6ccf-c9d9-4c1d-97f4-516b572b2f9d,1697663842678111111
6a69421f-e399-4db8-897a-d8ef21b5e0a7,707b6ccf-c9d9-4c1d-97f4-516b572b2f9d,1697663842713788888
6a69421f-e399-4db8-897a-d8ef21b5e0a7,707b6ccf-c9d9-4c1d-97f4-516b572b2f9d,1697663842747311111
6a69421f-e399-4db8-897a-d8ef21b5e0a7,707b6ccf-c9d9-4c1d-97f4-516b572b2f9d,1697663842782400000
6a69421f-e399-4db8-897a-d8ef21b5e0a7,707b6ccf-c9d9-4c1d-97f4-516b572b2f9d,1697663842810266666
6a69421f-e399-4db8-897a-d8ef21b5e0a7,707b6ccf-c9d9-4c1d-97f4-516b572b2f9d,1697663842847211111
6a69421f-e399-4db8-897a-d8ef21b5e0a7,707b6ccf-c9d9-4c1d-97f4-516b572b2f9d,1697663842878155555
6a69421f-e399-4db8-897a-d8ef21b5e0a7,707b6ccf-c9d9-4c1d-97f4-516b572b2f9d,1697663842910233333
6a69421f-e399-4db8-897a-d8ef21b5e0a7,707b6ccf-c9d9-4c1d-97f4-516b572b2f9d,1697663842944155555
6a69421f-e399-4db8-897a-d8ef21b5e0a7,707b6ccf-c9d9-4c1d-97f4-516b572b2f9d,1697663842978666666
6a69421f-e399-4db8-897a-d8ef21b5e0a7,707b6ccf-c9d9-4c1d-97f4-516b572b2f9d,1697663843012444444
6a69421f-e399-4db8-897a-d8ef21b5e0a7,707b6ccf-c9d9-4c1d-97f4-516b572b2f9d,1697663843048422222
6a69421f-e399-4db8-897a-d8ef21b5e0a7,707b6ccf-c9d9-4c1d-97f4-516b572b2f9d,1697663843082311111
6a69421f-e399-4db8-897a-d8ef21b5e0a7,707b6ccf-c9d9-4c1d-97f4-516b572b2f9d,1697663843104744444
6a69421f-e399-4db8-897a-d8ef21b5e0a7,707b6ccf-c9d9-4c1d-97f4-516b572b2f9d,1697663843134177777
6a69421f-e399-4db8-897a-d8ef21b5e0a7,707b6ccf-c9d9-4c1d-97f4-516b572b2f9d,1697663843186755555
6a69421f-e399-4db8-897a-d8ef21b5e0a7,707b6ccf-c9d9-4c1d-97f4-516b572b2f9d,1697663843202722222
6a69421f-e399-4db8-897a-d8ef21b5e0a7,707b6ccf-c9d9-4c1d-97f4-516b572b2f9d,1697663843235655555
6a69421f-e399-4db8-897a-d8ef21b5e0a7,707b6ccf-c9d9-4c1d-97f4-516b572b2f9d,1697663843272022222
6a69421f-e399-4db8-897a-d8ef21b5e0a7,707b6ccf-c9d9-4c1d-97f4-516b572b2f9d,1697663843312688888
6a69421f-e399-4db8-897a-d8ef21b5e0a7,707b6ccf-c9d9-4c1d-97f4-516b572b2f9d,1697663843345088888
6a69421f-e399-4db8-897a-d8ef21b5e0a7,707b6ccf-c9d9-4c1d-97f4-516b572b2f9d,1697663843379322222
6a69421f-e399-4db8-897a-d8ef21b5e0a7,707b6ccf-c9d9-4c1d-97f4-516b572b2f9d,1697663843409766666
6a69421f-e399-4db8-897a-d8ef21b5e0a7,707b6ccf-c9d9-4c1d-97f4-516b572b2f9d,1697663843443433333
6a69421f-e399-4db8-897a-d8ef21b5e0a7,707b6ccf-c9d9-4c1d-97f4-516b572b2f9d,1697663843477455555
6a69421f-e399-4db8-897a-d8ef21b5e0a7,707b6ccf-c9d9-4c1d-97f4-516b572b2f9d,1697663843511044444
6a69421f-e399-4db8-897a-d8ef21b5e0a7,707b6ccf-c9d9-4c1d-97f4-516b572b2f9d,1697663843542211111
6a69421f-e399-4db8-897a-d8ef21b5e0a7,707b6ccf-c9d9-4c1d-97f4-516b572b2f9d,1697663843580988888
6a69421f-e399-4db8-897a-d8ef21b5e0a7,707b6ccf-c9d9-4c1d-97f4-516b572b2f9d,1697663843610244444
6a69421f-e399-4db8-897a-d8ef21b5e0a7,707b6ccf-c9d9-4c1d-97f4-516b572b2f9d,1697663843645477777
6a69421f-e399-4db8-897a-d8ef21b5e0a7,707b6ccf-c9d9-4c1d-97f4-516b572b2f9d,1697663843678566666
6a69421f-e399-4db8-897a-d8ef21b5e0a7,707b6ccf-c9d9-4c1d-97f4-516b572b2f9d,1697663843710944444
6a69421f-e399-4db8-897a-d8ef21b5e0a7,707b6ccf-c9d9-4c1d-97f4-516b572b2f9d,1697663843744311111
6a69421f-e399-4db8-897a-d8ef21b5e0a7,707b6ccf-c9d9-4c1d-97f4-516b572b2f9d,1697663843784933333
6a69421f-e399-4db8-897a-d8ef21b5e0a7,707b6ccf-c9d9-4c1d-97f4-516b572b2f9d,1697663843802255555
6a69421f-e399-4db8-897a-d8ef21b5e0a7,707b6ccf-c9d9-4c1d-97f4-516b572b2f9d,1697663843848844444
6a69421f-e399-4db8-897a-d8ef21b5e0a7,707b6ccf-c9d9-4c1d-97f4-516b572b2f9d,1697663843875144444
6a69421f-e399-4db8-897a-d8ef21b5e0a7,707b6ccf-c9d9-4c1d-97f4-516b572b2f9d,1697663843902100000
6a69421f-e399-4db8-897a-d8ef21b5e0a7,707b6ccf-c9d9-4c1d-97f4-516b572b2f9d,1697663843943722222
6a69421f-e399-4db8-897a-d8ef21b5e0a7,707b6ccf-c9d9-4c1d-97f4-516b572b2f9d,1697663843979922222
6a69421f-e399-4db8-897a-d8ef21b5e0a7,707b6ccf-c9d9-4c1d-97f4-516b572b2f9d,1697663844009477777
6a69421f-e399-4db8-897a-d8ef21b5e0a7,707b6ccf-c9d9-4c1d-97f4-516b572b2f9d,1697663844045533333
6a69421f-e399-4db8-897a-d8ef21b5e0a7,707b6ccf-c9d9-4c1d-97f4-516b572b2f9d,1697663844082500000
6a69421f-e399-4db8-897a-d8ef21b5e0a7,707b6ccf-c9d9-4c1d-97f4-516b572b2f9d,1697663844109944444
6a69421f-e399-4db8-897a-d8ef21b5e0a7,707b6ccf-c9d9-4c1d-97f4-516b572b2f9d,1697663844143733333
6a69421f-e399-4db8-897a-d8ef21b5e0a7,707b6ccf-c9d9-4c1d-97f4-516b572b2f9d,1697663844177311111
6a69421f-e399-4db8-897a-d8ef21b5e0a7,707b6ccf-c9d9-4c1d-97f4-516b572b2f9d,1697663844210233333
6a69421f-e399-4db8-897a-d8ef21b5e0a7,707b6ccf-c9d9-4c1d-97f4-516b572b2f9d,1697663844246211111
6a69421f-e399-4db8-897a-d8ef21b5e0a7,707b6ccf-c9d9-4c1d-97f4-516b572b2f9d,1697663844280566666
6a69421f-e399-4db8-897a-d8ef21b5e0a7,707b6ccf-c9d9-4c1d-97f4-516b572b2f9d,1697663844303988888
6a69421f-e399-4db8-897a-d8ef21b5e0a7,707b6ccf-c9d9-4c1d-97f4-516b572b2f9d,1697663844346922222
6a69421f-e399-4db8-897a-d8ef21b5e0a7,707b6ccf-c9d9-4c1d-97f4-516b572b2f9d,1697663844381100000
6a69421f-e399-4db8-897a-d8ef21b5e0a7,707b6ccf-c9d9-4c1d-97f4-516b572b2f9d,1697663844410500000
6a69421f-e399-4db8-897a-d8ef21b5e0a7,707b6ccf-c9d9-4c1d-97f4-516b572b2f9d,1697663844463033333
6a69421f-e399-4db8-897a-d8ef21b5e0a7,707b6ccf-c9d9-4c1d-97f4-516b572b2f9d,1697663844476722222
6a69421f-e399-4db8-897a-d8ef21b5e0a7,707b6ccf-c9d9-4c1d-97f4-516b572b2f9d,1697663844501611111
6a69421f-e399-4db8-897a-d8ef21b5e0a7,707b6ccf-c9d9-4c1d-97f4-516b572b2f9d,1697663844544088888
6a69421f-e399-4db8-897a-d8ef21b5e0a7,707b6ccf-c9d9-4c1d-97f4-516b572b2f9d,1697663844576511111
6a69421f-e399-4db8-897a-d8ef21b5e0a7,707b6ccf-c9d9-4c1d-97f4-516b572b2f9d,1697663844617222222
6a69421f-e399-4db8-897a-d8ef21b5e0a7,707b6ccf-c9d9-4c1d-97f4-516b572b2f9d,1697663844643422222
6a69421f-e399-4db8-897a-d8ef21b5e0a7,707b6ccf-c9d9-4c1d-97f4-516b572b2f9d,1697663844681911111
6a69421f-e399-4db8-897a-d8ef21b5e0a7,707b6ccf-c9d9-4c1d-97f4-516b572b2f9d,1697663844705344444
6a69421f-e399-4db8-897a-d8ef21b5e0a7,707b6ccf-c9d9-4c1d-97f4-516b572b2f9d,1697663844748566666
6a69421f-e399-4db8-897a-d8ef21b5e0a7,707b6ccf-c9d9-4c1d-97f4-516b572b2f9d,1697663844782666666
6a69421f-e399-4db8-897a-d8ef21b5e0a7,707b6ccf-c9d9-4c1d-97f4-516b572b2f9d,1697663844810833333
6a69421f-e399-4db8-897a-d8ef21b5e0a7,707b6ccf-c9d9-4c1d-97f4-516b572b2f9d,1697663844842388888
6a69421f-e399-4db8-897a-d8ef21b5e0a7,707b6ccf-c9d9-4c1d-97f4-516b572b2f9d,1697663844880744444
6a69421f-e399-4db8-897a-d8ef21b5e0a7,707b6ccf-c9d9-4c1d-97f4-516b572b2f9d,1697663844911111111
6a69421f-e399-4db8-897a-d8ef21b5e0a7,707b6ccf-c9d9-4c1d-97f4-516b572b2f9d,1697663844942055555
6a69421f-e399-4db8-897a-d8ef21b5e0a7,707b6ccf-c9d9-4c1d-97f4-516b572b2f9d,1697663844976600000
6a69421f-e399-4db8-897a-d8ef21b5e0a7,707b6ccf-c9d9-4c1d-97f4-516b572b2f9d,1697663845009188888
6a69421f-e399-4db8-897a-d8ef21b5e0a7,707b6ccf-c9d9-4c1d-97f4-516b572b2f9d,1697663845042466666
6a69421f-e399-4db8-897a-d8ef21b5e0a7,707b6ccf-c9d9-4c1d-97f4-516b572b2f9d,1697663845081066666
6a69421f-e399-4db8-897a-d8ef21b5e0a7,707b6ccf-c9d9-4c1d-97f4-516b572b2f9d,1697663845103822222
6a69421f-e399-4db8-897a-d8ef21b5e0a7,707b6ccf-c9d9-4c1d-97f4-516b572b2f9d,1697663845146555555
6a69421f-e399-4db8-897a-d8ef21b5e0a7,707b6ccf-c9d9-4c1d-97f4-516b572b2f9d,1697663845172455555
6a69421f-e399-4db8-897a-d8ef21b5e0a7,707b6ccf-c9d9-4c1d-97f4-516b572b2f9d,1697663845208444444
6a69421f-e399-4db8-897a-d8ef21b5e0a7,707b6ccf-c9d9-4c1d-97f4-516b572b2f9d,1697663845245188888
6a69421f-e399-4db8-897a-d8ef21b5e0a7,707b6ccf-c9d9-4c1d-97f4-516b572b2f9d,1697663845277622222
6a69421f-e399-4db8-897a-d8ef21b5e0a7,707b6ccf-c9d9-4c1d-97f4-516b572b2f9d,1697663845312977777
6a69421f-e399-4db8-897a-d8ef21b5e0a7,707b6ccf-c9d9-4c1d-97f4-516b572b2f9d,1697663845340700000
6a69421f-e399-4db8-897a-d8ef21b5e0a7,707b6ccf-c9d9-4c1d-97f4-516b572b2f9d,1697663845381100000
6a69421f-e399-4db8-897a-d8ef21b5e0a7,707b6ccf-c9d9-4c1d-97f4-516b572b2f9d,1697663845411477777
6a69421f-e399-4db8-897a-d8ef21b5e0a7,707b6ccf-c9d9-4c1d-97f4-516b572b2f9d,1697663845443177777
6a69421f-e399-4db8-897a-d8ef21b5e0a7,707b6ccf-c9d9-4c1d-97f4-516b572b2f9d,1697663845482277777
6a69421f-e399-4db8-897a-d8ef21b5e0a7,707b6ccf-c9d9-4c1d-97f4-516b572b2f9d,1697663845502966666
6a69421f-e399-4db8-897a-d8ef21b5e0a7,707b6ccf-c9d9-4c1d-97f4-516b572b2f9d,1697663845543744444
6a69421f-e399-4db8-897a-d8ef21b5e0a7,707b6ccf-c9d9-4c1d-97f4-516b572b2f9d,1697663845582222222
6a69421f-e399-4db8-897a-d8ef21b5e0a7,707b6ccf-c9d9-4c1d-97f4-516b572b2f9d,1697663845603755555
6a69421f-e399-4db8-897a-d8ef21b5e0a7,707b6ccf-c9d9-4c1d-97f4-516b572b2f9d,1697663845645844444
6a69421f-e399-4db8-897a-d8ef21b5e0a7,707b6ccf-c9d9-4c1d-97f4-516b572b2f9d,1697663845678044444
6a69421f-e399-4db8-897a-d8ef21b5e0a7,707b6ccf-c9d9-4c1d-97f4-516b572b2f9d,1697663845710711111
6a69421f-e399-4db8-897a-d8ef21b5e0a7,707b6ccf-c9d9-4c1d-97f4-516b572b2f9d,1697663845757888888
6a69421f-e399-4db8-897a-d8ef21b5e0a7,707b6ccf-c9d9-4c1d-97f4-516b572b2f9d,1697663845776522222
6a69421f-e399-4db8-897a-d8ef21b5e0a7,707b6ccf-c9d9-4c1d-97f4-516b572b2f9d,1697663845800933333
6a69421f-e399-4db8-897a-d8ef21b5e0a7,707b6ccf-c9d9-4c1d-97f4-516b572b2f9d,1697663845837788888
6a69421f-e399-4db8-897a-d8ef21b5e0a7,707b6ccf-c9d9-4c1d-97f4-516b572b2f9d,1697663845868877777
6a69421f-e399-4db8-897a-d8ef21b5e0a7,707b6ccf-c9d9-4c1d-97f4-516b572b2f9d,1697663845910544444
6a69421f-e399-4db8-897a-d8ef21b5e0a7,707b6ccf-c9d9-4c1d-97f4-516b572b2f9d,1697663845941966666
6a69421f-e399-4db8-897a-d8ef21b5e0a7,707b6ccf-c9d9-4c1d-97f4-516b572b2f9d,1697663845978311111
6a69421f-e399-4db8-897a-d8ef21b5e0a7,707b6ccf-c9d9-4c1d-97f4-516b572b2f9d,1697663846011544444
6a69421f-e399-4db8-897a-d8ef21b5e0a7,707b6ccf-c9d9-4c1d-97f4-516b572b2f9d,1697663846043711111
6a69421f-e399-4db8-897a-d8ef21b5e0a7,707b6ccf-c9d9-4c1d-97f4-516b572b2f9d,1697663846083666666
6a69421f-e399-4db8-897a-d8ef21b5e0a7,707b6ccf-c9d9-4c1d-97f4-516b572b2f9d,1697663846113588888
6a69421f-e399-4db8-897a-d8ef21b5e0a7,707b6ccf-c9d9-4c1d-97f4-516b572b2f9d,1697663846143822222
6a69421f-e399-4db8-897a-d8ef21b5e0a7,707b6ccf-c9d9-4c1d-97f4-516b572b2f9d,1697663846182433333
6a69421f-e399-4db8-897a-d8ef21b5e0a7,707b6ccf-c9d9-4c1d-97f4-516b572b2f9d,1697663846211044444
6a69421f-e399-4db8-897a-d8ef21b5e0a7,707b6ccf-c9d9-4c1d-97f4-516b572b2f9d,1697663846242633333
6a69421f-e399-4db8-897a-d8ef21b5e0a7,707b6ccf-c9d9-4c1d-97f4-516b572b2f9d,1697663846283622222
6a69421f-e399-4db8-897a-d8ef21b5e0a7,707b6ccf-c9d9-4c1d-97f4-516b572b2f9d,1697663846311277777
6a69421f-e399-4db8-897a-d8ef21b5e0a7,707b6ccf-c9d9-4c1d-97f4-516b572b2f9d,1697663846343155555
6a69421f-e399-4db8-897a-d8ef21b5e0a7,707b6ccf-c9d9-4c1d-97f4-516b572b2f9d,1697663846375788888
6a69421f-e399-4db8-897a-d8ef21b5e0a7,707b6ccf-c9d9-4c1d-97f4-516b572b2f9d,1697663846418155555
6a69421f-e399-4db8-897a-d8ef21b5e0a7,707b6ccf-c9d9-4c1d-97f4-516b572b2f9d,1697663846436877777
6a69421f-e399-4db8-897a-d8ef21b5e0a7,707b6ccf-c9d9-4c1d-97f4-516b572b2f9d,1697663846465288888
6a69421f-e399-4db8-897a-d8ef21b5e0a7,707b6ccf-c9d9-4c1d-97f4-516b572b2f9d,1697663846503333333
6a69421f-e399-4db8-897a-d8ef21b5e0a7,707b6ccf-c9d9-4c1d-97f4-516b572b2f9d,1697663846534400000
6a69421f-e399-4db8-897a-d8ef21b5e0a7,707b6ccf-c9d9-4c1d-97f4-516b572b2f9d,1697663846575933333
6a69421f-e399-4db8-897a-d8ef21b5e0a7,707b6ccf-c9d9-4c1d-97f4-516b572b2f9d,1697663846612622222
6a69421f-e399-4db8-897a-d8ef21b5e0a7,707b6ccf-c9d9-4c1d-97f4-516b572b2f9d,1697663846643611111
6a69421f-e399-4db8-897a-d8ef21b5e0a7,707b6ccf-c9d9-4c1d-97f4-516b572b2f9d,1697663846674244444
6a69421f-e399-4db8-897a-d8ef21b5e0a7,707b6ccf-c9d9-4c1d-97f4-516b572b2f9d,1697663846709600000
6a69421f-e399-4db8-897a-d8ef21b5e0a7,707b6ccf-c9d9-4c1d-97f4-516b572b2f9d,1697663846748755555
6a69421f-e399-4db8-897a-d8ef21b5e0a7,707b6ccf-c9d9-4c1d-97f4-516b572b2f9d,1697663846775244444
6a69421f-e399-4db8-897a-d8ef21b5e0a7,707b6ccf-c9d9-4c1d-97f4-516b572b2f9d,1697663846813066666
6a69421f-e399-4db8-897a-d8ef21b5e0a7,707b6ccf-c9d9-4c1d-97f4-516b572b2f9d,1697663846843744444
6a69421f-e399-4db8-897a-d8ef21b5e0a7,707b6ccf-c9d9-4c1d-97f4-516b572b2f9d,1697663846877655555
6a69421f-e399-4db8-897a-d8ef21b5e0a7,707b6ccf-c9d9-4c1d-97f4-516b572b2f9d,1697663846910588888
6a69421f-e399-4db8-897a-d8ef21b5e0a7,707b6ccf-c9d9-4c1d-97f4-516b572b2f9d,1697663846945266666
6a69421f-e399-4db8-897a-d8ef21b5e0a7,707b6ccf-c9d9-4c1d-97f4-516b572b2f9d,1697663846974733333
6a69421f-e399-4db8-897a-d8ef21b5e0a7,707b6ccf-c9d9-4c1d-97f4-516b572b2f9d,1697663847011922222
6a69421f-e399-4db8-897a-d8ef21b5e0a7,707b6ccf-c9d9-4c1d-97f4-516b572b2f9d,1697663847044488888
6a69421f-e399-4db8-897a-d8ef21b5e0a7,707b6ccf-c9d9-4c1d-97f4-516b572b2f9d,1697663847087211111
6a69421f-e399-4db8-897a-d8ef21b5e0a7,707b6ccf-c9d9-4c1d-97f4-516b572b2f9d,1697663847102533333
6a69421f-e399-4db8-897a-d8ef21b5e0a7,707b6ccf-c9d9-4c1d-97f4-516b572b2f9d,1697663847153044444
6a69421f-e399-4db8-897a-d8ef21b5e0a7,707b6ccf-c9d9-4c1d-97f4-516b572b2f9d,1697663847168944444
6a69421f-e399-4db8-897a-d8ef21b5e0a7,707b6ccf-c9d9-4c1d-97f4-516b572b2f9d,1697663847206433333
6a69421f-e399-4db8-897a-d8ef21b5e0a7,707b6ccf-c9d9-4c1d-97f4-516b572b2f9d,1697663847243477777
6a69421f-e399-4db8-897a-d8ef21b5e0a7,707b6ccf-c9d9-4c1d-97f4-516b572b2f9d,1697663847275400000
6a69421f-e399-4db8-897a-d8ef21b5e0a7,707b6ccf-c9d9-4c1d-97f4-516b572b2f9d,1697663847308833333
6a69421f-e399-4db8-897a-d8ef21b5e0a7,707b6ccf-c9d9-4c1d-97f4-516b572b2f9d,1697663847342533333
6a69421f-e399-4db8-897a-d8ef21b5e0a7,707b6ccf-c9d9-4c1d-97f4-516b572b2f9d,1697663847373600000
6a69421f-e399-4db8-897a-d8ef21b5e0a7,707b6ccf-c9d9-4c1d-97f4-516b572b2f9d,1697663847410866666
6a69421f-e399-4db8-897a-d8ef21b5e0a7,707b6ccf-c9d9-4c1d-97f4-516b572b2f9d,1697663847447588888
6a69421f-e399-4db8-897a-d8ef21b5e0a7,707b6ccf-c9d9-4c1d-97f4-516b572b2f9d,1697663847475755555
6a69421f-e399-4db8-897a-d8ef21b5e0a7,707b6ccf-c9d9-4c1d-97f4-516b572b2f9d,1697663847513511111
6a69421f-e399-4db8-897a-d8ef21b5e0a7,707b6ccf-c9d9-4c1d-97f4-516b572b2f9d,1697663847540166666
6a69421f-e399-4db8-897a-d8ef21b5e0a7,707b6ccf-c9d9-4c1d-97f4-516b572b2f9d,1697663847574411111
6a69421f-e399-4db8-897a-d8ef21b5e0a7,707b6ccf-c9d9-4c1d-97f4-516b572b2f9d,1697663847610688888
6a69421f-e399-4db8-897a-d8ef21b5e0a7,707b6ccf-c9d9-4c1d-97f4-516b572b2f9d,1697663847646177777
6a69421f-e399-4db8-897a-d8ef21b5e0a7,707b6ccf-c9d9-4c1d-97f4-516b572b2f9d,1697663847675211111
6a69421f-e399-4db8-897a-d8ef21b5e0a7,707b6ccf-c9d9-4c1d-97f4-516b572b2f9d,1697663847711566666
6a69421f-e399-4db8-897a-d8ef21b5e0a7,707b6ccf-c9d9-4c1d-97f4-516b572b2f9d,1697663847739222222
6a69421f-e399-4db8-897a-d8ef21b5e0a7,707b6ccf-c9d9-4c1d-97f4-516b572b2f9d,1697663847768477777
6a69421f-e399-4db8-897a-d8ef21b5e0a7,707b6ccf-c9d9-4c1d-97f4-516b572b2f9d,1697663847814677777
6a69421f-e399-4db8-897a-d8ef21b5e0a7,707b6ccf-c9d9-4c1d-97f4-516b572b2f9d,1697663847835688888
6a69421f-e399-4db8-897a-d8ef21b5e0a7,707b6ccf-c9d9-4c1d-97f4-516b572b2f9d,1697663847880000000
6a69421f-e399-4db8-897a-d8ef21b5e0a7,707b6ccf-c9d9-4c1d-97f4-516b572b2f9d,1697663847908555555
6a69421f-e399-4db8-897a-d8ef21b5e0a7,707b6ccf-c9d9-4c1d-97f4-516b572b2f9d,1697663847945211111
6a69421f-e399-4db8-897a-d8ef21b5e0a7,707b6ccf-c9d9-4c1d-97f4-516b572b2f9d,1697663847975077777
6a69421f-e399-4db8-897a-d8ef21b5e0a7,707b6ccf-c9d9-4c1d-97f4-516b572b2f9d,1697663848012877777
6a69421f-e399-4db8-897a-d8ef21b5e0a7,707b6ccf-c9d9-4c1d-97f4-516b572b2f9d,1697663848044233333
6a69421f-e399-4db8-897a-d8ef21b5e0a7,707b6ccf-c9d9-4c1d-97f4-516b572b2f9d,1697663848080411111
6a69421f-e399-4db8-897a-d8ef21b5e0a7,707b6ccf-c9d9-4c1d-97f4-516b572b2f9d,1697663848111222222
6a69421f-e399-4db8-897a-d8ef21b5e0a7,707b6ccf-c9d9-4c1d-97f4-516b572b2f9d,1697663848141200000
6a69421f-e399-4db8-897a-d8ef21b5e0a7,707b6ccf-c9d9-4c1d-97f4-516b572b2f9d,1697663848174955555
6a69421f-e399-4db8-897a-d8ef21b5e0a7,707b6ccf-c9d9-4c1d-97f4-516b572b2f9d,1697663848212033333
6a69421f-e399-4db8-897a-d8ef21b5e0a7,707b6ccf-c9d9-4c1d-97f4-516b572b2f9d,1697663848242066666
6a69421f-e399-4db8-897a-d8ef21b5e0a7,707b6ccf-c9d9-4c1d-97f4-516b572b2f9d,1697663848275311111
6a69421f-e399-4db8-897a-d8ef21b5e0a7,707b6ccf-c9d9-4c1d-97f4-516b572b2f9d,1697663848310655555
6a69421f-e399-4db8-897a-d8ef21b5e0a7,707b6ccf-c9d9-4c1d-97f4-516b572b2f9d,1697663848345988888
6a69421f-e399-4db8-897a-d8ef21b5e0a7,707b6ccf-c9d9-4c1d-97f4-516b572b2f9d,1697663848376122222
6a69421f-e399-4db8-897a-d8ef21b5e0a7,707b6ccf-c9d9-4c1d-97f4-516b572b2f9d,1697663848408488888
6a69421f-e399-4db8-897a-d8ef21b5e0a7,707b6ccf-c9d9-4c1d-97f4-516b572b2f9d,1697663848460855555
6a69421f-e399-4db8-897a-d8ef21b5e0a7,707b6ccf-c9d9-4c1d-97f4-516b572b2f9d,1697663848481344444
6a69421f-e399-4db8-897a-d8ef21b5e0a7,707b6ccf-c9d9-4c1d-97f4-516b572b2f9d,1697663848504488888
6a69421f-e399-4db8-897a-d8ef21b5e0a7,707b6ccf-c9d9-4c1d-97f4-516b572b2f9d,1697663848545788888
6a69421f-e399-4db8-897a-d8ef21b5e0a7,707b6ccf-c9d9-4c1d-97f4-516b572b2f9d,1697663848574644444
6a69421f-e399-4db8-897a-d8ef21b5e0a7,707b6ccf-c9d9-4c1d-97f4-516b572b2f9d,1697663848609488888
6a69421f-e399-4db8-897a-d8ef21b5e0a7,707b6ccf-c9d9-4c1d-97f4-516b572b2f9d,1697663848641633333
6a69421f-e399-4db8-897a-d8ef21b5e0a7,707b6ccf-c9d9-4c1d-97f4-516b572b2f9d,1697663848675455555
6a69421f-e399-4db8-897a-d8ef21b5e0a7,707b6ccf-c9d9-4c1d-97f4-516b572b2f9d,1697663848709233333
6a69421f-e399-4db8-897a-d8ef21b5e0a7,707b6ccf-c9d9-4c1d-97f4-516b572b2f9d,1697663848742300000
6a69421f-e399-4db8-897a-d8ef21b5e0a7,707b6ccf-c9d9-4c1d-97f4-516b572b2f9d,1697663848774066666
6a69421f-e399-4db8-897a-d8ef21b5e0a7,707b6ccf-c9d9-4c1d-97f4-516b572b2f9d,1697663848811111111
6a69421f-e399-4db8-897a-d8ef21b5e0a7,707b6ccf-c9d9-4c1d-97f4-516b572b2f9d,1697663848841844444
6a69421f-e399-4db8-897a-d8ef21b5e0a7,707b6ccf-c9d9-4c1d-97f4-516b572b2f9d,1697663848874455555
6a69421f-e399-4db8-897a-d8ef21b5e0a7,707b6ccf-c9d9-4c1d-97f4-516b572b2f9d,1697663848913333333
6a69421f-e399-4db8-897a-d8ef21b5e0a7,707b6ccf-c9d9-4c1d-97f4-516b572b2f9d,1697663848941888888
6a69421f-e399-4db8-897a-d8ef21b5e0a7,707b6ccf-c9d9-4c1d-97f4-516b572b2f9d,1697663848973966666
6a69421f-e399-4db8-897a-d8ef21b5e0a7,707b6ccf-c9d9-4c1d-97f4-516b572b2f9d,1697663849011377777
6a69421f-e399-4db8-897a-d8ef21b5e0a7,707b6ccf-c9d9-4c1d-97f4-516b572b2f9d,1697663849054855555
6a69421f-e399-4db8-897a-d8ef21b5e0a7,707b6ccf-c9d9-4c1d-97f4-516b572b2f9d,1697663849068588888
6a69421f-e399-4db8-897a-d8ef21b5e0a7,707b6ccf-c9d9-4c1d-97f4-516b572b2f9d,1697663849102644444
6a69421f-e399-4db8-897a-d8ef21b5e0a7,707b6ccf-c9d9-4c1d-97f4-516b572b2f9d,1697663849152988888
6a69421f-e399-4db8-897a-d8ef21b5e0a7,707b6ccf-c9d9-4c1d-97f4-516b572b2f9d,1697663849182522222
6a69421f-e399-4db8-897a-d8ef21b5e0a7,707b6ccf-c9d9-4c1d-97f4-516b572b2f9d,1697663849202277777
6a69421f-e399-4db8-897a-d8ef21b5e0a7,707b6ccf-c9d9-4c1d-97f4-516b572b2f9d,1697663849247155555
6a69421f-e399-4db8-897a-d8ef21b5e0a7,707b6ccf-c9d9-4c1d-97f4-516b572b2f9d,1697663849274955555
6a69421f-e399-4db8-897a-d8ef21b5e0a7,707b6ccf-c9d9-4c1d-97f4-516b572b2f9d,1697663849311677777
6a69421f-e399-4db8-897a-d8ef21b5e0a7,707b6ccf-c9d9-4c1d-97f4-516b572b2f9d,1697663849341033333
6a69421f-e399-4db8-897a-d8ef21b5e0a7,707b6ccf-c9d9-4c1d-97f4-516b572b2f9d,1697663849376588888
6a69421f-e399-4db8-897a-d8ef21b5e0a7,707b6ccf-c9d9-4c1d-97f4-516b572b2f9d,1697663849413755555
6a69421f-e399-4db8-897a-d8ef21b5e0a7,707b6ccf-c9d9-4c1d-97f4-516b572b2f9d,1697663849442577777
6a69421f-e399-4db8-897a-d8ef21b5e0a7,707b6ccf-c9d9-4c1d-97f4-516b572b2f9d,1697663849474944444
6a69421f-e399-4db8-897a-d8ef21b5e0a7,707b6ccf-c9d9-4c1d-97f4-516b572b2f9d,1697663849509633333
6a69421f-e399-4db8-897a-d8ef21b5e0a7,707b6ccf-c9d9-4c1d-97f4-516b572b2f9d,1697663849546655555
6a69421f-e399-4db8-897a-d8ef21b5e0a7,707b6ccf-c9d9-4c1d-97f4-516b572b2f9d,1697663849574688888
6a69421f-e399-4db8-897a-d8ef21b5e0a7,707b6ccf-c9d9-4c1d-97f4-516b572b2f9d,1697663849606944444
6a69421f-e399-4db8-897a-d8ef21b5e0a7,707b6ccf-c9d9-4c1d-97f4-516b572b2f9d,1697663849643744444
6a69421f-e399-4db8-897a-d8ef21b5e0a7,707b6ccf-c9d9-4c1d-97f4-516b572b2f9d,1697663849677055555
6a69421f-e399-4db8-897a-d8ef21b5e0a7,707b6ccf-c9d9-4c1d-97f4-516b572b2f9d,1697663849720400000
6a69421f-e399-4db8-897a-d8ef21b5e0a7,707b6ccf-c9d9-4c1d-97f4-516b572b2f9d,1697663849736800000
6a69421f-e399-4db8-897a-d8ef21b5e0a7,707b6ccf-c9d9-4c1d-97f4-516b572b2f9d,1697663849766455555
6a69421f-e399-4db8-897a-d8ef21b5e0a7,707b6ccf-c9d9-4c1d-97f4-516b572b2f9d,1697663849798222222
6a69421f-e399-4db8-897a-d8ef21b5e0a7,707b6ccf-c9d9-4c1d-97f4-516b572b2f9d,1697663849834222222
6a69421f-e399-4db8-897a-d8ef21b5e0a7,707b6ccf-c9d9-4c1d-97f4-516b572b2f9d,1697663849864822222
6a69421f-e399-4db8-897a-d8ef21b5e0a7,707b6ccf-c9d9-4c1d-97f4-516b572b2f9d,1697663849910355555
6a69421f-e399-4db8-897a-d8ef21b5e0a7,707b6ccf-c9d9-4c1d-97f4-516b572b2f9d,1697663849943155555
6a69421f-e399-4db8-897a-d8ef21b5e0a7,707b6ccf-c9d9-4c1d-97f4-516b572b2f9d,1697663849975477777
6a69421f-e399-4db8-897a-d8ef21b5e0a7,707b6ccf-c9d9-4c1d-97f4-516b572b2f9d,1697663850006200000
6a69421f-e399-4db8-897a-d8ef21b5e0a7,707b6ccf-c9d9-4c1d-97f4-516b572b2f9d,1697663850041833333
6a69421f-e399-4db8-897a-d8ef21b5e0a7,707b6ccf-c9d9-4c1d-97f4-516b572b2f9d,1697663850075400000
6a69421f-e399-4db8-897a-d8ef21b5e0a7,707b6ccf-c9d9-4c1d-97f4-516b572b2f9d,1697663850108744444
6a69421f-e399-4db8-897a-d8ef21b5e0a7,707b6ccf-c9d9-4c1d-97f4-516b572b2f9d,1697663850145000000
6a69421f-e399-4db8-897a-d8ef21b5e0a7,707b6ccf-c9d9-4c1d-97f4-516b572b2f9d,1697663850174744444
6a69421f-e399-4db8-897a-d8ef21b5e0a7,707b6ccf-c9d9-4c1d-97f4-516b572b2f9d,1697663850207400000
6a69421f-e399-4db8-897a-d8ef21b5e0a7,707b6ccf-c9d9-4c1d-97f4-516b572b2f9d,1697663850241655555
6a69421f-e399-4db8-897a-d8ef21b5e0a7,707b6ccf-c9d9-4c1d-97f4-516b572b2f9d,1697663850275733333
6a69421f-e399-4db8-897a-d8ef21b5e0a7,707b6ccf-c9d9-4c1d-97f4-516b572b2f9d,1697663850306588888
6a69421f-e399-4db8-897a-d8ef21b5e0a7,707b6ccf-c9d9-4c1d-97f4-516b572b2f9d,1697663850347811111
6a69421f-e399-4db8-897a-d8ef21b5e0a7,707b6ccf-c9d9-4c1d-97f4-516b572b2f9d,1697663850369466666
6a69421f-e399-4db8-897a-d8ef21b5e0a7,707b6ccf-c9d9-4c1d-97f4-516b572b2f9d,1697663850420233333
6a69421f-e399-4db8-897a-d8ef21b5e0a7,707b6ccf-c9d9-4c1d-97f4-516b572b2f9d,1697663850446888888
6a69421f-e399-4db8-897a-d8ef21b5e0a7,707b6ccf-c9d9-4c1d-97f4-516b572b2f9d,1697663850467088888
6a69421f-e399-4db8-897a-d8ef21b5e0a7,707b6ccf-c9d9-4c1d-97f4-516b572b2f9d,1697663850499977777
6a69421f-e399-4db8-897a-d8ef21b5e0a7,707b6ccf-c9d9-4c1d-97f4-516b572b2f9d,1697663850535488888
6a69421f-e399-4db8-897a-d8ef21b5e0a7,707b6ccf-c9d9-4c1d-97f4-516b572b2f9d,1697663850579000000
6a69421f-e399-4db8-897a-d8ef21b5e0a7,707b6ccf-c9d9-4c1d-97f4-516b572b2f9d,1697663850606233333
6a69421f-e399-4db8-897a-d8ef21b5e0a7,707b6ccf-c9d9-4c1d-97f4-516b572b2f9d,1697663850645944444
6a69421f-e399-4db8-897a-d8ef21b5e0a7,707b6ccf-c9d9-4c1d-97f4-516b572b2f9d,1697663850675022222
6a69421f-e399-4db8-897a-d8ef21b5e0a7,707b6ccf-c9d9-4c1d-97f4-516b572b2f9d,1697663850709177777
6a69421f-e399-4db8-897a-d8ef21b5e0a7,707b6ccf-c9d9-4c1d-97f4-516b572b2f9d,1697663850746422222
6a69421f-e399-4db8-897a-d8ef21b5e0a7,707b6ccf-c9d9-4c1d-97f4-516b572b2f9d,1697663850777888888
6a69421f-e399-4db8-897a-d8ef21b5e0a7,707b6ccf-c9d9-4c1d-97f4-516b572b2f9d,1697663850808944444
6a69421f-e399-4db8-897a-d8ef21b5e0a7,707b6ccf-c9d9-4c1d-97f4-516b572b2f9d,1697663850845955555
6a69421f-e399-4db8-897a-d8ef21b5e0a7,707b6ccf-c9d9-4c1d-97f4-516b572b2f9d,1697663850874755555
6a69421f-e399-4db8-897a-d8ef21b5e0a7,707b6ccf-c9d9-4c1d-97f4-516b572b2f9d,1697663850909388888
6a69421f-e399-4db8-897a-d8ef21b5e0a7,707b6ccf-c9d9-4c1d-97f4-516b572b2f9d,1697663850942033333
6a69421f-e399-4db8-897a-d8ef21b5e0a7,707b6ccf-c9d9-4c1d-97f4-516b572b2f9d,1697663850975544444
6a69421f-e399-4db8-897a-d8ef21b5e0a7,707b6ccf-c9d9-4c1d-97f4-516b572b2f9d,1697663851006166666
6a69421f-e399-4db8-897a-d8ef21b5e0a7,707b6ccf-c9d9-4c1d-97f4-516b572b2f9d,1697663851057244444
6a69421f-e399-4db8-897a-d8ef21b5e0a7,707b6ccf-c9d9-4c1d-97f4-516b572b2f9d,1697663851066688888
6a69421f-e399-4db8-897a-d8ef21b5e0a7,707b6ccf-c9d9-4c1d-97f4-516b572b2f9d,1697663851120533333
6a69421f-e399-4db8-897a-d8ef21b5e0a7,707b6ccf-c9d9-4c1d-97f4-516b572b2f9d,1697663851147433333
6a69421f-e399-4db8-897a-d8ef21b5e0a7,707b6ccf-c9d9-4c1d-97f4-516b572b2f9d,1697663851176022222
6a69421f-e399-4db8-897a-d8ef21b5e0a7,707b6ccf-c9d9-4c1d-97f4-516b572b2f9d,1697663851208977777
6a69421f-e399-4db8-897a-d8ef21b5e0a7,707b6ccf-c9d9-4c1d-97f4-516b572b2f9d,1697663851242266666
6a69421f-e399-4db8-897a-d8ef21b5e0a7,707b6ccf-c9d9-4c1d-97f4-516b572b2f9d,1697663851273533333
6a69421f-e399-4db8-897a-d8ef21b5e0a7,707b6ccf-c9d9-4c1d-97f4-516b572b2f9d,1697663851308111111
6a69421f-e399-4db8-897a-d8ef21b5e0a7,707b6ccf-c9d9-4c1d-97f4-516b572b2f9d,1697663851345188888
6a69421f-e399-4db8-897a-d8ef21b5e0a7,707b6ccf-c9d9-4c1d-97f4-516b572b2f9d,1697663851372900000
6a69421f-e399-4db8-897a-d8ef21b5e0a7,707b6ccf-c9d9-4c1d-97f4-516b572b2f9d,1697663851406822222
6a69421f-e399-4db8-897a-d8ef21b5e0a7,707b6ccf-c9d9-4c1d-97f4-516b572b2f9d,1697663851444122222
6a69421f-e399-4db8-897a-d8ef21b5e0a7,707b6ccf-c9d9-4c1d-97f4-516b572b2f9d,1697663851472788888
6a69421f-e399-4db8-897a-d8ef21b5e0a7,707b6ccf-c9d9-4c1d-97f4-516b572b2f9d,1697663851505800000
6a69421f-e399-4db8-897a-d8ef21b5e0a7,707b6ccf-c9d9-4c1d-97f4-516b572b2f9d,1697663851542111111
6a69421f-e399-4db8-897a-d8ef21b5e0a7,707b6ccf-c9d9-4c1d-97f4-516b572b2f9d,1697663851574455555
6a69421f-e399-4db8-897a-d8ef21b5e0a7,707b6ccf-c9d9-4c1d-97f4-516b572b2f9d,1697663851605222222
6a69421f-e399-4db8-897a-d8ef21b5e0a7,707b6ccf-c9d9-4c1d-97f4-516b572b2f9d,1697663851647377777
6a69421f-e399-4db8-897a-d8ef21b5e0a7,707b6ccf-c9d9-4c1d-97f4-516b572b2f9d,1697663851674177777
6a69421f-e399-4db8-897a-d8ef21b5e0a7,707b6ccf-c9d9-4c1d-97f4-516b572b2f9d,1697663851705522222
6a69421f-e399-4db8-897a-d8ef21b5e0a7,707b6ccf-c9d9-4c1d-97f4-516b572b2f9d,1697663851749155555
6a69421f-e399-4db8-897a-d8ef21b5e0a7,707b6ccf-c9d9-4c1d-97f4-516b572b2f9d,1697663851766033333
6a69421f-e399-4db8-897a-d8ef21b5e0a7,707b6ccf-c9d9-4c1d-97f4-516b572b2f9d,1697663851798888888
6a69421f-e399-4db8-897a-d8ef21b5e0a7,707b6ccf-c9d9-4c1d-97f4-516b572b2f9d,1697663851839711111
6a69421f-e399-4db8-897a-d8ef21b5e0a7,707b6ccf-c9d9-4c1d-97f4-516b572b2f9d,1697663851870622222
6a69421f-e399-4db8-897a-d8ef21b5e0a7,707b6ccf-c9d9-4c1d-97f4-516b572b2f9d,1697663851897088888
6a69421f-e399-4db8-897a-d8ef21b5e0a7,707b6ccf-c9d9-4c1d-97f4-516b572b2f9d,1697663851944166666
6a69421f-e399-4db8-897a-d8ef21b5e0a7,707b6ccf-c9d9-4c1d-97f4-516b572b2f9d,1697663851974811111
6a69421f-e399-4db8-897a-d8ef21b5e0a7,707b6ccf-c9d9-4c1d-97f4-516b572b2f9d,1697663852005288888
6a69421f-e399-4db8-897a-d8ef21b5e0a7,707b6ccf-c9d9-4c1d-97f4-516b572b2f9d,1697663852041788888
6a69421f-e399-4db8-897a-d8ef21b5e0a7,707b6ccf-c9d9-4c1d-97f4-516b572b2f9d,1697663852076388888
6a69421f-e399-4db8-897a-d8ef21b5e0a7,707b6ccf-c9d9-4c1d-97f4-516b572b2f9d,1697663852104222222
6a69421f-e399-4db8-897a-d8ef21b5e0a7,707b6ccf-c9d9-4c1d-97f4-516b572b2f9d,1697663852144177777
6a69421f-e399-4db8-897a-d8ef21b5e0a7,707b6ccf-c9d9-4c1d-97f4-516b572b2f9d,1697663852177122222
6a69421f-e399-4db8-897a-d8ef21b5e0a7,707b6ccf-c9d9-4c1d-97f4-516b572b2f9d,1697663852210266666
6a69421f-e399-4db8-897a-d8ef21b5e0a7,707b6ccf-c9d9-4c1d-97f4-516b572b2f9d,1697663852243988888
6a69421f-e399-4db8-897a-d8ef21b5e0a7,707b6ccf-c9d9-4c1d-97f4-516b572b2f9d,1697663852275433333
6a69421f-e399-4db8-897a-d8ef21b5e0a7,707b6ccf-c9d9-4c1d-97f4-516b572b2f9d,1697663852305500000
6a69421f-e399-4db8-897a-d8ef21b5e0a7,707b6ccf-c9d9-4c1d-97f4-516b572b2f9d,1697663852341911111
6a69421f-e399-4db8-897a-d8ef21b5e0a7,707b6ccf-c9d9-4c1d-97f4-516b572b2f9d,1697663852375211111
6a69421f-e399-4db8-897a-d8ef21b5e0a7,707b6ccf-c9d9-4c1d-97f4-516b572b2f9d,1697663852403722222
6a69421f-e399-4db8-897a-d8ef21b5e0a7,707b6ccf-c9d9-4c1d-97f4-516b572b2f9d,1697663852435577777
6a69421f-e399-4db8-897a-d8ef21b5e0a7,707b6ccf-c9d9-4c1d-97f4-516b572b2f9d,1697663852466900000
6a69421f-e399-4db8-897a-d8ef21b5e0a7,707b6ccf-c9d9-4c1d-97f4-516b572b2f9d,1697663852509477777
6a69421f-e399-4db8-897a-d8ef21b5e0a7,707b6ccf-c9d9-4c1d-97f4-516b572b2f9d,1697663852542855555
6a69421f-e399-4db8-897a-d8ef21b5e0a7,707b6ccf-c9d9-4c1d-97f4-516b572b2f9d,1697663852565677777
6a69421f-e399-4db8-897a-d8ef21b5e0a7,707b6ccf-c9d9-4c1d-97f4-516b572b2f9d,1697663852609455555
6a69421f-e399-4db8-897a-d8ef21b5e0a7,707b6ccf-c9d9-4c1d-97f4-516b572b2f9d,1697663852643444444
6a69421f-e399-4db8-897a-d8ef21b5e0a7,707b6ccf-c9d9-4c1d-97f4-516b572b2f9d,1697663852681155555
6a69421f-e399-4db8-897a-d8ef21b5e0a7,707b6ccf-c9d9-4c1d-97f4-516b572b2f9d,1697663852698322222
6a69421f-e399-4db8-897a-d8ef21b5e0a7,707b6ccf-c9d9-4c1d-97f4-516b572b2f9d,1697663852751600000
6a69421f-e399-4db8-897a-d8ef21b5e0a7,707b6ccf-c9d9-4c1d-97f4-516b572b2f9d,1697663852775444444
6a69421f-e399-4db8-897a-d8ef21b5e0a7,707b6ccf-c9d9-4c1d-97f4-516b572b2f9d,1697663852808577777
6a69421f-e399-4db8-897a-d8ef21b5e0a7,707b6ccf-c9d9-4c1d-97f4-516b572b2f9d,1697663852840522222
6a69421f-e399-4db8-897a-d8ef21b5e0a7,707b6ccf-c9d9-4c1d-97f4-516b572b2f9d,1697663852871400000
6a69421f-e399-4db8-897a-d8ef21b5e0a7,707b6ccf-c9d9-4c1d-97f4-516b572b2f9d,1697663852912888888
6a69421f-e399-4db8-897a-d8ef21b5e0a7,707b6ccf-c9d9-4c1d-97f4-516b572b2f9d,1697663852938777777
6a69421f-e399-4db8-897a-d8ef21b5e0a7,707b6ccf-c9d9-4c1d-97f4-516b572b2f9d,1697663852976488888
6a69421f-e399-4db8-897a-d8ef21b5e0a7,707b6ccf-c9d9-4c1d-97f4-516b572b2f9d,1697663853005922222
6a69421f-e399-4db8-897a-d8ef21b5e0a7,707b6ccf-c9d9-4c1d-97f4-516b572b2f9d,1697663853040100000
6a69421f-e399-4db8-897a-d8ef21b5e0a7,707b6ccf-c9d9-4c1d-97f4-516b572b2f9d,1697663853083311111
6a69421f-e399-4db8-897a-d8ef21b5e0a7,707b6ccf-c9d9-4c1d-97f4-516b572b2f9d,1697663853097633333
6a69421f-e399-4db8-897a-d8ef21b5e0a7,707b6ccf-c9d9-4c1d-97f4-516b572b2f9d,1697663853152911111
6a69421f-e399-4db8-897a-d8ef21b5e0a7,707b6ccf-c9d9-4c1d-97f4-516b572b2f9d,1697663853171355555
6a69421f-e399-4db8-897a-d8ef21b5e0a7,707b6ccf-c9d9-4c1d-97f4-516b572b2f9d,1697663853199766666
6a69421f-e399-4db8-897a-d8ef21b5e0a7,707b6ccf-c9d9-4c1d-97f4-516b572b2f9d,1697663853241022222
6a69421f-e399-4db8-897a-d8ef21b5e0a7,707b6ccf-c9d9-4c1d-97f4-516b572b2f9d,1697663853276066666
6a69421f-e399-4db8-897a-d8ef21b5e0a7,707b6ccf-c9d9-4c1d-97f4-516b572b2f9d,1697663853304633333
6a69421f-e399-4db8-897a-d8ef21b5e0a7,707b6ccf-c9d9-4c1d-97f4-516b572b2f9d,1697663853338622222
6a69421f-e399-4db8-897a-d8ef21b5e0a7,707b6ccf-c9d9-4c1d-97f4-516b572b2f9d,1697663853374166666
6a69421f-e399-4db8-897a-d8ef21b5e0a7,707b6ccf-c9d9-4c1d-97f4-516b572b2f9d,1697663853410455555
6a69421f-e399-4db8-897a-d8ef21b5e0a7,707b6ccf-c9d9-4c1d-97f4-516b572b2f9d,1697663853440000000
6a69421f-e399-4db8-897a-d8ef21b5e0a7,707b6ccf-c9d9-4c1d-97f4-516b572b2f9d,1697663853474233333
6a69421f-e399-4db8-897a-d8ef21b5e0a7,707b6ccf-c9d9-4c1d-97f4-516b572b2f9d,1697663853504855555
6a69421f-e399-4db8-897a-d8ef21b5e0a7,707b6ccf-c9d9-4c1d-97f4-516b572b2f9d,1697663853540722222
6a69421f-e399-4db8-897a-d8ef21b5e0a7,707b6ccf-c9d9-4c1d-97f4-516b572b2f9d,1697663853575422222
6a69421f-e399-4db8-897a-d8ef21b5e0a7,707b6ccf-c9d9-4c1d-97f4-516b572b2f9d,1697663853609133333
6a69421f-e399-4db8-897a-d8ef21b5e0a7,707b6ccf-c9d9-4c1d-97f4-516b572b2f9d,1697663853640677777
6a69421f-e399-4db8-897a-d8ef21b5e0a7,707b6ccf-c9d9-4c1d-97f4-516b572b2f9d,1697663853675444444
6a69421f-e399-4db8-897a-d8ef21b5e0a7,707b6ccf-c9d9-4c1d-97f4-516b572b2f9d,1697663853711288888
6a69421f-e399-4db8-897a-d8ef21b5e0a7,707b6ccf-c9d9-4c1d-97f4-516b572b2f9d,1697663853751055555
6a69421f-e399-4db8-897a-d8ef21b5e0a7,707b6ccf-c9d9-4c1d-97f4-516b572b2f9d,1697663853765766666
6a69421f-e399-4db8-897a-d8ef21b5e0a7,707b6ccf-c9d9-4c1d-97f4-516b572b2f9d,1697663853813444444
6a69421f-e399-4db8-897a-d8ef21b5e0a7,707b6ccf-c9d9-4c1d-97f4-516b572b2f9d,1697663853844700000
6a69421f-e399-4db8-897a-d8ef21b5e0a7,707b6ccf-c9d9-4c1d-97f4-516b572b2f9d,1697663853866900000
6a69421f-e399-4db8-897a-d8ef21b5e0a7,707b6ccf-c9d9-4c1d-97f4-516b572b2f9d,1697663853908455555
6a69421f-e399-4db8-897a-d8ef21b5e0a7,707b6ccf-c9d9-4c1d-97f4-516b572b2f9d,1697663853938433333
6a69421f-e399-4db8-897a-d8ef21b5e0a7,707b6ccf-c9d9-4c1d-97f4-516b572b2f9d,1697663853973077777
6a69421f-e399-4db8-897a-d8ef21b5e0a7,707b6ccf-c9d9-4c1d-97f4-516b572b2f9d,1697663854007500000
6a69421f-e399-4db8-897a-d8ef21b5e0a7,707b6ccf-c9d9-4c1d-97f4-516b572b2f9d,1697663854038111111
6a69421f-e399-4db8-897a-d8ef21b5e0a7,707b6ccf-c9d9-4c1d-97f4-516b572b2f9d,1697663854078677777
6a69421f-e399-4db8-897a-d8ef21b5e0a7,707b6ccf-c9d9-4c1d-97f4-516b572b2f9d,1697663854108444444
6a69421f-e399-4db8-897a-d8ef21b5e0a7,707b6ccf-c9d9-4c1d-97f4-516b572b2f9d,1697663854139600000
6a69421f-e399-4db8-897a-d8ef21b5e0a7,707b6ccf-c9d9-4c1d-97f4-516b572b2f9d,1697663854174588888
6a69421f-e399-4db8-897a-d8ef21b5e0a7,707b6ccf-c9d9-4c1d-97f4-516b572b2f9d,1697663854209033333
6a69421f-e399-4db8-897a-d8ef21b5e0a7,707b6ccf-c9d9-4c1d-97f4-516b572b2f9d,1697663854241488888
6a69421f-e399-4db8-897a-d8ef21b5e0a7,707b6ccf-c9d9-4c1d-97f4-516b572b2f9d,1697663854275077777
6a69421f-e399-4db8-897a-d8ef21b5e0a7,707b6ccf-c9d9-4c1d-97f4-516b572b2f9d,1697663854308611111
6a69421f-e399-4db8-897a-d8ef21b5e0a7,707b6ccf-c9d9-4c1d-97f4-516b572b2f9d,1697663854340811111
6a69421f-e399-4db8-897a-d8ef21b5e0a7,707b6ccf-c9d9-4c1d-97f4-516b572b2f9d,1697663854380244444
6a69421f-e399-4db8-897a-d8ef21b5e0a7,707b6ccf-c9d9-4c1d-97f4-516b572b2f9d,1697663854399633333
6a69421f-e399-4db8-897a-d8ef21b5e0a7,707b6ccf-c9d9-4c1d-97f4-516b572b2f9d,1697663854433411111
6a69421f-e399-4db8-897a-d8ef21b5e0a7,707b6ccf-c9d9-4c1d-97f4-516b572b2f9d,1697663854466622222
6a69421f-e399-4db8-897a-d8ef21b5e0a7,707b6ccf-c9d9-4c1d-97f4-516b572b2f9d,1697663854504677777
6a69421f-e399-4db8-897a-d8ef21b5e0a7,707b6ccf-c9d9-4c1d-97f4-516b572b2f9d,1697663854542133333
6a69421f-e399-4db8-897a-d8ef21b5e0a7,707b6ccf-c9d9-4c1d-97f4-516b572b2f9d,1697663854570077777
6a69421f-e399-4db8-897a-d8ef21b5e0a7,707b6ccf-c9d9-4c1d-97f4-516b572b2f9d,1697663854609844444
6a69421f-e399-4db8-897a-d8ef21b5e0a7,707b6ccf-c9d9-4c1d-97f4-516b572b2f9d,1697663854642444444
6a69421f-e399-4db8-897a-d8ef21b5e0a7,707b6ccf-c9d9-4c1d-97f4-516b572b2f9d,1697663854671311111
6a69421f-e399-4db8-897a-d8ef21b5e0a7,707b6ccf-c9d9-4c1d-97f4-516b572b2f9d,1697663854707366666
6a69421f-e399-4db8-897a-d8ef21b5e0a7,707b6ccf-c9d9-4c1d-97f4-516b572b2f9d,1697663854739977777
6a69421f-e399-4db8-897a-d8ef21b5e0a7,707b6ccf-c9d9-4c1d-97f4-516b572b2f9d,1697663854777144444
6a69421f-e399-4db8-897a-d8ef21b5e0a7,707b6ccf-c9d9-4c1d-97f4-516b572b2f9d,1697663854807588888
6a69421f-e399-4db8-897a-d8ef21b5e0a7,707b6ccf-c9d9-4c1d-97f4-516b572b2f9d,1697663854838277777
6a69421f-e399-4db8-897a-d8ef21b5e0a7,707b6ccf-c9d9-4c1d-97f4-516b572b2f9d,1697663854875544444
6a69421f-e399-4db8-897a-d8ef21b5e0a7,707b6ccf-c9d9-4c1d-97f4-516b572b2f9d,1697663854909311111
6a69421f-e399-4db8-897a-d8ef21b5e0a7,707b6ccf-c9d9-4c1d-97f4-516b572b2f9d,1697663854937788888
6a69421f-e399-4db8-897a-d8ef21b5e0a7,707b6ccf-c9d9-4c1d-97f4-516b572b2f9d,1697663854978000000
6a69421f-e399-4db8-897a-d8ef21b5e0a7,707b6ccf-c9d9-4c1d-97f4-516b572b2f9d,1697663855008377777
6a69421f-e399-4db8-897a-d8ef21b5e0a7,707b6ccf-c9d9-4c1d-97f4-516b572b2f9d,1697663855039400000
6a69421f-e399-4db8-897a-d8ef21b5e0a7,707b6ccf-c9d9-4c1d-97f4-516b572b2f9d,1697663855070266666
6a69421f-e399-4db8-897a-d8ef21b5e0a7,707b6ccf-c9d9-4c1d-97f4-516b572b2f9d,1697663855100644444
6a69421f-e399-4db8-897a-d8ef21b5e0a7,707b6ccf-c9d9-4c1d-97f4-516b572b2f9d,1697663855144022222
6a69421f-e399-4db8-897a-d8ef21b5e0a7,707b6ccf-c9d9-4c1d-97f4-516b572b2f9d,1697663855179388888
6a69421f-e399-4db8-897a-d8ef21b5e0a7,707b6ccf-c9d9-4c1d-97f4-516b572b2f9d,1697663855215600000
6a69421f-e399-4db8-897a-d8ef21b5e0a7,707b6ccf-c9d9-4c1d-97f4-516b572b2f9d,1697663855239811111
6a69421f-e399-4db8-897a-d8ef21b5e0a7,707b6ccf-c9d9-4c1d-97f4-516b572b2f9d,1697663855273033333
6a69421f-e399-4db8-897a-d8ef21b5e0a7,707b6ccf-c9d9-4c1d-97f4-516b572b2f9d,1697663855306944444
6a69421f-e399-4db8-897a-d8ef21b5e0a7,707b6ccf-c9d9-4c1d-97f4-516b572b2f9d,1697663855342911111
6a69421f-e399-4db8-897a-d8ef21b5e0a7,707b6ccf-c9d9-4c1d-97f4-516b572b2f9d,1697663855370955555
6a69421f-e399-4db8-897a-d8ef21b5e0a7,707b6ccf-c9d9-4c1d-97f4-516b572b2f9d,1697663855405800000
6a69421f-e399-4db8-897a-d8ef21b5e0a7,707b6ccf-c9d9-4c1d-97f4-516b572b2f9d,1697663855440377777
6a69421f-e399-4db8-897a-d8ef21b5e0a7,707b6ccf-c9d9-4c1d-97f4-516b572b2f9d,1697663855474444444
6a69421f-e399-4db8-897a-d8ef21b5e0a7,707b6ccf-c9d9-4c1d-97f4-516b572b2f9d,1697663855507966666
6a69421f-e399-4db8-897a-d8ef21b5e0a7,707b6ccf-c9d9-4c1d-97f4-516b572b2f9d,1697663855541633333
6a69421f-e399-4db8-897a-d8ef21b5e0a7,707b6ccf-c9d9-4c1d-97f4-516b572b2f9d,1697663855575100000
6a69421f-e399-4db8-897a-d8ef21b5e0a7,707b6ccf-c9d9-4c1d-97f4-516b572b2f9d,1697663855608066666
6a69421f-e399-4db8-897a-d8ef21b5e0a7,707b6ccf-c9d9-4c1d-97f4-516b572b2f9d,1697663855639377777
6a69421f-e399-4db8-897a-d8ef21b5e0a7,707b6ccf-c9d9-4c1d-97f4-516b572b2f9d,1697663855676366666
6a69421f-e399-4db8-897a-d8ef21b5e0a7,707b6ccf-c9d9-4c1d-97f4-516b572b2f9d,1697663855707055555
6a69421f-e399-4db8-897a-d8ef21b5e0a7,707b6ccf-c9d9-4c1d-97f4-516b572b2f9d,1697663855750622222
6a69421f-e399-4db8-897a-d8ef21b5e0a7,707b6ccf-c9d9-4c1d-97f4-516b572b2f9d,1697663855765511111
6a69421f-e399-4db8-897a-d8ef21b5e0a7,707b6ccf-c9d9-4c1d-97f4-516b572b2f9d,1697663855800355555
6a69421f-e399-4db8-897a-d8ef21b5e0a7,707b6ccf-c9d9-4c1d-97f4-516b572b2f9d,1697663855837966666
6a69421f-e399-4db8-897a-d8ef21b5e0a7,707b6ccf-c9d9-4c1d-97f4-516b572b2f9d,1697663855869366666
6a69421f-e399-4db8-897a-d8ef21b5e0a7,707b6ccf-c9d9-4c1d-97f4-516b572b2f9d,1697663855906622222
6a69421f-e399-4db8-897a-d8ef21b5e0a7,707b6ccf-c9d9-4c1d-97f4-516b572b2f9d,1697663855937977777
6a69421f-e399-4db8-897a-d8ef21b5e0a7,707b6ccf-c9d9-4c1d-97f4-516b572b2f9d,1697663855975100000
6a69421f-e399-4db8-897a-d8ef21b5e0a7,707b6ccf-c9d9-4c1d-97f4-516b572b2f9d,1697663856006811111
6a69421f-e399-4db8-897a-d8ef21b5e0a7,707b6ccf-c9d9-4c1d-97f4-516b572b2f9d,1697663856038633333
6a69421f-e399-4db8-897a-d8ef21b5e0a7,707b6ccf-c9d9-4c1d-97f4-516b572b2f9d,1697663856071333333
6a69421f-e399-4db8-897a-d8ef21b5e0a7,707b6ccf-c9d9-4c1d-97f4-516b572b2f9d,1697663856106855555
6a69421f-e399-4db8-897a-d8ef21b5e0a7,707b6ccf-c9d9-4c1d-97f4-516b572b2f9d,1697663856143177777
6a69421f-e399-4db8-897a-d8ef21b5e0a7,707b6ccf-c9d9-4c1d-97f4-516b572b2f9d,1697663856171133333
6a69421f-e399-4db8-897a-d8ef21b5e0a7,707b6ccf-c9d9-4c1d-97f4-516b572b2f9d,1697663856208422222
6a69421f-e399-4db8-897a-d8ef21b5e0a7,707b6ccf-c9d9-4c1d-97f4-516b572b2f9d,1697663856241633333
6a69421f-e399-4db8-897a-d8ef21b5e0a7,707b6ccf-c9d9-4c1d-97f4-516b572b2f9d,1697663856269900000
6a69421f-e399-4db8-897a-d8ef21b5e0a7,707b6ccf-c9d9-4c1d-97f4-516b572b2f9d,1697663856309766666
6a69421f-e399-4db8-897a-d8ef21b5e0a7,707b6ccf-c9d9-4c1d-97f4-516b572b2f9d,1697663856339722222
6a69421f-e399-4db8-897a-d8ef21b5e0a7,707b6ccf-c9d9-4c1d-97f4-516b572b2f9d,1697663856373200000
6a69421f-e399-4db8-897a-d8ef21b5e0a7,707b6ccf-c9d9-4c1d-97f4-516b572b2f9d,1697663856401077777
6a69421f-e399-4db8-897a-d8ef21b5e0a7,707b6ccf-c9d9-4c1d-97f4-516b572b2f9d,1697663856430522222
6a69421f-e399-4db8-897a-d8ef21b5e0a7,707b6ccf-c9d9-4c1d-97f4-516b572b2f9d,1697663856462855555
6a69421f-e399-4db8-897a-d8ef21b5e0a7,707b6ccf-c9d9-4c1d-97f4-516b572b2f9d,1697663856505844444
6a69421f-e399-4db8-897a-d8ef21b5e0a7,707b6ccf-c9d9-4c1d-97f4-516b572b2f9d,1697663856540944444
6a69421f-e399-4db8-897a-d8ef21b5e0a7,707b6ccf-c9d9-4c1d-97f4-516b572b2f9d,1697663856563111111
6a69421f-e399-4db8-897a-d8ef21b5e0a7,707b6ccf-c9d9-4c1d-97f4-516b572b2f9d,1697663856608877777
6a69421f-e399-4db8-897a-d8ef21b5e0a7,707b6ccf-c9d9-4c1d-97f4-516b572b2f9d,1697663856640922222
6a69421f-e399-4db8-897a-d8ef21b5e0a7,707b6ccf-c9d9-4c1d-97f4-516b572b2f9d,1697663856671255555
6a69421f-e399-4db8-897a-d8ef21b5e0a7,707b6ccf-c9d9-4c1d-97f4-516b572b2f9d,1697663856707288888
6a69421f-e399-4db8-897a-d8ef21b5e0a7,707b6ccf-c9d9-4c1d-97f4-516b572b2f9d,1697663856742566666
6a69421f-e399-4db8-897a-d8ef21b5e0a7,707b6ccf-c9d9-4c1d-97f4-516b572b2f9d,1697663856769611111
6a69421f-e399-4db8-897a-d8ef21b5e0a7,707b6ccf-c9d9-4c1d-97f4-516b572b2f9d,1697663856808911111
6a69421f-e399-4db8-897a-d8ef21b5e0a7,707b6ccf-c9d9-4c1d-97f4-516b572b2f9d,1697663856839644444
6a69421f-e399-4db8-897a-d8ef21b5e0a7,707b6ccf-c9d9-4c1d-97f4-516b572b2f9d,1697663856869677777
6a69421f-e399-4db8-897a-d8ef21b5e0a7,707b6ccf-c9d9-4c1d-97f4-516b572b2f9d,1697663856906222222
6a69421f-e399-4db8-897a-d8ef21b5e0a7,707b6ccf-c9d9-4c1d-97f4-516b572b2f9d,1697663856938011111
6a69421f-e399-4db8-897a-d8ef21b5e0a7,707b6ccf-c9d9-4c1d-97f4-516b572b2f9d,1697663856969700000
6a69421f-e399-4db8-897a-d8ef21b5e0a7,707b6ccf-c9d9-4c1d-97f4-516b572b2f9d,1697663857008633333
6a69421f-e399-4db8-897a-d8ef21b5e0a7,707b6ccf-c9d9-4c1d-97f4-516b572b2f9d,1697663857037900000
6a69421f-e399-4db8-897a-d8ef21b5e0a7,707b6ccf-c9d9-4c1d-97f4-516b572b2f9d,1697663857063600000
6a69421f-e399-4db8-897a-d8ef21b5e0a7,707b6ccf-c9d9-4c1d-97f4-516b572b2f9d,1697663857102655555
6a69421f-e399-4db8-897a-d8ef21b5e0a7,707b6ccf-c9d9-4c1d-97f4-516b572b2f9d,1697663857129100000
6a69421f-e399-4db8-897a-d8ef21b5e0a7,707b6ccf-c9d9-4c1d-97f4-516b572b2f9d,1697663857173577777
6a69421f-e399-4db8-897a-d8ef21b5e0a7,707b6ccf-c9d9-4c1d-97f4-516b572b2f9d,1697663857197700000
6a69421f-e399-4db8-897a-d8ef21b5e0a7,707b6ccf-c9d9-4c1d-97f4-516b572b2f9d,1697663857242222222
6a69421f-e399-4db8-897a-d8ef21b5e0a7,707b6ccf-c9d9-4c1d-97f4-516b572b2f9d,1697663857269700000
6a69421f-e399-4db8-897a-d8ef21b5e0a7,707b6ccf-c9d9-4c1d-97f4-516b572b2f9d,1697663857307522222
6a69421f-e399-4db8-897a-d8ef21b5e0a7,707b6ccf-c9d9-4c1d-97f4-516b572b2f9d,1697663857337888888
6a69421f-e399-4db8-897a-d8ef21b5e0a7,707b6ccf-c9d9-4c1d-97f4-516b572b2f9d,1697663857372844444
6a69421f-e399-4db8-897a-d8ef21b5e0a7,707b6ccf-c9d9-4c1d-97f4-516b572b2f9d,1697663857408477777
6a69421f-e399-4db8-897a-d8ef21b5e0a7,707b6ccf-c9d9-4c1d-97f4-516b572b2f9d,1697663857438622222
6a69421f-e399-4db8-897a-d8ef21b5e0a7,707b6ccf-c9d9-4c1d-97f4-516b572b2f9d,1697663857470466666
6a69421f-e399-4db8-897a-d8ef21b5e0a7,707b6ccf-c9d9-4c1d-97f4-516b572b2f9d,1697663857508711111
6a69421f-e399-4db8-897a-d8ef21b5e0a7,707b6ccf-c9d9-4c1d-97f4-516b572b2f9d,1697663857537544444
6a69421f-e399-4db8-897a-d8ef21b5e0a7,707b6ccf-c9d9-4c1d-97f4-516b572b2f9d,1697663857571288888
6a69421f-e399-4db8-897a-d8ef21b5e0a7,707b6ccf-c9d9-4c1d-97f4-516b572b2f9d,1697663857611177777
6a69421f-e399-4db8-897a-d8ef21b5e0a7,707b6ccf-c9d9-4c1d-97f4-516b572b2f9d,1697663857642244444
6a69421f-e399-4db8-897a-d8ef21b5e0a7,707b6ccf-c9d9-4c1d-97f4-516b572b2f9d,1697663857670600000
6a69421f-e399-4db8-897a-d8ef21b5e0a7,707b6ccf-c9d9-4c1d-97f4-516b572b2f9d,1697663857704555555
6a69421f-e399-4db8-897a-d8ef21b5e0a7,707b6ccf-c9d9-4c1d-97f4-516b572b2f9d,1697663857731333333
6a69421f-e399-4db8-897a-d8ef21b5e0a7,707b6ccf-c9d9-4c1d-97f4-516b572b2f9d,1697663857768977777
6a69421f-e399-4db8-897a-d8ef21b5e0a7,707b6ccf-c9d9-4c1d-97f4-516b572b2f9d,1697663857799133333
6a69421f-e399-4db8-897a-d8ef21b5e0a7,707b6ccf-c9d9-4c1d-97f4-516b572b2f9d,1697663857831033333
6a69421f-e399-4db8-897a-d8ef21b5e0a7,707b6ccf-c9d9-4c1d-97f4-516b572b2f9d,1697663857870477777
6a69421f-e399-4db8-897a-d8ef21b5e0a7,707b6ccf-c9d9-4c1d-97f4-516b572b2f9d,1697663857905733333
6a69421f-e399-4db8-897a-d8ef21b5e0a7,707b6ccf-c9d9-4c1d-97f4-516b572b2f9d,1697663857939666666
6a69421f-e399-4db8-897a-d8ef21b5e0a7,707b6ccf-c9d9-4c1d-97f4-516b572b2f9d,1697663857968211111
6a69421f-e399-4db8-897a-d8ef21b5e0a7,707b6ccf-c9d9-4c1d-97f4-516b572b2f9d,1697663858009111111
6a69421f-e399-4db8-897a-d8ef21b5e0a7,707b6ccf-c9d9-4c1d-97f4-516b572b2f9d,1697663858041022222
6a69421f-e399-4db8-897a-d8ef21b5e0a7,707b6ccf-c9d9-4c1d-97f4-516b572b2f9d,1697663858070955555
6a69421f-e399-4db8-897a-d8ef21b5e0a7,707b6ccf-c9d9-4c1d-97f4-516b572b2f9d,1697663858108888888
6a69421f-e399-4db8-897a-d8ef21b5e0a7,707b6ccf-c9d9-4c1d-97f4-516b572b2f9d,1697663858138100000
6a69421f-e399-4db8-897a-d8ef21b5e0a7,707b6ccf-c9d9-4c1d-97f4-516b572b2f9d,1697663858169911111
6a69421f-e399-4db8-897a-d8ef21b5e0a7,707b6ccf-c9d9-4c1d-97f4-516b572b2f9d,1697663858206400000
6a69421f-e399-4db8-897a-d8ef21b5e0a7,707b6ccf-c9d9-4c1d-97f4-516b572b2f9d,1697663858242077777
6a69421f-e399-4db8-897a-d8ef21b5e0a7,707b6ccf-c9d9-4c1d-97f4-516b572b2f9d,1697663858270933333
6a69421f-e399-4db8-897a-d8ef21b5e0a7,707b6ccf-c9d9-4c1d-97f4-516b572b2f9d,1697663858308477777
6a69421f-e399-4db8-897a-d8ef21b5e0a7,707b6ccf-c9d9-4c1d-97f4-516b572b2f9d,1697663858341166666
6a69421f-e399-4db8-897a-d8ef21b5e0a7,707b6ccf-c9d9-4c1d-97f4-516b572b2f9d,1697663858361455555
6a69421f-e399-4db8-897a-d8ef21b5e0a7,707b6ccf-c9d9-4c1d-97f4-516b572b2f9d,1697663858398077777
6a69421f-e399-4db8-897a-d8ef21b5e0a7,707b6ccf-c9d9-4c1d-97f4-516b572b2f9d,1697663858433000000
6a69421f-e399-4db8-897a-d8ef21b5e0a7,707b6ccf-c9d9-4c1d-97f4-516b572b2f9d,1697663858471177777
6a69421f-e399-4db8-897a-d8ef21b5e0a7,707b6ccf-c9d9-4c1d-97f4-516b572b2f9d,1697663858502000000
6a69421f-e399-4db8-897a-d8ef21b5e0a7,707b6ccf-c9d9-4c1d-97f4-516b572b2f9d,1697663858539177777
6a69421f-e399-4db8-897a-d8ef21b5e0a7,707b6ccf-c9d9-4c1d-97f4-516b572b2f9d,1697663858569377777
6a69421f-e399-4db8-897a-d8ef21b5e0a7,707b6ccf-c9d9-4c1d-97f4-516b572b2f9d,1697663858607833333
6a69421f-e399-4db8-897a-d8ef21b5e0a7,707b6ccf-c9d9-4c1d-97f4-516b572b2f9d,1697663858639688888
6a69421f-e399-4db8-897a-d8ef21b5e0a7,707b6ccf-c9d9-4c1d-97f4-516b572b2f9d,1697663858671077777
6a69421f-e399-4db8-897a-d8ef21b5e0a7,707b6ccf-c9d9-4c1d-97f4-516b572b2f9d,1697663858706411111
6a69421f-e399-4db8-897a-d8ef21b5e0a7,707b6ccf-c9d9-4c1d-97f4-516b572b2f9d,1697663858740011111
6a69421f-e399-4db8-897a-d8ef21b5e0a7,707b6ccf-c9d9-4c1d-97f4-516b572b2f9d,1697663858770622222
6a69421f-e399-4db8-897a-d8ef21b5e0a7,707b6ccf-c9d9-4c1d-97f4-516b572b2f9d,1697663858808977777
6a69421f-e399-4db8-897a-d8ef21b5e0a7,707b6ccf-c9d9-4c1d-97f4-516b572b2f9d,1697663858838600000
6a69421f-e399-4db8-897a-d8ef21b5e0a7,707b6ccf-c9d9-4c1d-97f4-516b572b2f9d,1697663858871288888
6a69421f-e399-4db8-897a-d8ef21b5e0a7,707b6ccf-c9d9-4c1d-97f4-516b572b2f9d,1697663858909244444
6a69421f-e399-4db8-897a-d8ef21b5e0a7,707b6ccf-c9d9-4c1d-97f4-516b572b2f9d,1697663858940811111
6a69421f-e399-4db8-897a-d8ef21b5e0a7,707b6ccf-c9d9-4c1d-97f4-516b572b2f9d,1697663858972222222
6a69421f-e399-4db8-897a-d8ef21b5e0a7,707b6ccf-c9d9-4c1d-97f4-516b572b2f9d,1697663859012244444
6a69421f-e399-4db8-897a-d8ef21b5e0a7,707b6ccf-c9d9-4c1d-97f4-516b572b2f9d,1697663859048300000
6a69421f-e399-4db8-897a-d8ef21b5e0a7,707b6ccf-c9d9-4c1d-97f4-516b572b2f9d,1697663859070844444
6a69421f-e399-4db8-897a-d8ef21b5e0a7,707b6ccf-c9d9-4c1d-97f4-516b572b2f9d,1697663859097722222
6a69421f-e399-4db8-897a-d8ef21b5e0a7,707b6ccf-c9d9-4c1d-97f4-516b572b2f9d,1697663859137455555
6a69421f-e399-4db8-897a-d8ef21b5e0a7,707b6ccf-c9d9-4c1d-97f4-516b572b2f9d,1697663859161400000
6a69421f-e399-4db8-897a-d8ef21b5e0a7,707b6ccf-c9d9-4c1d-97f4-516b572b2f9d,1697663859208377777
6a69421f-e399-4db8-897a-d8ef21b5e0a7,707b6ccf-c9d9-4c1d-97f4-516b572b2f9d,1697663859240122222
6a69421f-e399-4db8-897a-d8ef21b5e0a7,707b6ccf-c9d9-4c1d-97f4-516b572b2f9d,1697663859269944444
6a69421f-e399-4db8-897a-d8ef21b5e0a7,707b6ccf-c9d9-4c1d-97f4-516b572b2f9d,1697663859303988888
6a69421f-e399-4db8-897a-d8ef21b5e0a7,707b6ccf-c9d9-4c1d-97f4-516b572b2f9d,1697663859341500000
6a69421f-e399-4db8-897a-d8ef21b5e0a7,707b6ccf-c9d9-4c1d-97f4-516b572b2f9d,1697663859370222222
6a69421f-e399-4db8-897a-d8ef21b5e0a7,707b6ccf-c9d9-4c1d-97f4-516b572b2f9d,1697663859403944444
6a69421f-e399-4db8-897a-d8ef21b5e0a7,707b6ccf-c9d9-4c1d-97f4-516b572b2f9d,1697663859438533333
6a69421f-e399-4db8-897a-d8ef21b5e0a7,707b6ccf-c9d9-4c1d-97f4-516b572b2f9d,1697663859469877777
6a69421f-e399-4db8-897a-d8ef21b5e0a7,707b6ccf-c9d9-4c1d-97f4-516b572b2f9d,1697663859502322222
6a69421f-e399-4db8-897a-d8ef21b5e0a7,707b6ccf-c9d9-4c1d-97f4-516b572b2f9d,1697663859538588888
6a69421f-e399-4db8-897a-d8ef21b5e0a7,707b6ccf-c9d9-4c1d-97f4-516b572b2f9d,1697663859570222222
6a69421f-e399-4db8-897a-d8ef21b5e0a7,707b6ccf-c9d9-4c1d-97f4-516b572b2f9d,1697663859603588888
6a69421f-e399-4db8-897a-d8ef21b5e0a7,707b6ccf-c9d9-4c1d-97f4-516b572b2f9d,1697663859642111111
6a69421f-e399-4db8-897a-d8ef21b5e0a7,707b6ccf-c9d9-4c1d-97f4-516b572b2f9d,1697663859683422222
6a69421f-e399-4db8-897a-d8ef21b5e0a7,707b6ccf-c9d9-4c1d-97f4-516b572b2f9d,1697663859697044444
6a69421f-e399-4db8-897a-d8ef21b5e0a7,707b6ccf-c9d9-4c1d-97f4-516b572b2f9d,1697663859743388888
6a69421f-e399-4db8-897a-d8ef21b5e0a7,707b6ccf-c9d9-4c1d-97f4-516b572b2f9d,1697663859763744444
6a69421f-e399-4db8-897a-d8ef21b5e0a7,707b6ccf-c9d9-4c1d-97f4-516b572b2f9d,1697663859794066666
6a69421f-e399-4db8-897a-d8ef21b5e0a7,707b6ccf-c9d9-4c1d-97f4-516b572b2f9d,1697663859839666666
6a69421f-e399-4db8-897a-d8ef21b5e0a7,707b6ccf-c9d9-4c1d-97f4-516b572b2f9d,1697663859871511111
6a69421f-e399-4db8-897a-d8ef21b5e0a7,707b6ccf-c9d9-4c1d-97f4-516b572b2f9d,1697663859903488888
6a69421f-e399-4db8-897a-d8ef21b5e0a7,707b6ccf-c9d9-4c1d-97f4-516b572b2f9d,1697663859939577777
6a69421f-e399-4db8-897a-d8ef21b5e0a7,707b6ccf-c9d9-4c1d-97f4-516b572b2f9d,1697663859969888888
6a69421f-e399-4db8-897a-d8ef21b5e0a7,707b6ccf-c9d9-4c1d-97f4-516b572b2f9d,1697663860002655555
6a69421f-e399-4db8-897a-d8ef21b5e0a7,707b6ccf-c9d9-4c1d-97f4-516b572b2f9d,1697663860042777777
6a69421f-e399-4db8-897a-d8ef21b5e0a7,707b6ccf-c9d9-4c1d-97f4-516b572b2f9d,1697663860071433333
6a69421f-e399-4db8-897a-d8ef21b5e0a7,707b6ccf-c9d9-4c1d-97f4-516b572b2f9d,1697663860102033333
6a69421f-e399-4db8-897a-d8ef21b5e0a7,707b6ccf-c9d9-4c1d-97f4-516b572b2f9d,1697663860140911111
6a69421f-e399-4db8-897a-d8ef21b5e0a7,707b6ccf-c9d9-4c1d-97f4-516b572b2f9d,1697663860172844444
6a69421f-e399-4db8-897a-d8ef21b5e0a7,707b6ccf-c9d9-4c1d-97f4-516b572b2f9d,1697663860204033333
6a69421f-e399-4db8-897a-d8ef21b5e0a7,707b6ccf-c9d9-4c1d-97f4-516b572b2f9d,1697663860242088888
6a69421f-e399-4db8-897a-d8ef21b5e0a7,707b6ccf-c9d9-4c1d-97f4-516b572b2f9d,1697663860272111111
6a69421f-e399-4db8-897a-d8ef21b5e0a7,707b6ccf-c9d9-4c1d-97f4-516b572b2f9d,1697663860301711111
6a69421f-e399-4db8-897a-d8ef21b5e0a7,707b6ccf-c9d9-4c1d-97f4-516b572b2f9d,1697663860336033333
6a69421f-e399-4db8-897a-d8ef21b5e0a7,707b6ccf-c9d9-4c1d-97f4-516b572b2f9d,1697663860363944444
6a69421f-e399-4db8-897a-d8ef21b5e0a7,707b6ccf-c9d9-4c1d-97f4-516b572b2f9d,1697663860405766666
6a69421f-e399-4db8-897a-d8ef21b5e0a7,707b6ccf-c9d9-4c1d-97f4-516b572b2f9d,1697663860431255555
6a69421f-e399-4db8-897a-d8ef21b5e0a7,707b6ccf-c9d9-4c1d-97f4-516b572b2f9d,1697663860461866666
6a69421f-e399-4db8-897a-d8ef21b5e0a7,707b6ccf-c9d9-4c1d-97f4-516b572b2f9d,1697663860502788888
6a69421f-e399-4db8-897a-d8ef21b5e0a7,707b6ccf-c9d9-4c1d-97f4-516b572b2f9d,1697663860537244444
6a69421f-e399-4db8-897a-d8ef21b5e0a7,707b6ccf-c9d9-4c1d-97f4-516b572b2f9d,1697663860569377777
6a69421f-e399-4db8-897a-d8ef21b5e0a7,707b6ccf-c9d9-4c1d-97f4-516b572b2f9d,1697663860600333333
6a69421f-e399-4db8-897a-d8ef21b5e0a7,707b6ccf-c9d9-4c1d-97f4-516b572b2f9d,1697663860637944444
6a69421f-e399-4db8-897a-d8ef21b5e0a7,707b6ccf-c9d9-4c1d-97f4-516b572b2f9d,1697663860666511111
6a69421f-e399-4db8-897a-d8ef21b5e0a7,707b6ccf-c9d9-4c1d-97f4-516b572b2f9d,1697663860704266666
6a69421f-e399-4db8-897a-d8ef21b5e0a7,707b6ccf-c9d9-4c1d-97f4-516b572b2f9d,1697663860742911111
6a69421f-e399-4db8-897a-d8ef21b5e0a7,707b6ccf-c9d9-4c1d-97f4-516b572b2f9d,1697663860766500000
6a69421f-e399-4db8-897a-d8ef21b5e0a7,707b6ccf-c9d9-4c1d-97f4-516b572b2f9d,1697663860804955555
6a69421f-e399-4db8-897a-d8ef21b5e0a7,707b6ccf-c9d9-4c1d-97f4-516b572b2f9d,1697663860842566666
6a69421f-e399-4db8-897a-d8ef21b5e0a7,707b6ccf-c9d9-4c1d-97f4-516b572b2f9d,1697663860869500000
6a69421f-e399-4db8-897a-d8ef21b5e0a7,707b6ccf-c9d9-4c1d-97f4-516b572b2f9d,1697663860904766666
6a69421f-e399-4db8-897a-d8ef21b5e0a7,707b6ccf-c9d9-4c1d-97f4-516b572b2f9d,1697663860938711111
6a69421f-e399-4db8-897a-d8ef21b5e0a7,707b6ccf-c9d9-4c1d-97f4-516b572b2f9d,1697663860970800000
6a69421f-e399-4db8-897a-d8ef21b5e0a7,707b6ccf-c9d9-4c1d-97f4-516b572b2f9d,1697663861003955555
6a69421f-e399-4db8-897a-d8ef21b5e0a7,707b6ccf-c9d9-4c1d-97f4-516b572b2f9d,1697663861040122222
6a69421f-e399-4db8-897a-d8ef21b5e0a7,707b6ccf-c9d9-4c1d-97f4-516b572b2f9d,1697663861077544444
6a69421f-e399-4db8-897a-d8ef21b5e0a7,707b6ccf-c9d9-4c1d-97f4-516b572b2f9d,1697663861093533333
6a69421f-e399-4db8-897a-d8ef21b5e0a7,707b6ccf-c9d9-4c1d-97f4-516b572b2f9d,1697663861130333333
6a69421f-e399-4db8-897a-d8ef21b5e0a7,707b6ccf-c9d9-4c1d-97f4-516b572b2f9d,1697663861164288888
6a69421f-e399-4db8-897a-d8ef21b5e0a7,707b6ccf-c9d9-4c1d-97f4-516b572b2f9d,1697663861206422222
6a69421f-e399-4db8-897a-d8ef21b5e0a7,707b6ccf-c9d9-4c1d-97f4-516b572b2f9d,1697663861239988888
6a69421f-e399-4db8-897a-d8ef21b5e0a7,707b6ccf-c9d9-4c1d-97f4-516b572b2f9d,1697663861269577777
6a69421f-e399-4db8-897a-d8ef21b5e0a7,707b6ccf-c9d9-4c1d-97f4-516b572b2f9d,1697663861309911111
6a69421f-e399-4db8-897a-d8ef21b5e0a7,707b6ccf-c9d9-4c1d-97f4-516b572b2f9d,1697663861337966666
6a69421f-e399-4db8-897a-d8ef21b5e0a7,707b6ccf-c9d9-4c1d-97f4-516b572b2f9d,1697663861369411111
6a69421f-e399-4db8-897a-d8ef21b5e0a7,707b6ccf-c9d9-4c1d-97f4-516b572b2f9d,1697663861403622222
6a69421f-e399-4db8-897a-d8ef21b5e0a7,707b6ccf-c9d9-4c1d-97f4-516b572b2f9d,1697663861437611111
6a69421f-e399-4db8-897a-d8ef21b5e0a7,707b6ccf-c9d9-4c1d-97f4-516b572b2f9d,1697663861472988888
6a69421f-e399-4db8-897a-d8ef21b5e0a7,707b6ccf-c9d9-4c1d-97f4-516b572b2f9d,1697663861502844444
6a69421f-e399-4db8-897a-d8ef21b5e0a7,707b6ccf-c9d9-4c1d-97f4-516b572b2f9d,1697663861543011111
6a69421f-e399-4db8-897a-d8ef21b5e0a7,707b6ccf-c9d9-4c1d-97f4-516b572b2f9d,1697663861565200000
6a69421f-e399-4db8-897a-d8ef21b5e0a7,707b6ccf-c9d9-4c1d-97f4-516b572b2f9d,1697663861604388888
6a69421f-e399-4db8-897a-d8ef21b5e0a7,707b6ccf-c9d9-4c1d-97f4-516b572b2f9d,1697663861638000000
6a69421f-e399-4db8-897a-d8ef21b5e0a7,707b6ccf-c9d9-4c1d-97f4-516b572b2f9d,1697663861669433333
6a69421f-e399-4db8-897a-d8ef21b5e0a7,707b6ccf-c9d9-4c1d-97f4-516b572b2f9d,1697663861712622222
6a69421f-e399-4db8-897a-d8ef21b5e0a7,707b6ccf-c9d9-4c1d-97f4-516b572b2f9d,1697663861732655555
6a69421f-e399-4db8-897a-d8ef21b5e0a7,707b6ccf-c9d9-4c1d-97f4-516b572b2f9d,1697663861763422222
6a69421f-e399-4db8-897a-d8ef21b5e0a7,707b6ccf-c9d9-4c1d-97f4-516b572b2f9d,1697663861795555555
6a69421f-e399-4db8-897a-d8ef21b5e0a7,707b6ccf-c9d9-4c1d-97f4-516b572b2f9d,1697663861836622222
6a69421f-e399-4db8-897a-d8ef21b5e0a7,707b6ccf-c9d9-4c1d-97f4-516b572b2f9d,1697663861871600000
6a69421f-e399-4db8-897a-d8ef21b5e0a7,707b6ccf-c9d9-4c1d-97f4-516b572b2f9d,1697663861903111111
6a69421f-e399-4db8-897a-d8ef21b5e0a7,707b6ccf-c9d9-4c1d-97f4-516b572b2f9d,1697663861940866666
6a69421f-e399-4db8-897a-d8ef21b5e0a7,707b6ccf-c9d9-4c1d-97f4-516b572b2f9d,1697663861970644444
6a69421f-e399-4db8-897a-d8ef21b5e0a7,707b6ccf-c9d9-4c1d-97f4-516b572b2f9d,1697663862005911111
6a69421f-e399-4db8-897a-d8ef21b5e0a7,707b6ccf-c9d9-4c1d-97f4-516b572b2f9d,1697663862039377777
6a69421f-e399-4db8-897a-d8ef21b5e0a7,707b6ccf-c9d9-4c1d-97f4-516b572b2f9d,1697663862071722222
6a69421f-e399-4db8-897a-d8ef21b5e0a7,707b6ccf-c9d9-4c1d-97f4-516b572b2f9d,1697663862103644444
6a69421f-e399-4db8-897a-d8ef21b5e0a7,707b6ccf-c9d9-4c1d-97f4-516b572b2f9d,1697663862142588888
6a69421f-e399-4db8-897a-d8ef21b5e0a7,707b6ccf-c9d9-4c1d-97f4-516b572b2f9d,1697663862170288888
6a69421f-e399-4db8-897a-d8ef21b5e0a7,707b6ccf-c9d9-4c1d-97f4-516b572b2f9d,1697663862207733333
6a69421f-e399-4db8-897a-d8ef21b5e0a7,707b6ccf-c9d9-4c1d-97f4-516b572b2f9d,1697663862239233333
6a69421f-e399-4db8-897a-d8ef21b5e0a7,707b6ccf-c9d9-4c1d-97f4-516b572b2f9d,1697663862270011111
6a69421f-e399-4db8-897a-d8ef21b5e0a7,707b6ccf-c9d9-4c1d-97f4-516b572b2f9d,1697663862301388888
6a69421f-e399-4db8-897a-d8ef21b5e0a7,707b6ccf-c9d9-4c1d-97f4-516b572b2f9d,1697663862348433333
6a69421f-e399-4db8-897a-d8ef21b5e0a7,707b6ccf-c9d9-4c1d-97f4-516b572b2f9d,1697663862363488888
6a69421f-e399-4db8-897a-d8ef21b5e0a7,707b6ccf-c9d9-4c1d-97f4-516b572b2f9d,1697663862395333333
6a69421f-e399-4db8-897a-d8ef21b5e0a7,707b6ccf-c9d9-4c1d-97f4-516b572b2f9d,1697663862446111111
6a69421f-e399-4db8-897a-d8ef21b5e0a7,707b6ccf-c9d9-4c1d-97f4-516b572b2f9d,1697663862467011111
6a69421f-e399-4db8-897a-d8ef21b5e0a7,707b6ccf-c9d9-4c1d-97f4-516b572b2f9d,1697663862502911111
6a69421f-e399-4db8-897a-d8ef21b5e0a7,707b6ccf-c9d9-4c1d-97f4-516b572b2f9d,1697663862536233333
6a69421f-e399-4db8-897a-d8ef21b5e0a7,707b6ccf-c9d9-4c1d-97f4-516b572b2f9d,1697663862574677777
6a69421f-e399-4db8-897a-d8ef21b5e0a7,707b6ccf-c9d9-4c1d-97f4-516b572b2f9d,1697663862602177777
6a69421f-e399-4db8-897a-d8ef21b5e0a7,707b6ccf-c9d9-4c1d-97f4-516b572b2f9d,1697663862634155555
6a69421f-e399-4db8-897a-d8ef21b5e0a7,707b6ccf-c9d9-4c1d-97f4-516b572b2f9d,1697663862671500000
6a69421f-e399-4db8-897a-d8ef21b5e0a7,707b6ccf-c9d9-4c1d-97f4-516b572b2f9d,1697663862703500000
6a69421f-e399-4db8-897a-d8ef21b5e0a7,707b6ccf-c9d9-4c1d-97f4-516b572b2f9d,1697663862733622222
6a69421f-e399-4db8-897a-d8ef21b5e0a7,707b6ccf-c9d9-4c1d-97f4-516b572b2f9d,1697663862770533333
6a69421f-e399-4db8-897a-d8ef21b5e0a7,707b6ccf-c9d9-4c1d-97f4-516b572b2f9d,1697663862806100000
6a69421f-e399-4db8-897a-d8ef21b5e0a7,707b6ccf-c9d9-4c1d-97f4-516b572b2f9d,1697663862833533333
6a69421f-e399-4db8-897a-d8ef21b5e0a7,707b6ccf-c9d9-4c1d-97f4-516b572b2f9d,1697663862871622222
6a69421f-e399-4db8-897a-d8ef21b5e0a7,707b6ccf-c9d9-4c1d-97f4-516b572b2f9d,1697663862902133333
6a69421f-e399-4db8-897a-d8ef21b5e0a7,707b6ccf-c9d9-4c1d-97f4-516b572b2f9d,1697663862937577777
6a69421f-e399-4db8-897a-d8ef21b5e0a7,707b6ccf-c9d9-4c1d-97f4-516b572b2f9d,1697663862972577777
6a69421f-e399-4db8-897a-d8ef21b5e0a7,707b6ccf-c9d9-4c1d-97f4-516b572b2f9d,1697663863019844444
6a69421f-e399-4db8-897a-d8ef21b5e0a7,707b6ccf-c9d9-4c1d-97f4-516b572b2f9d,1697663863032944444
6a69421f-e399-4db8-897a-d8ef21b5e0a7,707b6ccf-c9d9-4c1d-97f4-516b572b2f9d,1697663863062488888
6a69421f-e399-4db8-897a-d8ef21b5e0a7,707b6ccf-c9d9-4c1d-97f4-516b572b2f9d,1697663863117044444
6a69421f-e399-4db8-897a-d8ef21b5e0a7,707b6ccf-c9d9-4c1d-97f4-516b572b2f9d,1697663863136888888
6a69421f-e399-4db8-897a-d8ef21b5e0a7,707b6ccf-c9d9-4c1d-97f4-516b572b2f9d,1697663863170900000
6a69421f-e399-4db8-897a-d8ef21b5e0a7,707b6ccf-c9d9-4c1d-97f4-516b572b2f9d,1697663863202677777
6a69421f-e399-4db8-897a-d8ef21b5e0a7,707b6ccf-c9d9-4c1d-97f4-516b572b2f9d,1697663863234788888
6a69421f-e399-4db8-897a-d8ef21b5e0a7,707b6ccf-c9d9-4c1d-97f4-516b572b2f9d,1697663863274922222
6a69421f-e399-4db8-897a-d8ef21b5e0a7,707b6ccf-c9d9-4c1d-97f4-516b572b2f9d,1697663863303955555
6a69421f-e399-4db8-897a-d8ef21b5e0a7,707b6ccf-c9d9-4c1d-97f4-516b572b2f9d,1697663863336388888
6a69421f-e399-4db8-897a-d8ef21b5e0a7,707b6ccf-c9d9-4c1d-97f4-516b572b2f9d,1697663863378844444
6a69421f-e399-4db8-897a-d8ef21b5e0a7,707b6ccf-c9d9-4c1d-97f4-516b572b2f9d,1697663863410466666
6a69421f-e399-4db8-897a-d8ef21b5e0a7,707b6ccf-c9d9-4c1d-97f4-516b572b2f9d,1697663863435966666
6a69421f-e399-4db8-897a-d8ef21b5e0a7,707b6ccf-c9d9-4c1d-97f4-516b572b2f9d,1697663863471322222
6a69421f-e399-4db8-897a-d8ef21b5e0a7,707b6ccf-c9d9-4c1d-97f4-516b572b2f9d,1697663863505622222
6a69421f-e399-4db8-897a-d8ef21b5e0a7,707b6ccf-c9d9-4c1d-97f4-516b572b2f9d,1697663863534322222
6a69421f-e399-4db8-897a-d8ef21b5e0a7,707b6ccf-c9d9-4c1d-97f4-516b572b2f9d,1697663863571311111
6a69421f-e399-4db8-897a-d8ef21b5e0a7,707b6ccf-c9d9-4c1d-97f4-516b572b2f9d,1697663863602211111
6a69421f-e399-4db8-897a-d8ef21b5e0a7,707b6ccf-c9d9-4c1d-97f4-516b572b2f9d,1697663863634155555
6a69421f-e399-4db8-897a-d8ef21b5e0a7,707b6ccf-c9d9-4c1d-97f4-516b572b2f9d,1697663863670622222
6a69421f-e399-4db8-897a-d8ef21b5e0a7,707b6ccf-c9d9-4c1d-97f4-516b572b2f9d,1697663863695222222
6a69421f-e399-4db8-897a-d8ef21b5e0a7,707b6ccf-c9d9-4c1d-97f4-516b572b2f9d,1697663863728411111
6a69421f-e399-4db8-897a-d8ef21b5e0a7,707b6ccf-c9d9-4c1d-97f4-516b572b2f9d,1697663863764433333
6a69421f-e399-4db8-897a-d8ef21b5e0a7,707b6ccf-c9d9-4c1d-97f4-516b572b2f9d,1697663863796844444
6a69421f-e399-4db8-897a-d8ef21b5e0a7,707b6ccf-c9d9-4c1d-97f4-516b572b2f9d,1697663863827366666
6a69421f-e399-4db8-897a-d8ef21b5e0a7,707b6ccf-c9d9-4c1d-97f4-516b572b2f9d,1697663863870055555
6a69421f-e399-4db8-897a-d8ef21b5e0a7,707b6ccf-c9d9-4c1d-97f4-516b572b2f9d,1697663863902911111
6a69421f-e399-4db8-897a-d8ef21b5e0a7,707b6ccf-c9d9-4c1d-97f4-516b572b2f9d,1697663863933988888
6a69421f-e399-4db8-897a-d8ef21b5e0a7,707b6ccf-c9d9-4c1d-97f4-516b572b2f9d,1697663863970811111
6a69421f-e399-4db8-897a-d8ef21b5e0a7,707b6ccf-c9d9-4c1d-97f4-516b572b2f9d,1697663864003200000
6a69421f-e399-4db8-897a-d8ef21b5e0a7,707b6ccf-c9d9-4c1d-97f4-516b572b2f9d,1697663864035755555
6a69421f-e399-4db8-897a-d8ef21b5e0a7,707b6ccf-c9d9-4c1d-97f4-516b572b2f9d,1697663864072511111
6a69421f-e399-4db8-897a-d8ef21b5e0a7,707b6ccf-c9d9-4c1d-97f4-516b572b2f9d,1697663864103277777
6a69421f-e399-4db8-897a-d8ef21b5e0a7,707b6ccf-c9d9-4c1d-97f4-516b572b2f9d,1697663864135588888
6a69421f-e399-4db8-897a-d8ef21b5e0a7,707b6ccf-c9d9-4c1d-97f4-516b572b2f9d,1697663864171111111
6a69421f-e399-4db8-897a-d8ef21b5e0a7,707b6ccf-c9d9-4c1d-97f4-516b572b2f9d,1697663864202477777
6a69421f-e399-4db8-897a-d8ef21b5e0a7,707b6ccf-c9d9-4c1d-97f4-516b572b2f9d,1697663864235522222
6a69421f-e399-4db8-897a-d8ef21b5e0a7,707b6ccf-c9d9-4c1d-97f4-516b572b2f9d,1697663864271988888
6a69421f-e399-4db8-897a-d8ef21b5e0a7,707b6ccf-c9d9-4c1d-97f4-516b572b2f9d,1697663864302611111
6a69421f-e399-4db8-897a-d8ef21b5e0a7,707b6ccf-c9d9-4c1d-97f4-516b572b2f9d,1697663864348911111
6a69421f-e399-4db8-897a-d8ef21b5e0a7,707b6ccf-c9d9-4c1d-97f4-516b572b2f9d,1697663864369155555
6a69421f-e399-4db8-897a-d8ef21b5e0a7,707b6ccf-c9d9-4c1d-97f4-516b572b2f9d,1697663864397022222
6a69421f-e399-4db8-897a-d8ef21b5e0a7,707b6ccf-c9d9-4c1d-97f4-516b572b2f9d,1697663864426933333
6a69421f-e399-4db8-897a-d8ef21b5e0a7,707b6ccf-c9d9-4c1d-97f4-516b572b2f9d,1697663864477066666
6a69421f-e399-4db8-897a-d8ef21b5e0a7,707b6ccf-c9d9-4c1d-97f4-516b572b2f9d,1697663864502266666
6a69421f-e399-4db8-897a-d8ef21b5e0a7,707b6ccf-c9d9-4c1d-97f4-516b572b2f9d,1697663864533811111
6a69421f-e399-4db8-897a-d8ef21b5e0a7,707b6ccf-c9d9-4c1d-97f4-516b572b2f9d,1697663864572088888
6a69421f-e399-4db8-897a-d8ef21b5e0a7,707b6ccf-c9d9-4c1d-97f4-516b572b2f9d,1697663864605311111
6a69421f-e399-4db8-897a-d8ef21b5e0a7,707b6ccf-c9d9-4c1d-97f4-516b572b2f9d,1697663864634000000
6a69421f-e399-4db8-897a-d8ef21b5e0a7,707b6ccf-c9d9-4c1d-97f4-516b572b2f9d,1697663864670433333
6a69421f-e399-4db8-897a-d8ef21b5e0a7,707b6ccf-c9d9-4c1d-97f4-516b572b2f9d,1697663864701800000
6a69421f-e399-4db8-897a-d8ef21b5e0a7,707b6ccf-c9d9-4c1d-97f4-516b572b2f9d,1697663864735566666
6a69421f-e399-4db8-897a-d8ef21b5e0a7,707b6ccf-c9d9-4c1d-97f4-516b572b2f9d,1697663864771800000
6a69421f-e399-4db8-897a-d8ef21b5e0a7,707b6ccf-c9d9-4c1d-97f4-516b572b2f9d,1697663864805011111
6a69421f-e399-4db8-897a-d8ef21b5e0a7,707b6ccf-c9d9-4c1d-97f4-516b572b2f9d,1697663864835377777
6a69421f-e399-4db8-897a-d8ef21b5e0a7,707b6ccf-c9d9-4c1d-97f4-516b572b2f9d,1697663864869800000
6a69421f-e399-4db8-897a-d8ef21b5e0a7,707b6ccf-c9d9-4c1d-97f4-516b572b2f9d,1697663864901022222
6a69421f-e399-4db8-897a-d8ef21b5e0a7,707b6ccf-c9d9-4c1d-97f4-516b572b2f9d,1697663864941155555
6a69421f-e399-4db8-897a-d8ef21b5e0a7,707b6ccf-c9d9-4c1d-97f4-516b572b2f9d,1697663864973766666
6a69421f-e399-4db8-897a-d8ef21b5e0a7,707b6ccf-c9d9-4c1d-97f4-516b572b2f9d,1697663865014988888
6a69421f-e399-4db8-897a-d8ef21b5e0a7,707b6ccf-c9d9-4c1d-97f4-516b572b2f9d,1697663865024655555
6a69421f-e399-4db8-897a-d8ef21b5e0a7,707b6ccf-c9d9-4c1d-97f4-516b572b2f9d,1697663865074744444
6a69421f-e399-4db8-897a-d8ef21b5e0a7,707b6ccf-c9d9-4c1d-97f4-516b572b2f9d,1697663865097111111
6a69421f-e399-4db8-897a-d8ef21b5e0a7,707b6ccf-c9d9-4c1d-97f4-516b572b2f9d,1697663865143300000
6a69421f-e399-4db8-897a-d8ef21b5e0a7,707b6ccf-c9d9-4c1d-97f4-516b572b2f9d,1697663865161088888
6a69421f-e399-4db8-897a-d8ef21b5e0a7,707b6ccf-c9d9-4c1d-97f4-516b572b2f9d,1697663865209933333
6a69421f-e399-4db8-897a-d8ef21b5e0a7,707b6ccf-c9d9-4c1d-97f4-516b572b2f9d,1697663865235733333
6a69421f-e399-4db8-897a-d8ef21b5e0a7,707b6ccf-c9d9-4c1d-97f4-516b572b2f9d,1697663865274055555
6a69421f-e399-4db8-897a-d8ef21b5e0a7,707b6ccf-c9d9-4c1d-97f4-516b572b2f9d,1697663865303322222
6a69421f-e399-4db8-897a-d8ef21b5e0a7,707b6ccf-c9d9-4c1d-97f4-516b572b2f9d,1697663865334700000
6a69421f-e399-4db8-897a-d8ef21b5e0a7,707b6ccf-c9d9-4c1d-97f4-516b572b2f9d,1697663865371400000
6a69421f-e399-4db8-897a-d8ef21b5e0a7,707b6ccf-c9d9-4c1d-97f4-516b572b2f9d,1697663865409800000
6a69421f-e399-4db8-897a-d8ef21b5e0a7,707b6ccf-c9d9-4c1d-97f4-516b572b2f9d,1697663865434155555
6a69421f-e399-4db8-897a-d8ef21b5e0a7,707b6ccf-c9d9-4c1d-97f4-516b572b2f9d,1697663865469855555
6a69421f-e399-4db8-897a-d8ef21b5e0a7,707b6ccf-c9d9-4c1d-97f4-516b572b2f9d,1697663865503611111
6a69421f-e399-4db8-897a-d8ef21b5e0a7,707b6ccf-c9d9-4c1d-97f4-516b572b2f9d,1697663865534488888
6a69421f-e399-4db8-897a-d8ef21b5e0a7,707b6ccf-c9d9-4c1d-97f4-516b572b2f9d,1697663865573311111
6a69421f-e399-4db8-897a-d8ef21b5e0a7,707b6ccf-c9d9-4c1d-97f4-516b572b2f9d,1697663865606966666
6a69421f-e399-4db8-897a-d8ef21b5e0a7,707b6ccf-c9d9-4c1d-97f4-516b572b2f9d,1697663865636111111
6a69421f-e399-4db8-897a-d8ef21b5e0a7,707b6ccf-c9d9-4c1d-97f4-516b572b2f9d,1697663865682477777
6a69421f-e399-4db8-897a-d8ef21b5e0a7,707b6ccf-c9d9-4c1d-97f4-516b572b2f9d,1697663865697233333
6a69421f-e399-4db8-897a-d8ef21b5e0a7,707b6ccf-c9d9-4c1d-97f4-516b572b2f9d,1697663865737244444
6a69421f-e399-4db8-897a-d8ef21b5e0a7,707b6ccf-c9d9-4c1d-97f4-516b572b2f9d,1697663865771600000
6a69421f-e399-4db8-897a-d8ef21b5e0a7,707b6ccf-c9d9-4c1d-97f4-516b572b2f9d,1697663865796566666
6a69421f-e399-4db8-897a-d8ef21b5e0a7,707b6ccf-c9d9-4c1d-97f4-516b572b2f9d,1697663865829322222
6a69421f-e399-4db8-897a-d8ef21b5e0a7,707b6ccf-c9d9-4c1d-97f4-516b572b2f9d,1697663865872511111
6a69421f-e399-4db8-897a-d8ef21b5e0a7,707b6ccf-c9d9-4c1d-97f4-516b572b2f9d,1697663865904388888
6a69421f-e399-4db8-897a-d8ef21b5e0a7,707b6ccf-c9d9-4c1d-97f4-516b572b2f9d,1697663865935266666
6a69421f-e399-4db8-897a-d8ef21b5e0a7,707b6ccf-c9d9-4c1d-97f4-516b572b2f9d,1697663865966400000
6a69421f-e399-4db8-897a-d8ef21b5e0a7,707b6ccf-c9d9-4c1d-97f4-516b572b2f9d,1697663866005433333
6a69421f-e399-4db8-897a-d8ef21b5e0a7,707b6ccf-c9d9-4c1d-97f4-516b572b2f9d,1697663866038244444
6a69421f-e399-4db8-897a-d8ef21b5e0a7,707b6ccf-c9d9-4c1d-97f4-516b572b2f9d,1697663866068522222
6a69421f-e399-4db8-897a-d8ef21b5e0a7,707b6ccf-c9d9-4c1d-97f4-516b572b2f9d,1697663866103633333
6a69421f-e399-4db8-897a-d8ef21b5e0a7,707b6ccf-c9d9-4c1d-97f4-516b572b2f9d,1697663866141033333
6a69421f-e399-4db8-897a-d8ef21b5e0a7,707b6ccf-c9d9-4c1d-97f4-516b572b2f9d,1697663866159666666
6a69421f-e399-4db8-897a-d8ef21b5e0a7,707b6ccf-c9d9-4c1d-97f4-516b572b2f9d,1697663866203811111
6a69421f-e399-4db8-897a-d8ef21b5e0a7,707b6ccf-c9d9-4c1d-97f4-516b572b2f9d,1697663866235422222
6a69421f-e399-4db8-897a-d8ef21b5e0a7,707b6ccf-c9d9-4c1d-97f4-516b572b2f9d,1697663866270022222
6a69421f-e399-4db8-897a-d8ef21b5e0a7,707b6ccf-c9d9-4c1d-97f4-516b572b2f9d,1697663866301700000
6a69421f-e399-4db8-897a-d8ef21b5e0a7,707b6ccf-c9d9-4c1d-97f4-516b572b2f9d,1697663866334777777
6a69421f-e399-4db8-897a-d8ef21b5e0a7,707b6ccf-c9d9-4c1d-97f4-516b572b2f9d,1697663866360744444
6a69421f-e399-4db8-897a-d8ef21b5e0a7,707b6ccf-c9d9-4c1d-97f4-516b572b2f9d,1697663866395444444
6a69421f-e399-4db8-897a-d8ef21b5e0a7,707b6ccf-c9d9-4c1d-97f4-516b572b2f9d,1697663866425866666
6a69421f-e399-4db8-897a-d8ef21b5e0a7,707b6ccf-c9d9-4c1d-97f4-516b572b2f9d,1697663866457088888
6a69421f-e399-4db8-897a-d8ef21b5e0a7,707b6ccf-c9d9-4c1d-97f4-516b572b2f9d,1697663866503122222
6a69421f-e399-4db8-897a-d8ef21b5e0a7,707b6ccf-c9d9-4c1d-97f4-516b572b2f9d,1697663866534277777
6a69421f-e399-4db8-897a-d8ef21b5e0a7,707b6ccf-c9d9-4c1d-97f4-516b572b2f9d,1697663866566244444
6a69421f-e399-4db8-897a-d8ef21b5e0a7,707b6ccf-c9d9-4c1d-97f4-516b572b2f9d,1697663866602522222
6a69421f-e399-4db8-897a-d8ef21b5e0a7,707b6ccf-c9d9-4c1d-97f4-516b572b2f9d,1697663866636855555
6a69421f-e399-4db8-897a-d8ef21b5e0a7,707b6ccf-c9d9-4c1d-97f4-516b572b2f9d,1697663866669233333
6a69421f-e399-4db8-897a-d8ef21b5e0a7,707b6ccf-c9d9-4c1d-97f4-516b572b2f9d,1697663866710322222
6a69421f-e399-4db8-897a-d8ef21b5e0a7,707b6ccf-c9d9-4c1d-97f4-516b572b2f9d,1697663866735255555
6a69421f-e399-4db8-897a-d8ef21b5e0a7,707b6ccf-c9d9-4c1d-97f4-516b572b2f9d,1697663866768100000
6a69421f-e399-4db8-897a-d8ef21b5e0a7,707b6ccf-c9d9-4c1d-97f4-516b572b2f9d,1697663866806666666
6a69421f-e399-4db8-897a-d8ef21b5e0a7,707b6ccf-c9d9-4c1d-97f4-516b572b2f9d,1697663866836988888
6a69421f-e399-4db8-897a-d8ef21b5e0a7,707b6ccf-c9d9-4c1d-97f4-516b572b2f9d,1697663866869733333
6a69421f-e399-4db8-897a-d8ef21b5e0a7,707b6ccf-c9d9-4c1d-97f4-516b572b2f9d,1697663866902111111
6a69421f-e399-4db8-897a-d8ef21b5e0a7,707b6ccf-c9d9-4c1d-97f4-516b572b2f9d,1697663866934133333
6a69421f-e399-4db8-897a-d8ef21b5e0a7,707b6ccf-c9d9-4c1d-97f4-516b572b2f9d,1697663866969211111
6a69421f-e399-4db8-897a-d8ef21b5e0a7,707b6ccf-c9d9-4c1d-97f4-516b572b2f9d,1697663867020066666
6a69421f-e399-4db8-897a-d8ef21b5e0a7,707b6ccf-c9d9-4c1d-97f4-516b572b2f9d,1697663867036222222
6a69421f-e399-4db8-897a-d8ef21b5e0a7,707b6ccf-c9d9-4c1d-97f4-516b572b2f9d,1697663867061166666
6a69421f-e399-4db8-897a-d8ef21b5e0a7,707b6ccf-c9d9-4c1d-97f4-516b572b2f9d,1697663867104733333
6a69421f-e399-4db8-897a-d8ef21b5e0a7,707b6ccf-c9d9-4c1d-97f4-516b572b2f9d,1697663867137622222
6a69421f-e399-4db8-897a-d8ef21b5e0a7,707b6ccf-c9d9-4c1d-97f4-516b572b2f9d,1697663867169966666
6a69421f-e399-4db8-897a-d8ef21b5e0a7,707b6ccf-c9d9-4c1d-97f4-516b572b2f9d,1697663867206600000
6a69421f-e399-4db8-897a-d8ef21b5e0a7,707b6ccf-c9d9-4c1d-97f4-516b572b2f9d,1697663867233988888
6a69421f-e399-4db8-897a-d8ef21b5e0a7,707b6ccf-c9d9-4c1d-97f4-516b572b2f9d,1697663867268355555
6a69421f-e399-4db8-897a-d8ef21b5e0a7,707b6ccf-c9d9-4c1d-97f4-516b572b2f9d,1697663867304577777
6a69421f-e399-4db8-897a-d8ef21b5e0a7,707b6ccf-c9d9-4c1d-97f4-516b572b2f9d,1697663867334222222
6a69421f-e399-4db8-897a-d8ef21b5e0a7,707b6ccf-c9d9-4c1d-97f4-516b572b2f9d,1697663867369188888
6a69421f-e399-4db8-897a-d8ef21b5e0a7,707b6ccf-c9d9-4c1d-97f4-516b572b2f9d,1697663867404677777
6a69421f-e399-4db8-897a-d8ef21b5e0a7,707b6ccf-c9d9-4c1d-97f4-516b572b2f9d,1697663867435666666
6a69421f-e399-4db8-897a-d8ef21b5e0a7,707b6ccf-c9d9-4c1d-97f4-516b572b2f9d,1697663867467588888
6a69421f-e399-4db8-897a-d8ef21b5e0a7,707b6ccf-c9d9-4c1d-97f4-516b572b2f9d,1697663867503822222
6a69421f-e399-4db8-897a-d8ef21b5e0a7,707b6ccf-c9d9-4c1d-97f4-516b572b2f9d,1697663867539366666
6a69421f-e399-4db8-897a-d8ef21b5e0a7,707b6ccf-c9d9-4c1d-97f4-516b572b2f9d,1697663867567811111
6a69421f-e399-4db8-897a-d8ef21b5e0a7,707b6ccf-c9d9-4c1d-97f4-516b572b2f9d,1697663867605233333
6a69421f-e399-4db8-897a-d8ef21b5e0a7,707b6ccf-c9d9-4c1d-97f4-516b572b2f9d,1697663867640522222
6a69421f-e399-4db8-897a-d8ef21b5e0a7,707b6ccf-c9d9-4c1d-97f4-516b572b2f9d,1697663867660322222
6a69421f-e399-4db8-897a-d8ef21b5e0a7,707b6ccf-c9d9-4c1d-97f4-516b572b2f9d,1697663867695177777
6a69421f-e399-4db8-897a-d8ef21b5e0a7,707b6ccf-c9d9-4c1d-97f4-516b572b2f9d,1697663867727033333
6a69421f-e399-4db8-897a-d8ef21b5e0a7,707b6ccf-c9d9-4c1d-97f4-516b572b2f9d,1697663867771011111
6a69421f-e399-4db8-897a-d8ef21b5e0a7,707b6ccf-c9d9-4c1d-97f4-516b572b2f9d,1697663867793777777
6a69421f-e399-4db8-897a-d8ef21b5e0a7,707b6ccf-c9d9-4c1d-97f4-516b572b2f9d,1697663867837455555
6a69421f-e399-4db8-897a-d8ef21b5e0a7,707b6ccf-c9d9-4c1d-97f4-516b572b2f9d,1697663867871200000
6a69421f-e399-4db8-897a-d8ef21b5e0a7,707b6ccf-c9d9-4c1d-97f4-516b572b2f9d,1697663867903566666
6a69421f-e399-4db8-897a-d8ef21b5e0a7,707b6ccf-c9d9-4c1d-97f4-516b572b2f9d,1697663867938022222
6a69421f-e399-4db8-897a-d8ef21b5e0a7,707b6ccf-c9d9-4c1d-97f4-516b572b2f9d,1697663867969922222
6a69421f-e399-4db8-897a-d8ef21b5e0a7,707b6ccf-c9d9-4c1d-97f4-516b572b2f9d,1697663868008555555
6a69421f-e399-4db8-897a-d8ef21b5e0a7,707b6ccf-c9d9-4c1d-97f4-516b572b2f9d,1697663868036988888
6a69421f-e399-4db8-897a-d8ef21b5e0a7,707b6ccf-c9d9-4c1d-97f4-516b572b2f9d,1697663868070400000
6a69421f-e399-4db8-897a-d8ef21b5e0a7,707b6ccf-c9d9-4c1d-97f4-516b572b2f9d,1697663868103777777
6a69421f-e399-4db8-897a-d8ef21b5e0a7,707b6ccf-c9d9-4c1d-97f4-516b572b2f9d,1697663868135188888
6a69421f-e399-4db8-897a-d8ef21b5e0a7,707b6ccf-c9d9-4c1d-97f4-516b572b2f9d,1697663868169555555
6a69421f-e399-4db8-897a-d8ef21b5e0a7,707b6ccf-c9d9-4c1d-97f4-516b572b2f9d,1697663868203400000
6a69421f-e399-4db8-897a-d8ef21b5e0a7,707b6ccf-c9d9-4c1d-97f4-516b572b2f9d,1697663868235788888
6a69421f-e399-4db8-897a-d8ef21b5e0a7,707b6ccf-c9d9-4c1d-97f4-516b572b2f9d,1697663868265044444
6a69421f-e399-4db8-897a-d8ef21b5e0a7,707b6ccf-c9d9-4c1d-97f4-516b572b2f9d,1697663868307188888
6a69421f-e399-4db8-897a-d8ef21b5e0a7,707b6ccf-c9d9-4c1d-97f4-516b572b2f9d,1697663868325377777
6a69421f-e399-4db8-897a-d8ef21b5e0a7,707b6ccf-c9d9-4c1d-97f4-516b572b2f9d,1697663868367833333
6a69421f-e399-4db8-897a-d8ef21b5e0a7,707b6ccf-c9d9-4c1d-97f4-516b572b2f9d,1697663868395644444
6a69421f-e399-4db8-897a-d8ef21b5e0a7,707b6ccf-c9d9-4c1d-97f4-516b572b2f9d,1697663868435633333
6a69421f-e399-4db8-897a-d8ef21b5e0a7,707b6ccf-c9d9-4c1d-97f4-516b572b2f9d,1697663868456788888
6a69421f-e399-4db8-897a-d8ef21b5e0a7,707b6ccf-c9d9-4c1d-97f4-516b572b2f9d,1697663868511488888
6a69421f-e399-4db8-897a-d8ef21b5e0a7,707b6ccf-c9d9-4c1d-97f4-516b572b2f9d,1697663868534911111
6a69421f-e399-4db8-897a-d8ef21b5e0a7,707b6ccf-c9d9-4c1d-97f4-516b572b2f9d,1697663868566855555
6a69421f-e399-4db8-897a-d8ef21b5e0a7,707b6ccf-c9d9-4c1d-97f4-516b572b2f9d,1697663868602966666
6a69421f-e399-4db8-897a-d8ef21b5e0a7,707b6ccf-c9d9-4c1d-97f4-516b572b2f9d,1697663868635755555
6a69421f-e399-4db8-897a-d8ef21b5e0a7,707b6ccf-c9d9-4c1d-97f4-516b572b2f9d,1697663868669511111
6a69421f-e399-4db8-897a-d8ef21b5e0a7,707b6ccf-c9d9-4c1d-97f4-516b572b2f9d,1697663868703511111
6a69421f-e399-4db8-897a-d8ef21b5e0a7,707b6ccf-c9d9-4c1d-97f4-516b572b2f9d,1697663868734188888
6a69421f-e399-4db8-897a-d8ef21b5e0a7,707b6ccf-c9d9-4c1d-97f4-516b572b2f9d,1697663868768300000
6a69421f-e399-4db8-897a-d8ef21b5e0a7,707b6ccf-c9d9-4c1d-97f4-516b572b2f9d,1697663868802666666
6a69421f-e399-4db8-897a-d8ef21b5e0a7,707b6ccf-c9d9-4c1d-97f4-516b572b2f9d,1697663868835088888
6a69421f-e399-4db8-897a-d8ef21b5e0a7,707b6ccf-c9d9-4c1d-97f4-516b572b2f9d,1697663868865722222
6a69421f-e399-4db8-897a-d8ef21b5e0a7,707b6ccf-c9d9-4c1d-97f4-516b572b2f9d,1697663868904200000
6a69421f-e399-4db8-897a-d8ef21b5e0a7,707b6ccf-c9d9-4c1d-97f4-516b572b2f9d,1697663868935155555
6a69421f-e399-4db8-897a-d8ef21b5e0a7,707b6ccf-c9d9-4c1d-97f4-516b572b2f9d,1697663868982433333
6a69421f-e399-4db8-897a-d8ef21b5e0a7,707b6ccf-c9d9-4c1d-97f4-516b572b2f9d,1697663868994522222
6a69421f-e399-4db8-897a-d8ef21b5e0a7,707b6ccf-c9d9-4c1d-97f4-516b572b2f9d,1697663869036200000
6a69421f-e399-4db8-897a-d8ef21b5e0a7,707b6ccf-c9d9-4c1d-97f4-516b572b2f9d,1697663869058544444
6a69421f-e399-4db8-897a-d8ef21b5e0a7,707b6ccf-c9d9-4c1d-97f4-516b572b2f9d,1697663869103066666
6a69421f-e399-4db8-897a-d8ef21b5e0a7,707b6ccf-c9d9-4c1d-97f4-516b572b2f9d,1697663869125277777
6a69421f-e399-4db8-897a-d8ef21b5e0a7,707b6ccf-c9d9-4c1d-97f4-516b572b2f9d,1697663869167288888
6a69421f-e399-4db8-897a-d8ef21b5e0a7,707b6ccf-c9d9-4c1d-97f4-516b572b2f9d,1697663869200833333
6a69421f-e399-4db8-897a-d8ef21b5e0a7,707b6ccf-c9d9-4c1d-97f4-516b572b2f9d,1697663869235744444
6a69421f-e399-4db8-897a-d8ef21b5e0a7,707b6ccf-c9d9-4c1d-97f4-516b572b2f9d,1697663869264733333
6a69421f-e399-4db8-897a-d8ef21b5e0a7,707b6ccf-c9d9-4c1d-97f4-516b572b2f9d,1697663869305988888
6a69421f-e399-4db8-897a-d8ef21b5e0a7,707b6ccf-c9d9-4c1d-97f4-516b572b2f9d,1697663869340322222
6a69421f-e399-4db8-897a-d8ef21b5e0a7,707b6ccf-c9d9-4c1d-97f4-516b572b2f9d,1697663869366855555
6a69421f-e399-4db8-897a-d8ef21b5e0a7,707b6ccf-c9d9-4c1d-97f4-516b572b2f9d,1697663869399577777
6a69421f-e399-4db8-897a-d8ef21b5e0a7,707b6ccf-c9d9-4c1d-97f4-516b572b2f9d,1697663869434066666
6a69421f-e399-4db8-897a-d8ef21b5e0a7,707b6ccf-c9d9-4c1d-97f4-516b572b2f9d,1697663869467011111
6a69421f-e399-4db8-897a-d8ef21b5e0a7,707b6ccf-c9d9-4c1d-97f4-516b572b2f9d,1697663869497788888
6a69421f-e399-4db8-897a-d8ef21b5e0a7,707b6ccf-c9d9-4c1d-97f4-516b572b2f9d,1697663869537111111
6a69421f-e399-4db8-897a-d8ef21b5e0a7,707b6ccf-c9d9-4c1d-97f4-516b572b2f9d,1697663869566266666
6a69421f-e399-4db8-897a-d8ef21b5e0a7,707b6ccf-c9d9-4c1d-97f4-516b572b2f9d,1697663869600544444
6a69421f-e399-4db8-897a-d8ef21b5e0a7,707b6ccf-c9d9-4c1d-97f4-516b572b2f9d,1697663869648455555
6a69421f-e399-4db8-897a-d8ef21b5e0a7,707b6ccf-c9d9-4c1d-97f4-516b572b2f9d,1697663869663266666
6a69421f-e399-4db8-897a-d8ef21b5e0a7,707b6ccf-c9d9-4c1d-97f4-516b572b2f9d,1697663869695688888
6a69421f-e399-4db8-897a-d8ef21b5e0a7,707b6ccf-c9d9-4c1d-97f4-516b572b2f9d,1697663869729988888
6a69421f-e399-4db8-897a-d8ef21b5e0a7,707b6ccf-c9d9-4c1d-97f4-516b572b2f9d,1697663869761755555
6a69421f-e399-4db8-897a-d8ef21b5e0a7,707b6ccf-c9d9-4c1d-97f4-516b572b2f9d,1697663869788977777
6a69421f-e399-4db8-897a-d8ef21b5e0a7,707b6ccf-c9d9-4c1d-97f4-516b572b2f9d,1697663869835666666
6a69421f-e399-4db8-897a-d8ef21b5e0a7,707b6ccf-c9d9-4c1d-97f4-516b572b2f9d,1697663869865644444
6a69421f-e399-4db8-897a-d8ef21b5e0a7,707b6ccf-c9d9-4c1d-97f4-516b572b2f9d,1697663869900377777
6a69421f-e399-4db8-897a-d8ef21b5e0a7,707b6ccf-c9d9-4c1d-97f4-516b572b2f9d,1697663869931533333
6a69421f-e399-4db8-897a-d8ef21b5e0a7,707b6ccf-c9d9-4c1d-97f4-516b572b2f9d,1697663869968222222
6a69421f-e399-4db8-897a-d8ef21b5e0a7,707b6ccf-c9d9-4c1d-97f4-516b572b2f9d,1697663869999711111
6a69421f-e399-4db8-897a-d8ef21b5e0a7,707b6ccf-c9d9-4c1d-97f4-516b572b2f9d,1697663870038522222
6a69421f-e399-4db8-897a-d8ef21b5e0a7,707b6ccf-c9d9-4c1d-97f4-516b572b2f9d,1697663870068788888
6a69421f-e399-4db8-897a-d8ef21b5e0a7,707b6ccf-c9d9-4c1d-97f4-516b572b2f9d,1697663870099422222
6a69421f-e399-4db8-897a-d8ef21b5e0a7,707b6ccf-c9d9-4c1d-97f4-516b572b2f9d,1697663870137400000
6a69421f-e399-4db8-897a-d8ef21b5e0a7,707b6ccf-c9d9-4c1d-97f4-516b572b2f9d,1697663870166788888
6a69421f-e399-4db8-897a-d8ef21b5e0a7,707b6ccf-c9d9-4c1d-97f4-516b572b2f9d,1697663870199266666
6a69421f-e399-4db8-897a-d8ef21b5e0a7,707b6ccf-c9d9-4c1d-97f4-516b572b2f9d,1697663870235688888
6a69421f-e399-4db8-897a-d8ef21b5e0a7,707b6ccf-c9d9-4c1d-97f4-516b572b2f9d,1697663870266933333
6a69421f-e399-4db8-897a-d8ef21b5e0a7,707b6ccf-c9d9-4c1d-97f4-516b572b2f9d,1697663870312266666
6a69421f-e399-4db8-897a-d8ef21b5e0a7,707b6ccf-c9d9-4c1d-97f4-516b572b2f9d,1697663870327088888
6a69421f-e399-4db8-897a-d8ef21b5e0a7,707b6ccf-c9d9-4c1d-97f4-516b572b2f9d,1697663870359700000
6a69421f-e399-4db8-897a-d8ef21b5e0a7,707b6ccf-c9d9-4c1d-97f4-516b572b2f9d,1697663870389744444
6a69421f-e399-4db8-897a-d8ef21b5e0a7,707b6ccf-c9d9-4c1d-97f4-516b572b2f9d,1697663870433511111
6a69421f-e399-4db8-897a-d8ef21b5e0a7,707b6ccf-c9d9-4c1d-97f4-516b572b2f9d,1697663870467522222
6a69421f-e399-4db8-897a-d8ef21b5e0a7,707b6ccf-c9d9-4c1d-97f4-516b572b2f9d,1697663870497922222
6a69421f-e399-4db8-897a-d8ef21b5e0a7,707b6ccf-c9d9-4c1d-97f4-516b572b2f9d,1697663870534233333
6a69421f-e399-4db8-897a-d8ef21b5e0a7,707b6ccf-c9d9-4c1d-97f4-516b572b2f9d,1697663870567700000
6a69421f-e399-4db8-897a-d8ef21b5e0a7,707b6ccf-c9d9-4c1d-97f4-516b572b2f9d,1697663870599211111
6a69421f-e399-4db8-897a-d8ef21b5e0a7,707b6ccf-c9d9-4c1d-97f4-516b572b2f9d,1697663870637488888
6a69421f-e399-4db8-897a-d8ef21b5e0a7,707b6ccf-c9d9-4c1d-97f4-516b572b2f9d,1697663870665522222
6a69421f-e399-4db8-897a-d8ef21b5e0a7,707b6ccf-c9d9-4c1d-97f4-516b572b2f9d,1697663870700611111
6a69421f-e399-4db8-897a-d8ef21b5e0a7,707b6ccf-c9d9-4c1d-97f4-516b572b2f9d,1697663870736844444
6a69421f-e399-4db8-897a-d8ef21b5e0a7,707b6ccf-c9d9-4c1d-97f4-516b572b2f9d,1697663870769677777
6a69421f-e399-4db8-897a-d8ef21b5e0a7,707b6ccf-c9d9-4c1d-97f4-516b572b2f9d,1697663870803766666
6a69421f-e399-4db8-897a-d8ef21b5e0a7,707b6ccf-c9d9-4c1d-97f4-516b572b2f9d,1697663870836122222
6a69421f-e399-4db8-897a-d8ef21b5e0a7,707b6ccf-c9d9-4c1d-97f4-516b572b2f9d,1697663870869422222
6a69421f-e399-4db8-897a-d8ef21b5e0a7,707b6ccf-c9d9-4c1d-97f4-516b572b2f9d,1697663870901877777
6a69421f-e399-4db8-897a-d8ef21b5e0a7,707b6ccf-c9d9-4c1d-97f4-516b572b2f9d,1697663870936544444
6a69421f-e399-4db8-897a-d8ef21b5e0a7,707b6ccf-c9d9-4c1d-97f4-516b572b2f9d,1697663870988933333
6a69421f-e399-4db8-897a-d8ef21b5e0a7,707b6ccf-c9d9-4c1d-97f4-516b572b2f9d,1697663870994655555
6a69421f-e399-4db8-897a-d8ef21b5e0a7,707b6ccf-c9d9-4c1d-97f4-516b572b2f9d,1697663871029800000
6a69421f-e399-4db8-897a-d8ef21b5e0a7,707b6ccf-c9d9-4c1d-97f4-516b572b2f9d,1697663871057566666
6a69421f-e399-4db8-897a-d8ef21b5e0a7,707b6ccf-c9d9-4c1d-97f4-516b572b2f9d,1697663871096077777
6a69421f-e399-4db8-897a-d8ef21b5e0a7,707b6ccf-c9d9-4c1d-97f4-516b572b2f9d,1697663871125777777
6a69421f-e399-4db8-897a-d8ef21b5e0a7,707b6ccf-c9d9-4c1d-97f4-516b572b2f9d,1697663871169522222
6a69421f-e399-4db8-897a-d8ef21b5e0a7,707b6ccf-c9d9-4c1d-97f4-516b572b2f9d,1697663871201188888
6a69421f-e399-4db8-897a-d8ef21b5e0a7,707b6ccf-c9d9-4c1d-97f4-516b572b2f9d,1697663871230722222
6a69421f-e399-4db8-897a-d8ef21b5e0a7,707b6ccf-c9d9-4c1d-97f4-516b572b2f9d,1697663871266866666
6a69421f-e399-4db8-897a-d8ef21b5e0a7,707b6ccf-c9d9-4c1d-97f4-516b572b2f9d,1697663871297511111
6a69421f-e399-4db8-897a-d8ef21b5e0a7,707b6ccf-c9d9-4c1d-97f4-516b572b2f9d,1697663871336911111
6a69421f-e399-4db8-897a-d8ef21b5e0a7,707b6ccf-c9d9-4c1d-97f4-516b572b2f9d,1697663871366811111
6a69421f-e399-4db8-897a-d8ef21b5e0a7,707b6ccf-c9d9-4c1d-97f4-516b572b2f9d,1697663871401411111
6a69421f-e399-4db8-897a-d8ef21b5e0a7,707b6ccf-c9d9-4c1d-97f4-516b572b2f9d,1697663871434977777
6a69421f-e399-4db8-897a-d8ef21b5e0a7,707b6ccf-c9d9-4c1d-97f4-516b572b2f9d,1697663871468511111
6a69421f-e399-4db8-897a-d8ef21b5e0a7,707b6ccf-c9d9-4c1d-97f4-516b572b2f9d,1697663871499000000
6a69421f-e399-4db8-897a-d8ef21b5e0a7,707b6ccf-c9d9-4c1d-97f4-516b572b2f9d,1697663871537188888
6a69421f-e399-4db8-897a-d8ef21b5e0a7,707b6ccf-c9d9-4c1d-97f4-516b572b2f9d,1697663871569222222
6a69421f-e399-4db8-897a-d8ef21b5e0a7,707b6ccf-c9d9-4c1d-97f4-516b572b2f9d,1697663871603144444
6a69421f-e399-4db8-897a-d8ef21b5e0a7,707b6ccf-c9d9-4c1d-97f4-516b572b2f9d,1697663871648155555
6a69421f-e399-4db8-897a-d8ef21b5e0a7,707b6ccf-c9d9-4c1d-97f4-516b572b2f9d,1697663871662666666
6a69421f-e399-4db8-897a-d8ef21b5e0a7,707b6ccf-c9d9-4c1d-97f4-516b572b2f9d,1697663871693611111
6a69421f-e399-4db8-897a-d8ef21b5e0a7,707b6ccf-c9d9-4c1d-97f4-516b572b2f9d,1697663871742944444
6a69421f-e399-4db8-897a-d8ef21b5e0a7,707b6ccf-c9d9-4c1d-97f4-516b572b2f9d,1697663871757911111
6a69421f-e399-4db8-897a-d8ef21b5e0a7,707b6ccf-c9d9-4c1d-97f4-516b572b2f9d,1697663871802511111
6a69421f-e399-4db8-897a-d8ef21b5e0a7,707b6ccf-c9d9-4c1d-97f4-516b572b2f9d,1697663871832644444
6a69421f-e399-4db8-897a-d8ef21b5e0a7,707b6ccf-c9d9-4c1d-97f4-516b572b2f9d,1697663871868655555
6a69421f-e399-4db8-897a-d8ef21b5e0a7,707b6ccf-c9d9-4c1d-97f4-516b572b2f9d,1697663871900688888
6a69421f-e399-4db8-897a-d8ef21b5e0a7,707b6ccf-c9d9-4c1d-97f4-516b572b2f9d,1697663871930877777
6a69421f-e399-4db8-897a-d8ef21b5e0a7,707b6ccf-c9d9-4c1d-97f4-516b572b2f9d,1697663871967500000
6a69421f-e399-4db8-897a-d8ef21b5e0a7,707b6ccf-c9d9-4c1d-97f4-516b572b2f9d,1697663872004455555
6a69421f-e399-4db8-897a-d8ef21b5e0a7,707b6ccf-c9d9-4c1d-97f4-516b572b2f9d,1697663872035977777
6a69421f-e399-4db8-897a-d8ef21b5e0a7,707b6ccf-c9d9-4c1d-97f4-516b572b2f9d,1697663872067522222
6a69421f-e399-4db8-897a-d8ef21b5e0a7,707b6ccf-c9d9-4c1d-97f4-516b572b2f9d,1697663872102166666
6a69421f-e399-4db8-897a-d8ef21b5e0a7,707b6ccf-c9d9-4c1d-97f4-516b572b2f9d,1697663872137211111
6a69421f-e399-4db8-897a-d8ef21b5e0a7,707b6ccf-c9d9-4c1d-97f4-516b572b2f9d,1697663872166722222
6a69421f-e399-4db8-897a-d8ef21b5e0a7,707b6ccf-c9d9-4c1d-97f4-516b572b2f9d,1697663872198511111
6a69421f-e399-4db8-897a-d8ef21b5e0a7,707b6ccf-c9d9-4c1d-97f4-516b572b2f9d,1697663872232566666
6a69421f-e399-4db8-897a-d8ef21b5e0a7,707b6ccf-c9d9-4c1d-97f4-516b572b2f9d,1697663872276000000
6a69421f-e399-4db8-897a-d8ef21b5e0a7,707b6ccf-c9d9-4c1d-97f4-516b572b2f9d,1697663872292211111
6a69421f-e399-4db8-897a-d8ef21b5e0a7,707b6ccf-c9d9-4c1d-97f4-516b572b2f9d,1697663872325588888
6a69421f-e399-4db8-897a-d8ef21b5e0a7,707b6ccf-c9d9-4c1d-97f4-516b572b2f9d,1697663872357222222
6a69421f-e399-4db8-897a-d8ef21b5e0a7,707b6ccf-c9d9-4c1d-97f4-516b572b2f9d,1697663872394877777
6a69421f-e399-4db8-897a-d8ef21b5e0a7,707b6ccf-c9d9-4c1d-97f4-516b572b2f9d,1697663872432988888
6a69421f-e399-4db8-897a-d8ef21b5e0a7,707b6ccf-c9d9-4c1d-97f4-516b572b2f9d,1697663872474088888
6a69421f-e399-4db8-897a-d8ef21b5e0a7,707b6ccf-c9d9-4c1d-97f4-516b572b2f9d,1697663872499155555
6a69421f-e399-4db8-897a-d8ef21b5e0a7,707b6ccf-c9d9-4c1d-97f4-516b572b2f9d,1697663872530044444
6a69421f-e399-4db8-897a-d8ef21b5e0a7,707b6ccf-c9d9-4c1d-97f4-516b572b2f9d,1697663872568488888
6a69421f-e399-4db8-897a-d8ef21b5e0a7,707b6ccf-c9d9-4c1d-97f4-516b572b2f9d,1697663872604555555
6a69421f-e399-4db8-897a-d8ef21b5e0a7,707b6ccf-c9d9-4c1d-97f4-516b572b2f9d,1697663872629577777
6a69421f-e399-4db8-897a-d8ef21b5e0a7,707b6ccf-c9d9-4c1d-97f4-516b572b2f9d,1697663872666266666
6a69421f-e399-4db8-897a-d8ef21b5e0a7,707b6ccf-c9d9-4c1d-97f4-516b572b2f9d,1697663872702644444
6a69421f-e399-4db8-897a-d8ef21b5e0a7,707b6ccf-c9d9-4c1d-97f4-516b572b2f9d,1697663872732433333
6a69421f-e399-4db8-897a-d8ef21b5e0a7,707b6ccf-c9d9-4c1d-97f4-516b572b2f9d,1697663872767788888
6a69421f-e399-4db8-897a-d8ef21b5e0a7,707b6ccf-c9d9-4c1d-97f4-516b572b2f9d,1697663872804222222
6a69421f-e399-4db8-897a-d8ef21b5e0a7,707b6ccf-c9d9-4c1d-97f4-516b572b2f9d,1697663872833700000
6a69421f-e399-4db8-897a-d8ef21b5e0a7,707b6ccf-c9d9-4c1d-97f4-516b572b2f9d,1697663872865788888
6a69421f-e399-4db8-897a-d8ef21b5e0a7,707b6ccf-c9d9-4c1d-97f4-516b572b2f9d,1697663872898833333
6a69421f-e399-4db8-897a-d8ef21b5e0a7,707b6ccf-c9d9-4c1d-97f4-516b572b2f9d,1697663872938944444
6a69421f-e399-4db8-897a-d8ef21b5e0a7,707b6ccf-c9d9-4c1d-97f4-516b572b2f9d,1697663872973100000
6a69421f-e399-4db8-897a-d8ef21b5e0a7,707b6ccf-c9d9-4c1d-97f4-516b572b2f9d,1697663872994033333
6a69421f-e399-4db8-897a-d8ef21b5e0a7,707b6ccf-c9d9-4c1d-97f4-516b572b2f9d,1697663873040555555
6a69421f-e399-4db8-897a-d8ef21b5e0a7,707b6ccf-c9d9-4c1d-97f4-516b572b2f9d,1697663873064011111
6a69421f-e399-4db8-897a-d8ef21b5e0a7,707b6ccf-c9d9-4c1d-97f4-516b572b2f9d,1697663873090111111
6a69421f-e399-4db8-897a-d8ef21b5e0a7,707b6ccf-c9d9-4c1d-97f4-516b572b2f9d,1697663873131244444
6a69421f-e399-4db8-897a-d8ef21b5e0a7,707b6ccf-c9d9-4c1d-97f4-516b572b2f9d,1697663873169233333
6a69421f-e399-4db8-897a-d8ef21b5e0a7,707b6ccf-c9d9-4c1d-97f4-516b572b2f9d,1697663873201055555
6a69421f-e399-4db8-897a-d8ef21b5e0a7,707b6ccf-c9d9-4c1d-97f4-516b572b2f9d,1697663873231133333
6a69421f-e399-4db8-897a-d8ef21b5e0a7,707b6ccf-c9d9-4c1d-97f4-516b572b2f9d,1697663873267188888
6a69421f-e399-4db8-897a-d8ef21b5e0a7,707b6ccf-c9d9-4c1d-97f4-516b572b2f9d,1697663873300455555
6a69421f-e399-4db8-897a-d8ef21b5e0a7,707b6ccf-c9d9-4c1d-97f4-516b572b2f9d,1697663873331666666
6a69421f-e399-4db8-897a-d8ef21b5e0a7,707b6ccf-c9d9-4c1d-97f4-516b572b2f9d,1697663873366844444
6a69421f-e399-4db8-897a-d8ef21b5e0a7,707b6ccf-c9d9-4c1d-97f4-516b572b2f9d,1697663873399633333
6a69421f-e399-4db8-897a-d8ef21b5e0a7,707b6ccf-c9d9-4c1d-97f4-516b572b2f9d,1697663873431011111
6a69421f-e399-4db8-897a-d8ef21b5e0a7,707b6ccf-c9d9-4c1d-97f4-516b572b2f9d,1697663873466022222
6a69421f-e399-4db8-897a-d8ef21b5e0a7,707b6ccf-c9d9-4c1d-97f4-516b572b2f9d,1697663873500800000
6a69421f-e399-4db8-897a-d8ef21b5e0a7,707b6ccf-c9d9-4c1d-97f4-516b572b2f9d,1697663873528588888
6a69421f-e399-4db8-897a-d8ef21b5e0a7,707b6ccf-c9d9-4c1d-97f4-516b572b2f9d,1697663873570644444
6a69421f-e399-4db8-897a-d8ef21b5e0a7,707b6ccf-c9d9-4c1d-97f4-516b572b2f9d,1697663873604488888
6a69421f-e399-4db8-897a-d8ef21b5e0a7,707b6ccf-c9d9-4c1d-97f4-516b572b2f9d,1697663873623166666
6a69421f-e399-4db8-897a-d8ef21b5e0a7,707b6ccf-c9d9-4c1d-97f4-516b572b2f9d,1697663873661266666
6a69421f-e399-4db8-897a-d8ef21b5e0a7,707b6ccf-c9d9-4c1d-97f4-516b572b2f9d,1697663873694422222
6a69421f-e399-4db8-897a-d8ef21b5e0a7,707b6ccf-c9d9-4c1d-97f4-516b572b2f9d,1697663873742366666
6a69421f-e399-4db8-897a-d8ef21b5e0a7,707b6ccf-c9d9-4c1d-97f4-516b572b2f9d,1697663873757988888
6a69421f-e399-4db8-897a-d8ef21b5e0a7,707b6ccf-c9d9-4c1d-97f4-516b572b2f9d,1697663873797811111
6a69421f-e399-4db8-897a-d8ef21b5e0a7,707b6ccf-c9d9-4c1d-97f4-516b572b2f9d,1697663873831644444
6a69421f-e399-4db8-897a-d8ef21b5e0a7,707b6ccf-c9d9-4c1d-97f4-516b572b2f9d,1697663873866844444
6a69421f-e399-4db8-897a-d8ef21b5e0a7,707b6ccf-c9d9-4c1d-97f4-516b572b2f9d,1697663873901533333
6a69421f-e399-4db8-897a-d8ef21b5e0a7,707b6ccf-c9d9-4c1d-97f4-516b572b2f9d,1697663873931200000
6a69421f-e399-4db8-897a-d8ef21b5e0a7,707b6ccf-c9d9-4c1d-97f4-516b572b2f9d,1697663873965477777
6a69421f-e399-4db8-897a-d8ef21b5e0a7,707b6ccf-c9d9-4c1d-97f4-516b572b2f9d,1697663873997666666
6a69421f-e399-4db8-897a-d8ef21b5e0a7,707b6ccf-c9d9-4c1d-97f4-516b572b2f9d,1697663874032044444
6a69421f-e399-4db8-897a-d8ef21b5e0a7,707b6ccf-c9d9-4c1d-97f4-516b572b2f9d,1697663874071722222
6a69421f-e399-4db8-897a-d8ef21b5e0a7,707b6ccf-c9d9-4c1d-97f4-516b572b2f9d,1697663874100544444
6a69421f-e399-4db8-897a-d8ef21b5e0a7,707b6ccf-c9d9-4c1d-97f4-516b572b2f9d,1697663874131144444
6a69421f-e399-4db8-897a-d8ef21b5e0a7,707b6ccf-c9d9-4c1d-97f4-516b572b2f9d,1697663874167455555
6a69421f-e399-4db8-897a-d8ef21b5e0a7,707b6ccf-c9d9-4c1d-97f4-516b572b2f9d,1697663874199200000
6a69421f-e399-4db8-897a-d8ef21b5e0a7,707b6ccf-c9d9-4c1d-97f4-516b572b2f9d,1697663874234777777
6a69421f-e399-4db8-897a-d8ef21b5e0a7,707b6ccf-c9d9-4c1d-97f4-516b572b2f9d,1697663874269633333
6a69421f-e399-4db8-897a-d8ef21b5e0a7,707b6ccf-c9d9-4c1d-97f4-516b572b2f9d,1697663874303566666
6a69421f-e399-4db8-897a-d8ef21b5e0a7,707b6ccf-c9d9-4c1d-97f4-516b572b2f9d,1697663874330477777
6a69421f-e399-4db8-897a-d8ef21b5e0a7,707b6ccf-c9d9-4c1d-97f4-516b572b2f9d,1697663874357433333
6a69421f-e399-4db8-897a-d8ef21b5e0a7,707b6ccf-c9d9-4c1d-97f4-516b572b2f9d,1697663874402300000
6a69421f-e399-4db8-897a-d8ef21b5e0a7,707b6ccf-c9d9-4c1d-97f4-516b572b2f9d,1697663874421477777
6a69421f-e399-4db8-897a-d8ef21b5e0a7,707b6ccf-c9d9-4c1d-97f4-516b572b2f9d,1697663874466822222
6a69421f-e399-4db8-897a-d8ef21b5e0a7,707b6ccf-c9d9-4c1d-97f4-516b572b2f9d,1697663874500711111
6a69421f-e399-4db8-897a-d8ef21b5e0a7,707b6ccf-c9d9-4c1d-97f4-516b572b2f9d,1697663874523533333
6a69421f-e399-4db8-897a-d8ef21b5e0a7,707b6ccf-c9d9-4c1d-97f4-516b572b2f9d,1697663874569733333
6a69421f-e399-4db8-897a-d8ef21b5e0a7,707b6ccf-c9d9-4c1d-97f4-516b572b2f9d,1697663874599777777
6a69421f-e399-4db8-897a-d8ef21b5e0a7,707b6ccf-c9d9-4c1d-97f4-516b572b2f9d,1697663874631188888
6a69421f-e399-4db8-897a-d8ef21b5e0a7,707b6ccf-c9d9-4c1d-97f4-516b572b2f9d,1697663874672933333
6a69421f-e399-4db8-897a-d8ef21b5e0a7,707b6ccf-c9d9-4c1d-97f4-516b572b2f9d,1697663874701433333
6a69421f-e399-4db8-897a-d8ef21b5e0a7,707b6ccf-c9d9-4c1d-97f4-516b572b2f9d,1697663874730944444
6a69421f-e399-4db8-897a-d8ef21b5e0a7,707b6ccf-c9d9-4c1d-97f4-516b572b2f9d,1697663874769400000
6a69421f-e399-4db8-897a-d8ef21b5e0a7,707b6ccf-c9d9-4c1d-97f4-516b572b2f9d,1697663874799133333
6a69421f-e399-4db8-897a-d8ef21b5e0a7,707b6ccf-c9d9-4c1d-97f4-516b572b2f9d,1697663874831788888
6a69421f-e399-4db8-897a-d8ef21b5e0a7,707b6ccf-c9d9-4c1d-97f4-516b572b2f9d,1697663874869300000
6a69421f-e399-4db8-897a-d8ef21b5e0a7,707b6ccf-c9d9-4c1d-97f4-516b572b2f9d,1697663874903733333
6a69421f-e399-4db8-897a-d8ef21b5e0a7,707b6ccf-c9d9-4c1d-97f4-516b572b2f9d,1697663874942344444
6a69421f-e399-4db8-897a-d8ef21b5e0a7,707b6ccf-c9d9-4c1d-97f4-516b572b2f9d,1697663874960311111
6a69421f-e399-4db8-897a-d8ef21b5e0a7,707b6ccf-c9d9-4c1d-97f4-516b572b2f9d,1697663874991188888
6a69421f-e399-4db8-897a-d8ef21b5e0a7,707b6ccf-c9d9-4c1d-97f4-516b572b2f9d,1697663875023833333
6a69421f-e399-4db8-897a-d8ef21b5e0a7,707b6ccf-c9d9-4c1d-97f4-516b572b2f9d,1697663875057744444
6a69421f-e399-4db8-897a-d8ef21b5e0a7,707b6ccf-c9d9-4c1d-97f4-516b572b2f9d,1697663875099611111
6a69421f-e399-4db8-897a-d8ef21b5e0a7,707b6ccf-c9d9-4c1d-97f4-516b572b2f9d,1697663875131255555
6a69421f-e399-4db8-897a-d8ef21b5e0a7,707b6ccf-c9d9-4c1d-97f4-516b572b2f9d,1697663875168766666
6a69421f-e399-4db8-897a-d8ef21b5e0a7,707b6ccf-c9d9-4c1d-97f4-516b572b2f9d,1697663875200188888
6a69421f-e399-4db8-897a-d8ef21b5e0a7,707b6ccf-c9d9-4c1d-97f4-516b572b2f9d,1697663875230288888
6a69421f-e399-4db8-897a-d8ef21b5e0a7,707b6ccf-c9d9-4c1d-97f4-516b572b2f9d,1697663875269611111
6a69421f-e399-4db8-897a-d8ef21b5e0a7,707b6ccf-c9d9-4c1d-97f4-516b572b2f9d,1697663875300711111
6a69421f-e399-4db8-897a-d8ef21b5e0a7,707b6ccf-c9d9-4c1d-97f4-516b572b2f9d,1697663875324044444
6a69421f-e399-4db8-897a-d8ef21b5e0a7,707b6ccf-c9d9-4c1d-97f4-516b572b2f9d,1697663875370755555
6a69421f-e399-4db8-897a-d8ef21b5e0a7,707b6ccf-c9d9-4c1d-97f4-516b572b2f9d,1697663875401022222
6a69421f-e399-4db8-897a-d8ef21b5e0a7,707b6ccf-c9d9-4c1d-97f4-516b572b2f9d,1697663875434333333
6a69421f-e399-4db8-897a-d8ef21b5e0a7,707b6ccf-c9d9-4c1d-97f4-516b572b2f9d,1697663875463944444
6a69421f-e399-4db8-897a-d8ef21b5e0a7,707b6ccf-c9d9-4c1d-97f4-516b572b2f9d,1697663875500222222
6a69421f-e399-4db8-897a-d8ef21b5e0a7,707b6ccf-c9d9-4c1d-97f4-516b572b2f9d,1697663875533088888
6a69421f-e399-4db8-897a-d8ef21b5e0a7,707b6ccf-c9d9-4c1d-97f4-516b572b2f9d,1697663875563933333
6a69421f-e399-4db8-897a-d8ef21b5e0a7,707b6ccf-c9d9-4c1d-97f4-516b572b2f9d,1697663875597166666
6a69421f-e399-4db8-897a-d8ef21b5e0a7,707b6ccf-c9d9-4c1d-97f4-516b572b2f9d,1697663875623722222
6a69421f-e399-4db8-897a-d8ef21b5e0a7,707b6ccf-c9d9-4c1d-97f4-516b572b2f9d,1697663875665133333
6a69421f-e399-4db8-897a-d8ef21b5e0a7,707b6ccf-c9d9-4c1d-97f4-516b572b2f9d,1697663875693844444
6a69421f-e399-4db8-897a-d8ef21b5e0a7,707b6ccf-c9d9-4c1d-97f4-516b572b2f9d,1697663875721355555
6a69421f-e399-4db8-897a-d8ef21b5e0a7,707b6ccf-c9d9-4c1d-97f4-516b572b2f9d,1697663875764922222
6a69421f-e399-4db8-897a-d8ef21b5e0a7,707b6ccf-c9d9-4c1d-97f4-516b572b2f9d,1697663875799577777
6a69421f-e399-4db8-897a-d8ef21b5e0a7,707b6ccf-c9d9-4c1d-97f4-516b572b2f9d,1697663875831244444
6a69421f-e399-4db8-897a-d8ef21b5e0a7,707b6ccf-c9d9-4c1d-97f4-516b572b2f9d,1697663875864033333
6a69421f-e399-4db8-897a-d8ef21b5e0a7,707b6ccf-c9d9-4c1d-97f4-516b572b2f9d,1697663875899111111
6a69421f-e399-4db8-897a-d8ef21b5e0a7,707b6ccf-c9d9-4c1d-97f4-516b572b2f9d,1697663875931822222
6a69421f-e399-4db8-897a-d8ef21b5e0a7,707b6ccf-c9d9-4c1d-97f4-516b572b2f9d,1697663875960944444
6a69421f-e399-4db8-897a-d8ef21b5e0a7,707b6ccf-c9d9-4c1d-97f4-516b572b2f9d,1697663876001533333
6a69421f-e399-4db8-897a-d8ef21b5e0a7,707b6ccf-c9d9-4c1d-97f4-516b572b2f9d,1697663876033944444
6a69421f-e399-4db8-897a-d8ef21b5e0a7,707b6ccf-c9d9-4c1d-97f4-516b572b2f9d,1697663876061188888
6a69421f-e399-4db8-897a-d8ef21b5e0a7,707b6ccf-c9d9-4c1d-97f4-516b572b2f9d,1697663876099066666
6a69421f-e399-4db8-897a-d8ef21b5e0a7,707b6ccf-c9d9-4c1d-97f4-516b572b2f9d,1697663876130655555
6a69421f-e399-4db8-897a-d8ef21b5e0a7,707b6ccf-c9d9-4c1d-97f4-516b572b2f9d,1697663876164422222
6a69421f-e399-4db8-897a-d8ef21b5e0a7,707b6ccf-c9d9-4c1d-97f4-516b572b2f9d,1697663876198777777
6a69421f-e399-4db8-897a-d8ef21b5e0a7,707b6ccf-c9d9-4c1d-97f4-516b572b2f9d,1697663876234455555
6a69421f-e399-4db8-897a-d8ef21b5e0a7,707b6ccf-c9d9-4c1d-97f4-516b572b2f9d,1697663876263466666
6a69421f-e399-4db8-897a-d8ef21b5e0a7,707b6ccf-c9d9-4c1d-97f4-516b572b2f9d,1697663876293800000
6a69421f-e399-4db8-897a-d8ef21b5e0a7,707b6ccf-c9d9-4c1d-97f4-516b572b2f9d,1697663876333666666
6a69421f-e399-4db8-897a-d8ef21b5e0a7,707b6ccf-c9d9-4c1d-97f4-516b572b2f9d,1697663876360366666
6a69421f-e399-4db8-897a-d8ef21b5e0a7,707b6ccf-c9d9-4c1d-97f4-516b572b2f9d,1697663876402411111
6a69421f-e399-4db8-897a-d8ef21b5e0a7,707b6ccf-c9d9-4c1d-97f4-516b572b2f9d,1697663876420911111
6a69421f-e399-4db8-897a-d8ef21b5e0a7,707b6ccf-c9d9-4c1d-97f4-516b572b2f9d,1697663876461488888
6a69421f-e399-4db8-897a-d8ef21b5e0a7,707b6ccf-c9d9-4c1d-97f4-516b572b2f9d,1697663876502422222
6a69421f-e399-4db8-897a-d8ef21b5e0a7,707b6ccf-c9d9-4c1d-97f4-516b572b2f9d,1697663876523455555
6a69421f-e399-4db8-897a-d8ef21b5e0a7,707b6ccf-c9d9-4c1d-97f4-516b572b2f9d,1697663876568788888
6a69421f-e399-4db8-897a-d8ef21b5e0a7,707b6ccf-c9d9-4c1d-97f4-516b572b2f9d,1697663876597522222
6a69421f-e399-4db8-897a-d8ef21b5e0a7,707b6ccf-c9d9-4c1d-97f4-516b572b2f9d,1697663876631666666
6a69421f-e399-4db8-897a-d8ef21b5e0a7,707b6ccf-c9d9-4c1d-97f4-516b572b2f9d,1697663876662500000
6a69421f-e399-4db8-897a-d8ef21b5e0a7,707b6ccf-c9d9-4c1d-97f4-516b572b2f9d,1697663876702433333
6a69421f-e399-4db8-897a-d8ef21b5e0a7,707b6ccf-c9d9-4c1d-97f4-516b572b2f9d,1697663876724011111
6a69421f-e399-4db8-897a-d8ef21b5e0a7,707b6ccf-c9d9-4c1d-97f4-516b572b2f9d,1697663876763777777
6a69421f-e399-4db8-897a-d8ef21b5e0a7,707b6ccf-c9d9-4c1d-97f4-516b572b2f9d,1697663876801300000
6a69421f-e399-4db8-897a-d8ef21b5e0a7,707b6ccf-c9d9-4c1d-97f4-516b572b2f9d,1697663876829800000
6a69421f-e399-4db8-897a-d8ef21b5e0a7,707b6ccf-c9d9-4c1d-97f4-516b572b2f9d,1697663876862600000
6a69421f-e399-4db8-897a-d8ef21b5e0a7,707b6ccf-c9d9-4c1d-97f4-516b572b2f9d,1697663876909744444
6a69421f-e399-4db8-897a-d8ef21b5e0a7,707b6ccf-c9d9-4c1d-97f4-516b572b2f9d,1697663876927944444
6a69421f-e399-4db8-897a-d8ef21b5e0a7,707b6ccf-c9d9-4c1d-97f4-516b572b2f9d,1697663876955844444
6a69421f-e399-4db8-897a-d8ef21b5e0a7,707b6ccf-c9d9-4c1d-97f4-516b572b2f9d,1697663876999211111
6a69421f-e399-4db8-897a-d8ef21b5e0a7,707b6ccf-c9d9-4c1d-97f4-516b572b2f9d,1697663877025711111
6a69421f-e399-4db8-897a-d8ef21b5e0a7,707b6ccf-c9d9-4c1d-97f4-516b572b2f9d,1697663877053266666
6a69421f-e399-4db8-897a-d8ef21b5e0a7,707b6ccf-c9d9-4c1d-97f4-516b572b2f9d,1697663877101633333
6a69421f-e399-4db8-897a-d8ef21b5e0a7,707b6ccf-c9d9-4c1d-97f4-516b572b2f9d,1697663877128555555
6a69421f-e399-4db8-897a-d8ef21b5e0a7,707b6ccf-c9d9-4c1d-97f4-516b572b2f9d,1697663877169211111
6a69421f-e399-4db8-897a-d8ef21b5e0a7,707b6ccf-c9d9-4c1d-97f4-516b572b2f9d,1697663877202100000
6a69421f-e399-4db8-897a-d8ef21b5e0a7,707b6ccf-c9d9-4c1d-97f4-516b572b2f9d,1697663877223522222
6a69421f-e399-4db8-897a-d8ef21b5e0a7,707b6ccf-c9d9-4c1d-97f4-516b572b2f9d,1697663877263766666
6a69421f-e399-4db8-897a-d8ef21b5e0a7,707b6ccf-c9d9-4c1d-97f4-516b572b2f9d,1697663877298166666
6a69421f-e399-4db8-897a-d8ef21b5e0a7,707b6ccf-c9d9-4c1d-97f4-516b572b2f9d,1697663877329600000
6a69421f-e399-4db8-897a-d8ef21b5e0a7,707b6ccf-c9d9-4c1d-97f4-516b572b2f9d,1697663877363700000
6a69421f-e399-4db8-897a-d8ef21b5e0a7,707b6ccf-c9d9-4c1d-97f4-516b572b2f9d,1697663877401700000
6a69421f-e399-4db8-897a-d8ef21b5e0a7,707b6ccf-c9d9-4c1d-97f4-516b572b2f9d,1697663877423466666
6a69421f-e399-4db8-897a-d8ef21b5e0a7,707b6ccf-c9d9-4c1d-97f4-516b572b2f9d,1697663877465711111
6a69421f-e399-4db8-897a-d8ef21b5e0a7,707b6ccf-c9d9-4c1d-97f4-516b572b2f9d,1697663877500400000
6a69421f-e399-4db8-897a-d8ef21b5e0a7,707b6ccf-c9d9-4c1d-97f4-516b572b2f9d,1697663877524022222
6a69421f-e399-4db8-897a-d8ef21b5e0a7,707b6ccf-c9d9-4c1d-97f4-516b572b2f9d,1697663877567811111
6a69421f-e399-4db8-897a-d8ef21b5e0a7,707b6ccf-c9d9-4c1d-97f4-516b572b2f9d,1697663877601000000
6a69421f-e399-4db8-897a-d8ef21b5e0a7,707b6ccf-c9d9-4c1d-97f4-516b572b2f9d,1697663877623811111
6a69421f-e399-4db8-897a-d8ef21b5e0a7,707b6ccf-c9d9-4c1d-97f4-516b572b2f9d,1697663877654388888
6a69421f-e399-4db8-897a-d8ef21b5e0a7,707b6ccf-c9d9-4c1d-97f4-516b572b2f9d,1697663877691622222
6a69421f-e399-4db8-897a-d8ef21b5e0a7,707b6ccf-c9d9-4c1d-97f4-516b572b2f9d,1697663877741111111
6a69421f-e399-4db8-897a-d8ef21b5e0a7,707b6ccf-c9d9-4c1d-97f4-516b572b2f9d,1697663877754144444
6a69421f-e399-4db8-897a-d8ef21b5e0a7,707b6ccf-c9d9-4c1d-97f4-516b572b2f9d,1697663877802822222
6a69421f-e399-4db8-897a-d8ef21b5e0a7,707b6ccf-c9d9-4c1d-97f4-516b572b2f9d,1697663877822900000
6a69421f-e399-4db8-897a-d8ef21b5e0a7,707b6ccf-c9d9-4c1d-97f4-516b572b2f9d,1697663877863977777
6a69421f-e399-4db8-897a-d8ef21b5e0a7,707b6ccf-c9d9-4c1d-97f4-516b572b2f9d,1697663877898855555
6a69421f-e399-4db8-897a-d8ef21b5e0a7,707b6ccf-c9d9-4c1d-97f4-516b572b2f9d,1697663877930833333
6a69421f-e399-4db8-897a-d8ef21b5e0a7,707b6ccf-c9d9-4c1d-97f4-516b572b2f9d,1697663877967988888
6a69421f-e399-4db8-897a-d8ef21b5e0a7,707b6ccf-c9d9-4c1d-97f4-516b572b2f9d,1697663878001800000
6a69421f-e399-4db8-897a-d8ef21b5e0a7,707b6ccf-c9d9-4c1d-97f4-516b572b2f9d,1697663878023833333
6a69421f-e399-4db8-897a-d8ef21b5e0a7,707b6ccf-c9d9-4c1d-97f4-516b572b2f9d,1697663878061355555
6a69421f-e399-4db8-897a-d8ef21b5e0a7,707b6ccf-c9d9-4c1d-97f4-516b572b2f9d,1697663878099744444
6a69421f-e399-4db8-897a-d8ef21b5e0a7,707b6ccf-c9d9-4c1d-97f4-516b572b2f9d,1697663878131644444
6a69421f-e399-4db8-897a-d8ef21b5e0a7,707b6ccf-c9d9-4c1d-97f4-516b572b2f9d,1697663878162755555
6a69421f-e399-4db8-897a-d8ef21b5e0a7,707b6ccf-c9d9-4c1d-97f4-516b572b2f9d,1697663878199622222
6a69421f-e399-4db8-897a-d8ef21b5e0a7,707b6ccf-c9d9-4c1d-97f4-516b572b2f9d,1697663878233577777
6a69421f-e399-4db8-897a-d8ef21b5e0a7,707b6ccf-c9d9-4c1d-97f4-516b572b2f9d,1697663878255988888
6a69421f-e399-4db8-897a-d8ef21b5e0a7,707b6ccf-c9d9-4c1d-97f4-516b572b2f9d,1697663878290500000
6a69421f-e399-4db8-897a-d8ef21b5e0a7,707b6ccf-c9d9-4c1d-97f4-516b572b2f9d,1697663878324222222
6a69421f-e399-4db8-897a-d8ef21b5e0a7,707b6ccf-c9d9-4c1d-97f4-516b572b2f9d,1697663878354866666
6a69421f-e399-4db8-897a-d8ef21b5e0a7,707b6ccf-c9d9-4c1d-97f4-516b572b2f9d,1697663878391055555
6a69421f-e399-4db8-897a-d8ef21b5e0a7,707b6ccf-c9d9-4c1d-97f4-516b572b2f9d,1697663878431188888
6a69421f-e399-4db8-897a-d8ef21b5e0a7,707b6ccf-c9d9-4c1d-97f4-516b572b2f9d,1697663878462133333
6a69421f-e399-4db8-897a-d8ef21b5e0a7,707b6ccf-c9d9-4c1d-97f4-516b572b2f9d,1697663878499600000
6a69421f-e399-4db8-897a-d8ef21b5e0a7,707b6ccf-c9d9-4c1d-97f4-516b572b2f9d,1697663878534588888
6a69421f-e399-4db8-897a-d8ef21b5e0a7,707b6ccf-c9d9-4c1d-97f4-516b572b2f9d,1697663878563011111
6a69421f-e399-4db8-897a-d8ef21b5e0a7,707b6ccf-c9d9-4c1d-97f4-516b572b2f9d,1697663878602344444
6a69421f-e399-4db8-897a-d8ef21b5e0a7,707b6ccf-c9d9-4c1d-97f4-516b572b2f9d,1697663878630677777
6a69421f-e399-4db8-897a-d8ef21b5e0a7,707b6ccf-c9d9-4c1d-97f4-516b572b2f9d,1697663878664188888
6a69421f-e399-4db8-897a-d8ef21b5e0a7,707b6ccf-c9d9-4c1d-97f4-516b572b2f9d,1697663878699766666
6a69421f-e399-4db8-897a-d8ef21b5e0a7,707b6ccf-c9d9-4c1d-97f4-516b572b2f9d,1697663878731122222
6a69421f-e399-4db8-897a-d8ef21b5e0a7,707b6ccf-c9d9-4c1d-97f4-516b572b2f9d,1697663878763166666
6a69421f-e399-4db8-897a-d8ef21b5e0a7,707b6ccf-c9d9-4c1d-97f4-516b572b2f9d,1697663878795566666
6a69421f-e399-4db8-897a-d8ef21b5e0a7,707b6ccf-c9d9-4c1d-97f4-516b572b2f9d,1697663878830266666
6a69421f-e399-4db8-897a-d8ef21b5e0a7,707b6ccf-c9d9-4c1d-97f4-516b572b2f9d,1697663878865833333
6a69421f-e399-4db8-897a-d8ef21b5e0a7,707b6ccf-c9d9-4c1d-97f4-516b572b2f9d,1697663878903088888
6a69421f-e399-4db8-897a-d8ef21b5e0a7,707b6ccf-c9d9-4c1d-97f4-516b572b2f9d,1697663878922122222
6a69421f-e399-4db8-897a-d8ef21b5e0a7,707b6ccf-c9d9-4c1d-97f4-516b572b2f9d,1697663878952900000
6a69421f-e399-4db8-897a-d8ef21b5e0a7,707b6ccf-c9d9-4c1d-97f4-516b572b2f9d,1697663878985977777
6a69421f-e399-4db8-897a-d8ef21b5e0a7,707b6ccf-c9d9-4c1d-97f4-516b572b2f9d,1697663879022811111
6a69421f-e399-4db8-897a-d8ef21b5e0a7,707b6ccf-c9d9-4c1d-97f4-516b572b2f9d,1697663879061611111
6a69421f-e399-4db8-897a-d8ef21b5e0a7,707b6ccf-c9d9-4c1d-97f4-516b572b2f9d,1697663879094088888
6a69421f-e399-4db8-897a-d8ef21b5e0a7,707b6ccf-c9d9-4c1d-97f4-516b572b2f9d,1697663879134400000
6a69421f-e399-4db8-897a-d8ef21b5e0a7,707b6ccf-c9d9-4c1d-97f4-516b572b2f9d,1697663879160855555
6a69421f-e399-4db8-897a-d8ef21b5e0a7,707b6ccf-c9d9-4c1d-97f4-516b572b2f9d,1697663879197877777
6a69421f-e399-4db8-897a-d8ef21b5e0a7,707b6ccf-c9d9-4c1d-97f4-516b572b2f9d,1697663879230044444
6a69421f-e399-4db8-897a-d8ef21b5e0a7,707b6ccf-c9d9-4c1d-97f4-516b572b2f9d,1697663879264555555
6a69421f-e399-4db8-897a-d8ef21b5e0a7,707b6ccf-c9d9-4c1d-97f4-516b572b2f9d,1697663879294944444
6a69421f-e399-4db8-897a-d8ef21b5e0a7,707b6ccf-c9d9-4c1d-97f4-516b572b2f9d,1697663879331377777
6a69421f-e399-4db8-897a-d8ef21b5e0a7,707b6ccf-c9d9-4c1d-97f4-516b572b2f9d,1697663879365355555
6a69421f-e399-4db8-897a-d8ef21b5e0a7,707b6ccf-c9d9-4c1d-97f4-516b572b2f9d,1697663879393566666
6a69421f-e399-4db8-897a-d8ef21b5e0a7,707b6ccf-c9d9-4c1d-97f4-516b572b2f9d,1697663879431033333
6a69421f-e399-4db8-897a-d8ef21b5e0a7,707b6ccf-c9d9-4c1d-97f4-516b572b2f9d,1697663879468733333
6a69421f-e399-4db8-897a-d8ef21b5e0a7,707b6ccf-c9d9-4c1d-97f4-516b572b2f9d,1697663879495211111
6a69421f-e399-4db8-897a-d8ef21b5e0a7,707b6ccf-c9d9-4c1d-97f4-516b572b2f9d,1697663879530511111
6a69421f-e399-4db8-897a-d8ef21b5e0a7,707b6ccf-c9d9-4c1d-97f4-516b572b2f9d,1697663879579444444
6a69421f-e399-4db8-897a-d8ef21b5e0a7,707b6ccf-c9d9-4c1d-97f4-516b572b2f9d,1697663879593055555
6a69421f-e399-4db8-897a-d8ef21b5e0a7,707b6ccf-c9d9-4c1d-97f4-516b572b2f9d,1697663879622644444
6a69421f-e399-4db8-897a-d8ef21b5e0a7,707b6ccf-c9d9-4c1d-97f4-516b572b2f9d,1697663879666166666
6a69421f-e399-4db8-897a-d8ef21b5e0a7,707b6ccf-c9d9-4c1d-97f4-516b572b2f9d,1697663879698855555
6a69421f-e399-4db8-897a-d8ef21b5e0a7,707b6ccf-c9d9-4c1d-97f4-516b572b2f9d,1697663879721133333
6a69421f-e399-4db8-897a-d8ef21b5e0a7,707b6ccf-c9d9-4c1d-97f4-516b572b2f9d,1697663879763122222
6a69421f-e399-4db8-897a-d8ef21b5e0a7,707b6ccf-c9d9-4c1d-97f4-516b572b2f9d,1697663879797411111
6a69421f-e399-4db8-897a-d8ef21b5e0a7,707b6ccf-c9d9-4c1d-97f4-516b572b2f9d,1697663879829566666
6a69421f-e399-4db8-897a-d8ef21b5e0a7,707b6ccf-c9d9-4c1d-97f4-516b572b2f9d,1697663879860666666
6a69421f-e399-4db8-897a-d8ef21b5e0a7,707b6ccf-c9d9-4c1d-97f4-516b572b2f9d,1697663879894155555
6a69421f-e399-4db8-897a-d8ef21b5e0a7,707b6ccf-c9d9-4c1d-97f4-516b572b2f9d,1697663879931055555
6a69421f-e399-4db8-897a-d8ef21b5e0a7,707b6ccf-c9d9-4c1d-97f4-516b572b2f9d,1697663879969722222
6a69421f-e399-4db8-897a-d8ef21b5e0a7,707b6ccf-c9d9-4c1d-97f4-516b572b2f9d,1697663879996311111
6a69421f-e399-4db8-897a-d8ef21b5e0a7,707b6ccf-c9d9-4c1d-97f4-516b572b2f9d,1697663880031000000
6a69421f-e399-4db8-897a-d8ef21b5e0a7,707b6ccf-c9d9-4c1d-97f4-516b572b2f9d,1697663880064688888
6a69421f-e399-4db8-897a-d8ef21b5e0a7,707b6ccf-c9d9-4c1d-97f4-516b572b2f9d,1697663880093133333
6a69421f-e399-4db8-897a-d8ef21b5e0a7,707b6ccf-c9d9-4c1d-97f4-516b572b2f9d,1697663880131655555
6a69421f-e399-4db8-897a-d8ef21b5e0a7,707b6ccf-c9d9-4c1d-97f4-516b572b2f9d,1697663880166022222
6a69421f-e399-4db8-897a-d8ef21b5e0a7,707b6ccf-c9d9-4c1d-97f4-516b572b2f9d,1697663880197955555
6a69421f-e399-4db8-897a-d8ef21b5e0a7,707b6ccf-c9d9-4c1d-97f4-516b572b2f9d,1697663880242500000
6a69421f-e399-4db8-897a-d8ef21b5e0a7,707b6ccf-c9d9-4c1d-97f4-516b572b2f9d,1697663880258000000
6a69421f-e399-4db8-897a-d8ef21b5e0a7,707b6ccf-c9d9-4c1d-97f4-516b572b2f9d,1697663880290522222
6a69421f-e399-4db8-897a-d8ef21b5e0a7,707b6ccf-c9d9-4c1d-97f4-516b572b2f9d,1697663880344611111
6a69421f-e399-4db8-897a-d8ef21b5e0a7,707b6ccf-c9d9-4c1d-97f4-516b572b2f9d,1697663880362177777
6a69421f-e399-4db8-897a-d8ef21b5e0a7,707b6ccf-c9d9-4c1d-97f4-516b572b2f9d,1697663880384544444
6a69421f-e399-4db8-897a-d8ef21b5e0a7,707b6ccf-c9d9-4c1d-97f4-516b572b2f9d,1697663880433266666
6a69421f-e399-4db8-897a-d8ef21b5e0a7,707b6ccf-c9d9-4c1d-97f4-516b572b2f9d,1697663880463822222
6a69421f-e399-4db8-897a-d8ef21b5e0a7,707b6ccf-c9d9-4c1d-97f4-516b572b2f9d,1697663880495844444
6a69421f-e399-4db8-897a-d8ef21b5e0a7,707b6ccf-c9d9-4c1d-97f4-516b572b2f9d,1697663880531355555
6a69421f-e399-4db8-897a-d8ef21b5e0a7,707b6ccf-c9d9-4c1d-97f4-516b572b2f9d,1697663880565788888
6a69421f-e399-4db8-897a-d8ef21b5e0a7,707b6ccf-c9d9-4c1d-97f4-516b572b2f9d,1697663880595677777
6a69421f-e399-4db8-897a-d8ef21b5e0a7,707b6ccf-c9d9-4c1d-97f4-516b572b2f9d,1697663880629722222
6a69421f-e399-4db8-897a-d8ef21b5e0a7,707b6ccf-c9d9-4c1d-97f4-516b572b2f9d,1697663880662233333
6a69421f-e399-4db8-897a-d8ef21b5e0a7,707b6ccf-c9d9-4c1d-97f4-516b572b2f9d,1697663880695022222
6a69421f-e399-4db8-897a-d8ef21b5e0a7,707b6ccf-c9d9-4c1d-97f4-516b572b2f9d,1697663880732233333
6a69421f-e399-4db8-897a-d8ef21b5e0a7,707b6ccf-c9d9-4c1d-97f4-516b572b2f9d,1697663880766711111
6a69421f-e399-4db8-897a-d8ef21b5e0a7,707b6ccf-c9d9-4c1d-97f4-516b572b2f9d,1697663880796411111
6a69421f-e399-4db8-897a-d8ef21b5e0a7,707b6ccf-c9d9-4c1d-97f4-516b572b2f9d,1697663880832444444
6a69421f-e399-4db8-897a-d8ef21b5e0a7,707b6ccf-c9d9-4c1d-97f4-516b572b2f9d,1697663880863133333
6a69421f-e399-4db8-897a-d8ef21b5e0a7,707b6ccf-c9d9-4c1d-97f4-516b572b2f9d,1697663880898700000
6a69421f-e399-4db8-897a-d8ef21b5e0a7,707b6ccf-c9d9-4c1d-97f4-516b572b2f9d,1697663880923711111
6a69421f-e399-4db8-897a-d8ef21b5e0a7,707b6ccf-c9d9-4c1d-97f4-516b572b2f9d,1697663880954744444
6a69421f-e399-4db8-897a-d8ef21b5e0a7,707b6ccf-c9d9-4c1d-97f4-516b572b2f9d,1697663880987788888
6a69421f-e399-4db8-897a-d8ef21b5e0a7,707b6ccf-c9d9-4c1d-97f4-516b572b2f9d,1697663881030011111
6a69421f-e399-4db8-897a-d8ef21b5e0a7,707b6ccf-c9d9-4c1d-97f4-516b572b2f9d,1697663881063488888
6a69421f-e399-4db8-897a-d8ef21b5e0a7,707b6ccf-c9d9-4c1d-97f4-516b572b2f9d,1697663881096333333
6a69421f-e399-4db8-897a-d8ef21b5e0a7,707b6ccf-c9d9-4c1d-97f4-516b572b2f9d,1697663881132477777
6a69421f-e399-4db8-897a-d8ef21b5e0a7,707b6ccf-c9d9-4c1d-97f4-516b572b2f9d,1697663881162488888
6a69421f-e399-4db8-897a-d8ef21b5e0a7,707b6ccf-c9d9-4c1d-97f4-516b572b2f9d,1697663881195022222
6a69421f-e399-4db8-897a-d8ef21b5e0a7,707b6ccf-c9d9-4c1d-97f4-516b572b2f9d,1697663881233488888
6a69421f-e399-4db8-897a-d8ef21b5e0a7,707b6ccf-c9d9-4c1d-97f4-516b572b2f9d,1697663881266288888
6a69421f-e399-4db8-897a-d8ef21b5e0a7,707b6ccf-c9d9-4c1d-97f4-516b572b2f9d,1697663881295633333
6a69421f-e399-4db8-897a-d8ef21b5e0a7,707b6ccf-c9d9-4c1d-97f4-516b572b2f9d,1697663881329555555
6a69421f-e399-4db8-897a-d8ef21b5e0a7,707b6ccf-c9d9-4c1d-97f4-516b572b2f9d,1697663881364533333
6a69421f-e399-4db8-897a-d8ef21b5e0a7,707b6ccf-c9d9-4c1d-97f4-516b572b2f9d,1697663881395266666
6a69421f-e399-4db8-897a-d8ef21b5e0a7,707b6ccf-c9d9-4c1d-97f4-516b572b2f9d,1697663881430877777
6a69421f-e399-4db8-897a-d8ef21b5e0a7,707b6ccf-c9d9-4c1d-97f4-516b572b2f9d,1697663881467166666
6a69421f-e399-4db8-897a-d8ef21b5e0a7,707b6ccf-c9d9-4c1d-97f4-516b572b2f9d,1697663881495011111
6a69421f-e399-4db8-897a-d8ef21b5e0a7,707b6ccf-c9d9-4c1d-97f4-516b572b2f9d,1697663881530655555
6a69421f-e399-4db8-897a-d8ef21b5e0a7,707b6ccf-c9d9-4c1d-97f4-516b572b2f9d,1697663881572377777
6a69421f-e399-4db8-897a-d8ef21b5e0a7,707b6ccf-c9d9-4c1d-97f4-516b572b2f9d,1697663881587244444
6a69421f-e399-4db8-897a-d8ef21b5e0a7,707b6ccf-c9d9-4c1d-97f4-516b572b2f9d,1697663881623644444
6a69421f-e399-4db8-897a-d8ef21b5e0a7,707b6ccf-c9d9-4c1d-97f4-516b572b2f9d,1697663881656677777
6a69421f-e399-4db8-897a-d8ef21b5e0a7,707b6ccf-c9d9-4c1d-97f4-516b572b2f9d,1697663881701522222
6a69421f-e399-4db8-897a-d8ef21b5e0a7,707b6ccf-c9d9-4c1d-97f4-516b572b2f9d,1697663881721988888
6a69421f-e399-4db8-897a-d8ef21b5e0a7,707b6ccf-c9d9-4c1d-97f4-516b572b2f9d,1697663881762844444
6a69421f-e399-4db8-897a-d8ef21b5e0a7,707b6ccf-c9d9-4c1d-97f4-516b572b2f9d,1697663881793844444
6a69421f-e399-4db8-897a-d8ef21b5e0a7,707b6ccf-c9d9-4c1d-97f4-516b572b2f9d,1697663881830977777
6a69421f-e399-4db8-897a-d8ef21b5e0a7,707b6ccf-c9d9-4c1d-97f4-516b572b2f9d,1697663881862933333
6a69421f-e399-4db8-897a-d8ef21b5e0a7,707b6ccf-c9d9-4c1d-97f4-516b572b2f9d,1697663881894800000
6a69421f-e399-4db8-897a-d8ef21b5e0a7,707b6ccf-c9d9-4c1d-97f4-516b572b2f9d,1697663881926177777
6a69421f-e399-4db8-897a-d8ef21b5e0a7,707b6ccf-c9d9-4c1d-97f4-516b572b2f9d,1697663881967011111
6a69421f-e399-4db8-897a-d8ef21b5e0a7,707b6ccf-c9d9-4c1d-97f4-516b572b2f9d,1697663881996177777
6a69421f-e399-4db8-897a-d8ef21b5e0a7,707b6ccf-c9d9-4c1d-97f4-516b572b2f9d,1697663882026177777
6a69421f-e399-4db8-897a-d8ef21b5e0a7,707b6ccf-c9d9-4c1d-97f4-516b572b2f9d,1697663882063944444
6a69421f-e399-4db8-897a-d8ef21b5e0a7,707b6ccf-c9d9-4c1d-97f4-516b572b2f9d,1697663882097577777
6a69421f-e399-4db8-897a-d8ef21b5e0a7,707b6ccf-c9d9-4c1d-97f4-516b572b2f9d,1697663882126344444
6a69421f-e399-4db8-897a-d8ef21b5e0a7,707b6ccf-c9d9-4c1d-97f4-516b572b2f9d,1697663882162911111
6a69421f-e399-4db8-897a-d8ef21b5e0a7,707b6ccf-c9d9-4c1d-97f4-516b572b2f9d,1697663882194788888
6a69421f-e399-4db8-897a-d8ef21b5e0a7,707b6ccf-c9d9-4c1d-97f4-516b572b2f9d,1697663882246811111
6a69421f-e399-4db8-897a-d8ef21b5e0a7,707b6ccf-c9d9-4c1d-97f4-516b572b2f9d,1697663882264644444
6a69421f-e399-4db8-897a-d8ef21b5e0a7,707b6ccf-c9d9-4c1d-97f4-516b572b2f9d,1697663882288588888
6a69421f-e399-4db8-897a-d8ef21b5e0a7,707b6ccf-c9d9-4c1d-97f4-516b572b2f9d,1697663882324144444
6a69421f-e399-4db8-897a-d8ef21b5e0a7,707b6ccf-c9d9-4c1d-97f4-516b572b2f9d,1697663882355633333
6a69421f-e399-4db8-897a-d8ef21b5e0a7,707b6ccf-c9d9-4c1d-97f4-516b572b2f9d,1697663882393100000
6a69421f-e399-4db8-897a-d8ef21b5e0a7,707b6ccf-c9d9-4c1d-97f4-516b572b2f9d,1697663882426988888
6a69421f-e399-4db8-897a-d8ef21b5e0a7,707b6ccf-c9d9-4c1d-97f4-516b572b2f9d,1697663882469100000
6a69421f-e399-4db8-897a-d8ef21b5e0a7,707b6ccf-c9d9-4c1d-97f4-516b572b2f9d,1697663882495566666
6a69421f-e399-4db8-897a-d8ef21b5e0a7,707b6ccf-c9d9-4c1d-97f4-516b572b2f9d,1697663882527811111
6a69421f-e399-4db8-897a-d8ef21b5e0a7,707b6ccf-c9d9-4c1d-97f4-516b572b2f9d,1697663882565655555
6a69421f-e399-4db8-897a-d8ef21b5e0a7,707b6ccf-c9d9-4c1d-97f4-516b572b2f9d,1697663882594111111
6a69421f-e399-4db8-897a-d8ef21b5e0a7,707b6ccf-c9d9-4c1d-97f4-516b572b2f9d,1697663882627500000
6a69421f-e399-4db8-897a-d8ef21b5e0a7,707b6ccf-c9d9-4c1d-97f4-516b572b2f9d,1697663882667800000
6a69421f-e399-4db8-897a-d8ef21b5e0a7,707b6ccf-c9d9-4c1d-97f4-516b572b2f9d,1697663882694533333
6a69421f-e399-4db8-897a-d8ef21b5e0a7,707b6ccf-c9d9-4c1d-97f4-516b572b2f9d,1697663882724433333
6a69421f-e399-4db8-897a-d8ef21b5e0a7,707b6ccf-c9d9-4c1d-97f4-516b572b2f9d,1697663882767500000
6a69421f-e399-4db8-897a-d8ef21b5e0a7,707b6ccf-c9d9-4c1d-97f4-516b572b2f9d,1697663882796177777
6a69421f-e399-4db8-897a-d8ef21b5e0a7,707b6ccf-c9d9-4c1d-97f4-516b572b2f9d,1697663882826588888
6a69421f-e399-4db8-897a-d8ef21b5e0a7,707b6ccf-c9d9-4c1d-97f4-516b572b2f9d,1697663882863088888
6a69421f-e399-4db8-897a-d8ef21b5e0a7,707b6ccf-c9d9-4c1d-97f4-516b572b2f9d,1697663882909900000
6a69421f-e399-4db8-897a-d8ef21b5e0a7,707b6ccf-c9d9-4c1d-97f4-516b572b2f9d,1697663882922877777
6a69421f-e399-4db8-897a-d8ef21b5e0a7,707b6ccf-c9d9-4c1d-97f4-516b572b2f9d,1697663882958466666
6a69421f-e399-4db8-897a-d8ef21b5e0a7,707b6ccf-c9d9-4c1d-97f4-516b572b2f9d,1697663882985400000
6a69421f-e399-4db8-897a-d8ef21b5e0a7,707b6ccf-c9d9-4c1d-97f4-516b572b2f9d,1697663883019922222
6a69421f-e399-4db8-897a-d8ef21b5e0a7,707b6ccf-c9d9-4c1d-97f4-516b572b2f9d,1697663883052388888
6a69421f-e399-4db8-897a-d8ef21b5e0a7,707b6ccf-c9d9-4c1d-97f4-516b572b2f9d,1697663883097711111
6a69421f-e399-4db8-897a-d8ef21b5e0a7,707b6ccf-c9d9-4c1d-97f4-516b572b2f9d,1697663883129222222
6a69421f-e399-4db8-897a-d8ef21b5e0a7,707b6ccf-c9d9-4c1d-97f4-516b572b2f9d,1697663883166500000
6a69421f-e399-4db8-897a-d8ef21b5e0a7,707b6ccf-c9d9-4c1d-97f4-516b572b2f9d,1697663883195800000
6a69421f-e399-4db8-897a-d8ef21b5e0a7,707b6ccf-c9d9-4c1d-97f4-516b572b2f9d,1697663883224933333
6a69421f-e399-4db8-897a-d8ef21b5e0a7,707b6ccf-c9d9-4c1d-97f4-516b572b2f9d,1697663883263611111
6a69421f-e399-4db8-897a-d8ef21b5e0a7,707b6ccf-c9d9-4c1d-97f4-516b572b2f9d,1697663883294811111
6a69421f-e399-4db8-897a-d8ef21b5e0a7,707b6ccf-c9d9-4c1d-97f4-516b572b2f9d,1697663883329000000
6a69421f-e399-4db8-897a-d8ef21b5e0a7,707b6ccf-c9d9-4c1d-97f4-516b572b2f9d,1697663883366177777
6a69421f-e399-4db8-897a-d8ef21b5e0a7,707b6ccf-c9d9-4c1d-97f4-516b572b2f9d,1697663883395611111
6a69421f-e399-4db8-897a-d8ef21b5e0a7,707b6ccf-c9d9-4c1d-97f4-516b572b2f9d,1697663883424933333
6a69421f-e399-4db8-897a-d8ef21b5e0a7,707b6ccf-c9d9-4c1d-97f4-516b572b2f9d,1697663883468966666
6a69421f-e399-4db8-897a-d8ef21b5e0a7,707b6ccf-c9d9-4c1d-97f4-516b572b2f9d,1697663883496344444
6a69421f-e399-4db8-897a-d8ef21b5e0a7,707b6ccf-c9d9-4c1d-97f4-516b572b2f9d,1697663883530555555
6a69421f-e399-4db8-897a-d8ef21b5e0a7,707b6ccf-c9d9-4c1d-97f4-516b572b2f9d,1697663883572888888
6a69421f-e399-4db8-897a-d8ef21b5e0a7,707b6ccf-c9d9-4c1d-97f4-516b572b2f9d,1697663883588744444
6a69421f-e399-4db8-897a-d8ef21b5e0a7,707b6ccf-c9d9-4c1d-97f4-516b572b2f9d,1697663883618122222
6a69421f-e399-4db8-897a-d8ef21b5e0a7,707b6ccf-c9d9-4c1d-97f4-516b572b2f9d,1697663883656655555
6a69421f-e399-4db8-897a-d8ef21b5e0a7,707b6ccf-c9d9-4c1d-97f4-516b572b2f9d,1697663883699544444
6a69421f-e399-4db8-897a-d8ef21b5e0a7,707b6ccf-c9d9-4c1d-97f4-516b572b2f9d,1697663883720977777
6a69421f-e399-4db8-897a-d8ef21b5e0a7,707b6ccf-c9d9-4c1d-97f4-516b572b2f9d,1697663883755422222
6a69421f-e399-4db8-897a-d8ef21b5e0a7,707b6ccf-c9d9-4c1d-97f4-516b572b2f9d,1697663883800644444
6a69421f-e399-4db8-897a-d8ef21b5e0a7,707b6ccf-c9d9-4c1d-97f4-516b572b2f9d,1697663883829600000
6a69421f-e399-4db8-897a-d8ef21b5e0a7,707b6ccf-c9d9-4c1d-97f4-516b572b2f9d,1697663883864300000
6a69421f-e399-4db8-897a-d8ef21b5e0a7,707b6ccf-c9d9-4c1d-97f4-516b572b2f9d,1697663883894711111
6a69421f-e399-4db8-897a-d8ef21b5e0a7,707b6ccf-c9d9-4c1d-97f4-516b572b2f9d,1697663883926911111
6a69421f-e399-4db8-897a-d8ef21b5e0a7,707b6ccf-c9d9-4c1d-97f4-516b572b2f9d,1697663883966844444
6a69421f-e399-4db8-897a-d8ef21b5e0a7,707b6ccf-c9d9-4c1d-97f4-516b572b2f9d,1697663883994699999
6a69421f-e399-4db8-897a-d8ef21b5e0a7,707b6ccf-c9d9-4c1d-97f4-516b572b2f9d,1697663884025677777
6a69421f-e399-4db8-897a-d8ef21b5e0a7,707b6ccf-c9d9-4c1d-97f4-516b572b2f9d,1697663884068611111
6a69421f-e399-4db8-897a-d8ef21b5e0a7,707b6ccf-c9d9-4c1d-97f4-516b572b2f9d,1697663884096044444
6a69421f-e399-4db8-897a-d8ef21b5e0a7,707b6ccf-c9d9-4c1d-97f4-516b572b2f9d,1697663884124944444
6a69421f-e399-4db8-897a-d8ef21b5e0a7,707b6ccf-c9d9-4c1d-97f4-516b572b2f9d,1697663884162133333
6a69421f-e399-4db8-897a-d8ef21b5e0a7,707b6ccf-c9d9-4c1d-97f4-516b572b2f9d,1697663884196500000
6a69421f-e399-4db8-897a-d8ef21b5e0a7,707b6ccf-c9d9-4c1d-97f4-516b572b2f9d,1697663884240655555
6a69421f-e399-4db8-897a-d8ef21b5e0a7,707b6ccf-c9d9-4c1d-97f4-516b572b2f9d,1697663884255211111
6a69421f-e399-4db8-897a-d8ef21b5e0a7,707b6ccf-c9d9-4c1d-97f4-516b572b2f9d,1697663884293666666
6a69421f-e399-4db8-897a-d8ef21b5e0a7,707b6ccf-c9d9-4c1d-97f4-516b572b2f9d,1697663884330544444
6a69421f-e399-4db8-897a-d8ef21b5e0a7,707b6ccf-c9d9-4c1d-97f4-516b572b2f9d,1697663884360211111
6a69421f-e399-4db8-897a-d8ef21b5e0a7,707b6ccf-c9d9-4c1d-97f4-516b572b2f9d,1697663884396422222
6a69421f-e399-4db8-897a-d8ef21b5e0a7,707b6ccf-c9d9-4c1d-97f4-516b572b2f9d,1697663884428888888
6a69421f-e399-4db8-897a-d8ef21b5e0a7,707b6ccf-c9d9-4c1d-97f4-516b572b2f9d,1697663884464766666
6a69421f-e399-4db8-897a-d8ef21b5e0a7,707b6ccf-c9d9-4c1d-97f4-516b572b2f9d,1697663884495266666
6a69421f-e399-4db8-897a-d8ef21b5e0a7,707b6ccf-c9d9-4c1d-97f4-516b572b2f9d,1697663884526000000
6a69421f-e399-4db8-897a-d8ef21b5e0a7,707b6ccf-c9d9-4c1d-97f4-516b572b2f9d,1697663884560677777
6a69421f-e399-4db8-897a-d8ef21b5e0a7,707b6ccf-c9d9-4c1d-97f4-516b572b2f9d,1697663884594555555
6a69421f-e399-4db8-897a-d8ef21b5e0a7,707b6ccf-c9d9-4c1d-97f4-516b572b2f9d,1697663884625700000
6a69421f-e399-4db8-897a-d8ef21b5e0a7,707b6ccf-c9d9-4c1d-97f4-516b572b2f9d,1697663884664400000
6a69421f-e399-4db8-897a-d8ef21b5e0a7,707b6ccf-c9d9-4c1d-97f4-516b572b2f9d,1697663884697300000
6a69421f-e399-4db8-897a-d8ef21b5e0a7,707b6ccf-c9d9-4c1d-97f4-516b572b2f9d,1697663884727666666
6a69421f-e399-4db8-897a-d8ef21b5e0a7,707b6ccf-c9d9-4c1d-97f4-516b572b2f9d,1697663884767622222
6a69421f-e399-4db8-897a-d8ef21b5e0a7,707b6ccf-c9d9-4c1d-97f4-516b572b2f9d,1697663884796633333
6a69421f-e399-4db8-897a-d8ef21b5e0a7,707b6ccf-c9d9-4c1d-97f4-516b572b2f9d,1697663884825666666
6a69421f-e399-4db8-897a-d8ef21b5e0a7,707b6ccf-c9d9-4c1d-97f4-516b572b2f9d,1697663884865322222
6a69421f-e399-4db8-897a-d8ef21b5e0a7,707b6ccf-c9d9-4c1d-97f4-516b572b2f9d,1697663884892866666
6a69421f-e399-4db8-897a-d8ef21b5e0a7,707b6ccf-c9d9-4c1d-97f4-516b572b2f9d,1697663884919777777
6a69421f-e399-4db8-897a-d8ef21b5e0a7,707b6ccf-c9d9-4c1d-97f4-516b572b2f9d,1697663884956500000
6a69421f-e399-4db8-897a-d8ef21b5e0a7,707b6ccf-c9d9-4c1d-97f4-516b572b2f9d,1697663884997888888
6a69421f-e399-4db8-897a-d8ef21b5e0a7,707b6ccf-c9d9-4c1d-97f4-516b572b2f9d,1697663885022233333
6a69421f-e399-4db8-897a-d8ef21b5e0a7,707b6ccf-c9d9-4c1d-97f4-516b572b2f9d,1697663885061211111
6a69421f-e399-4db8-897a-d8ef21b5e0a7,707b6ccf-c9d9-4c1d-97f4-516b572b2f9d,1697663885094522222
6a69421f-e399-4db8-897a-d8ef21b5e0a7,707b6ccf-c9d9-4c1d-97f4-516b572b2f9d,1697663885128122222
6a69421f-e399-4db8-897a-d8ef21b5e0a7,707b6ccf-c9d9-4c1d-97f4-516b572b2f9d,1697663885162100000
6a69421f-e399-4db8-897a-d8ef21b5e0a7,707b6ccf-c9d9-4c1d-97f4-516b572b2f9d,1697663885194255555
6a69421f-e399-4db8-897a-d8ef21b5e0a7,707b6ccf-c9d9-4c1d-97f4-516b572b2f9d,1697663885229244444
6a69421f-e399-4db8-897a-d8ef21b5e0a7,707b6ccf-c9d9-4c1d-97f4-516b572b2f9d,1697663885258244444
6a69421f-e399-4db8-897a-d8ef21b5e0a7,707b6ccf-c9d9-4c1d-97f4-516b572b2f9d,1697663885298099999
6a69421f-e399-4db8-897a-d8ef21b5e0a7,707b6ccf-c9d9-4c1d-97f4-516b572b2f9d,1697663885329155555
6a69421f-e399-4db8-897a-d8ef21b5e0a7,707b6ccf-c9d9-4c1d-97f4-516b572b2f9d,1697663885358811111
6a69421f-e399-4db8-897a-d8ef21b5e0a7,707b6ccf-c9d9-4c1d-97f4-516b572b2f9d,1697663885394788888
6a69421f-e399-4db8-897a-d8ef21b5e0a7,707b6ccf-c9d9-4c1d-97f4-516b572b2f9d,1697663885427466666
6a69421f-e399-4db8-897a-d8ef21b5e0a7,707b6ccf-c9d9-4c1d-97f4-516b572b2f9d,1697663885460066666
6a69421f-e399-4db8-897a-d8ef21b5e0a7,707b6ccf-c9d9-4c1d-97f4-516b572b2f9d,1697663885498744444
6a69421f-e399-4db8-897a-d8ef21b5e0a7,707b6ccf-c9d9-4c1d-97f4-516b572b2f9d,1697663885529133333
6a69421f-e399-4db8-897a-d8ef21b5e0a7,707b6ccf-c9d9-4c1d-97f4-516b572b2f9d,1697663885565000000
6a69421f-e399-4db8-897a-d8ef21b5e0a7,707b6ccf-c9d9-4c1d-97f4-516b572b2f9d,1697663885589266666
6a69421f-e399-4db8-897a-d8ef21b5e0a7,707b6ccf-c9d9-4c1d-97f4-516b572b2f9d,1697663885617911111
6a69421f-e399-4db8-897a-d8ef21b5e0a7,707b6ccf-c9d9-4c1d-97f4-516b572b2f9d,1697663885655566666
6a69421f-e399-4db8-897a-d8ef21b5e0a7,707b6ccf-c9d9-4c1d-97f4-516b572b2f9d,1697663885692366666
6a69421f-e399-4db8-897a-d8ef21b5e0a7,707b6ccf-c9d9-4c1d-97f4-516b572b2f9d,1697663885728744444
6a69421f-e399-4db8-897a-d8ef21b5e0a7,707b6ccf-c9d9-4c1d-97f4-516b572b2f9d,1697663885760922222
6a69421f-e399-4db8-897a-d8ef21b5e0a7,707b6ccf-c9d9-4c1d-97f4-516b572b2f9d,1697663885790711111
6a69421f-e399-4db8-897a-d8ef21b5e0a7,707b6ccf-c9d9-4c1d-97f4-516b572b2f9d,1697663885830122222
6a69421f-e399-4db8-897a-d8ef21b5e0a7,707b6ccf-c9d9-4c1d-97f4-516b572b2f9d,1697663885859188888
6a69421f-e399-4db8-897a-d8ef21b5e0a7,707b6ccf-c9d9-4c1d-97f4-516b572b2f9d,1697663885896777777
6a69421f-e399-4db8-897a-d8ef21b5e0a7,707b6ccf-c9d9-4c1d-97f4-516b572b2f9d,1697663885929455555
6a69421f-e399-4db8-897a-d8ef21b5e0a7,707b6ccf-c9d9-4c1d-97f4-516b572b2f9d,1697663885961944444
6a69421f-e399-4db8-897a-d8ef21b5e0a7,707b6ccf-c9d9-4c1d-97f4-516b572b2f9d,1697663885996144444
6a69421f-e399-4db8-897a-d8ef21b5e0a7,707b6ccf-c9d9-4c1d-97f4-516b572b2f9d,1697663886028733333
6a69421f-e399-4db8-897a-d8ef21b5e0a7,707b6ccf-c9d9-4c1d-97f4-516b572b2f9d,1697663886059566666
6a69421f-e399-4db8-897a-d8ef21b5e0a7,707b6ccf-c9d9-4c1d-97f4-516b572b2f9d,1697663886099388888
6a69421f-e399-4db8-897a-d8ef21b5e0a7,707b6ccf-c9d9-4c1d-97f4-516b572b2f9d,1697663886128699999
6a69421f-e399-4db8-897a-d8ef21b5e0a7,707b6ccf-c9d9-4c1d-97f4-516b572b2f9d,1697663886158966666
6a69421f-e399-4db8-897a-d8ef21b5e0a7,707b6ccf-c9d9-4c1d-97f4-516b572b2f9d,1697663886199277777
6a69421f-e399-4db8-897a-d8ef21b5e0a7,707b6ccf-c9d9-4c1d-97f4-516b572b2f9d,1697663886219777777
6a69421f-e399-4db8-897a-d8ef21b5e0a7,707b6ccf-c9d9-4c1d-97f4-516b572b2f9d,1697663886255366666
6a69421f-e399-4db8-897a-d8ef21b5e0a7,707b6ccf-c9d9-4c1d-97f4-516b572b2f9d,1697663886287822222
6a69421f-e399-4db8-897a-d8ef21b5e0a7,707b6ccf-c9d9-4c1d-97f4-516b572b2f9d,1697663886323644444
6a69421f-e399-4db8-897a-d8ef21b5e0a7,707b6ccf-c9d9-4c1d-97f4-516b572b2f9d,1697663886351933333
6a69421f-e399-4db8-897a-d8ef21b5e0a7,707b6ccf-c9d9-4c1d-97f4-516b572b2f9d,1697663886397811111
6a69421f-e399-4db8-897a-d8ef21b5e0a7,707b6ccf-c9d9-4c1d-97f4-516b572b2f9d,1697663886430422222
6a69421f-e399-4db8-897a-d8ef21b5e0a7,707b6ccf-c9d9-4c1d-97f4-516b572b2f9d,1697663886459722222
6a69421f-e399-4db8-897a-d8ef21b5e0a7,707b6ccf-c9d9-4c1d-97f4-516b572b2f9d,1697663886495233333
6a69421f-e399-4db8-897a-d8ef21b5e0a7,707b6ccf-c9d9-4c1d-97f4-516b572b2f9d,1697663886528588888
6a69421f-e399-4db8-897a-d8ef21b5e0a7,707b6ccf-c9d9-4c1d-97f4-516b572b2f9d,1697663886559477777
6a69421f-e399-4db8-897a-d8ef21b5e0a7,707b6ccf-c9d9-4c1d-97f4-516b572b2f9d,1697663886594733333
6a69421f-e399-4db8-897a-d8ef21b5e0a7,707b6ccf-c9d9-4c1d-97f4-516b572b2f9d,1697663886626677777
6a69421f-e399-4db8-897a-d8ef21b5e0a7,707b6ccf-c9d9-4c1d-97f4-516b572b2f9d,1697663886657977777
6a69421f-e399-4db8-897a-d8ef21b5e0a7,707b6ccf-c9d9-4c1d-97f4-516b572b2f9d,1697663886696088888
6a69421f-e399-4db8-897a-d8ef21b5e0a7,707b6ccf-c9d9-4c1d-97f4-516b572b2f9d,1697663886726155555
6a69421f-e399-4db8-897a-d8ef21b5e0a7,707b6ccf-c9d9-4c1d-97f4-516b572b2f9d,1697663886758466666
6a69421f-e399-4db8-897a-d8ef21b5e0a7,707b6ccf-c9d9-4c1d-97f4-516b572b2f9d,1697663886798211111
6a69421f-e399-4db8-897a-d8ef21b5e0a7,707b6ccf-c9d9-4c1d-97f4-516b572b2f9d,1697663886827122222
6a69421f-e399-4db8-897a-d8ef21b5e0a7,707b6ccf-c9d9-4c1d-97f4-516b572b2f9d,1697663886860044444
6a69421f-e399-4db8-897a-d8ef21b5e0a7,707b6ccf-c9d9-4c1d-97f4-516b572b2f9d,1697663886901877777
6a69421f-e399-4db8-897a-d8ef21b5e0a7,707b6ccf-c9d9-4c1d-97f4-516b572b2f9d,1697663886920911111
6a69421f-e399-4db8-897a-d8ef21b5e0a7,707b6ccf-c9d9-4c1d-97f4-516b572b2f9d,1697663886951244444
6a69421f-e399-4db8-897a-d8ef21b5e0a7,707b6ccf-c9d9-4c1d-97f4-516b572b2f9d,1697663886988422222
6a69421f-e399-4db8-897a-d8ef21b5e0a7,707b6ccf-c9d9-4c1d-97f4-516b572b2f9d,1697663887032988888
6a69421f-e399-4db8-897a-d8ef21b5e0a7,707b6ccf-c9d9-4c1d-97f4-516b572b2f9d,1697663887060588888
6a69421f-e399-4db8-897a-d8ef21b5e0a7,707b6ccf-c9d9-4c1d-97f4-516b572b2f9d,1697663887091055555
6a69421f-e399-4db8-897a-d8ef21b5e0a7,707b6ccf-c9d9-4c1d-97f4-516b572b2f9d,1697663887129133333
6a69421f-e399-4db8-897a-d8ef21b5e0a7,707b6ccf-c9d9-4c1d-97f4-516b572b2f9d,1697663887160344444
6a69421f-e399-4db8-897a-d8ef21b5e0a7,707b6ccf-c9d9-4c1d-97f4-516b572b2f9d,1697663887196911111
6a69421f-e399-4db8-897a-d8ef21b5e0a7,707b6ccf-c9d9-4c1d-97f4-516b572b2f9d,1697663887228911111
6a69421f-e399-4db8-897a-d8ef21b5e0a7,707b6ccf-c9d9-4c1d-97f4-516b572b2f9d,1697663887258844444
6a69421f-e399-4db8-897a-d8ef21b5e0a7,707b6ccf-c9d9-4c1d-97f4-516b572b2f9d,1697663887295077777
6a69421f-e399-4db8-897a-d8ef21b5e0a7,707b6ccf-c9d9-4c1d-97f4-516b572b2f9d,1697663887326100000
6a69421f-e399-4db8-897a-d8ef21b5e0a7,707b6ccf-c9d9-4c1d-97f4-516b572b2f9d,1697663887358433333
6a69421f-e399-4db8-897a-d8ef21b5e0a7,707b6ccf-c9d9-4c1d-97f4-516b572b2f9d,1697663887398711111
6a69421f-e399-4db8-897a-d8ef21b5e0a7,707b6ccf-c9d9-4c1d-97f4-516b572b2f9d,1697663887432000000
6a69421f-e399-4db8-897a-d8ef21b5e0a7,707b6ccf-c9d9-4c1d-97f4-516b572b2f9d,1697663887461277777
6a69421f-e399-4db8-897a-d8ef21b5e0a7,707b6ccf-c9d9-4c1d-97f4-516b572b2f9d,1697663887494644444
6a69421f-e399-4db8-897a-d8ef21b5e0a7,707b6ccf-c9d9-4c1d-97f4-516b572b2f9d,1697663887521633333
6a69421f-e399-4db8-897a-d8ef21b5e0a7,707b6ccf-c9d9-4c1d-97f4-516b572b2f9d,1697663887564644444
6a69421f-e399-4db8-897a-d8ef21b5e0a7,707b6ccf-c9d9-4c1d-97f4-516b572b2f9d,1697663887586911111
6a69421f-e399-4db8-897a-d8ef21b5e0a7,707b6ccf-c9d9-4c1d-97f4-516b572b2f9d,1697663887625177777
6a69421f-e399-4db8-897a-d8ef21b5e0a7,707b6ccf-c9d9-4c1d-97f4-516b572b2f9d,1697663887656488888
6a69421f-e399-4db8-897a-d8ef21b5e0a7,707b6ccf-c9d9-4c1d-97f4-516b572b2f9d,1697663887690688888
6a69421f-e399-4db8-897a-d8ef21b5e0a7,707b6ccf-c9d9-4c1d-97f4-516b572b2f9d,1697663887728588888
6a69421f-e399-4db8-897a-d8ef21b5e0a7,707b6ccf-c9d9-4c1d-97f4-516b572b2f9d,1697663887759455555
6a69421f-e399-4db8-897a-d8ef21b5e0a7,707b6ccf-c9d9-4c1d-97f4-516b572b2f9d,1697663887795255555
6a69421f-e399-4db8-897a-d8ef21b5e0a7,707b6ccf-c9d9-4c1d-97f4-516b572b2f9d,1697663887826844444
6a69421f-e399-4db8-897a-d8ef21b5e0a7,707b6ccf-c9d9-4c1d-97f4-516b572b2f9d,1697663887858555555
6a69421f-e399-4db8-897a-d8ef21b5e0a7,707b6ccf-c9d9-4c1d-97f4-516b572b2f9d,1697663887896566666
6a69421f-e399-4db8-897a-d8ef21b5e0a7,707b6ccf-c9d9-4c1d-97f4-516b572b2f9d,1697663887926766666
6a69421f-e399-4db8-897a-d8ef21b5e0a7,707b6ccf-c9d9-4c1d-97f4-516b572b2f9d,1697663887957733333
6a69421f-e399-4db8-897a-d8ef21b5e0a7,707b6ccf-c9d9-4c1d-97f4-516b572b2f9d,1697663887997188888
6a69421f-e399-4db8-897a-d8ef21b5e0a7,707b6ccf-c9d9-4c1d-97f4-516b572b2f9d,1697663888030066666
6a69421f-e399-4db8-897a-d8ef21b5e0a7,707b6ccf-c9d9-4c1d-97f4-516b572b2f9d,1697663888061211111
6a69421f-e399-4db8-897a-d8ef21b5e0a7,707b6ccf-c9d9-4c1d-97f4-516b572b2f9d,1697663888096388888
6a69421f-e399-4db8-897a-d8ef21b5e0a7,707b6ccf-c9d9-4c1d-97f4-516b572b2f9d,1697663888129411111
6a69421f-e399-4db8-897a-d8ef21b5e0a7,707b6ccf-c9d9-4c1d-97f4-516b572b2f9d,1697663888158288888
6a69421f-e399-4db8-897a-d8ef21b5e0a7,707b6ccf-c9d9-4c1d-97f4-516b572b2f9d,1697663888196166666
6a69421f-e399-4db8-897a-d8ef21b5e0a7,707b6ccf-c9d9-4c1d-97f4-516b572b2f9d,1697663888223933333
6a69421f-e399-4db8-897a-d8ef21b5e0a7,707b6ccf-c9d9-4c1d-97f4-516b572b2f9d,1697663888261177777
6a69421f-e399-4db8-897a-d8ef21b5e0a7,707b6ccf-c9d9-4c1d-97f4-516b572b2f9d,1697663888290577777
6a69421f-e399-4db8-897a-d8ef21b5e0a7,707b6ccf-c9d9-4c1d-97f4-516b572b2f9d,1697663888319811111
6a69421f-e399-4db8-897a-d8ef21b5e0a7,707b6ccf-c9d9-4c1d-97f4-516b572b2f9d,1697663888351988888
6a69421f-e399-4db8-897a-d8ef21b5e0a7,707b6ccf-c9d9-4c1d-97f4-516b572b2f9d,1697663888392188888
6a69421f-e399-4db8-897a-d8ef21b5e0a7,707b6ccf-c9d9-4c1d-97f4-516b572b2f9d,1697663888429677777
6a69421f-e399-4db8-897a-d8ef21b5e0a7,707b6ccf-c9d9-4c1d-97f4-516b572b2f9d,1697663888463466666
6a69421f-e399-4db8-897a-d8ef21b5e0a7,707b6ccf-c9d9-4c1d-97f4-516b572b2f9d,1697663888491477777
6a69421f-e399-4db8-897a-d8ef21b5e0a7,707b6ccf-c9d9-4c1d-97f4-516b572b2f9d,1697663888530088888
6a69421f-e399-4db8-897a-d8ef21b5e0a7,707b6ccf-c9d9-4c1d-97f4-516b572b2f9d,1697663888559622222
6a69421f-e399-4db8-897a-d8ef21b5e0a7,707b6ccf-c9d9-4c1d-97f4-516b572b2f9d,1697663888590244444
6a69421f-e399-4db8-897a-d8ef21b5e0a7,707b6ccf-c9d9-4c1d-97f4-516b572b2f9d,1697663888632722222
6a69421f-e399-4db8-897a-d8ef21b5e0a7,707b6ccf-c9d9-4c1d-97f4-516b572b2f9d,1697663888661277777
6a69421f-e399-4db8-897a-d8ef21b5e0a7,707b6ccf-c9d9-4c1d-97f4-516b572b2f9d,1697663888693022222
6a69421f-e399-4db8-897a-d8ef21b5e0a7,707b6ccf-c9d9-4c1d-97f4-516b572b2f9d,1697663888729111111
6a69421f-e399-4db8-897a-d8ef21b5e0a7,707b6ccf-c9d9-4c1d-97f4-516b572b2f9d,1697663888759044444
6a69421f-e399-4db8-897a-d8ef21b5e0a7,707b6ccf-c9d9-4c1d-97f4-516b572b2f9d,1697663888791122222
6a69421f-e399-4db8-897a-d8ef21b5e0a7,707b6ccf-c9d9-4c1d-97f4-516b572b2f9d,1697663888830755555
6a69421f-e399-4db8-897a-d8ef21b5e0a7,707b6ccf-c9d9-4c1d-97f4-516b572b2f9d,1697663888861311111
6a69421f-e399-4db8-897a-d8ef21b5e0a7,707b6ccf-c9d9-4c1d-97f4-516b572b2f9d,1697663888883066666
6a69421f-e399-4db8-897a-d8ef21b5e0a7,707b6ccf-c9d9-4c1d-97f4-516b572b2f9d,1697663888930000000
6a69421f-e399-4db8-897a-d8ef21b5e0a7,707b6ccf-c9d9-4c1d-97f4-516b572b2f9d,1697663888950088888
6a69421f-e399-4db8-897a-d8ef21b5e0a7,707b6ccf-c9d9-4c1d-97f4-516b572b2f9d,1697663889000088888
6a69421f-e399-4db8-897a-d8ef21b5e0a7,707b6ccf-c9d9-4c1d-97f4-516b572b2f9d,1697663889023355555
6a69421f-e399-4db8-897a-d8ef21b5e0a7,707b6ccf-c9d9-4c1d-97f4-516b572b2f9d,1697663889061411111
6a69421f-e399-4db8-897a-d8ef21b5e0a7,707b6ccf-c9d9-4c1d-97f4-516b572b2f9d,1697663889088844444
6a69421f-e399-4db8-897a-d8ef21b5e0a7,707b6ccf-c9d9-4c1d-97f4-516b572b2f9d,1697663889129222222
6a69421f-e399-4db8-897a-d8ef21b5e0a7,707b6ccf-c9d9-4c1d-97f4-516b572b2f9d,1697663889169077777
6a69421f-e399-4db8-897a-d8ef21b5e0a7,707b6ccf-c9d9-4c1d-97f4-516b572b2f9d,1697663889183300000
6a69421f-e399-4db8-897a-d8ef21b5e0a7,707b6ccf-c9d9-4c1d-97f4-516b572b2f9d,1697663889226555555
6a69421f-e399-4db8-897a-d8ef21b5e0a7,707b6ccf-c9d9-4c1d-97f4-516b572b2f9d,1697663889258555555
6a69421f-e399-4db8-897a-d8ef21b5e0a7,707b6ccf-c9d9-4c1d-97f4-516b572b2f9d,1697663889292155555
6a69421f-e399-4db8-897a-d8ef21b5e0a7,707b6ccf-c9d9-4c1d-97f4-516b572b2f9d,1697663889328511111
6a69421f-e399-4db8-897a-d8ef21b5e0a7,707b6ccf-c9d9-4c1d-97f4-516b572b2f9d,1697663889358822222
6a69421f-e399-4db8-897a-d8ef21b5e0a7,707b6ccf-c9d9-4c1d-97f4-516b572b2f9d,1697663889392888888
6a69421f-e399-4db8-897a-d8ef21b5e0a7,707b6ccf-c9d9-4c1d-97f4-516b572b2f9d,1697663889426466666
6a69421f-e399-4db8-897a-d8ef21b5e0a7,707b6ccf-c9d9-4c1d-97f4-516b572b2f9d,1697663889458422222
6a69421f-e399-4db8-897a-d8ef21b5e0a7,707b6ccf-c9d9-4c1d-97f4-516b572b2f9d,1697663889492933333
6a69421f-e399-4db8-897a-d8ef21b5e0a7,707b6ccf-c9d9-4c1d-97f4-516b572b2f9d,1697663889526266666
6a69421f-e399-4db8-897a-d8ef21b5e0a7,707b6ccf-c9d9-4c1d-97f4-516b572b2f9d,1697663889577011111
6a69421f-e399-4db8-897a-d8ef21b5e0a7,707b6ccf-c9d9-4c1d-97f4-516b572b2f9d,1697663889589933333
6a69421f-e399-4db8-897a-d8ef21b5e0a7,707b6ccf-c9d9-4c1d-97f4-516b572b2f9d,1697663889618600000
6a69421f-e399-4db8-897a-d8ef21b5e0a7,707b6ccf-c9d9-4c1d-97f4-516b572b2f9d,1697663889648755555
6a69421f-e399-4db8-897a-d8ef21b5e0a7,707b6ccf-c9d9-4c1d-97f4-516b572b2f9d,1697663889687655555
6a69421f-e399-4db8-897a-d8ef21b5e0a7,707b6ccf-c9d9-4c1d-97f4-516b572b2f9d,1697663889729377777
6a69421f-e399-4db8-897a-d8ef21b5e0a7,707b6ccf-c9d9-4c1d-97f4-516b572b2f9d,1697663889761033333
6a69421f-e399-4db8-897a-d8ef21b5e0a7,707b6ccf-c9d9-4c1d-97f4-516b572b2f9d,1697663889783266666
6a69421f-e399-4db8-897a-d8ef21b5e0a7,707b6ccf-c9d9-4c1d-97f4-516b572b2f9d,1697663889828644444
6a69421f-e399-4db8-897a-d8ef21b5e0a7,707b6ccf-c9d9-4c1d-97f4-516b572b2f9d,1697663889861588888
6a69421f-e399-4db8-897a-d8ef21b5e0a7,707b6ccf-c9d9-4c1d-97f4-516b572b2f9d,1697663889890377777
6a69421f-e399-4db8-897a-d8ef21b5e0a7,707b6ccf-c9d9-4c1d-97f4-516b572b2f9d,1697663889929133333
6a69421f-e399-4db8-897a-d8ef21b5e0a7,707b6ccf-c9d9-4c1d-97f4-516b572b2f9d,1697663889965244444
6a69421f-e399-4db8-897a-d8ef21b5e0a7,707b6ccf-c9d9-4c1d-97f4-516b572b2f9d,1697663889994777777
6a69421f-e399-4db8-897a-d8ef21b5e0a7,707b6ccf-c9d9-4c1d-97f4-516b572b2f9d,1697663890029622222
6a69421f-e399-4db8-897a-d8ef21b5e0a7,707b6ccf-c9d9-4c1d-97f4-516b572b2f9d,1697663890062244444
6a69421f-e399-4db8-897a-d8ef21b5e0a7,707b6ccf-c9d9-4c1d-97f4-516b572b2f9d,1697663890084244444
6a69421f-e399-4db8-897a-d8ef21b5e0a7,707b6ccf-c9d9-4c1d-97f4-516b572b2f9d,1697663890132911111
6a69421f-e399-4db8-897a-d8ef21b5e0a7,707b6ccf-c9d9-4c1d-97f4-516b572b2f9d,1697663890161088888
6a69421f-e399-4db8-897a-d8ef21b5e0a7,707b6ccf-c9d9-4c1d-97f4-516b572b2f9d,1697663890199544444
6a69421f-e399-4db8-897a-d8ef21b5e0a7,707b6ccf-c9d9-4c1d-97f4-516b572b2f9d,1697663890220155555
6a69421f-e399-4db8-897a-d8ef21b5e0a7,707b6ccf-c9d9-4c1d-97f4-516b572b2f9d,1697663890251822222
6a69421f-e399-4db8-897a-d8ef21b5e0a7,707b6ccf-c9d9-4c1d-97f4-516b572b2f9d,1697663890283477777
6a69421f-e399-4db8-897a-d8ef21b5e0a7,707b6ccf-c9d9-4c1d-97f4-516b572b2f9d,1697663890330844444
6a69421f-e399-4db8-897a-d8ef21b5e0a7,707b6ccf-c9d9-4c1d-97f4-516b572b2f9d,1697663890362011111
6a69421f-e399-4db8-897a-d8ef21b5e0a7,707b6ccf-c9d9-4c1d-97f4-516b572b2f9d,1697663890381822222
6a69421f-e399-4db8-897a-d8ef21b5e0a7,707b6ccf-c9d9-4c1d-97f4-516b572b2f9d,1697663890427388888
6a69421f-e399-4db8-897a-d8ef21b5e0a7,707b6ccf-c9d9-4c1d-97f4-516b572b2f9d,1697663890458344444
6a69421f-e399-4db8-897a-d8ef21b5e0a7,707b6ccf-c9d9-4c1d-97f4-516b572b2f9d,1697663890489144444
6a69421f-e399-4db8-897a-d8ef21b5e0a7,707b6ccf-c9d9-4c1d-97f4-516b572b2f9d,1697663890526966666
6a69421f-e399-4db8-897a-d8ef21b5e0a7,707b6ccf-c9d9-4c1d-97f4-516b572b2f9d,1697663890568888888
6a69421f-e399-4db8-897a-d8ef21b5e0a7,707b6ccf-c9d9-4c1d-97f4-516b572b2f9d,1697663890592755555
6a69421f-e399-4db8-897a-d8ef21b5e0a7,707b6ccf-c9d9-4c1d-97f4-516b572b2f9d,1697663890627966666
6a69421f-e399-4db8-897a-d8ef21b5e0a7,707b6ccf-c9d9-4c1d-97f4-516b572b2f9d,1697663890658011111
6a69421f-e399-4db8-897a-d8ef21b5e0a7,707b6ccf-c9d9-4c1d-97f4-516b572b2f9d,1697663890691244444
6a69421f-e399-4db8-897a-d8ef21b5e0a7,707b6ccf-c9d9-4c1d-97f4-516b572b2f9d,1697663890727366666
6a69421f-e399-4db8-897a-d8ef21b5e0a7,707b6ccf-c9d9-4c1d-97f4-516b572b2f9d,1697663890760177777
6a69421f-e399-4db8-897a-d8ef21b5e0a7,707b6ccf-c9d9-4c1d-97f4-516b572b2f9d,1697663890789888888
6a69421f-e399-4db8-897a-d8ef21b5e0a7,707b6ccf-c9d9-4c1d-97f4-516b572b2f9d,1697663890826988888
6a69421f-e399-4db8-897a-d8ef21b5e0a7,707b6ccf-c9d9-4c1d-97f4-516b572b2f9d,1697663890862755555
6a69421f-e399-4db8-897a-d8ef21b5e0a7,707b6ccf-c9d9-4c1d-97f4-516b572b2f9d,1697663890883066666
6a69421f-e399-4db8-897a-d8ef21b5e0a7,707b6ccf-c9d9-4c1d-97f4-516b572b2f9d,1697663890919211111
6a69421f-e399-4db8-897a-d8ef21b5e0a7,707b6ccf-c9d9-4c1d-97f4-516b572b2f9d,1697663890954377777
6a69421f-e399-4db8-897a-d8ef21b5e0a7,707b6ccf-c9d9-4c1d-97f4-516b572b2f9d,1697663890990033333
6a69421f-e399-4db8-897a-d8ef21b5e0a7,707b6ccf-c9d9-4c1d-97f4-516b572b2f9d,1697663891027344444
6a69421f-e399-4db8-897a-d8ef21b5e0a7,707b6ccf-c9d9-4c1d-97f4-516b572b2f9d,1697663891061711111
6a69421f-e399-4db8-897a-d8ef21b5e0a7,707b6ccf-c9d9-4c1d-97f4-516b572b2f9d,1697663891092955555
6a69421f-e399-4db8-897a-d8ef21b5e0a7,707b6ccf-c9d9-4c1d-97f4-516b572b2f9d,1697663891130588888
6a69421f-e399-4db8-897a-d8ef21b5e0a7,707b6ccf-c9d9-4c1d-97f4-516b572b2f9d,1697663891160811111
6a69421f-e399-4db8-897a-d8ef21b5e0a7,707b6ccf-c9d9-4c1d-97f4-516b572b2f9d,1697663891190811111
6a69421f-e399-4db8-897a-d8ef21b5e0a7,707b6ccf-c9d9-4c1d-97f4-516b572b2f9d,1697663891226322222
6a69421f-e399-4db8-897a-d8ef21b5e0a7,707b6ccf-c9d9-4c1d-97f4-516b572b2f9d,1697663891261022222
6a69421f-e399-4db8-897a-d8ef21b5e0a7,707b6ccf-c9d9-4c1d-97f4-516b572b2f9d,1697663891289888888
6a69421f-e399-4db8-897a-d8ef21b5e0a7,707b6ccf-c9d9-4c1d-97f4-516b572b2f9d,1697663891337788888
6a69421f-e399-4db8-897a-d8ef21b5e0a7,707b6ccf-c9d9-4c1d-97f4-516b572b2f9d,1697663891361722222
6a69421f-e399-4db8-897a-d8ef21b5e0a7,707b6ccf-c9d9-4c1d-97f4-516b572b2f9d,1697663891383822222
6a69421f-e399-4db8-897a-d8ef21b5e0a7,707b6ccf-c9d9-4c1d-97f4-516b572b2f9d,1697663891430200000
6a69421f-e399-4db8-897a-d8ef21b5e0a7,707b6ccf-c9d9-4c1d-97f4-516b572b2f9d,1697663891457433333
6a69421f-e399-4db8-897a-d8ef21b5e0a7,707b6ccf-c9d9-4c1d-97f4-516b572b2f9d,1697663891490144444
6a69421f-e399-4db8-897a-d8ef21b5e0a7,707b6ccf-c9d9-4c1d-97f4-516b572b2f9d,1697663891529055555
6a69421f-e399-4db8-897a-d8ef21b5e0a7,707b6ccf-c9d9-4c1d-97f4-516b572b2f9d,1697663891555588888
6a69421f-e399-4db8-897a-d8ef21b5e0a7,707b6ccf-c9d9-4c1d-97f4-516b572b2f9d,1697663891581199999
6a69421f-e399-4db8-897a-d8ef21b5e0a7,707b6ccf-c9d9-4c1d-97f4-516b572b2f9d,1697663891612933333
6a69421f-e399-4db8-897a-d8ef21b5e0a7,707b6ccf-c9d9-4c1d-97f4-516b572b2f9d,1697663891650066666
6a69421f-e399-4db8-897a-d8ef21b5e0a7,707b6ccf-c9d9-4c1d-97f4-516b572b2f9d,1697663891688466666
6a69421f-e399-4db8-897a-d8ef21b5e0a7,707b6ccf-c9d9-4c1d-97f4-516b572b2f9d,1697663891723466666
6a69421f-e399-4db8-897a-d8ef21b5e0a7,707b6ccf-c9d9-4c1d-97f4-516b572b2f9d,1697663891761522222
6a69421f-e399-4db8-897a-d8ef21b5e0a7,707b6ccf-c9d9-4c1d-97f4-516b572b2f9d,1697663891787777777
6a69421f-e399-4db8-897a-d8ef21b5e0a7,707b6ccf-c9d9-4c1d-97f4-516b572b2f9d,1697663891822400000
6a69421f-e399-4db8-897a-d8ef21b5e0a7,707b6ccf-c9d9-4c1d-97f4-516b572b2f9d,1697663891871388888
6a69421f-e399-4db8-897a-d8ef21b5e0a7,707b6ccf-c9d9-4c1d-97f4-516b572b2f9d,1697663891891466666
6a69421f-e399-4db8-897a-d8ef21b5e0a7,707b6ccf-c9d9-4c1d-97f4-516b572b2f9d,1697663891924033333
6a69421f-e399-4db8-897a-d8ef21b5e0a7,707b6ccf-c9d9-4c1d-97f4-516b572b2f9d,1697663891959388888
6a69421f-e399-4db8-897a-d8ef21b5e0a7,707b6ccf-c9d9-4c1d-97f4-516b572b2f9d,1697663891991188888
6a69421f-e399-4db8-897a-d8ef21b5e0a7,707b6ccf-c9d9-4c1d-97f4-516b572b2f9d,1697663892030488888
6a69421f-e399-4db8-897a-d8ef21b5e0a7,707b6ccf-c9d9-4c1d-97f4-516b572b2f9d,1697663892059677777
6a69421f-e399-4db8-897a-d8ef21b5e0a7,707b6ccf-c9d9-4c1d-97f4-516b572b2f9d,1697663892092311111
6a69421f-e399-4db8-897a-d8ef21b5e0a7,707b6ccf-c9d9-4c1d-97f4-516b572b2f9d,1697663892121866666
6a69421f-e399-4db8-897a-d8ef21b5e0a7,707b6ccf-c9d9-4c1d-97f4-516b572b2f9d,1697663892162344444
6a69421f-e399-4db8-897a-d8ef21b5e0a7,707b6ccf-c9d9-4c1d-97f4-516b572b2f9d,1697663892190077777
6a69421f-e399-4db8-897a-d8ef21b5e0a7,707b6ccf-c9d9-4c1d-97f4-516b572b2f9d,1697663892228122222
6a69421f-e399-4db8-897a-d8ef21b5e0a7,707b6ccf-c9d9-4c1d-97f4-516b572b2f9d,1697663892251399999
6a69421f-e399-4db8-897a-d8ef21b5e0a7,707b6ccf-c9d9-4c1d-97f4-516b572b2f9d,1697663892281688888
6a69421f-e399-4db8-897a-d8ef21b5e0a7,707b6ccf-c9d9-4c1d-97f4-516b572b2f9d,1697663892318755555
6a69421f-e399-4db8-897a-d8ef21b5e0a7,707b6ccf-c9d9-4c1d-97f4-516b572b2f9d,1697663892351499999
6a69421f-e399-4db8-897a-d8ef21b5e0a7,707b6ccf-c9d9-4c1d-97f4-516b572b2f9d,1697663892392111111
6a69421f-e399-4db8-897a-d8ef21b5e0a7,707b6ccf-c9d9-4c1d-97f4-516b572b2f9d,1697663892428855555
6a69421f-e399-4db8-897a-d8ef21b5e0a7,707b6ccf-c9d9-4c1d-97f4-516b572b2f9d,1697663892459566666
6a69421f-e399-4db8-897a-d8ef21b5e0a7,707b6ccf-c9d9-4c1d-97f4-516b572b2f9d,1697663892491844444
6a69421f-e399-4db8-897a-d8ef21b5e0a7,707b6ccf-c9d9-4c1d-97f4-516b572b2f9d,1697663892522722222
6a69421f-e399-4db8-897a-d8ef21b5e0a7,707b6ccf-c9d9-4c1d-97f4-516b572b2f9d,1697663892563644444
6a69421f-e399-4db8-897a-d8ef21b5e0a7,707b6ccf-c9d9-4c1d-97f4-516b572b2f9d,1697663892582888888
6a69421f-e399-4db8-897a-d8ef21b5e0a7,707b6ccf-c9d9-4c1d-97f4-516b572b2f9d,1697663892628555555
6a69421f-e399-4db8-897a-d8ef21b5e0a7,707b6ccf-c9d9-4c1d-97f4-516b572b2f9d,1697663892663466666
6a69421f-e399-4db8-897a-d8ef21b5e0a7,707b6ccf-c9d9-4c1d-97f4-516b572b2f9d,1697663892690155555
6a69421f-e399-4db8-897a-d8ef21b5e0a7,707b6ccf-c9d9-4c1d-97f4-516b572b2f9d,1697663892726144444
6a69421f-e399-4db8-897a-d8ef21b5e0a7,707b6ccf-c9d9-4c1d-97f4-516b572b2f9d,1697663892759311111
6a69421f-e399-4db8-897a-d8ef21b5e0a7,707b6ccf-c9d9-4c1d-97f4-516b572b2f9d,1697663892790277777
6a69421f-e399-4db8-897a-d8ef21b5e0a7,707b6ccf-c9d9-4c1d-97f4-516b572b2f9d,1697663892821988888
6a69421f-e399-4db8-897a-d8ef21b5e0a7,707b6ccf-c9d9-4c1d-97f4-516b572b2f9d,1697663892861711111
6a69421f-e399-4db8-897a-d8ef21b5e0a7,707b6ccf-c9d9-4c1d-97f4-516b572b2f9d,1697663892888100000
6a69421f-e399-4db8-897a-d8ef21b5e0a7,707b6ccf-c9d9-4c1d-97f4-516b572b2f9d,1697663892919311111
6a69421f-e399-4db8-897a-d8ef21b5e0a7,707b6ccf-c9d9-4c1d-97f4-516b572b2f9d,1697663892955066666
6a69421f-e399-4db8-897a-d8ef21b5e0a7,707b6ccf-c9d9-4c1d-97f4-516b572b2f9d,1697663892987300000
6a69421f-e399-4db8-897a-d8ef21b5e0a7,707b6ccf-c9d9-4c1d-97f4-516b572b2f9d,1697663893012922222
6a69421f-e399-4db8-897a-d8ef21b5e0a7,707b6ccf-c9d9-4c1d-97f4-516b572b2f9d,1697663893057977777
6a69421f-e399-4db8-897a-d8ef21b5e0a7,707b6ccf-c9d9-4c1d-97f4-516b572b2f9d,1697663893093677777
6a69421f-e399-4db8-897a-d8ef21b5e0a7,707b6ccf-c9d9-4c1d-97f4-516b572b2f9d,1697663893121933333
6a69421f-e399-4db8-897a-d8ef21b5e0a7,707b6ccf-c9d9-4c1d-97f4-516b572b2f9d,1697663893159533333
6a69421f-e399-4db8-897a-d8ef21b5e0a7,707b6ccf-c9d9-4c1d-97f4-516b572b2f9d,1697663893191522222
6a69421f-e399-4db8-897a-d8ef21b5e0a7,707b6ccf-c9d9-4c1d-97f4-516b572b2f9d,1697663893220433333
6a69421f-e399-4db8-897a-d8ef21b5e0a7,707b6ccf-c9d9-4c1d-97f4-516b572b2f9d,1697663893255977777
6a69421f-e399-4db8-897a-d8ef21b5e0a7,707b6ccf-c9d9-4c1d-97f4-516b572b2f9d,1697663893290988888
6a69421f-e399-4db8-897a-d8ef21b5e0a7,707b6ccf-c9d9-4c1d-97f4-516b572b2f9d,1697663893323722222
6a69421f-e399-4db8-897a-d8ef21b5e0a7,707b6ccf-c9d9-4c1d-97f4-516b572b2f9d,1697663893358711111
6a69421f-e399-4db8-897a-d8ef21b5e0a7,707b6ccf-c9d9-4c1d-97f4-516b572b2f9d,1697663893391500000
6a69421f-e399-4db8-897a-d8ef21b5e0a7,707b6ccf-c9d9-4c1d-97f4-516b572b2f9d,1697663893422233333
6a69421f-e399-4db8-897a-d8ef21b5e0a7,707b6ccf-c9d9-4c1d-97f4-516b572b2f9d,1697663893462555555
6a69421f-e399-4db8-897a-d8ef21b5e0a7,707b6ccf-c9d9-4c1d-97f4-516b572b2f9d,1697663893490466666
6a69421f-e399-4db8-897a-d8ef21b5e0a7,707b6ccf-c9d9-4c1d-97f4-516b572b2f9d,1697663893537466666
6a69421f-e399-4db8-897a-d8ef21b5e0a7,707b6ccf-c9d9-4c1d-97f4-516b572b2f9d,1697663893549633333
6a69421f-e399-4db8-897a-d8ef21b5e0a7,707b6ccf-c9d9-4c1d-97f4-516b572b2f9d,1697663893581811111
6a69421f-e399-4db8-897a-d8ef21b5e0a7,707b6ccf-c9d9-4c1d-97f4-516b572b2f9d,1697663893616544444
6a69421f-e399-4db8-897a-d8ef21b5e0a7,707b6ccf-c9d9-4c1d-97f4-516b572b2f9d,1697663893661711111
6a69421f-e399-4db8-897a-d8ef21b5e0a7,707b6ccf-c9d9-4c1d-97f4-516b572b2f9d,1697663893680988888
6a69421f-e399-4db8-897a-d8ef21b5e0a7,707b6ccf-c9d9-4c1d-97f4-516b572b2f9d,1697663893721211111
6a69421f-e399-4db8-897a-d8ef21b5e0a7,707b6ccf-c9d9-4c1d-97f4-516b572b2f9d,1697663893757977777
6a69421f-e399-4db8-897a-d8ef21b5e0a7,707b6ccf-c9d9-4c1d-97f4-516b572b2f9d,1697663893792044444
6a69421f-e399-4db8-897a-d8ef21b5e0a7,707b6ccf-c9d9-4c1d-97f4-516b572b2f9d,1697663893822733333
6a69421f-e399-4db8-897a-d8ef21b5e0a7,707b6ccf-c9d9-4c1d-97f4-516b572b2f9d,1697663893862066666
6a69421f-e399-4db8-897a-d8ef21b5e0a7,707b6ccf-c9d9-4c1d-97f4-516b572b2f9d,1697663893883811111
6a69421f-e399-4db8-897a-d8ef21b5e0a7,707b6ccf-c9d9-4c1d-97f4-516b572b2f9d,1697663893931122222
6a69421f-e399-4db8-897a-d8ef21b5e0a7,707b6ccf-c9d9-4c1d-97f4-516b572b2f9d,1697663893961888888
6a69421f-e399-4db8-897a-d8ef21b5e0a7,707b6ccf-c9d9-4c1d-97f4-516b572b2f9d,1697663893990500000
6a69421f-e399-4db8-897a-d8ef21b5e0a7,707b6ccf-c9d9-4c1d-97f4-516b572b2f9d,1697663894023455555
6a69421f-e399-4db8-897a-d8ef21b5e0a7,707b6ccf-c9d9-4c1d-97f4-516b572b2f9d,1697663894060000000
6a69421f-e399-4db8-897a-d8ef21b5e0a7,707b6ccf-c9d9-4c1d-97f4-516b572b2f9d,1697663894091011111
6a69421f-e399-4db8-897a-d8ef21b5e0a7,707b6ccf-c9d9-4c1d-97f4-516b572b2f9d,1697663894123422222
6a69421f-e399-4db8-897a-d8ef21b5e0a7,707b6ccf-c9d9-4c1d-97f4-516b572b2f9d,1697663894159700000
6a69421f-e399-4db8-897a-d8ef21b5e0a7,707b6ccf-c9d9-4c1d-97f4-516b572b2f9d,1697663894201800000
6a69421f-e399-4db8-897a-d8ef21b5e0a7,707b6ccf-c9d9-4c1d-97f4-516b572b2f9d,1697663894216855555
6a69421f-e399-4db8-897a-d8ef21b5e0a7,707b6ccf-c9d9-4c1d-97f4-516b572b2f9d,1697663894249966666
6a69421f-e399-4db8-897a-d8ef21b5e0a7,707b6ccf-c9d9-4c1d-97f4-516b572b2f9d,1697663894294788888
6a69421f-e399-4db8-897a-d8ef21b5e0a7,707b6ccf-c9d9-4c1d-97f4-516b572b2f9d,1697663894326155555
6a69421f-e399-4db8-897a-d8ef21b5e0a7,707b6ccf-c9d9-4c1d-97f4-516b572b2f9d,1697663894357066666
6a69421f-e399-4db8-897a-d8ef21b5e0a7,707b6ccf-c9d9-4c1d-97f4-516b572b2f9d,1697663894389400000
6a69421f-e399-4db8-897a-d8ef21b5e0a7,707b6ccf-c9d9-4c1d-97f4-516b572b2f9d,1697663894421511111
6a69421f-e399-4db8-897a-d8ef21b5e0a7,707b6ccf-c9d9-4c1d-97f4-516b572b2f9d,1697663894462777777
6a69421f-e399-4db8-897a-d8ef21b5e0a7,707b6ccf-c9d9-4c1d-97f4-516b572b2f9d,1697663894494655555
6a69421f-e399-4db8-897a-d8ef21b5e0a7,707b6ccf-c9d9-4c1d-97f4-516b572b2f9d,1697663894522522222
6a69421f-e399-4db8-897a-d8ef21b5e0a7,707b6ccf-c9d9-4c1d-97f4-516b572b2f9d,1697663894561266666
6a69421f-e399-4db8-897a-d8ef21b5e0a7,707b6ccf-c9d9-4c1d-97f4-516b572b2f9d,1697663894589200000
6a69421f-e399-4db8-897a-d8ef21b5e0a7,707b6ccf-c9d9-4c1d-97f4-516b572b2f9d,1697663894621644444
6a69421f-e399-4db8-897a-d8ef21b5e0a7,707b6ccf-c9d9-4c1d-97f4-516b572b2f9d,1697663894661955555
6a69421f-e399-4db8-897a-d8ef21b5e0a7,707b6ccf-c9d9-4c1d-97f4-516b572b2f9d,1697663894691155555
6a69421f-e399-4db8-897a-d8ef21b5e0a7,707b6ccf-c9d9-4c1d-97f4-516b572b2f9d,1697663894722144444
6a69421f-e399-4db8-897a-d8ef21b5e0a7,707b6ccf-c9d9-4c1d-97f4-516b572b2f9d,1697663894763011111
6a69421f-e399-4db8-897a-d8ef21b5e0a7,707b6ccf-c9d9-4c1d-97f4-516b572b2f9d,1697663894790211111
6a69421f-e399-4db8-897a-d8ef21b5e0a7,707b6ccf-c9d9-4c1d-97f4-516b572b2f9d,1697663894822033333
6a69421f-e399-4db8-897a-d8ef21b5e0a7,707b6ccf-c9d9-4c1d-97f4-516b572b2f9d,1697663894857844444
6a69421f-e399-4db8-897a-d8ef21b5e0a7,707b6ccf-c9d9-4c1d-97f4-516b572b2f9d,1697663894884088888
6a69421f-e399-4db8-897a-d8ef21b5e0a7,707b6ccf-c9d9-4c1d-97f4-516b572b2f9d,1697663894920444444
6a69421f-e399-4db8-897a-d8ef21b5e0a7,707b6ccf-c9d9-4c1d-97f4-516b572b2f9d,1697663894945966666
6a69421f-e399-4db8-897a-d8ef21b5e0a7,707b6ccf-c9d9-4c1d-97f4-516b572b2f9d,1697663894987422222
6a69421f-e399-4db8-897a-d8ef21b5e0a7,707b6ccf-c9d9-4c1d-97f4-516b572b2f9d,1697663895028411111
6a69421f-e399-4db8-897a-d8ef21b5e0a7,707b6ccf-c9d9-4c1d-97f4-516b572b2f9d,1697663895055677777
6a69421f-e399-4db8-897a-d8ef21b5e0a7,707b6ccf-c9d9-4c1d-97f4-516b572b2f9d,1697663895090377777
6a69421f-e399-4db8-897a-d8ef21b5e0a7,707b6ccf-c9d9-4c1d-97f4-516b572b2f9d,1697663895123566666
6a69421f-e399-4db8-897a-d8ef21b5e0a7,707b6ccf-c9d9-4c1d-97f4-516b572b2f9d,1697663895156000000
6a69421f-e399-4db8-897a-d8ef21b5e0a7,707b6ccf-c9d9-4c1d-97f4-516b572b2f9d,1697663895191022222
6a69421f-e399-4db8-897a-d8ef21b5e0a7,707b6ccf-c9d9-4c1d-97f4-516b572b2f9d,1697663895226466666
6a69421f-e399-4db8-897a-d8ef21b5e0a7,707b6ccf-c9d9-4c1d-97f4-516b572b2f9d,1697663895255022222
6a69421f-e399-4db8-897a-d8ef21b5e0a7,707b6ccf-c9d9-4c1d-97f4-516b572b2f9d,1697663895292400000
6a69421f-e399-4db8-897a-d8ef21b5e0a7,707b6ccf-c9d9-4c1d-97f4-516b572b2f9d,1697663895323499999
6a69421f-e399-4db8-897a-d8ef21b5e0a7,707b6ccf-c9d9-4c1d-97f4-516b572b2f9d,1697663895354455555
6a69421f-e399-4db8-897a-d8ef21b5e0a7,707b6ccf-c9d9-4c1d-97f4-516b572b2f9d,1697663895393711111
6a69421f-e399-4db8-897a-d8ef21b5e0a7,707b6ccf-c9d9-4c1d-97f4-516b572b2f9d,1697663895423544444
6a69421f-e399-4db8-897a-d8ef21b5e0a7,707b6ccf-c9d9-4c1d-97f4-516b572b2f9d,1697663895457111111
6a69421f-e399-4db8-897a-d8ef21b5e0a7,707b6ccf-c9d9-4c1d-97f4-516b572b2f9d,1697663895490666666
6a69421f-e399-4db8-897a-d8ef21b5e0a7,707b6ccf-c9d9-4c1d-97f4-516b572b2f9d,1697663895542900000
6a69421f-e399-4db8-897a-d8ef21b5e0a7,707b6ccf-c9d9-4c1d-97f4-516b572b2f9d,1697663895554866666
6a69421f-e399-4db8-897a-d8ef21b5e0a7,707b6ccf-c9d9-4c1d-97f4-516b572b2f9d,1697663895582766666
6a69421f-e399-4db8-897a-d8ef21b5e0a7,707b6ccf-c9d9-4c1d-97f4-516b572b2f9d,1697663895614311111
6a69421f-e399-4db8-897a-d8ef21b5e0a7,707b6ccf-c9d9-4c1d-97f4-516b572b2f9d,1697663895669133333
6a69421f-e399-4db8-897a-d8ef21b5e0a7,707b6ccf-c9d9-4c1d-97f4-516b572b2f9d,1697663895685188888
6a69421f-e399-4db8-897a-d8ef21b5e0a7,707b6ccf-c9d9-4c1d-97f4-516b572b2f9d,1697663895723300000
6a69421f-e399-4db8-897a-d8ef21b5e0a7,707b6ccf-c9d9-4c1d-97f4-516b572b2f9d,1697663895754611111
6a69421f-e399-4db8-897a-d8ef21b5e0a7,707b6ccf-c9d9-4c1d-97f4-516b572b2f9d,1697663895788722222
6a69421f-e399-4db8-897a-d8ef21b5e0a7,707b6ccf-c9d9-4c1d-97f4-516b572b2f9d,1697663895821044444
6a69421f-e399-4db8-897a-d8ef21b5e0a7,707b6ccf-c9d9-4c1d-97f4-516b572b2f9d,1697663895853755555
6a69421f-e399-4db8-897a-d8ef21b5e0a7,707b6ccf-c9d9-4c1d-97f4-516b572b2f9d,1697663895893033333
6a69421f-e399-4db8-897a-d8ef21b5e0a7,707b6ccf-c9d9-4c1d-97f4-516b572b2f9d,1697663895927955555
6a69421f-e399-4db8-897a-d8ef21b5e0a7,707b6ccf-c9d9-4c1d-97f4-516b572b2f9d,1697663895955188888
6a69421f-e399-4db8-897a-d8ef21b5e0a7,707b6ccf-c9d9-4c1d-97f4-516b572b2f9d,1697663895993100000
6a69421f-e399-4db8-897a-d8ef21b5e0a7,707b6ccf-c9d9-4c1d-97f4-516b572b2f9d,1697663896023811111
6a69421f-e399-4db8-897a-d8ef21b5e0a7,707b6ccf-c9d9-4c1d-97f4-516b572b2f9d,1697663896056133333
6a69421f-e399-4db8-897a-d8ef21b5e0a7,707b6ccf-c9d9-4c1d-97f4-516b572b2f9d,1697663896093677777
6a69421f-e399-4db8-897a-d8ef21b5e0a7,707b6ccf-c9d9-4c1d-97f4-516b572b2f9d,1697663896121733333
6a69421f-e399-4db8-897a-d8ef21b5e0a7,707b6ccf-c9d9-4c1d-97f4-516b572b2f9d,1697663896154844444
6a69421f-e399-4db8-897a-d8ef21b5e0a7,707b6ccf-c9d9-4c1d-97f4-516b572b2f9d,1697663896202422222
6a69421f-e399-4db8-897a-d8ef21b5e0a7,707b6ccf-c9d9-4c1d-97f4-516b572b2f9d,1697663896215788888
6a69421f-e399-4db8-897a-d8ef21b5e0a7,707b6ccf-c9d9-4c1d-97f4-516b572b2f9d,1697663896250244444
6a69421f-e399-4db8-897a-d8ef21b5e0a7,707b6ccf-c9d9-4c1d-97f4-516b572b2f9d,1697663896280966666
6a69421f-e399-4db8-897a-d8ef21b5e0a7,707b6ccf-c9d9-4c1d-97f4-516b572b2f9d,1697663896313177777
6a69421f-e399-4db8-897a-d8ef21b5e0a7,707b6ccf-c9d9-4c1d-97f4-516b572b2f9d,1697663896356300000
6a69421f-e399-4db8-897a-d8ef21b5e0a7,707b6ccf-c9d9-4c1d-97f4-516b572b2f9d,1697663896392088888
6a69421f-e399-4db8-897a-d8ef21b5e0a7,707b6ccf-c9d9-4c1d-97f4-516b572b2f9d,1697663896422422222
6a69421f-e399-4db8-897a-d8ef21b5e0a7,707b6ccf-c9d9-4c1d-97f4-516b572b2f9d,1697663896454600000
6a69421f-e399-4db8-897a-d8ef21b5e0a7,707b6ccf-c9d9-4c1d-97f4-516b572b2f9d,1697663896490800000
6a69421f-e399-4db8-897a-d8ef21b5e0a7,707b6ccf-c9d9-4c1d-97f4-516b572b2f9d,1697663896523777777
6a69421f-e399-4db8-897a-d8ef21b5e0a7,707b6ccf-c9d9-4c1d-97f4-516b572b2f9d,1697663896554155555
6a69421f-e399-4db8-897a-d8ef21b5e0a7,707b6ccf-c9d9-4c1d-97f4-516b572b2f9d,1697663896589911111
6a69421f-e399-4db8-897a-d8ef21b5e0a7,707b6ccf-c9d9-4c1d-97f4-516b572b2f9d,1697663896623055555
6a69421f-e399-4db8-897a-d8ef21b5e0a7,707b6ccf-c9d9-4c1d-97f4-516b572b2f9d,1697663896653422222
6a69421f-e399-4db8-897a-d8ef21b5e0a7,707b6ccf-c9d9-4c1d-97f4-516b572b2f9d,1697663896691655555
6a69421f-e399-4db8-897a-d8ef21b5e0a7,707b6ccf-c9d9-4c1d-97f4-516b572b2f9d,1697663896728477777
6a69421f-e399-4db8-897a-d8ef21b5e0a7,707b6ccf-c9d9-4c1d-97f4-516b572b2f9d,1697663896756033333
6a69421f-e399-4db8-897a-d8ef21b5e0a7,707b6ccf-c9d9-4c1d-97f4-516b572b2f9d,1697663896791544444
6a69421f-e399-4db8-897a-d8ef21b5e0a7,707b6ccf-c9d9-4c1d-97f4-516b572b2f9d,1697663896828722222
6a69421f-e399-4db8-897a-d8ef21b5e0a7,707b6ccf-c9d9-4c1d-97f4-516b572b2f9d,1697663896848933333
6a69421f-e399-4db8-897a-d8ef21b5e0a7,707b6ccf-c9d9-4c1d-97f4-516b572b2f9d,1697663896884211111
6a69421f-e399-4db8-897a-d8ef21b5e0a7,707b6ccf-c9d9-4c1d-97f4-516b572b2f9d,1697663896916477777
6a69421f-e399-4db8-897a-d8ef21b5e0a7,707b6ccf-c9d9-4c1d-97f4-516b572b2f9d,1697663896948788888
6a69421f-e399-4db8-897a-d8ef21b5e0a7,707b6ccf-c9d9-4c1d-97f4-516b572b2f9d,1697663896982266666
6a69421f-e399-4db8-897a-d8ef21b5e0a7,707b6ccf-c9d9-4c1d-97f4-516b572b2f9d,1697663897023511111
6a69421f-e399-4db8-897a-d8ef21b5e0a7,707b6ccf-c9d9-4c1d-97f4-516b572b2f9d,1697663897056733333
6a69421f-e399-4db8-897a-d8ef21b5e0a7,707b6ccf-c9d9-4c1d-97f4-516b572b2f9d,1697663897093877777
6a69421f-e399-4db8-897a-d8ef21b5e0a7,707b6ccf-c9d9-4c1d-97f4-516b572b2f9d,1697663897122677777
6a69421f-e399-4db8-897a-d8ef21b5e0a7,707b6ccf-c9d9-4c1d-97f4-516b572b2f9d,1697663897158577777
6a69421f-e399-4db8-897a-d8ef21b5e0a7,707b6ccf-c9d9-4c1d-97f4-516b572b2f9d,1697663897192788888
6a69421f-e399-4db8-897a-d8ef21b5e0a7,707b6ccf-c9d9-4c1d-97f4-516b572b2f9d,1697663897223055555
6a69421f-e399-4db8-897a-d8ef21b5e0a7,707b6ccf-c9d9-4c1d-97f4-516b572b2f9d,1697663897253677777
6a69421f-e399-4db8-897a-d8ef21b5e0a7,707b6ccf-c9d9-4c1d-97f4-516b572b2f9d,1697663897289499999
6a69421f-e399-4db8-897a-d8ef21b5e0a7,707b6ccf-c9d9-4c1d-97f4-516b572b2f9d,1697663897321433333
6a69421f-e399-4db8-897a-d8ef21b5e0a7,707b6ccf-c9d9-4c1d-97f4-516b572b2f9d,1697663897356866666
6a69421f-e399-4db8-897a-d8ef21b5e0a7,707b6ccf-c9d9-4c1d-97f4-516b572b2f9d,1697663897391633333
6a69421f-e399-4db8-897a-d8ef21b5e0a7,707b6ccf-c9d9-4c1d-97f4-516b572b2f9d,1697663897429155555
6a69421f-e399-4db8-897a-d8ef21b5e0a7,707b6ccf-c9d9-4c1d-97f4-516b572b2f9d,1697663897456677777
6a69421f-e399-4db8-897a-d8ef21b5e0a7,707b6ccf-c9d9-4c1d-97f4-516b572b2f9d,1697663897497988888
6a69421f-e399-4db8-897a-d8ef21b5e0a7,707b6ccf-c9d9-4c1d-97f4-516b572b2f9d,1697663897514411111
6a69421f-e399-4db8-897a-d8ef21b5e0a7,707b6ccf-c9d9-4c1d-97f4-516b572b2f9d,1697663897563322222
6a69421f-e399-4db8-897a-d8ef21b5e0a7,707b6ccf-c9d9-4c1d-97f4-516b572b2f9d,1697663897582377777
6a69421f-e399-4db8-897a-d8ef21b5e0a7,707b6ccf-c9d9-4c1d-97f4-516b572b2f9d,1697663897632666666
6a69421f-e399-4db8-897a-d8ef21b5e0a7,707b6ccf-c9d9-4c1d-97f4-516b572b2f9d,1697663897646922222
6a69421f-e399-4db8-897a-d8ef21b5e0a7,707b6ccf-c9d9-4c1d-97f4-516b572b2f9d,1697663897690100000
6a69421f-e399-4db8-897a-d8ef21b5e0a7,707b6ccf-c9d9-4c1d-97f4-516b572b2f9d,1697663897721922222
6a69421f-e399-4db8-897a-d8ef21b5e0a7,707b6ccf-c9d9-4c1d-97f4-516b572b2f9d,1697663897760355555
6a69421f-e399-4db8-897a-d8ef21b5e0a7,707b6ccf-c9d9-4c1d-97f4-516b572b2f9d,1697663897792555555
6a69421f-e399-4db8-897a-d8ef21b5e0a7,707b6ccf-c9d9-4c1d-97f4-516b572b2f9d,1697663897823266666
6a69421f-e399-4db8-897a-d8ef21b5e0a7,707b6ccf-c9d9-4c1d-97f4-516b572b2f9d,1697663897853611111
6a69421f-e399-4db8-897a-d8ef21b5e0a7,707b6ccf-c9d9-4c1d-97f4-516b572b2f9d,1697663897889577777
6a69421f-e399-4db8-897a-d8ef21b5e0a7,707b6ccf-c9d9-4c1d-97f4-516b572b2f9d,1697663897920866666
6a69421f-e399-4db8-897a-d8ef21b5e0a7,707b6ccf-c9d9-4c1d-97f4-516b572b2f9d,1697663897954444444
6a69421f-e399-4db8-897a-d8ef21b5e0a7,707b6ccf-c9d9-4c1d-97f4-516b572b2f9d,1697663897993266666
6a69421f-e399-4db8-897a-d8ef21b5e0a7,707b6ccf-c9d9-4c1d-97f4-516b572b2f9d,1697663898022133333
6a69421f-e399-4db8-897a-d8ef21b5e0a7,707b6ccf-c9d9-4c1d-97f4-516b572b2f9d,1697663898055944444
6a69421f-e399-4db8-897a-d8ef21b5e0a7,707b6ccf-c9d9-4c1d-97f4-516b572b2f9d,1697663898085744444
6a69421f-e399-4db8-897a-d8ef21b5e0a7,707b6ccf-c9d9-4c1d-97f4-516b572b2f9d,1697663898121444444
6a69421f-e399-4db8-897a-d8ef21b5e0a7,707b6ccf-c9d9-4c1d-97f4-516b572b2f9d,1697663898162944444
6a69421f-e399-4db8-897a-d8ef21b5e0a7,707b6ccf-c9d9-4c1d-97f4-516b572b2f9d,1697663898179322222
6a69421f-e399-4db8-897a-d8ef21b5e0a7,707b6ccf-c9d9-4c1d-97f4-516b572b2f9d,1697663898213333333
6a69421f-e399-4db8-897a-d8ef21b5e0a7,707b6ccf-c9d9-4c1d-97f4-516b572b2f9d,1697663898245444444
6a69421f-e399-4db8-897a-d8ef21b5e0a7,707b6ccf-c9d9-4c1d-97f4-516b572b2f9d,1697663898281344444
6a69421f-e399-4db8-897a-d8ef21b5e0a7,707b6ccf-c9d9-4c1d-97f4-516b572b2f9d,1697663898320855555
6a69421f-e399-4db8-897a-d8ef21b5e0a7,707b6ccf-c9d9-4c1d-97f4-516b572b2f9d,1697663898355744444
6a69421f-e399-4db8-897a-d8ef21b5e0a7,707b6ccf-c9d9-4c1d-97f4-516b572b2f9d,1697663898389777777
6a69421f-e399-4db8-897a-d8ef21b5e0a7,707b6ccf-c9d9-4c1d-97f4-516b572b2f9d,1697663898425844444
6a69421f-e399-4db8-897a-d8ef21b5e0a7,707b6ccf-c9d9-4c1d-97f4-516b572b2f9d,1697663898455944444
6a69421f-e399-4db8-897a-d8ef21b5e0a7,707b6ccf-c9d9-4c1d-97f4-516b572b2f9d,1697663898486999999
6a69421f-e399-4db8-897a-d8ef21b5e0a7,707b6ccf-c9d9-4c1d-97f4-516b572b2f9d,1697663898526444444
6a69421f-e399-4db8-897a-d8ef21b5e0a7,707b6ccf-c9d9-4c1d-97f4-516b572b2f9d,1697663898555122222
6a69421f-e399-4db8-897a-d8ef21b5e0a7,707b6ccf-c9d9-4c1d-97f4-516b572b2f9d,1697663898586388888
6a69421f-e399-4db8-897a-d8ef21b5e0a7,707b6ccf-c9d9-4c1d-97f4-516b572b2f9d,1697663898622844444
6a69421f-e399-4db8-897a-d8ef21b5e0a7,707b6ccf-c9d9-4c1d-97f4-516b572b2f9d,1697663898654444444
6a69421f-e399-4db8-897a-d8ef21b5e0a7,707b6ccf-c9d9-4c1d-97f4-516b572b2f9d,1697663898685666666
6a69421f-e399-4db8-897a-d8ef21b5e0a7,707b6ccf-c9d9-4c1d-97f4-516b572b2f9d,1697663898726133333
6a69421f-e399-4db8-897a-d8ef21b5e0a7,707b6ccf-c9d9-4c1d-97f4-516b572b2f9d,1697663898754555555
6a69421f-e399-4db8-897a-d8ef21b5e0a7,707b6ccf-c9d9-4c1d-97f4-516b572b2f9d,1697663898784588888
6a69421f-e399-4db8-897a-d8ef21b5e0a7,707b6ccf-c9d9-4c1d-97f4-516b572b2f9d,1697663898828922222
6a69421f-e399-4db8-897a-d8ef21b5e0a7,707b6ccf-c9d9-4c1d-97f4-516b572b2f9d,1697663898849900000
6a69421f-e399-4db8-897a-d8ef21b5e0a7,707b6ccf-c9d9-4c1d-97f4-516b572b2f9d,1697663898880788888
6a69421f-e399-4db8-897a-d8ef21b5e0a7,707b6ccf-c9d9-4c1d-97f4-516b572b2f9d,1697663898915666666
6a69421f-e399-4db8-897a-d8ef21b5e0a7,707b6ccf-c9d9-4c1d-97f4-516b572b2f9d,1697663898948911111
6a69421f-e399-4db8-897a-d8ef21b5e0a7,707b6ccf-c9d9-4c1d-97f4-516b572b2f9d,1697663898977944444
6a69421f-e399-4db8-897a-d8ef21b5e0a7,707b6ccf-c9d9-4c1d-97f4-516b572b2f9d,1697663899024566666
6a69421f-e399-4db8-897a-d8ef21b5e0a7,707b6ccf-c9d9-4c1d-97f4-516b572b2f9d,1697663899057722222
6a69421f-e399-4db8-897a-d8ef21b5e0a7,707b6ccf-c9d9-4c1d-97f4-516b572b2f9d,1697663899087966666
6a69421f-e399-4db8-897a-d8ef21b5e0a7,707b6ccf-c9d9-4c1d-97f4-516b572b2f9d,1697663899124877777
6a69421f-e399-4db8-897a-d8ef21b5e0a7,707b6ccf-c9d9-4c1d-97f4-516b572b2f9d,1697663899156844444
6a69421f-e399-4db8-897a-d8ef21b5e0a7,707b6ccf-c9d9-4c1d-97f4-516b572b2f9d,1697663899185988888
6a69421f-e399-4db8-897a-d8ef21b5e0a7,707b6ccf-c9d9-4c1d-97f4-516b572b2f9d,1697663899224122222
6a69421f-e399-4db8-897a-d8ef21b5e0a7,707b6ccf-c9d9-4c1d-97f4-516b572b2f9d,1697663899254933333
6a69421f-e399-4db8-897a-d8ef21b5e0a7,707b6ccf-c9d9-4c1d-97f4-516b572b2f9d,1697663899285311111
6a69421f-e399-4db8-897a-d8ef21b5e0a7,707b6ccf-c9d9-4c1d-97f4-516b572b2f9d,1697663899322844444
6a69421f-e399-4db8-897a-d8ef21b5e0a7,707b6ccf-c9d9-4c1d-97f4-516b572b2f9d,1697663899354877777
6a69421f-e399-4db8-897a-d8ef21b5e0a7,707b6ccf-c9d9-4c1d-97f4-516b572b2f9d,1697663899387511111
6a69421f-e399-4db8-897a-d8ef21b5e0a7,707b6ccf-c9d9-4c1d-97f4-516b572b2f9d,1697663899421122222
6a69421f-e399-4db8-897a-d8ef21b5e0a7,707b6ccf-c9d9-4c1d-97f4-516b572b2f9d,1697663899453466666
6a69421f-e399-4db8-897a-d8ef21b5e0a7,707b6ccf-c9d9-4c1d-97f4-516b572b2f9d,1697663899495922222
6a69421f-e399-4db8-897a-d8ef21b5e0a7,707b6ccf-c9d9-4c1d-97f4-516b572b2f9d,1697663899516788888
6a69421f-e399-4db8-897a-d8ef21b5e0a7,707b6ccf-c9d9-4c1d-97f4-516b572b2f9d,1697663899547766666
6a69421f-e399-4db8-897a-d8ef21b5e0a7,707b6ccf-c9d9-4c1d-97f4-516b572b2f9d,1697663899579033333
6a69421f-e399-4db8-897a-d8ef21b5e0a7,707b6ccf-c9d9-4c1d-97f4-516b572b2f9d,1697663899616744444
6a69421f-e399-4db8-897a-d8ef21b5e0a7,707b6ccf-c9d9-4c1d-97f4-516b572b2f9d,1697663899646388888
6a69421f-e399-4db8-897a-d8ef21b5e0a7,707b6ccf-c9d9-4c1d-97f4-516b572b2f9d,1697663899688177777
6a69421f-e399-4db8-897a-d8ef21b5e0a7,707b6ccf-c9d9-4c1d-97f4-516b572b2f9d,1697663899723700000
6a69421f-e399-4db8-897a-d8ef21b5e0a7,707b6ccf-c9d9-4c1d-97f4-516b572b2f9d,1697663899757055555
6a69421f-e399-4db8-897a-d8ef21b5e0a7,707b6ccf-c9d9-4c1d-97f4-516b572b2f9d,1697663899791044444
6a69421f-e399-4db8-897a-d8ef21b5e0a7,707b6ccf-c9d9-4c1d-97f4-516b572b2f9d,1697663899822744444
6a69421f-e399-4db8-897a-d8ef21b5e0a7,707b6ccf-c9d9-4c1d-97f4-516b572b2f9d,1697663899853577777
6a69421f-e399-4db8-897a-d8ef21b5e0a7,707b6ccf-c9d9-4c1d-97f4-516b572b2f9d,1697663899885533333
6a69421f-e399-4db8-897a-d8ef21b5e0a7,707b6ccf-c9d9-4c1d-97f4-516b572b2f9d,1697663899927055555
6a69421f-e399-4db8-897a-d8ef21b5e0a7,707b6ccf-c9d9-4c1d-97f4-516b572b2f9d,1697663899956722222
6a69421f-e399-4db8-897a-d8ef21b5e0a7,707b6ccf-c9d9-4c1d-97f4-516b572b2f9d,1697663899986099999
6a69421f-e399-4db8-897a-d8ef21b5e0a7,707b6ccf-c9d9-4c1d-97f4-516b572b2f9d,1697663900024866666
6a69421f-e399-4db8-897a-d8ef21b5e0a7,707b6ccf-c9d9-4c1d-97f4-516b572b2f9d,1697663900056433333
6a69421f-e399-4db8-897a-d8ef21b5e0a7,707b6ccf-c9d9-4c1d-97f4-516b572b2f9d,1697663900088466666
6a69421f-e399-4db8-897a-d8ef21b5e0a7,707b6ccf-c9d9-4c1d-97f4-516b572b2f9d,1697663900123655555
6a69421f-e399-4db8-897a-d8ef21b5e0a7,707b6ccf-c9d9-4c1d-97f4-516b572b2f9d,1697663900165944444
6a69421f-e399-4db8-897a-d8ef21b5e0a7,707b6ccf-c9d9-4c1d-97f4-516b572b2f9d,1697663900178811111
6a69421f-e399-4db8-897a-d8ef21b5e0a7,707b6ccf-c9d9-4c1d-97f4-516b572b2f9d,1697663900214711111
6a69421f-e399-4db8-897a-d8ef21b5e0a7,707b6ccf-c9d9-4c1d-97f4-516b572b2f9d,1697663900249155555
6a69421f-e399-4db8-897a-d8ef21b5e0a7,707b6ccf-c9d9-4c1d-97f4-516b572b2f9d,1697663900277455555
6a69421f-e399-4db8-897a-d8ef21b5e0a7,707b6ccf-c9d9-4c1d-97f4-516b572b2f9d,1697663900322555555
6a69421f-e399-4db8-897a-d8ef21b5e0a7,707b6ccf-c9d9-4c1d-97f4-516b572b2f9d,1697663900354188888
6a69421f-e399-4db8-897a-d8ef21b5e0a7,707b6ccf-c9d9-4c1d-97f4-516b572b2f9d,1697663900385588888
6a69421f-e399-4db8-897a-d8ef21b5e0a7,707b6ccf-c9d9-4c1d-97f4-516b572b2f9d,1697663900423577777
6a69421f-e399-4db8-897a-d8ef21b5e0a7,707b6ccf-c9d9-4c1d-97f4-516b572b2f9d,1697663900453500000
6a69421f-e399-4db8-897a-d8ef21b5e0a7,707b6ccf-c9d9-4c1d-97f4-516b572b2f9d,1697663900489488888
6a69421f-e399-4db8-897a-d8ef21b5e0a7,707b6ccf-c9d9-4c1d-97f4-516b572b2f9d,1697663900529244444
6a69421f-e399-4db8-897a-d8ef21b5e0a7,707b6ccf-c9d9-4c1d-97f4-516b572b2f9d,1697663900556011111
6a69421f-e399-4db8-897a-d8ef21b5e0a7,707b6ccf-c9d9-4c1d-97f4-516b572b2f9d,1697663900588666666
6a69421f-e399-4db8-897a-d8ef21b5e0a7,707b6ccf-c9d9-4c1d-97f4-516b572b2f9d,1697663900621644444
6a69421f-e399-4db8-897a-d8ef21b5e0a7,707b6ccf-c9d9-4c1d-97f4-516b572b2f9d,1697663900658422222
6a69421f-e399-4db8-897a-d8ef21b5e0a7,707b6ccf-c9d9-4c1d-97f4-516b572b2f9d,1697663900687666666
6a69421f-e399-4db8-897a-d8ef21b5e0a7,707b6ccf-c9d9-4c1d-97f4-516b572b2f9d,1697663900722322222
6a69421f-e399-4db8-897a-d8ef21b5e0a7,707b6ccf-c9d9-4c1d-97f4-516b572b2f9d,1697663900755611111
6a69421f-e399-4db8-897a-d8ef21b5e0a7,707b6ccf-c9d9-4c1d-97f4-516b572b2f9d,1697663900786733333
6a69421f-e399-4db8-897a-d8ef21b5e0a7,707b6ccf-c9d9-4c1d-97f4-516b572b2f9d,1697663900843822222
6a69421f-e399-4db8-897a-d8ef21b5e0a7,707b6ccf-c9d9-4c1d-97f4-516b572b2f9d,1697663900855822222
6a69421f-e399-4db8-897a-d8ef21b5e0a7,707b6ccf-c9d9-4c1d-97f4-516b572b2f9d,1697663900894822222
6a69421f-e399-4db8-897a-d8ef21b5e0a7,707b6ccf-c9d9-4c1d-97f4-516b572b2f9d,1697663900916322222
6a69421f-e399-4db8-897a-d8ef21b5e0a7,707b6ccf-c9d9-4c1d-97f4-516b572b2f9d,1697663900964044444
6a69421f-e399-4db8-897a-d8ef21b5e0a7,707b6ccf-c9d9-4c1d-97f4-516b572b2f9d,1697663900977655555
6a69421f-e399-4db8-897a-d8ef21b5e0a7,707b6ccf-c9d9-4c1d-97f4-516b572b2f9d,1697663901022688888
6a69421f-e399-4db8-897a-d8ef21b5e0a7,707b6ccf-c9d9-4c1d-97f4-516b572b2f9d,1697663901055122222
6a69421f-e399-4db8-897a-d8ef21b5e0a7,707b6ccf-c9d9-4c1d-97f4-516b572b2f9d,1697663901087411111
6a69421f-e399-4db8-897a-d8ef21b5e0a7,707b6ccf-c9d9-4c1d-97f4-516b572b2f9d,1697663901122922222
6a69421f-e399-4db8-897a-d8ef21b5e0a7,707b6ccf-c9d9-4c1d-97f4-516b572b2f9d,1697663901154833333
6a69421f-e399-4db8-897a-d8ef21b5e0a7,707b6ccf-c9d9-4c1d-97f4-516b572b2f9d,1697663901186088888
6a69421f-e399-4db8-897a-d8ef21b5e0a7,707b6ccf-c9d9-4c1d-97f4-516b572b2f9d,1697663901223155555
6a69421f-e399-4db8-897a-d8ef21b5e0a7,707b6ccf-c9d9-4c1d-97f4-516b572b2f9d,1697663901253511111
6a69421f-e399-4db8-897a-d8ef21b5e0a7,707b6ccf-c9d9-4c1d-97f4-516b572b2f9d,1697663901286077777
6a69421f-e399-4db8-897a-d8ef21b5e0a7,707b6ccf-c9d9-4c1d-97f4-516b572b2f9d,1697663901320822222
6a69421f-e399-4db8-897a-d8ef21b5e0a7,707b6ccf-c9d9-4c1d-97f4-516b572b2f9d,1697663901358466666
6a69421f-e399-4db8-897a-d8ef21b5e0a7,707b6ccf-c9d9-4c1d-97f4-516b572b2f9d,1697663901390044444
6a69421f-e399-4db8-897a-d8ef21b5e0a7,707b6ccf-c9d9-4c1d-97f4-516b572b2f9d,1697663901422144444
6a69421f-e399-4db8-897a-d8ef21b5e0a7,707b6ccf-c9d9-4c1d-97f4-516b572b2f9d,1697663901454900000
6a69421f-e399-4db8-897a-d8ef21b5e0a7,707b6ccf-c9d9-4c1d-97f4-516b572b2f9d,1697663901502066666
6a69421f-e399-4db8-897a-d8ef21b5e0a7,707b6ccf-c9d9-4c1d-97f4-516b572b2f9d,1697663901514344444
6a69421f-e399-4db8-897a-d8ef21b5e0a7,707b6ccf-c9d9-4c1d-97f4-516b572b2f9d,1697663901557522222
6a69421f-e399-4db8-897a-d8ef21b5e0a7,707b6ccf-c9d9-4c1d-97f4-516b572b2f9d,1697663901587800000
6a69421f-e399-4db8-897a-d8ef21b5e0a7,707b6ccf-c9d9-4c1d-97f4-516b572b2f9d,1697663901610900000
6a69421f-e399-4db8-897a-d8ef21b5e0a7,707b6ccf-c9d9-4c1d-97f4-516b572b2f9d,1697663901656000000
6a69421f-e399-4db8-897a-d8ef21b5e0a7,707b6ccf-c9d9-4c1d-97f4-516b572b2f9d,1697663901687633333
6a69421f-e399-4db8-897a-d8ef21b5e0a7,707b6ccf-c9d9-4c1d-97f4-516b572b2f9d,1697663901719488888
6a69421f-e399-4db8-897a-d8ef21b5e0a7,707b6ccf-c9d9-4c1d-97f4-516b572b2f9d,1697663901756722222
6a69421f-e399-4db8-897a-d8ef21b5e0a7,707b6ccf-c9d9-4c1d-97f4-516b572b2f9d,1697663901788644444
6a69421f-e399-4db8-897a-d8ef21b5e0a7,707b6ccf-c9d9-4c1d-97f4-516b572b2f9d,1697663901824133333
6a69421f-e399-4db8-897a-d8ef21b5e0a7,707b6ccf-c9d9-4c1d-97f4-516b572b2f9d,1697663901857100000
6a69421f-e399-4db8-897a-d8ef21b5e0a7,707b6ccf-c9d9-4c1d-97f4-516b572b2f9d,1697663901887400000
6a69421f-e399-4db8-897a-d8ef21b5e0a7,707b6ccf-c9d9-4c1d-97f4-516b572b2f9d,1697663901920055555
6a69421f-e399-4db8-897a-d8ef21b5e0a7,707b6ccf-c9d9-4c1d-97f4-516b572b2f9d,1697663901958200000
6a69421f-e399-4db8-897a-d8ef21b5e0a7,707b6ccf-c9d9-4c1d-97f4-516b572b2f9d,1697663901986677777
6a69421f-e399-4db8-897a-d8ef21b5e0a7,707b6ccf-c9d9-4c1d-97f4-516b572b2f9d,1697663902019566666
6a69421f-e399-4db8-897a-d8ef21b5e0a7,707b6ccf-c9d9-4c1d-97f4-516b572b2f9d,1697663902054777777
6a69421f-e399-4db8-897a-d8ef21b5e0a7,707b6ccf-c9d9-4c1d-97f4-516b572b2f9d,1697663902086688888
6a69421f-e399-4db8-897a-d8ef21b5e0a7,707b6ccf-c9d9-4c1d-97f4-516b572b2f9d,1697663902119688888
6a69421f-e399-4db8-897a-d8ef21b5e0a7,707b6ccf-c9d9-4c1d-97f4-516b572b2f9d,1697663902148566666
6a69421f-e399-4db8-897a-d8ef21b5e0a7,707b6ccf-c9d9-4c1d-97f4-516b572b2f9d,1697663902177266666
6a69421f-e399-4db8-897a-d8ef21b5e0a7,707b6ccf-c9d9-4c1d-97f4-516b572b2f9d,1697663902233866666
6a69421f-e399-4db8-897a-d8ef21b5e0a7,707b6ccf-c9d9-4c1d-97f4-516b572b2f9d,1697663902248366666
6a69421f-e399-4db8-897a-d8ef21b5e0a7,707b6ccf-c9d9-4c1d-97f4-516b572b2f9d,1697663902294633333
6a69421f-e399-4db8-897a-d8ef21b5e0a7,707b6ccf-c9d9-4c1d-97f4-516b572b2f9d,1697663902322188888
6a69421f-e399-4db8-897a-d8ef21b5e0a7,707b6ccf-c9d9-4c1d-97f4-516b572b2f9d,1697663902350522222
6a69421f-e399-4db8-897a-d8ef21b5e0a7,707b6ccf-c9d9-4c1d-97f4-516b572b2f9d,1697663902389144444
6a69421f-e399-4db8-897a-d8ef21b5e0a7,707b6ccf-c9d9-4c1d-97f4-516b572b2f9d,1697663902421200000
6a69421f-e399-4db8-897a-d8ef21b5e0a7,707b6ccf-c9d9-4c1d-97f4-516b572b2f9d,1697663902453911111
6a69421f-e399-4db8-897a-d8ef21b5e0a7,707b6ccf-c9d9-4c1d-97f4-516b572b2f9d,1697663902488277777
6a69421f-e399-4db8-897a-d8ef21b5e0a7,707b6ccf-c9d9-4c1d-97f4-516b572b2f9d,1697663902521266666
6a69421f-e399-4db8-897a-d8ef21b5e0a7,707b6ccf-c9d9-4c1d-97f4-516b572b2f9d,1697663902551111111
6a69421f-e399-4db8-897a-d8ef21b5e0a7,707b6ccf-c9d9-4c1d-97f4-516b572b2f9d,1697663902591211111
6a69421f-e399-4db8-897a-d8ef21b5e0a7,707b6ccf-c9d9-4c1d-97f4-516b572b2f9d,1697663902622266666
6a69421f-e399-4db8-897a-d8ef21b5e0a7,707b6ccf-c9d9-4c1d-97f4-516b572b2f9d,1697663902651388888
6a69421f-e399-4db8-897a-d8ef21b5e0a7,707b6ccf-c9d9-4c1d-97f4-516b572b2f9d,1697663902686188888
6a69421f-e399-4db8-897a-d8ef21b5e0a7,707b6ccf-c9d9-4c1d-97f4-516b572b2f9d,1697663902718300000
6a69421f-e399-4db8-897a-d8ef21b5e0a7,707b6ccf-c9d9-4c1d-97f4-516b572b2f9d,1697663902756355555
6a69421f-e399-4db8-897a-d8ef21b5e0a7,707b6ccf-c9d9-4c1d-97f4-516b572b2f9d,1697663902789700000
6a69421f-e399-4db8-897a-d8ef21b5e0a7,707b6ccf-c9d9-4c1d-97f4-516b572b2f9d,1697663902824166666
6a69421f-e399-4db8-897a-d8ef21b5e0a7,707b6ccf-c9d9-4c1d-97f4-516b572b2f9d,1697663902849122222
6a69421f-e399-4db8-897a-d8ef21b5e0a7,707b6ccf-c9d9-4c1d-97f4-516b572b2f9d,1697663902893466666
6a69421f-e399-4db8-897a-d8ef21b5e0a7,707b6ccf-c9d9-4c1d-97f4-516b572b2f9d,1697663902912566666
6a69421f-e399-4db8-897a-d8ef21b5e0a7,707b6ccf-c9d9-4c1d-97f4-516b572b2f9d,1697663902947366666
6a69421f-e399-4db8-897a-d8ef21b5e0a7,707b6ccf-c9d9-4c1d-97f4-516b572b2f9d,1697663902987411111
6a69421f-e399-4db8-897a-d8ef21b5e0a7,707b6ccf-c9d9-4c1d-97f4-516b572b2f9d,1697663903017799999
6a69421f-e399-4db8-897a-d8ef21b5e0a7,707b6ccf-c9d9-4c1d-97f4-516b572b2f9d,1697663903055477777
6a69421f-e399-4db8-897a-d8ef21b5e0a7,707b6ccf-c9d9-4c1d-97f4-516b572b2f9d,1697663903089044444
6a69421f-e399-4db8-897a-d8ef21b5e0a7,707b6ccf-c9d9-4c1d-97f4-516b572b2f9d,1697663903120488888
6a69421f-e399-4db8-897a-d8ef21b5e0a7,707b6ccf-c9d9-4c1d-97f4-516b572b2f9d,1697663903151655555
6a69421f-e399-4db8-897a-d8ef21b5e0a7,707b6ccf-c9d9-4c1d-97f4-516b572b2f9d,1697663903187766666
6a69421f-e399-4db8-897a-d8ef21b5e0a7,707b6ccf-c9d9-4c1d-97f4-516b572b2f9d,1697663903217888888
6a69421f-e399-4db8-897a-d8ef21b5e0a7,707b6ccf-c9d9-4c1d-97f4-516b572b2f9d,1697663903255611111
6a69421f-e399-4db8-897a-d8ef21b5e0a7,707b6ccf-c9d9-4c1d-97f4-516b572b2f9d,1697663903286288888
6a69421f-e399-4db8-897a-d8ef21b5e0a7,707b6ccf-c9d9-4c1d-97f4-516b572b2f9d,1697663903320211111
6a69421f-e399-4db8-897a-d8ef21b5e0a7,707b6ccf-c9d9-4c1d-97f4-516b572b2f9d,1697663903355466666
6a69421f-e399-4db8-897a-d8ef21b5e0a7,707b6ccf-c9d9-4c1d-97f4-516b572b2f9d,1697663903389088888
6a69421f-e399-4db8-897a-d8ef21b5e0a7,707b6ccf-c9d9-4c1d-97f4-516b572b2f9d,1697663903422366666
6a69421f-e399-4db8-897a-d8ef21b5e0a7,707b6ccf-c9d9-4c1d-97f4-516b572b2f9d,1697663903452233333
6a69421f-e399-4db8-897a-d8ef21b5e0a7,707b6ccf-c9d9-4c1d-97f4-516b572b2f9d,1697663903510166666
6a69421f-e399-4db8-897a-d8ef21b5e0a7,707b6ccf-c9d9-4c1d-97f4-516b572b2f9d,1697663903523788888
6a69421f-e399-4db8-897a-d8ef21b5e0a7,707b6ccf-c9d9-4c1d-97f4-516b572b2f9d,1697663903557222222
6a69421f-e399-4db8-897a-d8ef21b5e0a7,707b6ccf-c9d9-4c1d-97f4-516b572b2f9d,1697663903581422222
6a69421f-e399-4db8-897a-d8ef21b5e0a7,707b6ccf-c9d9-4c1d-97f4-516b572b2f9d,1697663903612944444
6a69421f-e399-4db8-897a-d8ef21b5e0a7,707b6ccf-c9d9-4c1d-97f4-516b572b2f9d,1697663903659088888
6a69421f-e399-4db8-897a-d8ef21b5e0a7,707b6ccf-c9d9-4c1d-97f4-516b572b2f9d,1697663903684488888
6a69421f-e399-4db8-897a-d8ef21b5e0a7,707b6ccf-c9d9-4c1d-97f4-516b572b2f9d,1697663903718866666
6a69421f-e399-4db8-897a-d8ef21b5e0a7,707b6ccf-c9d9-4c1d-97f4-516b572b2f9d,1697663903762222222
6a69421f-e399-4db8-897a-d8ef21b5e0a7,707b6ccf-c9d9-4c1d-97f4-516b572b2f9d,1697663903788122222
6a69421f-e399-4db8-897a-d8ef21b5e0a7,707b6ccf-c9d9-4c1d-97f4-516b572b2f9d,1697663903820833333
6a69421f-e399-4db8-897a-d8ef21b5e0a7,707b6ccf-c9d9-4c1d-97f4-516b572b2f9d,1697663903855055555
6a69421f-e399-4db8-897a-d8ef21b5e0a7,707b6ccf-c9d9-4c1d-97f4-516b572b2f9d,1697663903888455555
6a69421f-e399-4db8-897a-d8ef21b5e0a7,707b6ccf-c9d9-4c1d-97f4-516b572b2f9d,1697663903918000000
6a69421f-e399-4db8-897a-d8ef21b5e0a7,707b6ccf-c9d9-4c1d-97f4-516b572b2f9d,1697663903958511111
6a69421f-e399-4db8-897a-d8ef21b5e0a7,707b6ccf-c9d9-4c1d-97f4-516b572b2f9d,1697663903990533333
6a69421f-e399-4db8-897a-d8ef21b5e0a7,707b6ccf-c9d9-4c1d-97f4-516b572b2f9d,1697663904019566666
6a69421f-e399-4db8-897a-d8ef21b5e0a7,707b6ccf-c9d9-4c1d-97f4-516b572b2f9d,1697663904055666666
6a69421f-e399-4db8-897a-d8ef21b5e0a7,707b6ccf-c9d9-4c1d-97f4-516b572b2f9d,1697663904088477777
6a69421f-e399-4db8-897a-d8ef21b5e0a7,707b6ccf-c9d9-4c1d-97f4-516b572b2f9d,1697663904120911111
6a69421f-e399-4db8-897a-d8ef21b5e0a7,707b6ccf-c9d9-4c1d-97f4-516b572b2f9d,1697663904164022222
6a69421f-e399-4db8-897a-d8ef21b5e0a7,707b6ccf-c9d9-4c1d-97f4-516b572b2f9d,1697663904181766666
6a69421f-e399-4db8-897a-d8ef21b5e0a7,707b6ccf-c9d9-4c1d-97f4-516b572b2f9d,1697663904221455555
6a69421f-e399-4db8-897a-d8ef21b5e0a7,707b6ccf-c9d9-4c1d-97f4-516b572b2f9d,1697663904246555555
6a69421f-e399-4db8-897a-d8ef21b5e0a7,707b6ccf-c9d9-4c1d-97f4-516b572b2f9d,1697663904279166666
6a69421f-e399-4db8-897a-d8ef21b5e0a7,707b6ccf-c9d9-4c1d-97f4-516b572b2f9d,1697663904320866666
6a69421f-e399-4db8-897a-d8ef21b5e0a7,707b6ccf-c9d9-4c1d-97f4-516b572b2f9d,1697663904351344444
6a69421f-e399-4db8-897a-d8ef21b5e0a7,707b6ccf-c9d9-4c1d-97f4-516b572b2f9d,1697663904387811111
6a69421f-e399-4db8-897a-d8ef21b5e0a7,707b6ccf-c9d9-4c1d-97f4-516b572b2f9d,1697663904417355555
6a69421f-e399-4db8-897a-d8ef21b5e0a7,707b6ccf-c9d9-4c1d-97f4-516b572b2f9d,1697663904458744444
6a69421f-e399-4db8-897a-d8ef21b5e0a7,707b6ccf-c9d9-4c1d-97f4-516b572b2f9d,1697663904490211111
6a69421f-e399-4db8-897a-d8ef21b5e0a7,707b6ccf-c9d9-4c1d-97f4-516b572b2f9d,1697663904522377777
6a69421f-e399-4db8-897a-d8ef21b5e0a7,707b6ccf-c9d9-4c1d-97f4-516b572b2f9d,1697663904543388888
6a69421f-e399-4db8-897a-d8ef21b5e0a7,707b6ccf-c9d9-4c1d-97f4-516b572b2f9d,1697663904589266666
6a69421f-e399-4db8-897a-d8ef21b5e0a7,707b6ccf-c9d9-4c1d-97f4-516b572b2f9d,1697663904620388888
6a69421f-e399-4db8-897a-d8ef21b5e0a7,707b6ccf-c9d9-4c1d-97f4-516b572b2f9d,1697663904643411111
6a69421f-e399-4db8-897a-d8ef21b5e0a7,707b6ccf-c9d9-4c1d-97f4-516b572b2f9d,1697663904686477777
6a69421f-e399-4db8-897a-d8ef21b5e0a7,707b6ccf-c9d9-4c1d-97f4-516b572b2f9d,1697663904720511111
6a69421f-e399-4db8-897a-d8ef21b5e0a7,707b6ccf-c9d9-4c1d-97f4-516b572b2f9d,1697663904743522222
6a69421f-e399-4db8-897a-d8ef21b5e0a7,707b6ccf-c9d9-4c1d-97f4-516b572b2f9d,1697663904797522222
6a69421f-e399-4db8-897a-d8ef21b5e0a7,707b6ccf-c9d9-4c1d-97f4-516b572b2f9d,1697663904815688888
6a69421f-e399-4db8-897a-d8ef21b5e0a7,707b6ccf-c9d9-4c1d-97f4-516b572b2f9d,1697663904841988888
6a69421f-e399-4db8-897a-d8ef21b5e0a7,707b6ccf-c9d9-4c1d-97f4-516b572b2f9d,1697663904879277777
6a69421f-e399-4db8-897a-d8ef21b5e0a7,707b6ccf-c9d9-4c1d-97f4-516b572b2f9d,1697663904916544444
6a69421f-e399-4db8-897a-d8ef21b5e0a7,707b6ccf-c9d9-4c1d-97f4-516b572b2f9d,1697663904941022222
6a69421f-e399-4db8-897a-d8ef21b5e0a7,707b6ccf-c9d9-4c1d-97f4-516b572b2f9d,1697663904988411111
6a69421f-e399-4db8-897a-d8ef21b5e0a7,707b6ccf-c9d9-4c1d-97f4-516b572b2f9d,1697663905020788888
6a69421f-e399-4db8-897a-d8ef21b5e0a7,707b6ccf-c9d9-4c1d-97f4-516b572b2f9d,1697663905049011111
6a69421f-e399-4db8-897a-d8ef21b5e0a7,707b6ccf-c9d9-4c1d-97f4-516b572b2f9d,1697663905092188888
6a69421f-e399-4db8-897a-d8ef21b5e0a7,707b6ccf-c9d9-4c1d-97f4-516b572b2f9d,1697663905120022222
6a69421f-e399-4db8-897a-d8ef21b5e0a7,707b6ccf-c9d9-4c1d-97f4-516b572b2f9d,1697663905149733333
6a69421f-e399-4db8-897a-d8ef21b5e0a7,707b6ccf-c9d9-4c1d-97f4-516b572b2f9d,1697663905185500000
6a69421f-e399-4db8-897a-d8ef21b5e0a7,707b6ccf-c9d9-4c1d-97f4-516b572b2f9d,1697663905217222222
6a69421f-e399-4db8-897a-d8ef21b5e0a7,707b6ccf-c9d9-4c1d-97f4-516b572b2f9d,1697663905254722222
6a69421f-e399-4db8-897a-d8ef21b5e0a7,707b6ccf-c9d9-4c1d-97f4-516b572b2f9d,1697663905292077777
6a69421f-e399-4db8-897a-d8ef21b5e0a7,707b6ccf-c9d9-4c1d-97f4-516b572b2f9d,1697663905324666666
6a69421f-e399-4db8-897a-d8ef21b5e0a7,707b6ccf-c9d9-4c1d-97f4-516b572b2f9d,1697663905352377777
6a69421f-e399-4db8-897a-d8ef21b5e0a7,707b6ccf-c9d9-4c1d-97f4-516b572b2f9d,1697663905389900000
6a69421f-e399-4db8-897a-d8ef21b5e0a7,707b6ccf-c9d9-4c1d-97f4-516b572b2f9d,1697663905418511111
6a69421f-e399-4db8-897a-d8ef21b5e0a7,707b6ccf-c9d9-4c1d-97f4-516b572b2f9d,1697663905464600000
6a69421f-e399-4db8-897a-d8ef21b5e0a7,707b6ccf-c9d9-4c1d-97f4-516b572b2f9d,1697663905477933333
6a69421f-e399-4db8-897a-d8ef21b5e0a7,707b6ccf-c9d9-4c1d-97f4-516b572b2f9d,1697663905522422222
6a69421f-e399-4db8-897a-d8ef21b5e0a7,707b6ccf-c9d9-4c1d-97f4-516b572b2f9d,1697663905544566666
6a69421f-e399-4db8-897a-d8ef21b5e0a7,707b6ccf-c9d9-4c1d-97f4-516b572b2f9d,1697663905579611111
6a69421f-e399-4db8-897a-d8ef21b5e0a7,707b6ccf-c9d9-4c1d-97f4-516b572b2f9d,1697663905620655555
6a69421f-e399-4db8-897a-d8ef21b5e0a7,707b6ccf-c9d9-4c1d-97f4-516b572b2f9d,1697663905641466666
6a69421f-e399-4db8-897a-d8ef21b5e0a7,707b6ccf-c9d9-4c1d-97f4-516b572b2f9d,1697663905686344444
6a69421f-e399-4db8-897a-d8ef21b5e0a7,707b6ccf-c9d9-4c1d-97f4-516b572b2f9d,1697663905718388888
6a69421f-e399-4db8-897a-d8ef21b5e0a7,707b6ccf-c9d9-4c1d-97f4-516b572b2f9d,1697663905755711111
6a69421f-e399-4db8-897a-d8ef21b5e0a7,707b6ccf-c9d9-4c1d-97f4-516b572b2f9d,1697663905784422222
6a69421f-e399-4db8-897a-d8ef21b5e0a7,707b6ccf-c9d9-4c1d-97f4-516b572b2f9d,1697663905821000000
6a69421f-e399-4db8-897a-d8ef21b5e0a7,707b6ccf-c9d9-4c1d-97f4-516b572b2f9d,1697663905850733333
6a69421f-e399-4db8-897a-d8ef21b5e0a7,707b6ccf-c9d9-4c1d-97f4-516b572b2f9d,1697663905887755555
6a69421f-e399-4db8-897a-d8ef21b5e0a7,707b6ccf-c9d9-4c1d-97f4-516b572b2f9d,1697663905916844444
6a69421f-e399-4db8-897a-d8ef21b5e0a7,707b6ccf-c9d9-4c1d-97f4-516b572b2f9d,1697663905958500000
6a69421f-e399-4db8-897a-d8ef21b5e0a7,707b6ccf-c9d9-4c1d-97f4-516b572b2f9d,1697663905984100000
6a69421f-e399-4db8-897a-d8ef21b5e0a7,707b6ccf-c9d9-4c1d-97f4-516b572b2f9d,1697663906018255555
6a69421f-e399-4db8-897a-d8ef21b5e0a7,707b6ccf-c9d9-4c1d-97f4-516b572b2f9d,1697663906049488888
6a69421f-e399-4db8-897a-d8ef21b5e0a7,707b6ccf-c9d9-4c1d-97f4-516b572b2f9d,1697663906097955555
6a69421f-e399-4db8-897a-d8ef21b5e0a7,707b6ccf-c9d9-4c1d-97f4-516b572b2f9d,1697663906115022222
6a69421f-e399-4db8-897a-d8ef21b5e0a7,707b6ccf-c9d9-4c1d-97f4-516b572b2f9d,1697663906143633333
6a69421f-e399-4db8-897a-d8ef21b5e0a7,707b6ccf-c9d9-4c1d-97f4-516b572b2f9d,1697663906193277777
6a69421f-e399-4db8-897a-d8ef21b5e0a7,707b6ccf-c9d9-4c1d-97f4-516b572b2f9d,1697663906223644444
6a69421f-e399-4db8-897a-d8ef21b5e0a7,707b6ccf-c9d9-4c1d-97f4-516b572b2f9d,1697663906243511111
6a69421f-e399-4db8-897a-d8ef21b5e0a7,707b6ccf-c9d9-4c1d-97f4-516b572b2f9d,1697663906285833333
6a69421f-e399-4db8-897a-d8ef21b5e0a7,707b6ccf-c9d9-4c1d-97f4-516b572b2f9d,1697663906322533333
6a69421f-e399-4db8-897a-d8ef21b5e0a7,707b6ccf-c9d9-4c1d-97f4-516b572b2f9d,1697663906343488888
6a69421f-e399-4db8-897a-d8ef21b5e0a7,707b6ccf-c9d9-4c1d-97f4-516b572b2f9d,1697663906396055555
6a69421f-e399-4db8-897a-d8ef21b5e0a7,707b6ccf-c9d9-4c1d-97f4-516b572b2f9d,1697663906420222222
6a69421f-e399-4db8-897a-d8ef21b5e0a7,707b6ccf-c9d9-4c1d-97f4-516b572b2f9d,1697663906444177777
6a69421f-e399-4db8-897a-d8ef21b5e0a7,707b6ccf-c9d9-4c1d-97f4-516b572b2f9d,1697663906491644444
6a69421f-e399-4db8-897a-d8ef21b5e0a7,707b6ccf-c9d9-4c1d-97f4-516b572b2f9d,1697663906519333333
6a69421f-e399-4db8-897a-d8ef21b5e0a7,707b6ccf-c9d9-4c1d-97f4-516b572b2f9d,1697663906550255555
6a69421f-e399-4db8-897a-d8ef21b5e0a7,707b6ccf-c9d9-4c1d-97f4-516b572b2f9d,1697663906587333333
6a69421f-e399-4db8-897a-d8ef21b5e0a7,707b6ccf-c9d9-4c1d-97f4-516b572b2f9d,1697663906621233333
6a69421f-e399-4db8-897a-d8ef21b5e0a7,707b6ccf-c9d9-4c1d-97f4-516b572b2f9d,1697663906650722222
6a69421f-e399-4db8-897a-d8ef21b5e0a7,707b6ccf-c9d9-4c1d-97f4-516b572b2f9d,1697663906688488888
6a69421f-e399-4db8-897a-d8ef21b5e0a7,707b6ccf-c9d9-4c1d-97f4-516b572b2f9d,1697663906718566666
6a69421f-e399-4db8-897a-d8ef21b5e0a7,707b6ccf-c9d9-4c1d-97f4-516b572b2f9d,1697663906756433333
6a69421f-e399-4db8-897a-d8ef21b5e0a7,707b6ccf-c9d9-4c1d-97f4-516b572b2f9d,1697663906783577777
6a69421f-e399-4db8-897a-d8ef21b5e0a7,707b6ccf-c9d9-4c1d-97f4-516b572b2f9d,1697663906812066666
6a69421f-e399-4db8-897a-d8ef21b5e0a7,707b6ccf-c9d9-4c1d-97f4-516b572b2f9d,1697663906846111111
6a69421f-e399-4db8-897a-d8ef21b5e0a7,707b6ccf-c9d9-4c1d-97f4-516b572b2f9d,1697663906879155555
6a69421f-e399-4db8-897a-d8ef21b5e0a7,707b6ccf-c9d9-4c1d-97f4-516b572b2f9d,1697663906921288888
6a69421f-e399-4db8-897a-d8ef21b5e0a7,707b6ccf-c9d9-4c1d-97f4-516b572b2f9d,1697663906941188888
6a69421f-e399-4db8-897a-d8ef21b5e0a7,707b6ccf-c9d9-4c1d-97f4-516b572b2f9d,1697663906989433333
6a69421f-e399-4db8-897a-d8ef21b5e0a7,707b6ccf-c9d9-4c1d-97f4-516b572b2f9d,1697663907020433333
6a69421f-e399-4db8-897a-d8ef21b5e0a7,707b6ccf-c9d9-4c1d-97f4-516b572b2f9d,1697663907041644444
6a69421f-e399-4db8-897a-d8ef21b5e0a7,707b6ccf-c9d9-4c1d-97f4-516b572b2f9d,1697663907088033333
6a69421f-e399-4db8-897a-d8ef21b5e0a7,707b6ccf-c9d9-4c1d-97f4-516b572b2f9d,1697663907119144444
6a69421f-e399-4db8-897a-d8ef21b5e0a7,707b6ccf-c9d9-4c1d-97f4-516b572b2f9d,1697663907151144444
6a69421f-e399-4db8-897a-d8ef21b5e0a7,707b6ccf-c9d9-4c1d-97f4-516b572b2f9d,1697663907187666666
6a69421f-e399-4db8-897a-d8ef21b5e0a7,707b6ccf-c9d9-4c1d-97f4-516b572b2f9d,1697663907218166666
6a69421f-e399-4db8-897a-d8ef21b5e0a7,707b6ccf-c9d9-4c1d-97f4-516b572b2f9d,1697663907254666666
6a69421f-e399-4db8-897a-d8ef21b5e0a7,707b6ccf-c9d9-4c1d-97f4-516b572b2f9d,1697663907287688888
6a69421f-e399-4db8-897a-d8ef21b5e0a7,707b6ccf-c9d9-4c1d-97f4-516b572b2f9d,1697663907319822222
6a69421f-e399-4db8-897a-d8ef21b5e0a7,707b6ccf-c9d9-4c1d-97f4-516b572b2f9d,1697663907352022222
6a69421f-e399-4db8-897a-d8ef21b5e0a7,707b6ccf-c9d9-4c1d-97f4-516b572b2f9d,1697663907391511111
6a69421f-e399-4db8-897a-d8ef21b5e0a7,707b6ccf-c9d9-4c1d-97f4-516b572b2f9d,1697663907422122222
6a69421f-e399-4db8-897a-d8ef21b5e0a7,707b6ccf-c9d9-4c1d-97f4-516b572b2f9d,1697663907444122222
6a69421f-e399-4db8-897a-d8ef21b5e0a7,707b6ccf-c9d9-4c1d-97f4-516b572b2f9d,1697663907476444444
6a69421f-e399-4db8-897a-d8ef21b5e0a7,707b6ccf-c9d9-4c1d-97f4-516b572b2f9d,1697663907513522222
6a69421f-e399-4db8-897a-d8ef21b5e0a7,707b6ccf-c9d9-4c1d-97f4-516b572b2f9d,1697663907549355555
6a69421f-e399-4db8-897a-d8ef21b5e0a7,707b6ccf-c9d9-4c1d-97f4-516b572b2f9d,1697663907577222222
6a69421f-e399-4db8-897a-d8ef21b5e0a7,707b6ccf-c9d9-4c1d-97f4-516b572b2f9d,1697663907618711111
6a69421f-e399-4db8-897a-d8ef21b5e0a7,707b6ccf-c9d9-4c1d-97f4-516b572b2f9d,1697663907651177777
6a69421f-e399-4db8-897a-d8ef21b5e0a7,707b6ccf-c9d9-4c1d-97f4-516b572b2f9d,1697663907686977777
6a69421f-e399-4db8-897a-d8ef21b5e0a7,707b6ccf-c9d9-4c1d-97f4-516b572b2f9d,1697663907721533333
6a69421f-e399-4db8-897a-d8ef21b5e0a7,707b6ccf-c9d9-4c1d-97f4-516b572b2f9d,1697663907749666666
6a69421f-e399-4db8-897a-d8ef21b5e0a7,707b6ccf-c9d9-4c1d-97f4-516b572b2f9d,1697663907782688888
6a69421f-e399-4db8-897a-d8ef21b5e0a7,707b6ccf-c9d9-4c1d-97f4-516b572b2f9d,1697663907820444444
6a69421f-e399-4db8-897a-d8ef21b5e0a7,707b6ccf-c9d9-4c1d-97f4-516b572b2f9d,1697663907849777777
6a69421f-e399-4db8-897a-d8ef21b5e0a7,707b6ccf-c9d9-4c1d-97f4-516b572b2f9d,1697663907882511111
6a69421f-e399-4db8-897a-d8ef21b5e0a7,707b6ccf-c9d9-4c1d-97f4-516b572b2f9d,1697663907923933333
6a69421f-e399-4db8-897a-d8ef21b5e0a7,707b6ccf-c9d9-4c1d-97f4-516b572b2f9d,1697663907950144444
6a69421f-e399-4db8-897a-d8ef21b5e0a7,707b6ccf-c9d9-4c1d-97f4-516b572b2f9d,1697663907983666666
6a69421f-e399-4db8-897a-d8ef21b5e0a7,707b6ccf-c9d9-4c1d-97f4-516b572b2f9d,1697663908020555555
6a69421f-e399-4db8-897a-d8ef21b5e0a7,707b6ccf-c9d9-4c1d-97f4-516b572b2f9d,1697663908051277777
6a69421f-e399-4db8-897a-d8ef21b5e0a7,707b6ccf-c9d9-4c1d-97f4-516b572b2f9d,1697663908083677777
6a69421f-e399-4db8-897a-d8ef21b5e0a7,707b6ccf-c9d9-4c1d-97f4-516b572b2f9d,1697663908116044444
6a69421f-e399-4db8-897a-d8ef21b5e0a7,707b6ccf-c9d9-4c1d-97f4-516b572b2f9d,1697663908140177777
6a69421f-e399-4db8-897a-d8ef21b5e0a7,707b6ccf-c9d9-4c1d-97f4-516b572b2f9d,1697663908174655555
6a69421f-e399-4db8-897a-d8ef21b5e0a7,707b6ccf-c9d9-4c1d-97f4-516b572b2f9d,1697663908214477777
6a69421f-e399-4db8-897a-d8ef21b5e0a7,707b6ccf-c9d9-4c1d-97f4-516b572b2f9d,1697663908242244444
6a69421f-e399-4db8-897a-d8ef21b5e0a7,707b6ccf-c9d9-4c1d-97f4-516b572b2f9d,1697663908284655555
6a69421f-e399-4db8-897a-d8ef21b5e0a7,707b6ccf-c9d9-4c1d-97f4-516b572b2f9d,1697663908318544444
6a69421f-e399-4db8-897a-d8ef21b5e0a7,707b6ccf-c9d9-4c1d-97f4-516b572b2f9d,1697663908352055555
6a69421f-e399-4db8-897a-d8ef21b5e0a7,707b6ccf-c9d9-4c1d-97f4-516b572b2f9d,1697663908384544444
6a69421f-e399-4db8-897a-d8ef21b5e0a7,707b6ccf-c9d9-4c1d-97f4-516b572b2f9d,1697663908420211111
6a69421f-e399-4db8-897a-d8ef21b5e0a7,707b6ccf-c9d9-4c1d-97f4-516b572b2f9d,1697663908452466666
6a69421f-e399-4db8-897a-d8ef21b5e0a7,707b6ccf-c9d9-4c1d-97f4-516b572b2f9d,1697663908482800000
6a69421f-e399-4db8-897a-d8ef21b5e0a7,707b6ccf-c9d9-4c1d-97f4-516b572b2f9d,1697663908522200000
6a69421f-e399-4db8-897a-d8ef21b5e0a7,707b6ccf-c9d9-4c1d-97f4-516b572b2f9d,1697663908544666666
6a69421f-e399-4db8-897a-d8ef21b5e0a7,707b6ccf-c9d9-4c1d-97f4-516b572b2f9d,1697663908582877777
6a69421f-e399-4db8-897a-d8ef21b5e0a7,707b6ccf-c9d9-4c1d-97f4-516b572b2f9d,1697663908620088888
6a69421f-e399-4db8-897a-d8ef21b5e0a7,707b6ccf-c9d9-4c1d-97f4-516b572b2f9d,1697663908651366666
6a69421f-e399-4db8-897a-d8ef21b5e0a7,707b6ccf-c9d9-4c1d-97f4-516b572b2f9d,1697663908684622222
6a69421f-e399-4db8-897a-d8ef21b5e0a7,707b6ccf-c9d9-4c1d-97f4-516b572b2f9d,1697663908720355555
6a69421f-e399-4db8-897a-d8ef21b5e0a7,707b6ccf-c9d9-4c1d-97f4-516b572b2f9d,1697663908771288888
6a69421f-e399-4db8-897a-d8ef21b5e0a7,707b6ccf-c9d9-4c1d-97f4-516b572b2f9d,1697663908778133333
6a69421f-e399-4db8-897a-d8ef21b5e0a7,707b6ccf-c9d9-4c1d-97f4-516b572b2f9d,1697663908811400000
6a69421f-e399-4db8-897a-d8ef21b5e0a7,707b6ccf-c9d9-4c1d-97f4-516b572b2f9d,1697663908854022222
6a69421f-e399-4db8-897a-d8ef21b5e0a7,707b6ccf-c9d9-4c1d-97f4-516b572b2f9d,1697663908888066666
6a69421f-e399-4db8-897a-d8ef21b5e0a7,707b6ccf-c9d9-4c1d-97f4-516b572b2f9d,1697663908909555555
6a69421f-e399-4db8-897a-d8ef21b5e0a7,707b6ccf-c9d9-4c1d-97f4-516b572b2f9d,1697663908950322222
6a69421f-e399-4db8-897a-d8ef21b5e0a7,707b6ccf-c9d9-4c1d-97f4-516b572b2f9d,1697663908983044444
6a69421f-e399-4db8-897a-d8ef21b5e0a7,707b6ccf-c9d9-4c1d-97f4-516b572b2f9d,1697663909017600000
6a69421f-e399-4db8-897a-d8ef21b5e0a7,707b6ccf-c9d9-4c1d-97f4-516b572b2f9d,1697663909050111111
6a69421f-e399-4db8-897a-d8ef21b5e0a7,707b6ccf-c9d9-4c1d-97f4-516b572b2f9d,1697663909086999999
6a69421f-e399-4db8-897a-d8ef21b5e0a7,707b6ccf-c9d9-4c1d-97f4-516b572b2f9d,1697663909119566666
6a69421f-e399-4db8-897a-d8ef21b5e0a7,707b6ccf-c9d9-4c1d-97f4-516b572b2f9d,1697663909150744444
6a69421f-e399-4db8-897a-d8ef21b5e0a7,707b6ccf-c9d9-4c1d-97f4-516b572b2f9d,1697663909183677777
6a69421f-e399-4db8-897a-d8ef21b5e0a7,707b6ccf-c9d9-4c1d-97f4-516b572b2f9d,1697663909222922222
6a69421f-e399-4db8-897a-d8ef21b5e0a7,707b6ccf-c9d9-4c1d-97f4-516b572b2f9d,1697663909249599999
6a69421f-e399-4db8-897a-d8ef21b5e0a7,707b6ccf-c9d9-4c1d-97f4-516b572b2f9d,1697663909287144444
6a69421f-e399-4db8-897a-d8ef21b5e0a7,707b6ccf-c9d9-4c1d-97f4-516b572b2f9d,1697663909318211111
6a69421f-e399-4db8-897a-d8ef21b5e0a7,707b6ccf-c9d9-4c1d-97f4-516b572b2f9d,1697663909348244444
6a69421f-e399-4db8-897a-d8ef21b5e0a7,707b6ccf-c9d9-4c1d-97f4-516b572b2f9d,1697663909383444444
6a69421f-e399-4db8-897a-d8ef21b5e0a7,707b6ccf-c9d9-4c1d-97f4-516b572b2f9d,1697663909436699999
6a69421f-e399-4db8-897a-d8ef21b5e0a7,707b6ccf-c9d9-4c1d-97f4-516b572b2f9d,1697663909443600000
6a69421f-e399-4db8-897a-d8ef21b5e0a7,707b6ccf-c9d9-4c1d-97f4-516b572b2f9d,1697663909493411111
6a69421f-e399-4db8-897a-d8ef21b5e0a7,707b6ccf-c9d9-4c1d-97f4-516b572b2f9d,1697663909521711111
6a69421f-e399-4db8-897a-d8ef21b5e0a7,707b6ccf-c9d9-4c1d-97f4-516b572b2f9d,1697663909541155555
6a69421f-e399-4db8-897a-d8ef21b5e0a7,707b6ccf-c9d9-4c1d-97f4-516b572b2f9d,1697663909572755555
6a69421f-e399-4db8-897a-d8ef21b5e0a7,707b6ccf-c9d9-4c1d-97f4-516b572b2f9d,1697663909618933333
6a69421f-e399-4db8-897a-d8ef21b5e0a7,707b6ccf-c9d9-4c1d-97f4-516b572b2f9d,1697663909651544444
6a69421f-e399-4db8-897a-d8ef21b5e0a7,707b6ccf-c9d9-4c1d-97f4-516b572b2f9d,1697663909681066666
6a69421f-e399-4db8-897a-d8ef21b5e0a7,707b6ccf-c9d9-4c1d-97f4-516b572b2f9d,1697663909719422222
6a69421f-e399-4db8-897a-d8ef21b5e0a7,707b6ccf-c9d9-4c1d-97f4-516b572b2f9d,1697663909753900000
6a69421f-e399-4db8-897a-d8ef21b5e0a7,707b6ccf-c9d9-4c1d-97f4-516b572b2f9d,1697663909783577777
6a69421f-e399-4db8-897a-d8ef21b5e0a7,707b6ccf-c9d9-4c1d-97f4-516b572b2f9d,1697663909820266666
6a69421f-e399-4db8-897a-d8ef21b5e0a7,707b6ccf-c9d9-4c1d-97f4-516b572b2f9d,1697663909851777777
6a69421f-e399-4db8-897a-d8ef21b5e0a7,707b6ccf-c9d9-4c1d-97f4-516b572b2f9d,1697663909882577777
6a69421f-e399-4db8-897a-d8ef21b5e0a7,707b6ccf-c9d9-4c1d-97f4-516b572b2f9d,1697663909918488888
6a69421f-e399-4db8-897a-d8ef21b5e0a7,707b6ccf-c9d9-4c1d-97f4-516b572b2f9d,1697663909951466666
6a69421f-e399-4db8-897a-d8ef21b5e0a7,707b6ccf-c9d9-4c1d-97f4-516b572b2f9d,1697663909983311111
6a69421f-e399-4db8-897a-d8ef21b5e0a7,707b6ccf-c9d9-4c1d-97f4-516b572b2f9d,1697663910019366666
6a69421f-e399-4db8-897a-d8ef21b5e0a7,707b6ccf-c9d9-4c1d-97f4-516b572b2f9d,1697663910049955555
6a69421f-e399-4db8-897a-d8ef21b5e0a7,707b6ccf-c9d9-4c1d-97f4-516b572b2f9d,1697663910083777777
6a69421f-e399-4db8-897a-d8ef21b5e0a7,707b6ccf-c9d9-4c1d-97f4-516b572b2f9d,1697663910129411111
6a69421f-e399-4db8-897a-d8ef21b5e0a7,707b6ccf-c9d9-4c1d-97f4-516b572b2f9d,1697663910151211111
6a69421f-e399-4db8-897a-d8ef21b5e0a7,707b6ccf-c9d9-4c1d-97f4-516b572b2f9d,1697663910195811111
6a69421f-e399-4db8-897a-d8ef21b5e0a7,707b6ccf-c9d9-4c1d-97f4-516b572b2f9d,1697663910222111111
6a69421f-e399-4db8-897a-d8ef21b5e0a7,707b6ccf-c9d9-4c1d-97f4-516b572b2f9d,1697663910244211111
6a69421f-e399-4db8-897a-d8ef21b5e0a7,707b6ccf-c9d9-4c1d-97f4-516b572b2f9d,1697663910282066666
6a69421f-e399-4db8-897a-d8ef21b5e0a7,707b6ccf-c9d9-4c1d-97f4-516b572b2f9d,1697663910322755555
6a69421f-e399-4db8-897a-d8ef21b5e0a7,707b6ccf-c9d9-4c1d-97f4-516b572b2f9d,1697663910343399999
6a69421f-e399-4db8-897a-d8ef21b5e0a7,707b6ccf-c9d9-4c1d-97f4-516b572b2f9d,1697663910387266666
6a69421f-e399-4db8-897a-d8ef21b5e0a7,707b6ccf-c9d9-4c1d-97f4-516b572b2f9d,1697663910429522222
6a69421f-e399-4db8-897a-d8ef21b5e0a7,707b6ccf-c9d9-4c1d-97f4-516b572b2f9d,1697663910454022222
6a69421f-e399-4db8-897a-d8ef21b5e0a7,707b6ccf-c9d9-4c1d-97f4-516b572b2f9d,1697663910483588888
6a69421f-e399-4db8-897a-d8ef21b5e0a7,707b6ccf-c9d9-4c1d-97f4-516b572b2f9d,1697663910520888888
6a69421f-e399-4db8-897a-d8ef21b5e0a7,707b6ccf-c9d9-4c1d-97f4-516b572b2f9d,1697663910542833333
6a69421f-e399-4db8-897a-d8ef21b5e0a7,707b6ccf-c9d9-4c1d-97f4-516b572b2f9d,1697663910592966666
6a69421f-e399-4db8-897a-d8ef21b5e0a7,707b6ccf-c9d9-4c1d-97f4-516b572b2f9d,1697663910618522222
6a69421f-e399-4db8-897a-d8ef21b5e0a7,707b6ccf-c9d9-4c1d-97f4-516b572b2f9d,1697663910648677777
6a69421f-e399-4db8-897a-d8ef21b5e0a7,707b6ccf-c9d9-4c1d-97f4-516b572b2f9d,1697663910680977777
6a69421f-e399-4db8-897a-d8ef21b5e0a7,707b6ccf-c9d9-4c1d-97f4-516b572b2f9d,1697663910716999999
6a69421f-e399-4db8-897a-d8ef21b5e0a7,707b6ccf-c9d9-4c1d-97f4-516b572b2f9d,1697663910752044444
6a69421f-e399-4db8-897a-d8ef21b5e0a7,707b6ccf-c9d9-4c1d-97f4-516b572b2f9d,1697663910793522222
6a69421f-e399-4db8-897a-d8ef21b5e0a7,707b6ccf-c9d9-4c1d-97f4-516b572b2f9d,1697663910815144444
6a69421f-e399-4db8-897a-d8ef21b5e0a7,707b6ccf-c9d9-4c1d-97f4-516b572b2f9d,1697663910841344444
6a69421f-e399-4db8-897a-d8ef21b5e0a7,707b6ccf-c9d9-4c1d-97f4-516b572b2f9d,1697663910874077777
6a69421f-e399-4db8-897a-d8ef21b5e0a7,707b6ccf-c9d9-4c1d-97f4-516b572b2f9d,1697663910920288888
6a69421f-e399-4db8-897a-d8ef21b5e0a7,707b6ccf-c9d9-4c1d-97f4-516b572b2f9d,1697663910940555555
6a69421f-e399-4db8-897a-d8ef21b5e0a7,707b6ccf-c9d9-4c1d-97f4-516b572b2f9d,1697663910983388888
6a69421f-e399-4db8-897a-d8ef21b5e0a7,707b6ccf-c9d9-4c1d-97f4-516b572b2f9d,1697663911017566666
6a69421f-e399-4db8-897a-d8ef21b5e0a7,707b6ccf-c9d9-4c1d-97f4-516b572b2f9d,1697663911053422222
6a69421f-e399-4db8-897a-d8ef21b5e0a7,707b6ccf-c9d9-4c1d-97f4-516b572b2f9d,1697663911083822222
6a69421f-e399-4db8-897a-d8ef21b5e0a7,707b6ccf-c9d9-4c1d-97f4-516b572b2f9d,1697663911116511111
6a69421f-e399-4db8-897a-d8ef21b5e0a7,707b6ccf-c9d9-4c1d-97f4-516b572b2f9d,1697663911151377777
6a69421f-e399-4db8-897a-d8ef21b5e0a7,707b6ccf-c9d9-4c1d-97f4-516b572b2f9d,1697663911181922222
6a69421f-e399-4db8-897a-d8ef21b5e0a7,707b6ccf-c9d9-4c1d-97f4-516b572b2f9d,1697663911217700000
6a69421f-e399-4db8-897a-d8ef21b5e0a7,707b6ccf-c9d9-4c1d-97f4-516b572b2f9d,1697663911250044444
6a69421f-e399-4db8-897a-d8ef21b5e0a7,707b6ccf-c9d9-4c1d-97f4-516b572b2f9d,1697663911283655555
6a69421f-e399-4db8-897a-d8ef21b5e0a7,707b6ccf-c9d9-4c1d-97f4-516b572b2f9d,1697663911316288888
6a69421f-e399-4db8-897a-d8ef21b5e0a7,707b6ccf-c9d9-4c1d-97f4-516b572b2f9d,1697663911351733333
6a69421f-e399-4db8-897a-d8ef21b5e0a7,707b6ccf-c9d9-4c1d-97f4-516b572b2f9d,1697663911385600000
6a69421f-e399-4db8-897a-d8ef21b5e0a7,707b6ccf-c9d9-4c1d-97f4-516b572b2f9d,1697663911415188888
6a69421f-e399-4db8-897a-d8ef21b5e0a7,707b6ccf-c9d9-4c1d-97f4-516b572b2f9d,1697663911443355555
6a69421f-e399-4db8-897a-d8ef21b5e0a7,707b6ccf-c9d9-4c1d-97f4-516b572b2f9d,1697663911493222222
6a69421f-e399-4db8-897a-d8ef21b5e0a7,707b6ccf-c9d9-4c1d-97f4-516b572b2f9d,1697663911519566666
6a69421f-e399-4db8-897a-d8ef21b5e0a7,707b6ccf-c9d9-4c1d-97f4-516b572b2f9d,1697663911543400000
6a69421f-e399-4db8-897a-d8ef21b5e0a7,707b6ccf-c9d9-4c1d-97f4-516b572b2f9d,1697663911573722222
6a69421f-e399-4db8-897a-d8ef21b5e0a7,707b6ccf-c9d9-4c1d-97f4-516b572b2f9d,1697663911616222222
6a69421f-e399-4db8-897a-d8ef21b5e0a7,707b6ccf-c9d9-4c1d-97f4-516b572b2f9d,1697663911654877777
6a69421f-e399-4db8-897a-d8ef21b5e0a7,707b6ccf-c9d9-4c1d-97f4-516b572b2f9d,1697663911689411111
6a69421f-e399-4db8-897a-d8ef21b5e0a7,707b6ccf-c9d9-4c1d-97f4-516b572b2f9d,1697663911715788888
6a69421f-e399-4db8-897a-d8ef21b5e0a7,707b6ccf-c9d9-4c1d-97f4-516b572b2f9d,1697663911753344444
6a69421f-e399-4db8-897a-d8ef21b5e0a7,707b6ccf-c9d9-4c1d-97f4-516b572b2f9d,1697663911782088888
6a69421f-e399-4db8-897a-d8ef21b5e0a7,707b6ccf-c9d9-4c1d-97f4-516b572b2f9d,1697663911814899999
6a69421f-e399-4db8-897a-d8ef21b5e0a7,707b6ccf-c9d9-4c1d-97f4-516b572b2f9d,1697663911850888888
6a69421f-e399-4db8-897a-d8ef21b5e0a7,707b6ccf-c9d9-4c1d-97f4-516b572b2f9d,1697663911886222222
6a69421f-e399-4db8-897a-d8ef21b5e0a7,707b6ccf-c9d9-4c1d-97f4-516b572b2f9d,1697663911914111111
6a69421f-e399-4db8-897a-d8ef21b5e0a7,707b6ccf-c9d9-4c1d-97f4-516b572b2f9d,1697663911950400000
6a69421f-e399-4db8-897a-d8ef21b5e0a7,707b6ccf-c9d9-4c1d-97f4-516b572b2f9d,1697663911985033333
6a69421f-e399-4db8-897a-d8ef21b5e0a7,707b6ccf-c9d9-4c1d-97f4-516b572b2f9d,1697663912015766666
6a69421f-e399-4db8-897a-d8ef21b5e0a7,707b6ccf-c9d9-4c1d-97f4-516b572b2f9d,1697663912049522222
6a69421f-e399-4db8-897a-d8ef21b5e0a7,707b6ccf-c9d9-4c1d-97f4-516b572b2f9d,1697663912088144444
6a69421f-e399-4db8-897a-d8ef21b5e0a7,707b6ccf-c9d9-4c1d-97f4-516b572b2f9d,1697663912120088888
6a69421f-e399-4db8-897a-d8ef21b5e0a7,707b6ccf-c9d9-4c1d-97f4-516b572b2f9d,1697663912142855555
6a69421f-e399-4db8-897a-d8ef21b5e0a7,707b6ccf-c9d9-4c1d-97f4-516b572b2f9d,1697663912178911111
6a69421f-e399-4db8-897a-d8ef21b5e0a7,707b6ccf-c9d9-4c1d-97f4-516b572b2f9d,1697663912214622222
6a69421f-e399-4db8-897a-d8ef21b5e0a7,707b6ccf-c9d9-4c1d-97f4-516b572b2f9d,1697663912241499999
6a69421f-e399-4db8-897a-d8ef21b5e0a7,707b6ccf-c9d9-4c1d-97f4-516b572b2f9d,1697663912288077777
6a69421f-e399-4db8-897a-d8ef21b5e0a7,707b6ccf-c9d9-4c1d-97f4-516b572b2f9d,1697663912316155555
6a69421f-e399-4db8-897a-d8ef21b5e0a7,707b6ccf-c9d9-4c1d-97f4-516b572b2f9d,1697663912349644444
6a69421f-e399-4db8-897a-d8ef21b5e0a7,707b6ccf-c9d9-4c1d-97f4-516b572b2f9d,1697663912391600000
6a69421f-e399-4db8-897a-d8ef21b5e0a7,707b6ccf-c9d9-4c1d-97f4-516b572b2f9d,1697663912414677777
6a69421f-e399-4db8-897a-d8ef21b5e0a7,707b6ccf-c9d9-4c1d-97f4-516b572b2f9d,1697663912449822222
6a69421f-e399-4db8-897a-d8ef21b5e0a7,707b6ccf-c9d9-4c1d-97f4-516b572b2f9d,1697663912482244444
6a69421f-e399-4db8-897a-d8ef21b5e0a7,707b6ccf-c9d9-4c1d-97f4-516b572b2f9d,1697663912517477777
6a69421f-e399-4db8-897a-d8ef21b5e0a7,707b6ccf-c9d9-4c1d-97f4-516b572b2f9d,1697663912553766666
6a69421f-e399-4db8-897a-d8ef21b5e0a7,707b6ccf-c9d9-4c1d-97f4-516b572b2f9d,1697663912582499999
6a69421f-e399-4db8-897a-d8ef21b5e0a7,707b6ccf-c9d9-4c1d-97f4-516b572b2f9d,1697663912613988888
6a69421f-e399-4db8-897a-d8ef21b5e0a7,707b6ccf-c9d9-4c1d-97f4-516b572b2f9d,1697663912649944444
6a69421f-e399-4db8-897a-d8ef21b5e0a7,707b6ccf-c9d9-4c1d-97f4-516b572b2f9d,1697663912683211111
6a69421f-e399-4db8-897a-d8ef21b5e0a7,707b6ccf-c9d9-4c1d-97f4-516b572b2f9d,1697663912715766666
6a69421f-e399-4db8-897a-d8ef21b5e0a7,707b6ccf-c9d9-4c1d-97f4-516b572b2f9d,1697663912759255555
6a69421f-e399-4db8-897a-d8ef21b5e0a7,707b6ccf-c9d9-4c1d-97f4-516b572b2f9d,1697663912790411111
6a69421f-e399-4db8-897a-d8ef21b5e0a7,707b6ccf-c9d9-4c1d-97f4-516b572b2f9d,1697663912812122222
6a69421f-e399-4db8-897a-d8ef21b5e0a7,707b6ccf-c9d9-4c1d-97f4-516b572b2f9d,1697663912844388888
6a69421f-e399-4db8-897a-d8ef21b5e0a7,707b6ccf-c9d9-4c1d-97f4-516b572b2f9d,1697663912893244444
6a69421f-e399-4db8-897a-d8ef21b5e0a7,707b6ccf-c9d9-4c1d-97f4-516b572b2f9d,1697663912914744444
6a69421f-e399-4db8-897a-d8ef21b5e0a7,707b6ccf-c9d9-4c1d-97f4-516b572b2f9d,1697663912951522222
6a69421f-e399-4db8-897a-d8ef21b5e0a7,707b6ccf-c9d9-4c1d-97f4-516b572b2f9d,1697663912983688888
6a69421f-e399-4db8-897a-d8ef21b5e0a7,707b6ccf-c9d9-4c1d-97f4-516b572b2f9d,1697663913014922222
6a69421f-e399-4db8-897a-d8ef21b5e0a7,707b6ccf-c9d9-4c1d-97f4-516b572b2f9d,1697663913053688888
6a69421f-e399-4db8-897a-d8ef21b5e0a7,707b6ccf-c9d9-4c1d-97f4-516b572b2f9d,1697663913083966666
6a69421f-e399-4db8-897a-d8ef21b5e0a7,707b6ccf-c9d9-4c1d-97f4-516b572b2f9d,1697663913115200000
6a69421f-e399-4db8-897a-d8ef21b5e0a7,707b6ccf-c9d9-4c1d-97f4-516b572b2f9d,1697663913150333333
6a69421f-e399-4db8-897a-d8ef21b5e0a7,707b6ccf-c9d9-4c1d-97f4-516b572b2f9d,1697663913184077777
6a69421f-e399-4db8-897a-d8ef21b5e0a7,707b6ccf-c9d9-4c1d-97f4-516b572b2f9d,1697663913218555555
6a69421f-e399-4db8-897a-d8ef21b5e0a7,707b6ccf-c9d9-4c1d-97f4-516b572b2f9d,1697663913254677777
6a69421f-e399-4db8-897a-d8ef21b5e0a7,707b6ccf-c9d9-4c1d-97f4-516b572b2f9d,1697663913282144444
6a69421f-e399-4db8-897a-d8ef21b5e0a7,707b6ccf-c9d9-4c1d-97f4-516b572b2f9d,1697663913314311111
6a69421f-e399-4db8-897a-d8ef21b5e0a7,707b6ccf-c9d9-4c1d-97f4-516b572b2f9d,1697663913349888888
6a69421f-e399-4db8-897a-d8ef21b5e0a7,707b6ccf-c9d9-4c1d-97f4-516b572b2f9d,1697663913382511111
6a69421f-e399-4db8-897a-d8ef21b5e0a7,707b6ccf-c9d9-4c1d-97f4-516b572b2f9d,1697663913414177777
6a69421f-e399-4db8-897a-d8ef21b5e0a7,707b6ccf-c9d9-4c1d-97f4-516b572b2f9d,1697663913442611111
6a69421f-e399-4db8-897a-d8ef21b5e0a7,707b6ccf-c9d9-4c1d-97f4-516b572b2f9d,1697663913478688888
6a69421f-e399-4db8-897a-d8ef21b5e0a7,707b6ccf-c9d9-4c1d-97f4-516b572b2f9d,1697663913508877777
6a69421f-e399-4db8-897a-d8ef21b5e0a7,707b6ccf-c9d9-4c1d-97f4-516b572b2f9d,1697663913549533333
6a69421f-e399-4db8-897a-d8ef21b5e0a7,707b6ccf-c9d9-4c1d-97f4-516b572b2f9d,1697663913584000000
6a69421f-e399-4db8-897a-d8ef21b5e0a7,707b6ccf-c9d9-4c1d-97f4-516b572b2f9d,1697663913618477777
6a69421f-e399-4db8-897a-d8ef21b5e0a7,707b6ccf-c9d9-4c1d-97f4-516b572b2f9d,1697663913653422222
6a69421f-e399-4db8-897a-d8ef21b5e0a7,707b6ccf-c9d9-4c1d-97f4-516b572b2f9d,1697663913683111111
6a69421f-e399-4db8-897a-d8ef21b5e0a7,707b6ccf-c9d9-4c1d-97f4-516b572b2f9d,1697663913716266666
6a69421f-e399-4db8-897a-d8ef21b5e0a7,707b6ccf-c9d9-4c1d-97f4-516b572b2f9d,1697663913750366666
6a69421f-e399-4db8-897a-d8ef21b5e0a7,707b6ccf-c9d9-4c1d-97f4-516b572b2f9d,1697663913781122222
6a69421f-e399-4db8-897a-d8ef21b5e0a7,707b6ccf-c9d9-4c1d-97f4-516b572b2f9d,1697663913814188888
6a69421f-e399-4db8-897a-d8ef21b5e0a7,707b6ccf-c9d9-4c1d-97f4-516b572b2f9d,1697663913851422222
6a69421f-e399-4db8-897a-d8ef21b5e0a7,707b6ccf-c9d9-4c1d-97f4-516b572b2f9d,1697663913886477777
6a69421f-e399-4db8-897a-d8ef21b5e0a7,707b6ccf-c9d9-4c1d-97f4-516b572b2f9d,1697663913916411111
6a69421f-e399-4db8-897a-d8ef21b5e0a7,707b6ccf-c9d9-4c1d-97f4-516b572b2f9d,1697663913950699999
6a69421f-e399-4db8-897a-d8ef21b5e0a7,707b6ccf-c9d9-4c1d-97f4-516b572b2f9d,1697663913980888888
6a69421f-e399-4db8-897a-d8ef21b5e0a7,707b6ccf-c9d9-4c1d-97f4-516b572b2f9d,1697663914014844444
6a69421f-e399-4db8-897a-d8ef21b5e0a7,707b6ccf-c9d9-4c1d-97f4-516b572b2f9d,1697663914051111111
6a69421f-e399-4db8-897a-d8ef21b5e0a7,707b6ccf-c9d9-4c1d-97f4-516b572b2f9d,1697663914094566666
6a69421f-e399-4db8-897a-d8ef21b5e0a7,707b6ccf-c9d9-4c1d-97f4-516b572b2f9d,1697663914107377777
6a69421f-e399-4db8-897a-d8ef21b5e0a7,707b6ccf-c9d9-4c1d-97f4-516b572b2f9d,1697663914143000000
6a69421f-e399-4db8-897a-d8ef21b5e0a7,707b6ccf-c9d9-4c1d-97f4-516b572b2f9d,1697663914176155555
6a69421f-e399-4db8-897a-d8ef21b5e0a7,707b6ccf-c9d9-4c1d-97f4-516b572b2f9d,1697663914219788888
6a69421f-e399-4db8-897a-d8ef21b5e0a7,707b6ccf-c9d9-4c1d-97f4-516b572b2f9d,1697663914238722222
6a69421f-e399-4db8-897a-d8ef21b5e0a7,707b6ccf-c9d9-4c1d-97f4-516b572b2f9d,1697663914283688888
6a69421f-e399-4db8-897a-d8ef21b5e0a7,707b6ccf-c9d9-4c1d-97f4-516b572b2f9d,1697663914315544444
6a69421f-e399-4db8-897a-d8ef21b5e0a7,707b6ccf-c9d9-4c1d-97f4-516b572b2f9d,1697663914348966666
6a69421f-e399-4db8-897a-d8ef21b5e0a7,707b6ccf-c9d9-4c1d-97f4-516b572b2f9d,1697663914387244444
6a69421f-e399-4db8-897a-d8ef21b5e0a7,707b6ccf-c9d9-4c1d-97f4-516b572b2f9d,1697663914414566666
6a69421f-e399-4db8-897a-d8ef21b5e0a7,707b6ccf-c9d9-4c1d-97f4-516b572b2f9d,1697663914448288888
6a69421f-e399-4db8-897a-d8ef21b5e0a7,707b6ccf-c9d9-4c1d-97f4-516b572b2f9d,1697663914483700000
6a69421f-e399-4db8-897a-d8ef21b5e0a7,707b6ccf-c9d9-4c1d-97f4-516b572b2f9d,1697663914515533333
6a69421f-e399-4db8-897a-d8ef21b5e0a7,707b6ccf-c9d9-4c1d-97f4-516b572b2f9d,1697663914549755555
6a69421f-e399-4db8-897a-d8ef21b5e0a7,707b6ccf-c9d9-4c1d-97f4-516b572b2f9d,1697663914595288888
6a69421f-e399-4db8-897a-d8ef21b5e0a7,707b6ccf-c9d9-4c1d-97f4-516b572b2f9d,1697663914616477777
6a69421f-e399-4db8-897a-d8ef21b5e0a7,707b6ccf-c9d9-4c1d-97f4-516b572b2f9d,1697663914648166666
6a69421f-e399-4db8-897a-d8ef21b5e0a7,707b6ccf-c9d9-4c1d-97f4-516b572b2f9d,1697663914683588888
6a69421f-e399-4db8-897a-d8ef21b5e0a7,707b6ccf-c9d9-4c1d-97f4-516b572b2f9d,1697663914715622222
6a69421f-e399-4db8-897a-d8ef21b5e0a7,707b6ccf-c9d9-4c1d-97f4-516b572b2f9d,1697663914763400000
6a69421f-e399-4db8-897a-d8ef21b5e0a7,707b6ccf-c9d9-4c1d-97f4-516b572b2f9d,1697663914784233333
6a69421f-e399-4db8-897a-d8ef21b5e0a7,707b6ccf-c9d9-4c1d-97f4-516b572b2f9d,1697663914806333333
6a69421f-e399-4db8-897a-d8ef21b5e0a7,707b6ccf-c9d9-4c1d-97f4-516b572b2f9d,1697663914840577777
6a69421f-e399-4db8-897a-d8ef21b5e0a7,707b6ccf-c9d9-4c1d-97f4-516b572b2f9d,1697663914876444444
6a69421f-e399-4db8-897a-d8ef21b5e0a7,707b6ccf-c9d9-4c1d-97f4-516b572b2f9d,1697663914907633333
6a69421f-e399-4db8-897a-d8ef21b5e0a7,707b6ccf-c9d9-4c1d-97f4-516b572b2f9d,1697663914950744444
6a69421f-e399-4db8-897a-d8ef21b5e0a7,707b6ccf-c9d9-4c1d-97f4-516b572b2f9d,1697663914983222222
6a69421f-e399-4db8-897a-d8ef21b5e0a7,707b6ccf-c9d9-4c1d-97f4-516b572b2f9d,1697663915015822222
6a69421f-e399-4db8-897a-d8ef21b5e0a7,707b6ccf-c9d9-4c1d-97f4-516b572b2f9d,1697663915049555555
6a69421f-e399-4db8-897a-d8ef21b5e0a7,707b6ccf-c9d9-4c1d-97f4-516b572b2f9d,1697663915087066666
6a69421f-e399-4db8-897a-d8ef21b5e0a7,707b6ccf-c9d9-4c1d-97f4-516b572b2f9d,1697663915114800000
6a69421f-e399-4db8-897a-d8ef21b5e0a7,707b6ccf-c9d9-4c1d-97f4-516b572b2f9d,1697663915145944444
6a69421f-e399-4db8-897a-d8ef21b5e0a7,707b6ccf-c9d9-4c1d-97f4-516b572b2f9d,1697663915188522222
6a69421f-e399-4db8-897a-d8ef21b5e0a7,707b6ccf-c9d9-4c1d-97f4-516b572b2f9d,1697663915217766666
6a69421f-e399-4db8-897a-d8ef21b5e0a7,707b6ccf-c9d9-4c1d-97f4-516b572b2f9d,1697663915246444444
6a69421f-e399-4db8-897a-d8ef21b5e0a7,707b6ccf-c9d9-4c1d-97f4-516b572b2f9d,1697663915281711111
6a69421f-e399-4db8-897a-d8ef21b5e0a7,707b6ccf-c9d9-4c1d-97f4-516b572b2f9d,1697663915315077777
6a69421f-e399-4db8-897a-d8ef21b5e0a7,707b6ccf-c9d9-4c1d-97f4-516b572b2f9d,1697663915349311111
6a69421f-e399-4db8-897a-d8ef21b5e0a7,707b6ccf-c9d9-4c1d-97f4-516b572b2f9d,1697663915384522222
6a69421f-e399-4db8-897a-d8ef21b5e0a7,707b6ccf-c9d9-4c1d-97f4-516b572b2f9d,1697663915410366666
6a69421f-e399-4db8-897a-d8ef21b5e0a7,707b6ccf-c9d9-4c1d-97f4-516b572b2f9d,1697663915455800000
6a69421f-e399-4db8-897a-d8ef21b5e0a7,707b6ccf-c9d9-4c1d-97f4-516b572b2f9d,1697663915475188888
6a69421f-e399-4db8-897a-d8ef21b5e0a7,707b6ccf-c9d9-4c1d-97f4-516b572b2f9d,1697663915521244444
6a69421f-e399-4db8-897a-d8ef21b5e0a7,707b6ccf-c9d9-4c1d-97f4-516b572b2f9d,1697663915540077777
6a69421f-e399-4db8-897a-d8ef21b5e0a7,707b6ccf-c9d9-4c1d-97f4-516b572b2f9d,1697663915575733333
6a69421f-e399-4db8-897a-d8ef21b5e0a7,707b6ccf-c9d9-4c1d-97f4-516b572b2f9d,1697663915614333333
6a69421f-e399-4db8-897a-d8ef21b5e0a7,707b6ccf-c9d9-4c1d-97f4-516b572b2f9d,1697663915647077777
6a69421f-e399-4db8-897a-d8ef21b5e0a7,707b6ccf-c9d9-4c1d-97f4-516b572b2f9d,1697663915684511111
6a69421f-e399-4db8-897a-d8ef21b5e0a7,707b6ccf-c9d9-4c1d-97f4-516b572b2f9d,1697663915714177777
6a69421f-e399-4db8-897a-d8ef21b5e0a7,707b6ccf-c9d9-4c1d-97f4-516b572b2f9d,1697663915750366666
6a69421f-e399-4db8-897a-d8ef21b5e0a7,707b6ccf-c9d9-4c1d-97f4-516b572b2f9d,1697663915782866666
6a69421f-e399-4db8-897a-d8ef21b5e0a7,707b6ccf-c9d9-4c1d-97f4-516b572b2f9d,1697663915815366666
6a69421f-e399-4db8-897a-d8ef21b5e0a7,707b6ccf-c9d9-4c1d-97f4-516b572b2f9d,1697663915847255555
6a69421f-e399-4db8-897a-d8ef21b5e0a7,707b6ccf-c9d9-4c1d-97f4-516b572b2f9d,1697663915883900000
6a69421f-e399-4db8-897a-d8ef21b5e0a7,707b6ccf-c9d9-4c1d-97f4-516b572b2f9d,1697663915916188888
6a69421f-e399-4db8-897a-d8ef21b5e0a7,707b6ccf-c9d9-4c1d-97f4-516b572b2f9d,1697663915948622222
6a69421f-e399-4db8-897a-d8ef21b5e0a7,707b6ccf-c9d9-4c1d-97f4-516b572b2f9d,1697663915983711111
6a69421f-e399-4db8-897a-d8ef21b5e0a7,707b6ccf-c9d9-4c1d-97f4-516b572b2f9d,1697663916014822222
6a69421f-e399-4db8-897a-d8ef21b5e0a7,707b6ccf-c9d9-4c1d-97f4-516b572b2f9d,1697663916051688888
6a69421f-e399-4db8-897a-d8ef21b5e0a7,707b6ccf-c9d9-4c1d-97f4-516b572b2f9d,1697663916101200000
6a69421f-e399-4db8-897a-d8ef21b5e0a7,707b6ccf-c9d9-4c1d-97f4-516b572b2f9d,1697663916112455555
6a69421f-e399-4db8-897a-d8ef21b5e0a7,707b6ccf-c9d9-4c1d-97f4-516b572b2f9d,1697663916138944444
6a69421f-e399-4db8-897a-d8ef21b5e0a7,707b6ccf-c9d9-4c1d-97f4-516b572b2f9d,1697663916174255555
6a69421f-e399-4db8-897a-d8ef21b5e0a7,707b6ccf-c9d9-4c1d-97f4-516b572b2f9d,1697663916217355555
6a69421f-e399-4db8-897a-d8ef21b5e0a7,707b6ccf-c9d9-4c1d-97f4-516b572b2f9d,1697663916249877777
6a69421f-e399-4db8-897a-d8ef21b5e0a7,707b6ccf-c9d9-4c1d-97f4-516b572b2f9d,1697663916283711111
6a69421f-e399-4db8-897a-d8ef21b5e0a7,707b6ccf-c9d9-4c1d-97f4-516b572b2f9d,1697663916313899999
6a69421f-e399-4db8-897a-d8ef21b5e0a7,707b6ccf-c9d9-4c1d-97f4-516b572b2f9d,1697663916346155555
6a69421f-e399-4db8-897a-d8ef21b5e0a7,707b6ccf-c9d9-4c1d-97f4-516b572b2f9d,1697663916384055555
6a69421f-e399-4db8-897a-d8ef21b5e0a7,707b6ccf-c9d9-4c1d-97f4-516b572b2f9d,1697663916414322222
6a69421f-e399-4db8-897a-d8ef21b5e0a7,707b6ccf-c9d9-4c1d-97f4-516b572b2f9d,1697663916447766666
6a69421f-e399-4db8-897a-d8ef21b5e0a7,707b6ccf-c9d9-4c1d-97f4-516b572b2f9d,1697663916481855555
6a69421f-e399-4db8-897a-d8ef21b5e0a7,707b6ccf-c9d9-4c1d-97f4-516b572b2f9d,1697663916514200000
6a69421f-e399-4db8-897a-d8ef21b5e0a7,707b6ccf-c9d9-4c1d-97f4-516b572b2f9d,1697663916550322222
6a69421f-e399-4db8-897a-d8ef21b5e0a7,707b6ccf-c9d9-4c1d-97f4-516b572b2f9d,1697663916582788888
6a69421f-e399-4db8-897a-d8ef21b5e0a7,707b6ccf-c9d9-4c1d-97f4-516b572b2f9d,1697663916614677777
6a69421f-e399-4db8-897a-d8ef21b5e0a7,707b6ccf-c9d9-4c1d-97f4-516b572b2f9d,1697663916648622222
6a69421f-e399-4db8-897a-d8ef21b5e0a7,707b6ccf-c9d9-4c1d-97f4-516b572b2f9d,1697663916689766666
6a69421f-e399-4db8-897a-d8ef21b5e0a7,707b6ccf-c9d9-4c1d-97f4-516b572b2f9d,1697663916725111111
6a69421f-e399-4db8-897a-d8ef21b5e0a7,707b6ccf-c9d9-4c1d-97f4-516b572b2f9d,1697663916740888888
6a69421f-e399-4db8-897a-d8ef21b5e0a7,707b6ccf-c9d9-4c1d-97f4-516b572b2f9d,1697663916774833333
6a69421f-e399-4db8-897a-d8ef21b5e0a7,707b6ccf-c9d9-4c1d-97f4-516b572b2f9d,1697663916807300000
6a69421f-e399-4db8-897a-d8ef21b5e0a7,707b6ccf-c9d9-4c1d-97f4-516b572b2f9d,1697663916857944444
6a69421f-e399-4db8-897a-d8ef21b5e0a7,707b6ccf-c9d9-4c1d-97f4-516b572b2f9d,1697663916873244444
6a69421f-e399-4db8-897a-d8ef21b5e0a7,707b6ccf-c9d9-4c1d-97f4-516b572b2f9d,1697663916915255555
6a69421f-e399-4db8-897a-d8ef21b5e0a7,707b6ccf-c9d9-4c1d-97f4-516b572b2f9d,1697663916946244444
6a69421f-e399-4db8-897a-d8ef21b5e0a7,707b6ccf-c9d9-4c1d-97f4-516b572b2f9d,1697663916982955555
6a69421f-e399-4db8-897a-d8ef21b5e0a7,707b6ccf-c9d9-4c1d-97f4-516b572b2f9d,1697663917014966666
6a69421f-e399-4db8-897a-d8ef21b5e0a7,707b6ccf-c9d9-4c1d-97f4-516b572b2f9d,1697663917046544444
6a69421f-e399-4db8-897a-d8ef21b5e0a7,707b6ccf-c9d9-4c1d-97f4-516b572b2f9d,1697663917087033333
6a69421f-e399-4db8-897a-d8ef21b5e0a7,707b6ccf-c9d9-4c1d-97f4-516b572b2f9d,1697663917115222222
6a69421f-e399-4db8-897a-d8ef21b5e0a7,707b6ccf-c9d9-4c1d-97f4-516b572b2f9d,1697663917147422222
6a69421f-e399-4db8-897a-d8ef21b5e0a7,707b6ccf-c9d9-4c1d-97f4-516b572b2f9d,1697663917186933333
6a69421f-e399-4db8-897a-d8ef21b5e0a7,707b6ccf-c9d9-4c1d-97f4-516b572b2f9d,1697663917216044444
6a69421f-e399-4db8-897a-d8ef21b5e0a7,707b6ccf-c9d9-4c1d-97f4-516b572b2f9d,1697663917251911111
6a69421f-e399-4db8-897a-d8ef21b5e0a7,707b6ccf-c9d9-4c1d-97f4-516b572b2f9d,1697663917286211111
6a69421f-e399-4db8-897a-d8ef21b5e0a7,707b6ccf-c9d9-4c1d-97f4-516b572b2f9d,1697663917317044444
6a69421f-e399-4db8-897a-d8ef21b5e0a7,707b6ccf-c9d9-4c1d-97f4-516b572b2f9d,1697663917350377777
6a69421f-e399-4db8-897a-d8ef21b5e0a7,707b6ccf-c9d9-4c1d-97f4-516b572b2f9d,1697663917397877777
6a69421f-e399-4db8-897a-d8ef21b5e0a7,707b6ccf-c9d9-4c1d-97f4-516b572b2f9d,1697663917409233333
6a69421f-e399-4db8-897a-d8ef21b5e0a7,707b6ccf-c9d9-4c1d-97f4-516b572b2f9d,1697663917439233333
6a69421f-e399-4db8-897a-d8ef21b5e0a7,707b6ccf-c9d9-4c1d-97f4-516b572b2f9d,1697663917471411111
6a69421f-e399-4db8-897a-d8ef21b5e0a7,707b6ccf-c9d9-4c1d-97f4-516b572b2f9d,1697663917511188888
6a69421f-e399-4db8-897a-d8ef21b5e0a7,707b6ccf-c9d9-4c1d-97f4-516b572b2f9d,1697663917545177777
6a69421f-e399-4db8-897a-d8ef21b5e0a7,707b6ccf-c9d9-4c1d-97f4-516b572b2f9d,1697663917579677777
6a69421f-e399-4db8-897a-d8ef21b5e0a7,707b6ccf-c9d9-4c1d-97f4-516b572b2f9d,1697663917612655555
6a69421f-e399-4db8-897a-d8ef21b5e0a7,707b6ccf-c9d9-4c1d-97f4-516b572b2f9d,1697663917647211111
6a69421f-e399-4db8-897a-d8ef21b5e0a7,707b6ccf-c9d9-4c1d-97f4-516b572b2f9d,1697663917677633333
6a69421f-e399-4db8-897a-d8ef21b5e0a7,707b6ccf-c9d9-4c1d-97f4-516b572b2f9d,1697663917716677777
6a69421f-e399-4db8-897a-d8ef21b5e0a7,707b6ccf-c9d9-4c1d-97f4-516b572b2f9d,1697663917748711111
6a69421f-e399-4db8-897a-d8ef21b5e0a7,707b6ccf-c9d9-4c1d-97f4-516b572b2f9d,1697663917778011111
6a69421f-e399-4db8-897a-d8ef21b5e0a7,707b6ccf-c9d9-4c1d-97f4-516b572b2f9d,1697663917816566666
6a69421f-e399-4db8-897a-d8ef21b5e0a7,707b6ccf-c9d9-4c1d-97f4-516b572b2f9d,1697663917848033333
6a69421f-e399-4db8-897a-d8ef21b5e0a7,707b6ccf-c9d9-4c1d-97f4-516b572b2f9d,1697663917882200000
6a69421f-e399-4db8-897a-d8ef21b5e0a7,707b6ccf-c9d9-4c1d-97f4-516b572b2f9d,1697663917918444444
6a69421f-e399-4db8-897a-d8ef21b5e0a7,707b6ccf-c9d9-4c1d-97f4-516b572b2f9d,1697663917947644444
6a69421f-e399-4db8-897a-d8ef21b5e0a7,707b6ccf-c9d9-4c1d-97f4-516b572b2f9d,1697663917981411111
6a69421f-e399-4db8-897a-d8ef21b5e0a7,707b6ccf-c9d9-4c1d-97f4-516b572b2f9d,1697663918015988888
6a69421f-e399-4db8-897a-d8ef21b5e0a7,707b6ccf-c9d9-4c1d-97f4-516b572b2f9d,1697663918066622222
6a69421f-e399-4db8-897a-d8ef21b5e0a7,707b6ccf-c9d9-4c1d-97f4-516b572b2f9d,1697663918077722222
6a69421f-e399-4db8-897a-d8ef21b5e0a7,707b6ccf-c9d9-4c1d-97f4-516b572b2f9d,1697663918111244444
6a69421f-e399-4db8-897a-d8ef21b5e0a7,707b6ccf-c9d9-4c1d-97f4-516b572b2f9d,1697663918142611111
6a69421f-e399-4db8-897a-d8ef21b5e0a7,707b6ccf-c9d9-4c1d-97f4-516b572b2f9d,1697663918183322222
6a69421f-e399-4db8-897a-d8ef21b5e0a7,707b6ccf-c9d9-4c1d-97f4-516b572b2f9d,1697663918206077777
6a69421f-e399-4db8-897a-d8ef21b5e0a7,707b6ccf-c9d9-4c1d-97f4-516b572b2f9d,1697663918250411111
6a69421f-e399-4db8-897a-d8ef21b5e0a7,707b6ccf-c9d9-4c1d-97f4-516b572b2f9d,1697663918278944444
6a69421f-e399-4db8-897a-d8ef21b5e0a7,707b6ccf-c9d9-4c1d-97f4-516b572b2f9d,1697663918316199999
6a69421f-e399-4db8-897a-d8ef21b5e0a7,707b6ccf-c9d9-4c1d-97f4-516b572b2f9d,1697663918345522222
6a69421f-e399-4db8-897a-d8ef21b5e0a7,707b6ccf-c9d9-4c1d-97f4-516b572b2f9d,1697663918379055555
6a69421f-e399-4db8-897a-d8ef21b5e0a7,707b6ccf-c9d9-4c1d-97f4-516b572b2f9d,1697663918415966666
6a69421f-e399-4db8-897a-d8ef21b5e0a7,707b6ccf-c9d9-4c1d-97f4-516b572b2f9d,1697663918448344444
6a69421f-e399-4db8-897a-d8ef21b5e0a7,707b6ccf-c9d9-4c1d-97f4-516b572b2f9d,1697663918483788888
6a69421f-e399-4db8-897a-d8ef21b5e0a7,707b6ccf-c9d9-4c1d-97f4-516b572b2f9d,1697663918516799999
6a69421f-e399-4db8-897a-d8ef21b5e0a7,707b6ccf-c9d9-4c1d-97f4-516b572b2f9d,1697663918547766666
6a69421f-e399-4db8-897a-d8ef21b5e0a7,707b6ccf-c9d9-4c1d-97f4-516b572b2f9d,1697663918581888888
6a69421f-e399-4db8-897a-d8ef21b5e0a7,707b6ccf-c9d9-4c1d-97f4-516b572b2f9d,1697663918616122222
6a69421f-e399-4db8-897a-d8ef21b5e0a7,707b6ccf-c9d9-4c1d-97f4-516b572b2f9d,1697663918650111111
6a69421f-e399-4db8-897a-d8ef21b5e0a7,707b6ccf-c9d9-4c1d-97f4-516b572b2f9d,1697663918685466666
6a69421f-e399-4db8-897a-d8ef21b5e0a7,707b6ccf-c9d9-4c1d-97f4-516b572b2f9d,1697663918710822222
6a69421f-e399-4db8-897a-d8ef21b5e0a7,707b6ccf-c9d9-4c1d-97f4-516b572b2f9d,1697663918740744444
6a69421f-e399-4db8-897a-d8ef21b5e0a7,707b6ccf-c9d9-4c1d-97f4-516b572b2f9d,1697663918771255555
6a69421f-e399-4db8-897a-d8ef21b5e0a7,707b6ccf-c9d9-4c1d-97f4-516b572b2f9d,1697663918810155555
6a69421f-e399-4db8-897a-d8ef21b5e0a7,707b6ccf-c9d9-4c1d-97f4-516b572b2f9d,1697663918841088888
6a69421f-e399-4db8-897a-d8ef21b5e0a7,707b6ccf-c9d9-4c1d-97f4-516b572b2f9d,1697663918869966666
6a69421f-e399-4db8-897a-d8ef21b5e0a7,707b6ccf-c9d9-4c1d-97f4-516b572b2f9d,1697663918915366666
6a69421f-e399-4db8-897a-d8ef21b5e0a7,707b6ccf-c9d9-4c1d-97f4-516b572b2f9d,1697663918945433333
6a69421f-e399-4db8-897a-d8ef21b5e0a7,707b6ccf-c9d9-4c1d-97f4-516b572b2f9d,1697663918978333333
6a69421f-e399-4db8-897a-d8ef21b5e0a7,707b6ccf-c9d9-4c1d-97f4-516b572b2f9d,1697663919015711111
6a69421f-e399-4db8-897a-d8ef21b5e0a7,707b6ccf-c9d9-4c1d-97f4-516b572b2f9d,1697663919047055555
6a69421f-e399-4db8-897a-d8ef21b5e0a7,707b6ccf-c9d9-4c1d-97f4-516b572b2f9d,1697663919080033333
6a69421f-e399-4db8-897a-d8ef21b5e0a7,707b6ccf-c9d9-4c1d-97f4-516b572b2f9d,1697663919115288888
6a69421f-e399-4db8-897a-d8ef21b5e0a7,707b6ccf-c9d9-4c1d-97f4-516b572b2f9d,1697663919149233333
6a69421f-e399-4db8-897a-d8ef21b5e0a7,707b6ccf-c9d9-4c1d-97f4-516b572b2f9d,1697663919179722222
6a69421f-e399-4db8-897a-d8ef21b5e0a7,707b6ccf-c9d9-4c1d-97f4-516b572b2f9d,1697663919212188888
6a69421f-e399-4db8-897a-d8ef21b5e0a7,707b6ccf-c9d9-4c1d-97f4-516b572b2f9d,1697663919247744444
6a69421f-e399-4db8-897a-d8ef21b5e0a7,707b6ccf-c9d9-4c1d-97f4-516b572b2f9d,1697663919278766666
6a69421f-e399-4db8-897a-d8ef21b5e0a7,707b6ccf-c9d9-4c1d-97f4-516b572b2f9d,1697663919315211111
6a69421f-e399-4db8-897a-d8ef21b5e0a7,707b6ccf-c9d9-4c1d-97f4-516b572b2f9d,1697663919349911111
6a69421f-e399-4db8-897a-d8ef21b5e0a7,707b6ccf-c9d9-4c1d-97f4-516b572b2f9d,1697663919391300000
6a69421f-e399-4db8-897a-d8ef21b5e0a7,707b6ccf-c9d9-4c1d-97f4-516b572b2f9d,1697663919412244444
6a69421f-e399-4db8-897a-d8ef21b5e0a7,707b6ccf-c9d9-4c1d-97f4-516b572b2f9d,1697663919438877777
6a69421f-e399-4db8-897a-d8ef21b5e0a7,707b6ccf-c9d9-4c1d-97f4-516b572b2f9d,1697663919483655555
6a69421f-e399-4db8-897a-d8ef21b5e0a7,707b6ccf-c9d9-4c1d-97f4-516b572b2f9d,1697663919510077777
6a69421f-e399-4db8-897a-d8ef21b5e0a7,707b6ccf-c9d9-4c1d-97f4-516b572b2f9d,1697663919550255555
6a69421f-e399-4db8-897a-d8ef21b5e0a7,707b6ccf-c9d9-4c1d-97f4-516b572b2f9d,1697663919578144444
6a69421f-e399-4db8-897a-d8ef21b5e0a7,707b6ccf-c9d9-4c1d-97f4-516b572b2f9d,1697663919614111111
6a69421f-e399-4db8-897a-d8ef21b5e0a7,707b6ccf-c9d9-4c1d-97f4-516b572b2f9d,1697663919648055555
6a69421f-e399-4db8-897a-d8ef21b5e0a7,707b6ccf-c9d9-4c1d-97f4-516b572b2f9d,1697663919678622222
6a69421f-e399-4db8-897a-d8ef21b5e0a7,707b6ccf-c9d9-4c1d-97f4-516b572b2f9d,1697663919715011111
6a69421f-e399-4db8-897a-d8ef21b5e0a7,707b6ccf-c9d9-4c1d-97f4-516b572b2f9d,1697663919748766666
6a69421f-e399-4db8-897a-d8ef21b5e0a7,707b6ccf-c9d9-4c1d-97f4-516b572b2f9d,1697663919779511111
6a69421f-e399-4db8-897a-d8ef21b5e0a7,707b6ccf-c9d9-4c1d-97f4-516b572b2f9d,1697663919815488888
6a69421f-e399-4db8-897a-d8ef21b5e0a7,707b6ccf-c9d9-4c1d-97f4-516b572b2f9d,1697663919845933333
6a69421f-e399-4db8-897a-d8ef21b5e0a7,707b6ccf-c9d9-4c1d-97f4-516b572b2f9d,1697663919880833333
6a69421f-e399-4db8-897a-d8ef21b5e0a7,707b6ccf-c9d9-4c1d-97f4-516b572b2f9d,1697663919914911111
6a69421f-e399-4db8-897a-d8ef21b5e0a7,707b6ccf-c9d9-4c1d-97f4-516b572b2f9d,1697663919949522222
6a69421f-e399-4db8-897a-d8ef21b5e0a7,707b6ccf-c9d9-4c1d-97f4-516b572b2f9d,1697663919981166666
6a69421f-e399-4db8-897a-d8ef21b5e0a7,707b6ccf-c9d9-4c1d-97f4-516b572b2f9d,1697663920016277777
6a69421f-e399-4db8-897a-d8ef21b5e0a7,707b6ccf-c9d9-4c1d-97f4-516b572b2f9d,1697663920041833333
6a69421f-e399-4db8-897a-d8ef21b5e0a7,707b6ccf-c9d9-4c1d-97f4-516b572b2f9d,1697663920075822222
6a69421f-e399-4db8-897a-d8ef21b5e0a7,707b6ccf-c9d9-4c1d-97f4-516b572b2f9d,1697663920109966666
6a69421f-e399-4db8-897a-d8ef21b5e0a7,707b6ccf-c9d9-4c1d-97f4-516b572b2f9d,1697663920142422222
6a69421f-e399-4db8-897a-d8ef21b5e0a7,707b6ccf-c9d9-4c1d-97f4-516b572b2f9d,1697663920171177777
6a69421f-e399-4db8-897a-d8ef21b5e0a7,707b6ccf-c9d9-4c1d-97f4-516b572b2f9d,1697663920215666666
6a69421f-e399-4db8-897a-d8ef21b5e0a7,707b6ccf-c9d9-4c1d-97f4-516b572b2f9d,1697663920249222222
6a69421f-e399-4db8-897a-d8ef21b5e0a7,707b6ccf-c9d9-4c1d-97f4-516b572b2f9d,1697663920280655555
6a69421f-e399-4db8-897a-d8ef21b5e0a7,707b6ccf-c9d9-4c1d-97f4-516b572b2f9d,1697663920311644444
6a69421f-e399-4db8-897a-d8ef21b5e0a7,707b6ccf-c9d9-4c1d-97f4-516b572b2f9d,1697663920350344444
6a69421f-e399-4db8-897a-d8ef21b5e0a7,707b6ccf-c9d9-4c1d-97f4-516b572b2f9d,1697663920380466666
6a69421f-e399-4db8-897a-d8ef21b5e0a7,707b6ccf-c9d9-4c1d-97f4-516b572b2f9d,1697663920414877777
6a69421f-e399-4db8-897a-d8ef21b5e0a7,707b6ccf-c9d9-4c1d-97f4-516b572b2f9d,1697663920447077777
6a69421f-e399-4db8-897a-d8ef21b5e0a7,707b6ccf-c9d9-4c1d-97f4-516b572b2f9d,1697663920478677777
6a69421f-e399-4db8-897a-d8ef21b5e0a7,707b6ccf-c9d9-4c1d-97f4-516b572b2f9d,1697663920515377777
6a69421f-e399-4db8-897a-d8ef21b5e0a7,707b6ccf-c9d9-4c1d-97f4-516b572b2f9d,1697663920545444444
6a69421f-e399-4db8-897a-d8ef21b5e0a7,707b6ccf-c9d9-4c1d-97f4-516b572b2f9d,1697663920580344444
6a69421f-e399-4db8-897a-d8ef21b5e0a7,707b6ccf-c9d9-4c1d-97f4-516b572b2f9d,1697663920615122222
6a69421f-e399-4db8-897a-d8ef21b5e0a7,707b6ccf-c9d9-4c1d-97f4-516b572b2f9d,1697663920650188888
6a69421f-e399-4db8-897a-d8ef21b5e0a7,707b6ccf-c9d9-4c1d-97f4-516b572b2f9d,1697663920683822222
6a69421f-e399-4db8-897a-d8ef21b5e0a7,707b6ccf-c9d9-4c1d-97f4-516b572b2f9d,1697663920721188888
6a69421f-e399-4db8-897a-d8ef21b5e0a7,707b6ccf-c9d9-4c1d-97f4-516b572b2f9d,1697663920741777777
6a69421f-e399-4db8-897a-d8ef21b5e0a7,707b6ccf-c9d9-4c1d-97f4-516b572b2f9d,1697663920773866666
6a69421f-e399-4db8-897a-d8ef21b5e0a7,707b6ccf-c9d9-4c1d-97f4-516b572b2f9d,1697663920802977777
6a69421f-e399-4db8-897a-d8ef21b5e0a7,707b6ccf-c9d9-4c1d-97f4-516b572b2f9d,1697663920852566666
6a69421f-e399-4db8-897a-d8ef21b5e0a7,707b6ccf-c9d9-4c1d-97f4-516b572b2f9d,1697663920880544444
6a69421f-e399-4db8-897a-d8ef21b5e0a7,707b6ccf-c9d9-4c1d-97f4-516b572b2f9d,1697663920904544444
6a69421f-e399-4db8-897a-d8ef21b5e0a7,707b6ccf-c9d9-4c1d-97f4-516b572b2f9d,1697663920949555555
6a69421f-e399-4db8-897a-d8ef21b5e0a7,707b6ccf-c9d9-4c1d-97f4-516b572b2f9d,1697663920980588888
6a69421f-e399-4db8-897a-d8ef21b5e0a7,707b6ccf-c9d9-4c1d-97f4-516b572b2f9d,1697663921013500000
6a69421f-e399-4db8-897a-d8ef21b5e0a7,707b6ccf-c9d9-4c1d-97f4-516b572b2f9d,1697663921050855555
6a69421f-e399-4db8-897a-d8ef21b5e0a7,707b6ccf-c9d9-4c1d-97f4-516b572b2f9d,1697663921078211111
6a69421f-e399-4db8-897a-d8ef21b5e0a7,707b6ccf-c9d9-4c1d-97f4-516b572b2f9d,1697663921113644444
6a69421f-e399-4db8-897a-d8ef21b5e0a7,707b6ccf-c9d9-4c1d-97f4-516b572b2f9d,1697663921148988888
6a69421f-e399-4db8-897a-d8ef21b5e0a7,707b6ccf-c9d9-4c1d-97f4-516b572b2f9d,1697663921177855555
6a69421f-e399-4db8-897a-d8ef21b5e0a7,707b6ccf-c9d9-4c1d-97f4-516b572b2f9d,1697663921210711111
6a69421f-e399-4db8-897a-d8ef21b5e0a7,707b6ccf-c9d9-4c1d-97f4-516b572b2f9d,1697663921249766666
6a69421f-e399-4db8-897a-d8ef21b5e0a7,707b6ccf-c9d9-4c1d-97f4-516b572b2f9d,1697663921279422222
6a69421f-e399-4db8-897a-d8ef21b5e0a7,707b6ccf-c9d9-4c1d-97f4-516b572b2f9d,1697663921309200000
6a69421f-e399-4db8-897a-d8ef21b5e0a7,707b6ccf-c9d9-4c1d-97f4-516b572b2f9d,1697663921362077777
6a69421f-e399-4db8-897a-d8ef21b5e0a7,707b6ccf-c9d9-4c1d-97f4-516b572b2f9d,1697663921376066666
6a69421f-e399-4db8-897a-d8ef21b5e0a7,707b6ccf-c9d9-4c1d-97f4-516b572b2f9d,1697663921404100000
6a69421f-e399-4db8-897a-d8ef21b5e0a7,707b6ccf-c9d9-4c1d-97f4-516b572b2f9d,1697663921455266666
6a69421f-e399-4db8-897a-d8ef21b5e0a7,707b6ccf-c9d9-4c1d-97f4-516b572b2f9d,1697663921473477777
6a69421f-e399-4db8-897a-d8ef21b5e0a7,707b6ccf-c9d9-4c1d-97f4-516b572b2f9d,1697663921503422222
6a69421f-e399-4db8-897a-d8ef21b5e0a7,707b6ccf-c9d9-4c1d-97f4-516b572b2f9d,1697663921547955555
6a69421f-e399-4db8-897a-d8ef21b5e0a7,707b6ccf-c9d9-4c1d-97f4-516b572b2f9d,1697663921579044444
6a69421f-e399-4db8-897a-d8ef21b5e0a7,707b6ccf-c9d9-4c1d-97f4-516b572b2f9d,1697663921610611111
6a69421f-e399-4db8-897a-d8ef21b5e0a7,707b6ccf-c9d9-4c1d-97f4-516b572b2f9d,1697663921646566666
6a69421f-e399-4db8-897a-d8ef21b5e0a7,707b6ccf-c9d9-4c1d-97f4-516b572b2f9d,1697663921680122222
6a69421f-e399-4db8-897a-d8ef21b5e0a7,707b6ccf-c9d9-4c1d-97f4-516b572b2f9d,1697663921712444444
6a69421f-e399-4db8-897a-d8ef21b5e0a7,707b6ccf-c9d9-4c1d-97f4-516b572b2f9d,1697663921749800000
6a69421f-e399-4db8-897a-d8ef21b5e0a7,707b6ccf-c9d9-4c1d-97f4-516b572b2f9d,1697663921783311111
6a69421f-e399-4db8-897a-d8ef21b5e0a7,707b6ccf-c9d9-4c1d-97f4-516b572b2f9d,1697663921811466666
6a69421f-e399-4db8-897a-d8ef21b5e0a7,707b6ccf-c9d9-4c1d-97f4-516b572b2f9d,1697663921846544444
6a69421f-e399-4db8-897a-d8ef21b5e0a7,707b6ccf-c9d9-4c1d-97f4-516b572b2f9d,1697663921877466666
6a69421f-e399-4db8-897a-d8ef21b5e0a7,707b6ccf-c9d9-4c1d-97f4-516b572b2f9d,1697663921912122222
6a69421f-e399-4db8-897a-d8ef21b5e0a7,707b6ccf-c9d9-4c1d-97f4-516b572b2f9d,1697663921951311111
6a69421f-e399-4db8-897a-d8ef21b5e0a7,707b6ccf-c9d9-4c1d-97f4-516b572b2f9d,1697663921979511111
6a69421f-e399-4db8-897a-d8ef21b5e0a7,707b6ccf-c9d9-4c1d-97f4-516b572b2f9d,1697663922015500000
6a69421f-e399-4db8-897a-d8ef21b5e0a7,707b6ccf-c9d9-4c1d-97f4-516b572b2f9d,1697663922039166666
6a69421f-e399-4db8-897a-d8ef21b5e0a7,707b6ccf-c9d9-4c1d-97f4-516b572b2f9d,1697663922078288888
6a69421f-e399-4db8-897a-d8ef21b5e0a7,707b6ccf-c9d9-4c1d-97f4-516b572b2f9d,1697663922107155555
6a69421f-e399-4db8-897a-d8ef21b5e0a7,707b6ccf-c9d9-4c1d-97f4-516b572b2f9d,1697663922152755555
6a69421f-e399-4db8-897a-d8ef21b5e0a7,707b6ccf-c9d9-4c1d-97f4-516b572b2f9d,1697663922172911111
6a69421f-e399-4db8-897a-d8ef21b5e0a7,707b6ccf-c9d9-4c1d-97f4-516b572b2f9d,1697663922214166666
6a69421f-e399-4db8-897a-d8ef21b5e0a7,707b6ccf-c9d9-4c1d-97f4-516b572b2f9d,1697663922247955555
6a69421f-e399-4db8-897a-d8ef21b5e0a7,707b6ccf-c9d9-4c1d-97f4-516b572b2f9d,1697663922282266666
6a69421f-e399-4db8-897a-d8ef21b5e0a7,707b6ccf-c9d9-4c1d-97f4-516b572b2f9d,1697663922305322222
6a69421f-e399-4db8-897a-d8ef21b5e0a7,707b6ccf-c9d9-4c1d-97f4-516b572b2f9d,1697663922349833333
6a69421f-e399-4db8-897a-d8ef21b5e0a7,707b6ccf-c9d9-4c1d-97f4-516b572b2f9d,1697663922379822222
6a69421f-e399-4db8-897a-d8ef21b5e0a7,707b6ccf-c9d9-4c1d-97f4-516b572b2f9d,1697663922405655555
6a69421f-e399-4db8-897a-d8ef21b5e0a7,707b6ccf-c9d9-4c1d-97f4-516b572b2f9d,1697663922446611111
6a69421f-e399-4db8-897a-d8ef21b5e0a7,707b6ccf-c9d9-4c1d-97f4-516b572b2f9d,1697663922478688888
6a69421f-e399-4db8-897a-d8ef21b5e0a7,707b6ccf-c9d9-4c1d-97f4-516b572b2f9d,1697663922512211111
6a69421f-e399-4db8-897a-d8ef21b5e0a7,707b6ccf-c9d9-4c1d-97f4-516b572b2f9d,1697663922549200000
6a69421f-e399-4db8-897a-d8ef21b5e0a7,707b6ccf-c9d9-4c1d-97f4-516b572b2f9d,1697663922577600000
6a69421f-e399-4db8-897a-d8ef21b5e0a7,707b6ccf-c9d9-4c1d-97f4-516b572b2f9d,1697663922611188888
6a69421f-e399-4db8-897a-d8ef21b5e0a7,707b6ccf-c9d9-4c1d-97f4-516b572b2f9d,1697663922649588888
6a69421f-e399-4db8-897a-d8ef21b5e0a7,707b6ccf-c9d9-4c1d-97f4-516b572b2f9d,1697663922685177777
6a69421f-e399-4db8-897a-d8ef21b5e0a7,707b6ccf-c9d9-4c1d-97f4-516b572b2f9d,1697663922711033333
6a69421f-e399-4db8-897a-d8ef21b5e0a7,707b6ccf-c9d9-4c1d-97f4-516b572b2f9d,1697663922740355555
6a69421f-e399-4db8-897a-d8ef21b5e0a7,707b6ccf-c9d9-4c1d-97f4-516b572b2f9d,1697663922786122222
6a69421f-e399-4db8-897a-d8ef21b5e0a7,707b6ccf-c9d9-4c1d-97f4-516b572b2f9d,1697663922806566666
6a69421f-e399-4db8-897a-d8ef21b5e0a7,707b6ccf-c9d9-4c1d-97f4-516b572b2f9d,1697663922838266666
6a69421f-e399-4db8-897a-d8ef21b5e0a7,707b6ccf-c9d9-4c1d-97f4-516b572b2f9d,1697663922886377777
6a69421f-e399-4db8-897a-d8ef21b5e0a7,707b6ccf-c9d9-4c1d-97f4-516b572b2f9d,1697663922911577777
6a69421f-e399-4db8-897a-d8ef21b5e0a7,707b6ccf-c9d9-4c1d-97f4-516b572b2f9d,1697663922951300000
6a69421f-e399-4db8-897a-d8ef21b5e0a7,707b6ccf-c9d9-4c1d-97f4-516b572b2f9d,1697663922978055555
6a69421f-e399-4db8-897a-d8ef21b5e0a7,707b6ccf-c9d9-4c1d-97f4-516b572b2f9d,1697663923012766666
6a69421f-e399-4db8-897a-d8ef21b5e0a7,707b6ccf-c9d9-4c1d-97f4-516b572b2f9d,1697663923051300000
6a69421f-e399-4db8-897a-d8ef21b5e0a7,707b6ccf-c9d9-4c1d-97f4-516b572b2f9d,1697663923078255555
6a69421f-e399-4db8-897a-d8ef21b5e0a7,707b6ccf-c9d9-4c1d-97f4-516b572b2f9d,1697663923112266666
6a69421f-e399-4db8-897a-d8ef21b5e0a7,707b6ccf-c9d9-4c1d-97f4-516b572b2f9d,1697663923147200000
6a69421f-e399-4db8-897a-d8ef21b5e0a7,707b6ccf-c9d9-4c1d-97f4-516b572b2f9d,1697663923178766666
6a69421f-e399-4db8-897a-d8ef21b5e0a7,707b6ccf-c9d9-4c1d-97f4-516b572b2f9d,1697663923211677777
6a69421f-e399-4db8-897a-d8ef21b5e0a7,707b6ccf-c9d9-4c1d-97f4-516b572b2f9d,1697663923247944444
6a69421f-e399-4db8-897a-d8ef21b5e0a7,707b6ccf-c9d9-4c1d-97f4-516b572b2f9d,1697663923280488888
6a69421f-e399-4db8-897a-d8ef21b5e0a7,707b6ccf-c9d9-4c1d-97f4-516b572b2f9d,1697663923310388888
6a69421f-e399-4db8-897a-d8ef21b5e0a7,707b6ccf-c9d9-4c1d-97f4-516b572b2f9d,1697663923363433333
6a69421f-e399-4db8-897a-d8ef21b5e0a7,707b6ccf-c9d9-4c1d-97f4-516b572b2f9d,1697663923372922222
6a69421f-e399-4db8-897a-d8ef21b5e0a7,707b6ccf-c9d9-4c1d-97f4-516b572b2f9d,1697663923404133333
6a69421f-e399-4db8-897a-d8ef21b5e0a7,707b6ccf-c9d9-4c1d-97f4-516b572b2f9d,1697663923440800000
6a69421f-e399-4db8-897a-d8ef21b5e0a7,707b6ccf-c9d9-4c1d-97f4-516b572b2f9d,1697663923474988888
6a69421f-e399-4db8-897a-d8ef21b5e0a7,707b6ccf-c9d9-4c1d-97f4-516b572b2f9d,1697663923502700000
6a69421f-e399-4db8-897a-d8ef21b5e0a7,707b6ccf-c9d9-4c1d-97f4-516b572b2f9d,1697663923548200000
6a69421f-e399-4db8-897a-d8ef21b5e0a7,707b6ccf-c9d9-4c1d-97f4-516b572b2f9d,1697663923579477777
6a69421f-e399-4db8-897a-d8ef21b5e0a7,707b6ccf-c9d9-4c1d-97f4-516b572b2f9d,1697663923613955555
6a69421f-e399-4db8-897a-d8ef21b5e0a7,707b6ccf-c9d9-4c1d-97f4-516b572b2f9d,1697663923648844444
6a69421f-e399-4db8-897a-d8ef21b5e0a7,707b6ccf-c9d9-4c1d-97f4-516b572b2f9d,1697663923682522222
6a69421f-e399-4db8-897a-d8ef21b5e0a7,707b6ccf-c9d9-4c1d-97f4-516b572b2f9d,1697663923709466666
6a69421f-e399-4db8-897a-d8ef21b5e0a7,707b6ccf-c9d9-4c1d-97f4-516b572b2f9d,1697663923748200000
6a69421f-e399-4db8-897a-d8ef21b5e0a7,707b6ccf-c9d9-4c1d-97f4-516b572b2f9d,1697663923782288888
6a69421f-e399-4db8-897a-d8ef21b5e0a7,707b6ccf-c9d9-4c1d-97f4-516b572b2f9d,1697663923813622222
6a69421f-e399-4db8-897a-d8ef21b5e0a7,707b6ccf-c9d9-4c1d-97f4-516b572b2f9d,1697663923847288888
6a69421f-e399-4db8-897a-d8ef21b5e0a7,707b6ccf-c9d9-4c1d-97f4-516b572b2f9d,1697663923880111111
6a69421f-e399-4db8-897a-d8ef21b5e0a7,707b6ccf-c9d9-4c1d-97f4-516b572b2f9d,1697663923911155555
6a69421f-e399-4db8-897a-d8ef21b5e0a7,707b6ccf-c9d9-4c1d-97f4-516b572b2f9d,1697663923945844444
6a69421f-e399-4db8-897a-d8ef21b5e0a7,707b6ccf-c9d9-4c1d-97f4-516b572b2f9d,1697663923994488888
6a69421f-e399-4db8-897a-d8ef21b5e0a7,707b6ccf-c9d9-4c1d-97f4-516b572b2f9d,1697663924015633333
6a69421f-e399-4db8-897a-d8ef21b5e0a7,707b6ccf-c9d9-4c1d-97f4-516b572b2f9d,1697663924046177777
6a69421f-e399-4db8-897a-d8ef21b5e0a7,707b6ccf-c9d9-4c1d-97f4-516b572b2f9d,1697663924072066666
6a69421f-e399-4db8-897a-d8ef21b5e0a7,707b6ccf-c9d9-4c1d-97f4-516b572b2f9d,1697663924103733333
6a69421f-e399-4db8-897a-d8ef21b5e0a7,707b6ccf-c9d9-4c1d-97f4-516b572b2f9d,1697663924137933333
6a69421f-e399-4db8-897a-d8ef21b5e0a7,707b6ccf-c9d9-4c1d-97f4-516b572b2f9d,1697663924170633333
6a69421f-e399-4db8-897a-d8ef21b5e0a7,707b6ccf-c9d9-4c1d-97f4-516b572b2f9d,1697663924216588888
6a69421f-e399-4db8-897a-d8ef21b5e0a7,707b6ccf-c9d9-4c1d-97f4-516b572b2f9d,1697663924243266666
6a69421f-e399-4db8-897a-d8ef21b5e0a7,707b6ccf-c9d9-4c1d-97f4-516b572b2f9d,1697663924279022222
6a69421f-e399-4db8-897a-d8ef21b5e0a7,707b6ccf-c9d9-4c1d-97f4-516b572b2f9d,1697663924311622222
6a69421f-e399-4db8-897a-d8ef21b5e0a7,707b6ccf-c9d9-4c1d-97f4-516b572b2f9d,1697663924342355555
6a69421f-e399-4db8-897a-d8ef21b5e0a7,707b6ccf-c9d9-4c1d-97f4-516b572b2f9d,1697663924380644444
6a69421f-e399-4db8-897a-d8ef21b5e0a7,707b6ccf-c9d9-4c1d-97f4-516b572b2f9d,1697663924412277777
6a69421f-e399-4db8-897a-d8ef21b5e0a7,707b6ccf-c9d9-4c1d-97f4-516b572b2f9d,1697663924443611111
6a69421f-e399-4db8-897a-d8ef21b5e0a7,707b6ccf-c9d9-4c1d-97f4-516b572b2f9d,1697663924480611111
6a69421f-e399-4db8-897a-d8ef21b5e0a7,707b6ccf-c9d9-4c1d-97f4-516b572b2f9d,1697663924504066666
6a69421f-e399-4db8-897a-d8ef21b5e0a7,707b6ccf-c9d9-4c1d-97f4-516b572b2f9d,1697663924542711111
6a69421f-e399-4db8-897a-d8ef21b5e0a7,707b6ccf-c9d9-4c1d-97f4-516b572b2f9d,1697663924583233333
6a69421f-e399-4db8-897a-d8ef21b5e0a7,707b6ccf-c9d9-4c1d-97f4-516b572b2f9d,1697663924614255555
6a69421f-e399-4db8-897a-d8ef21b5e0a7,707b6ccf-c9d9-4c1d-97f4-516b572b2f9d,1697663924643677777
6a69421f-e399-4db8-897a-d8ef21b5e0a7,707b6ccf-c9d9-4c1d-97f4-516b572b2f9d,1697663924690133333
6a69421f-e399-4db8-897a-d8ef21b5e0a7,707b6ccf-c9d9-4c1d-97f4-516b572b2f9d,1697663924704055555
6a69421f-e399-4db8-897a-d8ef21b5e0a7,707b6ccf-c9d9-4c1d-97f4-516b572b2f9d,1697663924737233333
6a69421f-e399-4db8-897a-d8ef21b5e0a7,707b6ccf-c9d9-4c1d-97f4-516b572b2f9d,1697663924784233333
6a69421f-e399-4db8-897a-d8ef21b5e0a7,707b6ccf-c9d9-4c1d-97f4-516b572b2f9d,1697663924806100000
6a69421f-e399-4db8-897a-d8ef21b5e0a7,707b6ccf-c9d9-4c1d-97f4-516b572b2f9d,1697663924848944444
6a69421f-e399-4db8-897a-d8ef21b5e0a7,707b6ccf-c9d9-4c1d-97f4-516b572b2f9d,1697663924878211111
6a69421f-e399-4db8-897a-d8ef21b5e0a7,707b6ccf-c9d9-4c1d-97f4-516b572b2f9d,1697663924912733333
6a69421f-e399-4db8-897a-d8ef21b5e0a7,707b6ccf-c9d9-4c1d-97f4-516b572b2f9d,1697663924941922222
6a69421f-e399-4db8-897a-d8ef21b5e0a7,707b6ccf-c9d9-4c1d-97f4-516b572b2f9d,1697663924982188888
6a69421f-e399-4db8-897a-d8ef21b5e0a7,707b6ccf-c9d9-4c1d-97f4-516b572b2f9d,1697663925004044444
6a69421f-e399-4db8-897a-d8ef21b5e0a7,707b6ccf-c9d9-4c1d-97f4-516b572b2f9d,1697663925050066666
6a69421f-e399-4db8-897a-d8ef21b5e0a7,707b6ccf-c9d9-4c1d-97f4-516b572b2f9d,1697663925077922222
6a69421f-e399-4db8-897a-d8ef21b5e0a7,707b6ccf-c9d9-4c1d-97f4-516b572b2f9d,1697663925111822222
6a69421f-e399-4db8-897a-d8ef21b5e0a7,707b6ccf-c9d9-4c1d-97f4-516b572b2f9d,1697663925140933333
6a69421f-e399-4db8-897a-d8ef21b5e0a7,707b6ccf-c9d9-4c1d-97f4-516b572b2f9d,1697663925178866666
6a69421f-e399-4db8-897a-d8ef21b5e0a7,707b6ccf-c9d9-4c1d-97f4-516b572b2f9d,1697663925210733333
6a69421f-e399-4db8-897a-d8ef21b5e0a7,707b6ccf-c9d9-4c1d-97f4-516b572b2f9d,1697663925248455555
6a69421f-e399-4db8-897a-d8ef21b5e0a7,707b6ccf-c9d9-4c1d-97f4-516b572b2f9d,1697663925281244444
6a69421f-e399-4db8-897a-d8ef21b5e0a7,707b6ccf-c9d9-4c1d-97f4-516b572b2f9d,1697663925315977777
6a69421f-e399-4db8-897a-d8ef21b5e0a7,707b6ccf-c9d9-4c1d-97f4-516b572b2f9d,1697663925343455555
6a69421f-e399-4db8-897a-d8ef21b5e0a7,707b6ccf-c9d9-4c1d-97f4-516b572b2f9d,1697663925372800000
6a69421f-e399-4db8-897a-d8ef21b5e0a7,707b6ccf-c9d9-4c1d-97f4-516b572b2f9d,1697663925403288888
6a69421f-e399-4db8-897a-d8ef21b5e0a7,707b6ccf-c9d9-4c1d-97f4-516b572b2f9d,1697663925459533333
6a69421f-e399-4db8-897a-d8ef21b5e0a7,707b6ccf-c9d9-4c1d-97f4-516b572b2f9d,1697663925476277777
6a69421f-e399-4db8-897a-d8ef21b5e0a7,707b6ccf-c9d9-4c1d-97f4-516b572b2f9d,1697663925514455555
6a69421f-e399-4db8-897a-d8ef21b5e0a7,707b6ccf-c9d9-4c1d-97f4-516b572b2f9d,1697663925543255555
6a69421f-e399-4db8-897a-d8ef21b5e0a7,707b6ccf-c9d9-4c1d-97f4-516b572b2f9d,1697663925578033333
6a69421f-e399-4db8-897a-d8ef21b5e0a7,707b6ccf-c9d9-4c1d-97f4-516b572b2f9d,1697663925611533333
6a69421f-e399-4db8-897a-d8ef21b5e0a7,707b6ccf-c9d9-4c1d-97f4-516b572b2f9d,1697663925643388888
6a69421f-e399-4db8-897a-d8ef21b5e0a7,707b6ccf-c9d9-4c1d-97f4-516b572b2f9d,1697663925683666666
6a69421f-e399-4db8-897a-d8ef21b5e0a7,707b6ccf-c9d9-4c1d-97f4-516b572b2f9d,1697663925712677777
6a69421f-e399-4db8-897a-d8ef21b5e0a7,707b6ccf-c9d9-4c1d-97f4-516b572b2f9d,1697663925745933333
6a69421f-e399-4db8-897a-d8ef21b5e0a7,707b6ccf-c9d9-4c1d-97f4-516b572b2f9d,1697663925782355555
6a69421f-e399-4db8-897a-d8ef21b5e0a7,707b6ccf-c9d9-4c1d-97f4-516b572b2f9d,1697663925811477777
6a69421f-e399-4db8-897a-d8ef21b5e0a7,707b6ccf-c9d9-4c1d-97f4-516b572b2f9d,1697663925845055555
6a69421f-e399-4db8-897a-d8ef21b5e0a7,707b6ccf-c9d9-4c1d-97f4-516b572b2f9d,1697663925880977777
6a69421f-e399-4db8-897a-d8ef21b5e0a7,707b6ccf-c9d9-4c1d-97f4-516b572b2f9d,1697663925910366666
6a69421f-e399-4db8-897a-d8ef21b5e0a7,707b6ccf-c9d9-4c1d-97f4-516b572b2f9d,1697663925941800000
6a69421f-e399-4db8-897a-d8ef21b5e0a7,707b6ccf-c9d9-4c1d-97f4-516b572b2f9d,1697663925984333333
6a69421f-e399-4db8-897a-d8ef21b5e0a7,707b6ccf-c9d9-4c1d-97f4-516b572b2f9d,1697663926024444444
6a69421f-e399-4db8-897a-d8ef21b5e0a7,707b6ccf-c9d9-4c1d-97f4-516b572b2f9d,1697663926036022222
6a69421f-e399-4db8-897a-d8ef21b5e0a7,707b6ccf-c9d9-4c1d-97f4-516b572b2f9d,1697663926070777777
6a69421f-e399-4db8-897a-d8ef21b5e0a7,707b6ccf-c9d9-4c1d-97f4-516b572b2f9d,1697663926110377777
6a69421f-e399-4db8-897a-d8ef21b5e0a7,707b6ccf-c9d9-4c1d-97f4-516b572b2f9d,1697663926149377777
6a69421f-e399-4db8-897a-d8ef21b5e0a7,707b6ccf-c9d9-4c1d-97f4-516b572b2f9d,1697663926169866666
6a69421f-e399-4db8-897a-d8ef21b5e0a7,707b6ccf-c9d9-4c1d-97f4-516b572b2f9d,1697663926212100000
6a69421f-e399-4db8-897a-d8ef21b5e0a7,707b6ccf-c9d9-4c1d-97f4-516b572b2f9d,1697663926245211111
6a69421f-e399-4db8-897a-d8ef21b5e0a7,707b6ccf-c9d9-4c1d-97f4-516b572b2f9d,1697663926279300000
6a69421f-e399-4db8-897a-d8ef21b5e0a7,707b6ccf-c9d9-4c1d-97f4-516b572b2f9d,1697663926310822222
6a69421f-e399-4db8-897a-d8ef21b5e0a7,707b6ccf-c9d9-4c1d-97f4-516b572b2f9d,1697663926348022222
6a69421f-e399-4db8-897a-d8ef21b5e0a7,707b6ccf-c9d9-4c1d-97f4-516b572b2f9d,1697663926378055555
6a69421f-e399-4db8-897a-d8ef21b5e0a7,707b6ccf-c9d9-4c1d-97f4-516b572b2f9d,1697663926413933333
6a69421f-e399-4db8-897a-d8ef21b5e0a7,707b6ccf-c9d9-4c1d-97f4-516b572b2f9d,1697663926447122222
6a69421f-e399-4db8-897a-d8ef21b5e0a7,707b6ccf-c9d9-4c1d-97f4-516b572b2f9d,1697663926477800000
6a69421f-e399-4db8-897a-d8ef21b5e0a7,707b6ccf-c9d9-4c1d-97f4-516b572b2f9d,1697663926512477777
6a69421f-e399-4db8-897a-d8ef21b5e0a7,707b6ccf-c9d9-4c1d-97f4-516b572b2f9d,1697663926541366666
6a69421f-e399-4db8-897a-d8ef21b5e0a7,707b6ccf-c9d9-4c1d-97f4-516b572b2f9d,1697663926579122222
6a69421f-e399-4db8-897a-d8ef21b5e0a7,707b6ccf-c9d9-4c1d-97f4-516b572b2f9d,1697663926611988888
6a69421f-e399-4db8-897a-d8ef21b5e0a7,707b6ccf-c9d9-4c1d-97f4-516b572b2f9d,1697663926646144444
6a69421f-e399-4db8-897a-d8ef21b5e0a7,707b6ccf-c9d9-4c1d-97f4-516b572b2f9d,1697663926684233333
6a69421f-e399-4db8-897a-d8ef21b5e0a7,707b6ccf-c9d9-4c1d-97f4-516b572b2f9d,1697663926704244444
6a69421f-e399-4db8-897a-d8ef21b5e0a7,707b6ccf-c9d9-4c1d-97f4-516b572b2f9d,1697663926748211111
6a69421f-e399-4db8-897a-d8ef21b5e0a7,707b6ccf-c9d9-4c1d-97f4-516b572b2f9d,1697663926784988888
6a69421f-e399-4db8-897a-d8ef21b5e0a7,707b6ccf-c9d9-4c1d-97f4-516b572b2f9d,1697663926805022222
6a69421f-e399-4db8-897a-d8ef21b5e0a7,707b6ccf-c9d9-4c1d-97f4-516b572b2f9d,1697663926841988888
6a69421f-e399-4db8-897a-d8ef21b5e0a7,707b6ccf-c9d9-4c1d-97f4-516b572b2f9d,1697663926878588888
6a69421f-e399-4db8-897a-d8ef21b5e0a7,707b6ccf-c9d9-4c1d-97f4-516b572b2f9d,1697663926904200000
6a69421f-e399-4db8-897a-d8ef21b5e0a7,707b6ccf-c9d9-4c1d-97f4-516b572b2f9d,1697663926944011111
6a69421f-e399-4db8-897a-d8ef21b5e0a7,707b6ccf-c9d9-4c1d-97f4-516b572b2f9d,1697663926981255555
6a69421f-e399-4db8-897a-d8ef21b5e0a7,707b6ccf-c9d9-4c1d-97f4-516b572b2f9d,1697663927010544444
6a69421f-e399-4db8-897a-d8ef21b5e0a7,707b6ccf-c9d9-4c1d-97f4-516b572b2f9d,1697663927045922222
6a69421f-e399-4db8-897a-d8ef21b5e0a7,707b6ccf-c9d9-4c1d-97f4-516b572b2f9d,1697663927082377777
6a69421f-e399-4db8-897a-d8ef21b5e0a7,707b6ccf-c9d9-4c1d-97f4-516b572b2f9d,1697663927102400000
6a69421f-e399-4db8-897a-d8ef21b5e0a7,707b6ccf-c9d9-4c1d-97f4-516b572b2f9d,1697663927142455555
6a69421f-e399-4db8-897a-d8ef21b5e0a7,707b6ccf-c9d9-4c1d-97f4-516b572b2f9d,1697663927176511111
6a69421f-e399-4db8-897a-d8ef21b5e0a7,707b6ccf-c9d9-4c1d-97f4-516b572b2f9d,1697663927214222222
6a69421f-e399-4db8-897a-d8ef21b5e0a7,707b6ccf-c9d9-4c1d-97f4-516b572b2f9d,1697663927245888888
6a69421f-e399-4db8-897a-d8ef21b5e0a7,707b6ccf-c9d9-4c1d-97f4-516b572b2f9d,1697663927278477777
6a69421f-e399-4db8-897a-d8ef21b5e0a7,707b6ccf-c9d9-4c1d-97f4-516b572b2f9d,1697663927314055555
6a69421f-e399-4db8-897a-d8ef21b5e0a7,707b6ccf-c9d9-4c1d-97f4-516b572b2f9d,1697663927339333333
6a69421f-e399-4db8-897a-d8ef21b5e0a7,707b6ccf-c9d9-4c1d-97f4-516b572b2f9d,1697663927368433333
6a69421f-e399-4db8-897a-d8ef21b5e0a7,707b6ccf-c9d9-4c1d-97f4-516b572b2f9d,1697663927405044444
6a69421f-e399-4db8-897a-d8ef21b5e0a7,707b6ccf-c9d9-4c1d-97f4-516b572b2f9d,1697663927443455555
6a69421f-e399-4db8-897a-d8ef21b5e0a7,707b6ccf-c9d9-4c1d-97f4-516b572b2f9d,1697663927470877777
6a69421f-e399-4db8-897a-d8ef21b5e0a7,707b6ccf-c9d9-4c1d-97f4-516b572b2f9d,1697663927509588888
6a69421f-e399-4db8-897a-d8ef21b5e0a7,707b6ccf-c9d9-4c1d-97f4-516b572b2f9d,1697663927547000000
6a69421f-e399-4db8-897a-d8ef21b5e0a7,707b6ccf-c9d9-4c1d-97f4-516b572b2f9d,1697663927574477777
6a69421f-e399-4db8-897a-d8ef21b5e0a7,707b6ccf-c9d9-4c1d-97f4-516b572b2f9d,1697663927610944444
6a69421f-e399-4db8-897a-d8ef21b5e0a7,707b6ccf-c9d9-4c1d-97f4-516b572b2f9d,1697663927643955555
6a69421f-e399-4db8-897a-d8ef21b5e0a7,707b6ccf-c9d9-4c1d-97f4-516b572b2f9d,1697663927676266666
6a69421f-e399-4db8-897a-d8ef21b5e0a7,707b6ccf-c9d9-4c1d-97f4-516b572b2f9d,1697663927709877777
6a69421f-e399-4db8-897a-d8ef21b5e0a7,707b6ccf-c9d9-4c1d-97f4-516b572b2f9d,1697663927742677777
6a69421f-e399-4db8-897a-d8ef21b5e0a7,707b6ccf-c9d9-4c1d-97f4-516b572b2f9d,1697663927774455555
6a69421f-e399-4db8-897a-d8ef21b5e0a7,707b6ccf-c9d9-4c1d-97f4-516b572b2f9d,1697663927812222222
6a69421f-e399-4db8-897a-d8ef21b5e0a7,707b6ccf-c9d9-4c1d-97f4-516b572b2f9d,1697663927846977777
6a69421f-e399-4db8-897a-d8ef21b5e0a7,707b6ccf-c9d9-4c1d-97f4-516b572b2f9d,1697663927874900000
6a69421f-e399-4db8-897a-d8ef21b5e0a7,707b6ccf-c9d9-4c1d-97f4-516b572b2f9d,1697663927912144444
6a69421f-e399-4db8-897a-d8ef21b5e0a7,707b6ccf-c9d9-4c1d-97f4-516b572b2f9d,1697663927949833333
6a69421f-e399-4db8-897a-d8ef21b5e0a7,707b6ccf-c9d9-4c1d-97f4-516b572b2f9d,1697663927978344444
6a69421f-e399-4db8-897a-d8ef21b5e0a7,707b6ccf-c9d9-4c1d-97f4-516b572b2f9d,1697663928005200000
6a69421f-e399-4db8-897a-d8ef21b5e0a7,707b6ccf-c9d9-4c1d-97f4-516b572b2f9d,1697663928063788888
6a69421f-e399-4db8-897a-d8ef21b5e0a7,707b6ccf-c9d9-4c1d-97f4-516b572b2f9d,1697663928082566666
6a69421f-e399-4db8-897a-d8ef21b5e0a7,707b6ccf-c9d9-4c1d-97f4-516b572b2f9d,1697663928104055555
6a69421f-e399-4db8-897a-d8ef21b5e0a7,707b6ccf-c9d9-4c1d-97f4-516b572b2f9d,1697663928133522222
6a69421f-e399-4db8-897a-d8ef21b5e0a7,707b6ccf-c9d9-4c1d-97f4-516b572b2f9d,1697663928176577777
6a69421f-e399-4db8-897a-d8ef21b5e0a7,707b6ccf-c9d9-4c1d-97f4-516b572b2f9d,1697663928212400000
6a69421f-e399-4db8-897a-d8ef21b5e0a7,707b6ccf-c9d9-4c1d-97f4-516b572b2f9d,1697663928242444444
6a69421f-e399-4db8-897a-d8ef21b5e0a7,707b6ccf-c9d9-4c1d-97f4-516b572b2f9d,1697663928278877777
6a69421f-e399-4db8-897a-d8ef21b5e0a7,707b6ccf-c9d9-4c1d-97f4-516b572b2f9d,1697663928312877777
6a69421f-e399-4db8-897a-d8ef21b5e0a7,707b6ccf-c9d9-4c1d-97f4-516b572b2f9d,1697663928341300000
6a69421f-e399-4db8-897a-d8ef21b5e0a7,707b6ccf-c9d9-4c1d-97f4-516b572b2f9d,1697663928375355555
6a69421f-e399-4db8-897a-d8ef21b5e0a7,707b6ccf-c9d9-4c1d-97f4-516b572b2f9d,1697663928410244444
6a69421f-e399-4db8-897a-d8ef21b5e0a7,707b6ccf-c9d9-4c1d-97f4-516b572b2f9d,1697663928443811111
6a69421f-e399-4db8-897a-d8ef21b5e0a7,707b6ccf-c9d9-4c1d-97f4-516b572b2f9d,1697663928473622222
6a69421f-e399-4db8-897a-d8ef21b5e0a7,707b6ccf-c9d9-4c1d-97f4-516b572b2f9d,1697663928511522222
6a69421f-e399-4db8-897a-d8ef21b5e0a7,707b6ccf-c9d9-4c1d-97f4-516b572b2f9d,1697663928544155555
6a69421f-e399-4db8-897a-d8ef21b5e0a7,707b6ccf-c9d9-4c1d-97f4-516b572b2f9d,1697663928577944444
6a69421f-e399-4db8-897a-d8ef21b5e0a7,707b6ccf-c9d9-4c1d-97f4-516b572b2f9d,1697663928608866666
6a69421f-e399-4db8-897a-d8ef21b5e0a7,707b6ccf-c9d9-4c1d-97f4-516b572b2f9d,1697663928646411111
6a69421f-e399-4db8-897a-d8ef21b5e0a7,707b6ccf-c9d9-4c1d-97f4-516b572b2f9d,1697663928671100000
6a69421f-e399-4db8-897a-d8ef21b5e0a7,707b6ccf-c9d9-4c1d-97f4-516b572b2f9d,1697663928712988888
6a69421f-e399-4db8-897a-d8ef21b5e0a7,707b6ccf-c9d9-4c1d-97f4-516b572b2f9d,1697663928749766666
6a69421f-e399-4db8-897a-d8ef21b5e0a7,707b6ccf-c9d9-4c1d-97f4-516b572b2f9d,1697663928767444444
6a69421f-e399-4db8-897a-d8ef21b5e0a7,707b6ccf-c9d9-4c1d-97f4-516b572b2f9d,1697663928808100000
6a69421f-e399-4db8-897a-d8ef21b5e0a7,707b6ccf-c9d9-4c1d-97f4-516b572b2f9d,1697663928842066666
6a69421f-e399-4db8-897a-d8ef21b5e0a7,707b6ccf-c9d9-4c1d-97f4-516b572b2f9d,1697663928877488888
6a69421f-e399-4db8-897a-d8ef21b5e0a7,707b6ccf-c9d9-4c1d-97f4-516b572b2f9d,1697663928912022222
6a69421f-e399-4db8-897a-d8ef21b5e0a7,707b6ccf-c9d9-4c1d-97f4-516b572b2f9d,1697663928944900000
6a69421f-e399-4db8-897a-d8ef21b5e0a7,707b6ccf-c9d9-4c1d-97f4-516b572b2f9d,1697663928975144444
6a69421f-e399-4db8-897a-d8ef21b5e0a7,707b6ccf-c9d9-4c1d-97f4-516b572b2f9d,1697663929011011111
6a69421f-e399-4db8-897a-d8ef21b5e0a7,707b6ccf-c9d9-4c1d-97f4-516b572b2f9d,1697663929043833333
6a69421f-e399-4db8-897a-d8ef21b5e0a7,707b6ccf-c9d9-4c1d-97f4-516b572b2f9d,1697663929076922222
6a69421f-e399-4db8-897a-d8ef21b5e0a7,707b6ccf-c9d9-4c1d-97f4-516b572b2f9d,1697663929113144444
6a69421f-e399-4db8-897a-d8ef21b5e0a7,707b6ccf-c9d9-4c1d-97f4-516b572b2f9d,1697663929144822222
6a69421f-e399-4db8-897a-d8ef21b5e0a7,707b6ccf-c9d9-4c1d-97f4-516b572b2f9d,1697663929177211111
6a69421f-e399-4db8-897a-d8ef21b5e0a7,707b6ccf-c9d9-4c1d-97f4-516b572b2f9d,1697663929211688888
6a69421f-e399-4db8-897a-d8ef21b5e0a7,707b6ccf-c9d9-4c1d-97f4-516b572b2f9d,1697663929248044444
6a69421f-e399-4db8-897a-d8ef21b5e0a7,707b6ccf-c9d9-4c1d-97f4-516b572b2f9d,1697663929274900000
6a69421f-e399-4db8-897a-d8ef21b5e0a7,707b6ccf-c9d9-4c1d-97f4-516b572b2f9d,1697663929315055555
6a69421f-e399-4db8-897a-d8ef21b5e0a7,707b6ccf-c9d9-4c1d-97f4-516b572b2f9d,1697663929354300000
6a69421f-e399-4db8-897a-d8ef21b5e0a7,707b6ccf-c9d9-4c1d-97f4-516b572b2f9d,1697663929367255555
6a69421f-e399-4db8-897a-d8ef21b5e0a7,707b6ccf-c9d9-4c1d-97f4-516b572b2f9d,1697663929403566666
6a69421f-e399-4db8-897a-d8ef21b5e0a7,707b6ccf-c9d9-4c1d-97f4-516b572b2f9d,1697663929453888888
6a69421f-e399-4db8-897a-d8ef21b5e0a7,707b6ccf-c9d9-4c1d-97f4-516b572b2f9d,1697663929467500000
6a69421f-e399-4db8-897a-d8ef21b5e0a7,707b6ccf-c9d9-4c1d-97f4-516b572b2f9d,1697663929516644444
6a69421f-e399-4db8-897a-d8ef21b5e0a7,707b6ccf-c9d9-4c1d-97f4-516b572b2f9d,1697663929548933333
6a69421f-e399-4db8-897a-d8ef21b5e0a7,707b6ccf-c9d9-4c1d-97f4-516b572b2f9d,1697663929576922222
6a69421f-e399-4db8-897a-d8ef21b5e0a7,707b6ccf-c9d9-4c1d-97f4-516b572b2f9d,1697663929612477777
6a69421f-e399-4db8-897a-d8ef21b5e0a7,707b6ccf-c9d9-4c1d-97f4-516b572b2f9d,1697663929647588888
6a69421f-e399-4db8-897a-d8ef21b5e0a7,707b6ccf-c9d9-4c1d-97f4-516b572b2f9d,1697663929674211111
6a69421f-e399-4db8-897a-d8ef21b5e0a7,707b6ccf-c9d9-4c1d-97f4-516b572b2f9d,1697663929713155555
6a69421f-e399-4db8-897a-d8ef21b5e0a7,707b6ccf-c9d9-4c1d-97f4-516b572b2f9d,1697663929744622222
6a69421f-e399-4db8-897a-d8ef21b5e0a7,707b6ccf-c9d9-4c1d-97f4-516b572b2f9d,1697663929777611111
6a69421f-e399-4db8-897a-d8ef21b5e0a7,707b6ccf-c9d9-4c1d-97f4-516b572b2f9d,1697663929812888888
6a69421f-e399-4db8-897a-d8ef21b5e0a7,707b6ccf-c9d9-4c1d-97f4-516b572b2f9d,1697663929842433333
6a69421f-e399-4db8-897a-d8ef21b5e0a7,707b6ccf-c9d9-4c1d-97f4-516b572b2f9d,1697663929874244444
6a69421f-e399-4db8-897a-d8ef21b5e0a7,707b6ccf-c9d9-4c1d-97f4-516b572b2f9d,1697663929911711111
6a69421f-e399-4db8-897a-d8ef21b5e0a7,707b6ccf-c9d9-4c1d-97f4-516b572b2f9d,1697663929944022222
6a69421f-e399-4db8-897a-d8ef21b5e0a7,707b6ccf-c9d9-4c1d-97f4-516b572b2f9d,1697663929973977777
6a69421f-e399-4db8-897a-d8ef21b5e0a7,707b6ccf-c9d9-4c1d-97f4-516b572b2f9d,1697663930023522222
6a69421f-e399-4db8-897a-d8ef21b5e0a7,707b6ccf-c9d9-4c1d-97f4-516b572b2f9d,1697663930041400000
6a69421f-e399-4db8-897a-d8ef21b5e0a7,707b6ccf-c9d9-4c1d-97f4-516b572b2f9d,1697663930068933333
6a69421f-e399-4db8-897a-d8ef21b5e0a7,707b6ccf-c9d9-4c1d-97f4-516b572b2f9d,1697663930117422222
6a69421f-e399-4db8-897a-d8ef21b5e0a7,707b6ccf-c9d9-4c1d-97f4-516b572b2f9d,1697663930138700000
6a69421f-e399-4db8-897a-d8ef21b5e0a7,707b6ccf-c9d9-4c1d-97f4-516b572b2f9d,1697663930167544444
6a69421f-e399-4db8-897a-d8ef21b5e0a7,707b6ccf-c9d9-4c1d-97f4-516b572b2f9d,1697663930214822222
6a69421f-e399-4db8-897a-d8ef21b5e0a7,707b6ccf-c9d9-4c1d-97f4-516b572b2f9d,1697663930245288888
6a69421f-e399-4db8-897a-d8ef21b5e0a7,707b6ccf-c9d9-4c1d-97f4-516b572b2f9d,1697663930278422222
6a69421f-e399-4db8-897a-d8ef21b5e0a7,707b6ccf-c9d9-4c1d-97f4-516b572b2f9d,1697663930315033333
6a69421f-e399-4db8-897a-d8ef21b5e0a7,707b6ccf-c9d9-4c1d-97f4-516b572b2f9d,1697663930344655555
6a69421f-e399-4db8-897a-d8ef21b5e0a7,707b6ccf-c9d9-4c1d-97f4-516b572b2f9d,1697663930375955555
6a69421f-e399-4db8-897a-d8ef21b5e0a7,707b6ccf-c9d9-4c1d-97f4-516b572b2f9d,1697663930407188888
6a69421f-e399-4db8-897a-d8ef21b5e0a7,707b6ccf-c9d9-4c1d-97f4-516b572b2f9d,1697663930445788888
6a69421f-e399-4db8-897a-d8ef21b5e0a7,707b6ccf-c9d9-4c1d-97f4-516b572b2f9d,1697663930475155555
6a69421f-e399-4db8-897a-d8ef21b5e0a7,707b6ccf-c9d9-4c1d-97f4-516b572b2f9d,1697663930507511111
6a69421f-e399-4db8-897a-d8ef21b5e0a7,707b6ccf-c9d9-4c1d-97f4-516b572b2f9d,1697663930544844444
6a69421f-e399-4db8-897a-d8ef21b5e0a7,707b6ccf-c9d9-4c1d-97f4-516b572b2f9d,1697663930578955555
6a69421f-e399-4db8-897a-d8ef21b5e0a7,707b6ccf-c9d9-4c1d-97f4-516b572b2f9d,1697663930606922222
6a69421f-e399-4db8-897a-d8ef21b5e0a7,707b6ccf-c9d9-4c1d-97f4-516b572b2f9d,1697663930642655555
6a69421f-e399-4db8-897a-d8ef21b5e0a7,707b6ccf-c9d9-4c1d-97f4-516b572b2f9d,1697663930683144444
6a69421f-e399-4db8-897a-d8ef21b5e0a7,707b6ccf-c9d9-4c1d-97f4-516b572b2f9d,1697663930701200000
6a69421f-e399-4db8-897a-d8ef21b5e0a7,707b6ccf-c9d9-4c1d-97f4-516b572b2f9d,1697663930734100000
6a69421f-e399-4db8-897a-d8ef21b5e0a7,707b6ccf-c9d9-4c1d-97f4-516b572b2f9d,1697663930774911111
6a69421f-e399-4db8-897a-d8ef21b5e0a7,707b6ccf-c9d9-4c1d-97f4-516b572b2f9d,1697663930797455555
6a69421f-e399-4db8-897a-d8ef21b5e0a7,707b6ccf-c9d9-4c1d-97f4-516b572b2f9d,1697663930841900000
6a69421f-e399-4db8-897a-d8ef21b5e0a7,707b6ccf-c9d9-4c1d-97f4-516b572b2f9d,1697663930875611111
6a69421f-e399-4db8-897a-d8ef21b5e0a7,707b6ccf-c9d9-4c1d-97f4-516b572b2f9d,1697663930909844444
6a69421f-e399-4db8-897a-d8ef21b5e0a7,707b6ccf-c9d9-4c1d-97f4-516b572b2f9d,1697663930951033333
6a69421f-e399-4db8-897a-d8ef21b5e0a7,707b6ccf-c9d9-4c1d-97f4-516b572b2f9d,1697663930975944444
6a69421f-e399-4db8-897a-d8ef21b5e0a7,707b6ccf-c9d9-4c1d-97f4-516b572b2f9d,1697663931006900000
6a69421f-e399-4db8-897a-d8ef21b5e0a7,707b6ccf-c9d9-4c1d-97f4-516b572b2f9d,1697663931042122222
6a69421f-e399-4db8-897a-d8ef21b5e0a7,707b6ccf-c9d9-4c1d-97f4-516b572b2f9d,1697663931074511111
6a69421f-e399-4db8-897a-d8ef21b5e0a7,707b6ccf-c9d9-4c1d-97f4-516b572b2f9d,1697663931107311111
6a69421f-e399-4db8-897a-d8ef21b5e0a7,707b6ccf-c9d9-4c1d-97f4-516b572b2f9d,1697663931148222222
6a69421f-e399-4db8-897a-d8ef21b5e0a7,707b6ccf-c9d9-4c1d-97f4-516b572b2f9d,1697663931177522222
6a69421f-e399-4db8-897a-d8ef21b5e0a7,707b6ccf-c9d9-4c1d-97f4-516b572b2f9d,1697663931204711111
6a69421f-e399-4db8-897a-d8ef21b5e0a7,707b6ccf-c9d9-4c1d-97f4-516b572b2f9d,1697663931242477777
6a69421f-e399-4db8-897a-d8ef21b5e0a7,707b6ccf-c9d9-4c1d-97f4-516b572b2f9d,1697663931275044444
6a69421f-e399-4db8-897a-d8ef21b5e0a7,707b6ccf-c9d9-4c1d-97f4-516b572b2f9d,1697663931309133333
6a69421f-e399-4db8-897a-d8ef21b5e0a7,707b6ccf-c9d9-4c1d-97f4-516b572b2f9d,1697663931357277777
6a69421f-e399-4db8-897a-d8ef21b5e0a7,707b6ccf-c9d9-4c1d-97f4-516b572b2f9d,1697663931372255555
6a69421f-e399-4db8-897a-d8ef21b5e0a7,707b6ccf-c9d9-4c1d-97f4-516b572b2f9d,1697663931399500000
6a69421f-e399-4db8-897a-d8ef21b5e0a7,707b6ccf-c9d9-4c1d-97f4-516b572b2f9d,1697663931440577777
6a69421f-e399-4db8-897a-d8ef21b5e0a7,707b6ccf-c9d9-4c1d-97f4-516b572b2f9d,1697663931471644444
6a69421f-e399-4db8-897a-d8ef21b5e0a7,707b6ccf-c9d9-4c1d-97f4-516b572b2f9d,1697663931507266666
6a69421f-e399-4db8-897a-d8ef21b5e0a7,707b6ccf-c9d9-4c1d-97f4-516b572b2f9d,1697663931544022222
6a69421f-e399-4db8-897a-d8ef21b5e0a7,707b6ccf-c9d9-4c1d-97f4-516b572b2f9d,1697663931574200000
6a69421f-e399-4db8-897a-d8ef21b5e0a7,707b6ccf-c9d9-4c1d-97f4-516b572b2f9d,1697663931606200000
6a69421f-e399-4db8-897a-d8ef21b5e0a7,707b6ccf-c9d9-4c1d-97f4-516b572b2f9d,1697663931644188888
6a69421f-e399-4db8-897a-d8ef21b5e0a7,707b6ccf-c9d9-4c1d-97f4-516b572b2f9d,1697663931676011111
6a69421f-e399-4db8-897a-d8ef21b5e0a7,707b6ccf-c9d9-4c1d-97f4-516b572b2f9d,1697663931710111111
6a69421f-e399-4db8-897a-d8ef21b5e0a7,707b6ccf-c9d9-4c1d-97f4-516b572b2f9d,1697663931746422222
6a69421f-e399-4db8-897a-d8ef21b5e0a7,707b6ccf-c9d9-4c1d-97f4-516b572b2f9d,1697663931777322222
6a69421f-e399-4db8-897a-d8ef21b5e0a7,707b6ccf-c9d9-4c1d-97f4-516b572b2f9d,1697663931807255555
6a69421f-e399-4db8-897a-d8ef21b5e0a7,707b6ccf-c9d9-4c1d-97f4-516b572b2f9d,1697663931842900000
6a69421f-e399-4db8-897a-d8ef21b5e0a7,707b6ccf-c9d9-4c1d-97f4-516b572b2f9d,1697663931878611111
6a69421f-e399-4db8-897a-d8ef21b5e0a7,707b6ccf-c9d9-4c1d-97f4-516b572b2f9d,1697663931909333333
6a69421f-e399-4db8-897a-d8ef21b5e0a7,707b6ccf-c9d9-4c1d-97f4-516b572b2f9d,1697663931942988888
6a69421f-e399-4db8-897a-d8ef21b5e0a7,707b6ccf-c9d9-4c1d-97f4-516b572b2f9d,1697663931975588888
6a69421f-e399-4db8-897a-d8ef21b5e0a7,707b6ccf-c9d9-4c1d-97f4-516b572b2f9d,1697663931997700000
6a69421f-e399-4db8-897a-d8ef21b5e0a7,707b6ccf-c9d9-4c1d-97f4-516b572b2f9d,1697663932033955555
6a69421f-e399-4db8-897a-d8ef21b5e0a7,707b6ccf-c9d9-4c1d-97f4-516b572b2f9d,1697663932067688888
6a69421f-e399-4db8-897a-d8ef21b5e0a7,707b6ccf-c9d9-4c1d-97f4-516b572b2f9d,1697663932102266666
6a69421f-e399-4db8-897a-d8ef21b5e0a7,707b6ccf-c9d9-4c1d-97f4-516b572b2f9d,1697663932138133333
6a69421f-e399-4db8-897a-d8ef21b5e0a7,707b6ccf-c9d9-4c1d-97f4-516b572b2f9d,1697663932174777777
6a69421f-e399-4db8-897a-d8ef21b5e0a7,707b6ccf-c9d9-4c1d-97f4-516b572b2f9d,1697663932208955555
6a69421f-e399-4db8-897a-d8ef21b5e0a7,707b6ccf-c9d9-4c1d-97f4-516b572b2f9d,1697663932245466666
6a69421f-e399-4db8-897a-d8ef21b5e0a7,707b6ccf-c9d9-4c1d-97f4-516b572b2f9d,1697663932279111111
6a69421f-e399-4db8-897a-d8ef21b5e0a7,707b6ccf-c9d9-4c1d-97f4-516b572b2f9d,1697663932314711111
6a69421f-e399-4db8-897a-d8ef21b5e0a7,707b6ccf-c9d9-4c1d-97f4-516b572b2f9d,1697663932344611111
6a69421f-e399-4db8-897a-d8ef21b5e0a7,707b6ccf-c9d9-4c1d-97f4-516b572b2f9d,1697663932376222222
6a69421f-e399-4db8-897a-d8ef21b5e0a7,707b6ccf-c9d9-4c1d-97f4-516b572b2f9d,1697663932406644444
6a69421f-e399-4db8-897a-d8ef21b5e0a7,707b6ccf-c9d9-4c1d-97f4-516b572b2f9d,1697663932445733333
6a69421f-e399-4db8-897a-d8ef21b5e0a7,707b6ccf-c9d9-4c1d-97f4-516b572b2f9d,1697663932477255555
6a69421f-e399-4db8-897a-d8ef21b5e0a7,707b6ccf-c9d9-4c1d-97f4-516b572b2f9d,1697663932509466666
6a69421f-e399-4db8-897a-d8ef21b5e0a7,707b6ccf-c9d9-4c1d-97f4-516b572b2f9d,1697663932543422222
6a69421f-e399-4db8-897a-d8ef21b5e0a7,707b6ccf-c9d9-4c1d-97f4-516b572b2f9d,1697663932577722222
6a69421f-e399-4db8-897a-d8ef21b5e0a7,707b6ccf-c9d9-4c1d-97f4-516b572b2f9d,1697663932610788888
6a69421f-e399-4db8-897a-d8ef21b5e0a7,707b6ccf-c9d9-4c1d-97f4-516b572b2f9d,1697663932650855555
6a69421f-e399-4db8-897a-d8ef21b5e0a7,707b6ccf-c9d9-4c1d-97f4-516b572b2f9d,1697663932667477777
6a69421f-e399-4db8-897a-d8ef21b5e0a7,707b6ccf-c9d9-4c1d-97f4-516b572b2f9d,1697663932701633333
6a69421f-e399-4db8-897a-d8ef21b5e0a7,707b6ccf-c9d9-4c1d-97f4-516b572b2f9d,1697663932735733333
6a69421f-e399-4db8-897a-d8ef21b5e0a7,707b6ccf-c9d9-4c1d-97f4-516b572b2f9d,1697663932765922222
6a69421f-e399-4db8-897a-d8ef21b5e0a7,707b6ccf-c9d9-4c1d-97f4-516b572b2f9d,1697663932796311111
6a69421f-e399-4db8-897a-d8ef21b5e0a7,707b6ccf-c9d9-4c1d-97f4-516b572b2f9d,1697663932844044444
6a69421f-e399-4db8-897a-d8ef21b5e0a7,707b6ccf-c9d9-4c1d-97f4-516b572b2f9d,1697663932875566666
6a69421f-e399-4db8-897a-d8ef21b5e0a7,707b6ccf-c9d9-4c1d-97f4-516b572b2f9d,1697663932911044444
6a69421f-e399-4db8-897a-d8ef21b5e0a7,707b6ccf-c9d9-4c1d-97f4-516b572b2f9d,1697663932945666666
6a69421f-e399-4db8-897a-d8ef21b5e0a7,707b6ccf-c9d9-4c1d-97f4-516b572b2f9d,1697663932975688888
6a69421f-e399-4db8-897a-d8ef21b5e0a7,707b6ccf-c9d9-4c1d-97f4-516b572b2f9d,1697663933005477777
6a69421f-e399-4db8-897a-d8ef21b5e0a7,707b6ccf-c9d9-4c1d-97f4-516b572b2f9d,1697663933048188888
6a69421f-e399-4db8-897a-d8ef21b5e0a7,707b6ccf-c9d9-4c1d-97f4-516b572b2f9d,1697663933076066666
6a69421f-e399-4db8-897a-d8ef21b5e0a7,707b6ccf-c9d9-4c1d-97f4-516b572b2f9d,1697663933109644444
6a69421f-e399-4db8-897a-d8ef21b5e0a7,707b6ccf-c9d9-4c1d-97f4-516b572b2f9d,1697663933147088888
6a69421f-e399-4db8-897a-d8ef21b5e0a7,707b6ccf-c9d9-4c1d-97f4-516b572b2f9d,1697663933177000000
6a69421f-e399-4db8-897a-d8ef21b5e0a7,707b6ccf-c9d9-4c1d-97f4-516b572b2f9d,1697663933209988888
6a69421f-e399-4db8-897a-d8ef21b5e0a7,707b6ccf-c9d9-4c1d-97f4-516b572b2f9d,1697663933244411111
6a69421f-e399-4db8-897a-d8ef21b5e0a7,707b6ccf-c9d9-4c1d-97f4-516b572b2f9d,1697663933278122222
6a69421f-e399-4db8-897a-d8ef21b5e0a7,707b6ccf-c9d9-4c1d-97f4-516b572b2f9d,1697663933308100000
6a69421f-e399-4db8-897a-d8ef21b5e0a7,707b6ccf-c9d9-4c1d-97f4-516b572b2f9d,1697663933361166666
6a69421f-e399-4db8-897a-d8ef21b5e0a7,707b6ccf-c9d9-4c1d-97f4-516b572b2f9d,1697663933372311111
6a69421f-e399-4db8-897a-d8ef21b5e0a7,707b6ccf-c9d9-4c1d-97f4-516b572b2f9d,1697663933399077777
6a69421f-e399-4db8-897a-d8ef21b5e0a7,707b6ccf-c9d9-4c1d-97f4-516b572b2f9d,1697663933456922222
6a69421f-e399-4db8-897a-d8ef21b5e0a7,707b6ccf-c9d9-4c1d-97f4-516b572b2f9d,1697663933469222222
6a69421f-e399-4db8-897a-d8ef21b5e0a7,707b6ccf-c9d9-4c1d-97f4-516b572b2f9d,1697663933509844444
6a69421f-e399-4db8-897a-d8ef21b5e0a7,707b6ccf-c9d9-4c1d-97f4-516b572b2f9d,1697663933546011111
6a69421f-e399-4db8-897a-d8ef21b5e0a7,707b6ccf-c9d9-4c1d-97f4-516b572b2f9d,1697663933578977777
6a69421f-e399-4db8-897a-d8ef21b5e0a7,707b6ccf-c9d9-4c1d-97f4-516b572b2f9d,1697663933609066666
6a69421f-e399-4db8-897a-d8ef21b5e0a7,707b6ccf-c9d9-4c1d-97f4-516b572b2f9d,1697663933640833333
6a69421f-e399-4db8-897a-d8ef21b5e0a7,707b6ccf-c9d9-4c1d-97f4-516b572b2f9d,1697663933671188888
6a69421f-e399-4db8-897a-d8ef21b5e0a7,707b6ccf-c9d9-4c1d-97f4-516b572b2f9d,1697663933708622222
6a69421f-e399-4db8-897a-d8ef21b5e0a7,707b6ccf-c9d9-4c1d-97f4-516b572b2f9d,1697663933741577777
6a69421f-e399-4db8-897a-d8ef21b5e0a7,707b6ccf-c9d9-4c1d-97f4-516b572b2f9d,1697663933775688888
6a69421f-e399-4db8-897a-d8ef21b5e0a7,707b6ccf-c9d9-4c1d-97f4-516b572b2f9d,1697663933807066666
6a69421f-e399-4db8-897a-d8ef21b5e0a7,707b6ccf-c9d9-4c1d-97f4-516b572b2f9d,1697663933842166666
6a69421f-e399-4db8-897a-d8ef21b5e0a7,707b6ccf-c9d9-4c1d-97f4-516b572b2f9d,1697663933870955555
6a69421f-e399-4db8-897a-d8ef21b5e0a7,707b6ccf-c9d9-4c1d-97f4-516b572b2f9d,1697663933906122222
6a69421f-e399-4db8-897a-d8ef21b5e0a7,707b6ccf-c9d9-4c1d-97f4-516b572b2f9d,1697663933938000000
6a69421f-e399-4db8-897a-d8ef21b5e0a7,707b6ccf-c9d9-4c1d-97f4-516b572b2f9d,1697663933974411111
6a69421f-e399-4db8-897a-d8ef21b5e0a7,707b6ccf-c9d9-4c1d-97f4-516b572b2f9d,1697663934001044444
6a69421f-e399-4db8-897a-d8ef21b5e0a7,707b6ccf-c9d9-4c1d-97f4-516b572b2f9d,1697663934033888888
6a69421f-e399-4db8-897a-d8ef21b5e0a7,707b6ccf-c9d9-4c1d-97f4-516b572b2f9d,1697663934093711111
6a69421f-e399-4db8-897a-d8ef21b5e0a7,707b6ccf-c9d9-4c1d-97f4-516b572b2f9d,1697663934103666666
6a69421f-e399-4db8-897a-d8ef21b5e0a7,707b6ccf-c9d9-4c1d-97f4-516b572b2f9d,1697663934130722222
6a69421f-e399-4db8-897a-d8ef21b5e0a7,707b6ccf-c9d9-4c1d-97f4-516b572b2f9d,1697663934174233333
6a69421f-e399-4db8-897a-d8ef21b5e0a7,707b6ccf-c9d9-4c1d-97f4-516b572b2f9d,1697663934205433333
6a69421f-e399-4db8-897a-d8ef21b5e0a7,707b6ccf-c9d9-4c1d-97f4-516b572b2f9d,1697663934239455555
6a69421f-e399-4db8-897a-d8ef21b5e0a7,707b6ccf-c9d9-4c1d-97f4-516b572b2f9d,1697663934275088888
6a69421f-e399-4db8-897a-d8ef21b5e0a7,707b6ccf-c9d9-4c1d-97f4-516b572b2f9d,1697663934309000000
6a69421f-e399-4db8-897a-d8ef21b5e0a7,707b6ccf-c9d9-4c1d-97f4-516b572b2f9d,1697663934340755555
6a69421f-e399-4db8-897a-d8ef21b5e0a7,707b6ccf-c9d9-4c1d-97f4-516b572b2f9d,1697663934371511111
6a69421f-e399-4db8-897a-d8ef21b5e0a7,707b6ccf-c9d9-4c1d-97f4-516b572b2f9d,1697663934406522222
6a69421f-e399-4db8-897a-d8ef21b5e0a7,707b6ccf-c9d9-4c1d-97f4-516b572b2f9d,1697663934441744444
6a69421f-e399-4db8-897a-d8ef21b5e0a7,707b6ccf-c9d9-4c1d-97f4-516b572b2f9d,1697663934475555555
6a69421f-e399-4db8-897a-d8ef21b5e0a7,707b6ccf-c9d9-4c1d-97f4-516b572b2f9d,1697663934509455555
6a69421f-e399-4db8-897a-d8ef21b5e0a7,707b6ccf-c9d9-4c1d-97f4-516b572b2f9d,1697663934543711111
6a69421f-e399-4db8-897a-d8ef21b5e0a7,707b6ccf-c9d9-4c1d-97f4-516b572b2f9d,1697663934577466666
6a69421f-e399-4db8-897a-d8ef21b5e0a7,707b6ccf-c9d9-4c1d-97f4-516b572b2f9d,1697663934606066666
6a69421f-e399-4db8-897a-d8ef21b5e0a7,707b6ccf-c9d9-4c1d-97f4-516b572b2f9d,1697663934636666666
6a69421f-e399-4db8-897a-d8ef21b5e0a7,707b6ccf-c9d9-4c1d-97f4-516b572b2f9d,1697663934674800000
6a69421f-e399-4db8-897a-d8ef21b5e0a7,707b6ccf-c9d9-4c1d-97f4-516b572b2f9d,1697663934700066666
6a69421f-e399-4db8-897a-d8ef21b5e0a7,707b6ccf-c9d9-4c1d-97f4-516b572b2f9d,1697663934740355555
6a69421f-e399-4db8-897a-d8ef21b5e0a7,707b6ccf-c9d9-4c1d-97f4-516b572b2f9d,1697663934768744444
6a69421f-e399-4db8-897a-d8ef21b5e0a7,707b6ccf-c9d9-4c1d-97f4-516b572b2f9d,1697663934798188888
6a69421f-e399-4db8-897a-d8ef21b5e0a7,707b6ccf-c9d9-4c1d-97f4-516b572b2f9d,1697663934842555555
6a69421f-e399-4db8-897a-d8ef21b5e0a7,707b6ccf-c9d9-4c1d-97f4-516b572b2f9d,1697663934874077777
6a69421f-e399-4db8-897a-d8ef21b5e0a7,707b6ccf-c9d9-4c1d-97f4-516b572b2f9d,1697663934909300000
6a69421f-e399-4db8-897a-d8ef21b5e0a7,707b6ccf-c9d9-4c1d-97f4-516b572b2f9d,1697663934939566666
6a69421f-e399-4db8-897a-d8ef21b5e0a7,707b6ccf-c9d9-4c1d-97f4-516b572b2f9d,1697663934976077777
6a69421f-e399-4db8-897a-d8ef21b5e0a7,707b6ccf-c9d9-4c1d-97f4-516b572b2f9d,1697663935009788888
6a69421f-e399-4db8-897a-d8ef21b5e0a7,707b6ccf-c9d9-4c1d-97f4-516b572b2f9d,1697663935040022222
6a69421f-e399-4db8-897a-d8ef21b5e0a7,707b6ccf-c9d9-4c1d-97f4-516b572b2f9d,1697663935079100000
6a69421f-e399-4db8-897a-d8ef21b5e0a7,707b6ccf-c9d9-4c1d-97f4-516b572b2f9d,1697663935110111111
6a69421f-e399-4db8-897a-d8ef21b5e0a7,707b6ccf-c9d9-4c1d-97f4-516b572b2f9d,1697663935139788888
6a69421f-e399-4db8-897a-d8ef21b5e0a7,707b6ccf-c9d9-4c1d-97f4-516b572b2f9d,1697663935176066666
6a69421f-e399-4db8-897a-d8ef21b5e0a7,707b6ccf-c9d9-4c1d-97f4-516b572b2f9d,1697663935207811111
6a69421f-e399-4db8-897a-d8ef21b5e0a7,707b6ccf-c9d9-4c1d-97f4-516b572b2f9d,1697663935240688888
6a69421f-e399-4db8-897a-d8ef21b5e0a7,707b6ccf-c9d9-4c1d-97f4-516b572b2f9d,1697663935274811111
6a69421f-e399-4db8-897a-d8ef21b5e0a7,707b6ccf-c9d9-4c1d-97f4-516b572b2f9d,1697663935307288888
6a69421f-e399-4db8-897a-d8ef21b5e0a7,707b6ccf-c9d9-4c1d-97f4-516b572b2f9d,1697663935333633333
6a69421f-e399-4db8-897a-d8ef21b5e0a7,707b6ccf-c9d9-4c1d-97f4-516b572b2f9d,1697663935389844444
6a69421f-e399-4db8-897a-d8ef21b5e0a7,707b6ccf-c9d9-4c1d-97f4-516b572b2f9d,1697663935399611111
6a69421f-e399-4db8-897a-d8ef21b5e0a7,707b6ccf-c9d9-4c1d-97f4-516b572b2f9d,1697663935438677777
6a69421f-e399-4db8-897a-d8ef21b5e0a7,707b6ccf-c9d9-4c1d-97f4-516b572b2f9d,1697663935466666666
6a69421f-e399-4db8-897a-d8ef21b5e0a7,707b6ccf-c9d9-4c1d-97f4-516b572b2f9d,1697663935510677777
6a69421f-e399-4db8-897a-d8ef21b5e0a7,707b6ccf-c9d9-4c1d-97f4-516b572b2f9d,1697663935538755555
6a69421f-e399-4db8-897a-d8ef21b5e0a7,707b6ccf-c9d9-4c1d-97f4-516b572b2f9d,1697663935577066666
6a69421f-e399-4db8-897a-d8ef21b5e0a7,707b6ccf-c9d9-4c1d-97f4-516b572b2f9d,1697663935610211111
6a69421f-e399-4db8-897a-d8ef21b5e0a7,707b6ccf-c9d9-4c1d-97f4-516b572b2f9d,1697663935639366666
6a69421f-e399-4db8-897a-d8ef21b5e0a7,707b6ccf-c9d9-4c1d-97f4-516b572b2f9d,1697663935679166666
6a69421f-e399-4db8-897a-d8ef21b5e0a7,707b6ccf-c9d9-4c1d-97f4-516b572b2f9d,1697663935709388888
6a69421f-e399-4db8-897a-d8ef21b5e0a7,707b6ccf-c9d9-4c1d-97f4-516b572b2f9d,1697663935740633333
6a69421f-e399-4db8-897a-d8ef21b5e0a7,707b6ccf-c9d9-4c1d-97f4-516b572b2f9d,1697663935771644444
6a69421f-e399-4db8-897a-d8ef21b5e0a7,707b6ccf-c9d9-4c1d-97f4-516b572b2f9d,1697663935809166666
6a69421f-e399-4db8-897a-d8ef21b5e0a7,707b6ccf-c9d9-4c1d-97f4-516b572b2f9d,1697663935839955555
6a69421f-e399-4db8-897a-d8ef21b5e0a7,707b6ccf-c9d9-4c1d-97f4-516b572b2f9d,1697663935878600000
6a69421f-e399-4db8-897a-d8ef21b5e0a7,707b6ccf-c9d9-4c1d-97f4-516b572b2f9d,1697663935909966666
6a69421f-e399-4db8-897a-d8ef21b5e0a7,707b6ccf-c9d9-4c1d-97f4-516b572b2f9d,1697663935941855555
6a69421f-e399-4db8-897a-d8ef21b5e0a7,707b6ccf-c9d9-4c1d-97f4-516b572b2f9d,1697663935978744444
6a69421f-e399-4db8-897a-d8ef21b5e0a7,707b6ccf-c9d9-4c1d-97f4-516b572b2f9d,1697663935998911111
6a69421f-e399-4db8-897a-d8ef21b5e0a7,707b6ccf-c9d9-4c1d-97f4-516b572b2f9d,1697663936030211111
6a69421f-e399-4db8-897a-d8ef21b5e0a7,707b6ccf-c9d9-4c1d-97f4-516b572b2f9d,1697663936069077777
6a69421f-e399-4db8-897a-d8ef21b5e0a7,707b6ccf-c9d9-4c1d-97f4-516b572b2f9d,1697663936108388888
6a69421f-e399-4db8-897a-d8ef21b5e0a7,707b6ccf-c9d9-4c1d-97f4-516b572b2f9d,1697663936132788888
6a69421f-e399-4db8-897a-d8ef21b5e0a7,707b6ccf-c9d9-4c1d-97f4-516b572b2f9d,1697663936177277777
6a69421f-e399-4db8-897a-d8ef21b5e0a7,707b6ccf-c9d9-4c1d-97f4-516b572b2f9d,1697663936210044444
6a69421f-e399-4db8-897a-d8ef21b5e0a7,707b6ccf-c9d9-4c1d-97f4-516b572b2f9d,1697663936238344444
6a69421f-e399-4db8-897a-d8ef21b5e0a7,707b6ccf-c9d9-4c1d-97f4-516b572b2f9d,1697663936277788888
6a69421f-e399-4db8-897a-d8ef21b5e0a7,707b6ccf-c9d9-4c1d-97f4-516b572b2f9d,1697663936307688888
6a69421f-e399-4db8-897a-d8ef21b5e0a7,707b6ccf-c9d9-4c1d-97f4-516b572b2f9d,1697663936342666666
6a69421f-e399-4db8-897a-d8ef21b5e0a7,707b6ccf-c9d9-4c1d-97f4-516b572b2f9d,1697663936372077777
6a69421f-e399-4db8-897a-d8ef21b5e0a7,707b6ccf-c9d9-4c1d-97f4-516b572b2f9d,1697663936408833333
6a69421f-e399-4db8-897a-d8ef21b5e0a7,707b6ccf-c9d9-4c1d-97f4-516b572b2f9d,1697663936441022222
6a69421f-e399-4db8-897a-d8ef21b5e0a7,707b6ccf-c9d9-4c1d-97f4-516b572b2f9d,1697663936475600000
6a69421f-e399-4db8-897a-d8ef21b5e0a7,707b6ccf-c9d9-4c1d-97f4-516b572b2f9d,1697663936507366666
6a69421f-e399-4db8-897a-d8ef21b5e0a7,707b6ccf-c9d9-4c1d-97f4-516b572b2f9d,1697663936537766666
6a69421f-e399-4db8-897a-d8ef21b5e0a7,707b6ccf-c9d9-4c1d-97f4-516b572b2f9d,1697663936575933333
6a69421f-e399-4db8-897a-d8ef21b5e0a7,707b6ccf-c9d9-4c1d-97f4-516b572b2f9d,1697663936606277777
6a69421f-e399-4db8-897a-d8ef21b5e0a7,707b6ccf-c9d9-4c1d-97f4-516b572b2f9d,1697663936644455555
6a69421f-e399-4db8-897a-d8ef21b5e0a7,707b6ccf-c9d9-4c1d-97f4-516b572b2f9d,1697663936667466666
6a69421f-e399-4db8-897a-d8ef21b5e0a7,707b6ccf-c9d9-4c1d-97f4-516b572b2f9d,1697663936700322222
6a69421f-e399-4db8-897a-d8ef21b5e0a7,707b6ccf-c9d9-4c1d-97f4-516b572b2f9d,1697663936742477777
6a69421f-e399-4db8-897a-d8ef21b5e0a7,707b6ccf-c9d9-4c1d-97f4-516b572b2f9d,1697663936769266666
6a69421f-e399-4db8-897a-d8ef21b5e0a7,707b6ccf-c9d9-4c1d-97f4-516b572b2f9d,1697663936805544444
6a69421f-e399-4db8-897a-d8ef21b5e0a7,707b6ccf-c9d9-4c1d-97f4-516b572b2f9d,1697663936839288888
6a69421f-e399-4db8-897a-d8ef21b5e0a7,707b6ccf-c9d9-4c1d-97f4-516b572b2f9d,1697663936874222222
6a69421f-e399-4db8-897a-d8ef21b5e0a7,707b6ccf-c9d9-4c1d-97f4-516b572b2f9d,1697663936906577777
6a69421f-e399-4db8-897a-d8ef21b5e0a7,707b6ccf-c9d9-4c1d-97f4-516b572b2f9d,1697663936938177777
6a69421f-e399-4db8-897a-d8ef21b5e0a7,707b6ccf-c9d9-4c1d-97f4-516b572b2f9d,1697663936969411111
6a69421f-e399-4db8-897a-d8ef21b5e0a7,707b6ccf-c9d9-4c1d-97f4-516b572b2f9d,1697663937007444444
6a69421f-e399-4db8-897a-d8ef21b5e0a7,707b6ccf-c9d9-4c1d-97f4-516b572b2f9d,1697663937038511111
6a69421f-e399-4db8-897a-d8ef21b5e0a7,707b6ccf-c9d9-4c1d-97f4-516b572b2f9d,1697663937070522222
6a69421f-e399-4db8-897a-d8ef21b5e0a7,707b6ccf-c9d9-4c1d-97f4-516b572b2f9d,1697663937109844444
6a69421f-e399-4db8-897a-d8ef21b5e0a7,707b6ccf-c9d9-4c1d-97f4-516b572b2f9d,1697663937137722222
6a69421f-e399-4db8-897a-d8ef21b5e0a7,707b6ccf-c9d9-4c1d-97f4-516b572b2f9d,1697663937172611111
6a69421f-e399-4db8-897a-d8ef21b5e0a7,707b6ccf-c9d9-4c1d-97f4-516b572b2f9d,1697663937209077777
6a69421f-e399-4db8-897a-d8ef21b5e0a7,707b6ccf-c9d9-4c1d-97f4-516b572b2f9d,1697663937239400000
6a69421f-e399-4db8-897a-d8ef21b5e0a7,707b6ccf-c9d9-4c1d-97f4-516b572b2f9d,1697663937271255555
6a69421f-e399-4db8-897a-d8ef21b5e0a7,707b6ccf-c9d9-4c1d-97f4-516b572b2f9d,1697663937302622222
6a69421f-e399-4db8-897a-d8ef21b5e0a7,707b6ccf-c9d9-4c1d-97f4-516b572b2f9d,1697663937340944444
6a69421f-e399-4db8-897a-d8ef21b5e0a7,707b6ccf-c9d9-4c1d-97f4-516b572b2f9d,1697663937362622222
6a69421f-e399-4db8-897a-d8ef21b5e0a7,707b6ccf-c9d9-4c1d-97f4-516b572b2f9d,1697663937401177777
6a69421f-e399-4db8-897a-d8ef21b5e0a7,707b6ccf-c9d9-4c1d-97f4-516b572b2f9d,1697663937434500000
6a69421f-e399-4db8-897a-d8ef21b5e0a7,707b6ccf-c9d9-4c1d-97f4-516b572b2f9d,1697663937460700000
6a69421f-e399-4db8-897a-d8ef21b5e0a7,707b6ccf-c9d9-4c1d-97f4-516b572b2f9d,1697663937507411111
6a69421f-e399-4db8-897a-d8ef21b5e0a7,707b6ccf-c9d9-4c1d-97f4-516b572b2f9d,1697663937539000000
6a69421f-e399-4db8-897a-d8ef21b5e0a7,707b6ccf-c9d9-4c1d-97f4-516b572b2f9d,1697663937570366666
6a69421f-e399-4db8-897a-d8ef21b5e0a7,707b6ccf-c9d9-4c1d-97f4-516b572b2f9d,1697663937608422222
6a69421f-e399-4db8-897a-d8ef21b5e0a7,707b6ccf-c9d9-4c1d-97f4-516b572b2f9d,1697663937639066666
6a69421f-e399-4db8-897a-d8ef21b5e0a7,707b6ccf-c9d9-4c1d-97f4-516b572b2f9d,1697663937670244444
6a69421f-e399-4db8-897a-d8ef21b5e0a7,707b6ccf-c9d9-4c1d-97f4-516b572b2f9d,1697663937713755555
6a69421f-e399-4db8-897a-d8ef21b5e0a7,707b6ccf-c9d9-4c1d-97f4-516b572b2f9d,1697663937741344444
6a69421f-e399-4db8-897a-d8ef21b5e0a7,707b6ccf-c9d9-4c1d-97f4-516b572b2f9d,1697663937764211111
6a69421f-e399-4db8-897a-d8ef21b5e0a7,707b6ccf-c9d9-4c1d-97f4-516b572b2f9d,1697663937812622222
6a69421f-e399-4db8-897a-d8ef21b5e0a7,707b6ccf-c9d9-4c1d-97f4-516b572b2f9d,1697663937842366666
6a69421f-e399-4db8-897a-d8ef21b5e0a7,707b6ccf-c9d9-4c1d-97f4-516b572b2f9d,1697663937872255555
6a69421f-e399-4db8-897a-d8ef21b5e0a7,707b6ccf-c9d9-4c1d-97f4-516b572b2f9d,1697663937913811111
6a69421f-e399-4db8-897a-d8ef21b5e0a7,707b6ccf-c9d9-4c1d-97f4-516b572b2f9d,1697663937938177777
6a69421f-e399-4db8-897a-d8ef21b5e0a7,707b6ccf-c9d9-4c1d-97f4-516b572b2f9d,1697663937962088888
6a69421f-e399-4db8-897a-d8ef21b5e0a7,707b6ccf-c9d9-4c1d-97f4-516b572b2f9d,1697663938009577777
6a69421f-e399-4db8-897a-d8ef21b5e0a7,707b6ccf-c9d9-4c1d-97f4-516b572b2f9d,1697663938047377777
6a69421f-e399-4db8-897a-d8ef21b5e0a7,707b6ccf-c9d9-4c1d-97f4-516b572b2f9d,1697663938063800000
6a69421f-e399-4db8-897a-d8ef21b5e0a7,707b6ccf-c9d9-4c1d-97f4-516b572b2f9d,1697663938103044444
6a69421f-e399-4db8-897a-d8ef21b5e0a7,707b6ccf-c9d9-4c1d-97f4-516b572b2f9d,1697663938130011111
6a69421f-e399-4db8-897a-d8ef21b5e0a7,707b6ccf-c9d9-4c1d-97f4-516b572b2f9d,1697663938172922222
6a69421f-e399-4db8-897a-d8ef21b5e0a7,707b6ccf-c9d9-4c1d-97f4-516b572b2f9d,1697663938209233333
6a69421f-e399-4db8-897a-d8ef21b5e0a7,707b6ccf-c9d9-4c1d-97f4-516b572b2f9d,1697663938243655555
6a69421f-e399-4db8-897a-d8ef21b5e0a7,707b6ccf-c9d9-4c1d-97f4-516b572b2f9d,1697663938271077777
6a69421f-e399-4db8-897a-d8ef21b5e0a7,707b6ccf-c9d9-4c1d-97f4-516b572b2f9d,1697663938307955555
6a69421f-e399-4db8-897a-d8ef21b5e0a7,707b6ccf-c9d9-4c1d-97f4-516b572b2f9d,1697663938338211111
6a69421f-e399-4db8-897a-d8ef21b5e0a7,707b6ccf-c9d9-4c1d-97f4-516b572b2f9d,1697663938374766666
6a69421f-e399-4db8-897a-d8ef21b5e0a7,707b6ccf-c9d9-4c1d-97f4-516b572b2f9d,1697663938406188888
6a69421f-e399-4db8-897a-d8ef21b5e0a7,707b6ccf-c9d9-4c1d-97f4-516b572b2f9d,1697663938438600000
6a69421f-e399-4db8-897a-d8ef21b5e0a7,707b6ccf-c9d9-4c1d-97f4-516b572b2f9d,1697663938470644444
6a69421f-e399-4db8-897a-d8ef21b5e0a7,707b6ccf-c9d9-4c1d-97f4-516b572b2f9d,1697663938508444444
6a69421f-e399-4db8-897a-d8ef21b5e0a7,707b6ccf-c9d9-4c1d-97f4-516b572b2f9d,1697663938542555555
6a69421f-e399-4db8-897a-d8ef21b5e0a7,707b6ccf-c9d9-4c1d-97f4-516b572b2f9d,1697663938571666666
6a69421f-e399-4db8-897a-d8ef21b5e0a7,707b6ccf-c9d9-4c1d-97f4-516b572b2f9d,1697663938605911111
6a69421f-e399-4db8-897a-d8ef21b5e0a7,707b6ccf-c9d9-4c1d-97f4-516b572b2f9d,1697663938656111111
6a69421f-e399-4db8-897a-d8ef21b5e0a7,707b6ccf-c9d9-4c1d-97f4-516b572b2f9d,1697663938670600000
6a69421f-e399-4db8-897a-d8ef21b5e0a7,707b6ccf-c9d9-4c1d-97f4-516b572b2f9d,1697663938715211111
6a69421f-e399-4db8-897a-d8ef21b5e0a7,707b6ccf-c9d9-4c1d-97f4-516b572b2f9d,1697663938741700000
6a69421f-e399-4db8-897a-d8ef21b5e0a7,707b6ccf-c9d9-4c1d-97f4-516b572b2f9d,1697663938769711111
6a69421f-e399-4db8-897a-d8ef21b5e0a7,707b6ccf-c9d9-4c1d-97f4-516b572b2f9d,1697663938797688888
6a69421f-e399-4db8-897a-d8ef21b5e0a7,707b6ccf-c9d9-4c1d-97f4-516b572b2f9d,1697663938840977777
6a69421f-e399-4db8-897a-d8ef21b5e0a7,707b6ccf-c9d9-4c1d-97f4-516b572b2f9d,1697663938864333333
6a69421f-e399-4db8-897a-d8ef21b5e0a7,707b6ccf-c9d9-4c1d-97f4-516b572b2f9d,1697663938911488888
6a69421f-e399-4db8-897a-d8ef21b5e0a7,707b6ccf-c9d9-4c1d-97f4-516b572b2f9d,1697663938939222222
6a69421f-e399-4db8-897a-d8ef21b5e0a7,707b6ccf-c9d9-4c1d-97f4-516b572b2f9d,1697663938970833333
6a69421f-e399-4db8-897a-d8ef21b5e0a7,707b6ccf-c9d9-4c1d-97f4-516b572b2f9d,1697663939007155555
6a69421f-e399-4db8-897a-d8ef21b5e0a7,707b6ccf-c9d9-4c1d-97f4-516b572b2f9d,1697663939039455555
6a69421f-e399-4db8-897a-d8ef21b5e0a7,707b6ccf-c9d9-4c1d-97f4-516b572b2f9d,1697663939074855555
6a69421f-e399-4db8-897a-d8ef21b5e0a7,707b6ccf-c9d9-4c1d-97f4-516b572b2f9d,1697663939107255555
6a69421f-e399-4db8-897a-d8ef21b5e0a7,707b6ccf-c9d9-4c1d-97f4-516b572b2f9d,1697663939138777777
6a69421f-e399-4db8-897a-d8ef21b5e0a7,707b6ccf-c9d9-4c1d-97f4-516b572b2f9d,1697663939171188888
6a69421f-e399-4db8-897a-d8ef21b5e0a7,707b6ccf-c9d9-4c1d-97f4-516b572b2f9d,1697663939207500000
6a69421f-e399-4db8-897a-d8ef21b5e0a7,707b6ccf-c9d9-4c1d-97f4-516b572b2f9d,1697663939239488888
6a69421f-e399-4db8-897a-d8ef21b5e0a7,707b6ccf-c9d9-4c1d-97f4-516b572b2f9d,1697663939271788888
6a69421f-e399-4db8-897a-d8ef21b5e0a7,707b6ccf-c9d9-4c1d-97f4-516b572b2f9d,1697663939310344444
6a69421f-e399-4db8-897a-d8ef21b5e0a7,707b6ccf-c9d9-4c1d-97f4-516b572b2f9d,1697663939337844444
6a69421f-e399-4db8-897a-d8ef21b5e0a7,707b6ccf-c9d9-4c1d-97f4-516b572b2f9d,1697663939365566666
6a69421f-e399-4db8-897a-d8ef21b5e0a7,707b6ccf-c9d9-4c1d-97f4-516b572b2f9d,1697663939413844444
6a69421f-e399-4db8-897a-d8ef21b5e0a7,707b6ccf-c9d9-4c1d-97f4-516b572b2f9d,1697663939432977777
6a69421f-e399-4db8-897a-d8ef21b5e0a7,707b6ccf-c9d9-4c1d-97f4-516b572b2f9d,1697663939480044444
6a69421f-e399-4db8-897a-d8ef21b5e0a7,707b6ccf-c9d9-4c1d-97f4-516b572b2f9d,1697663939498544444
6a69421f-e399-4db8-897a-d8ef21b5e0a7,707b6ccf-c9d9-4c1d-97f4-516b572b2f9d,1697663939542455555
6a69421f-e399-4db8-897a-d8ef21b5e0a7,707b6ccf-c9d9-4c1d-97f4-516b572b2f9d,1697663939565533333
6a69421f-e399-4db8-897a-d8ef21b5e0a7,707b6ccf-c9d9-4c1d-97f4-516b572b2f9d,1697663939613711111
6a69421f-e399-4db8-897a-d8ef21b5e0a7,707b6ccf-c9d9-4c1d-97f4-516b572b2f9d,1697663939639611111
6a69421f-e399-4db8-897a-d8ef21b5e0a7,707b6ccf-c9d9-4c1d-97f4-516b572b2f9d,1697663939671244444
6a69421f-e399-4db8-897a-d8ef21b5e0a7,707b6ccf-c9d9-4c1d-97f4-516b572b2f9d,1697663939710033333
6a69421f-e399-4db8-897a-d8ef21b5e0a7,707b6ccf-c9d9-4c1d-97f4-516b572b2f9d,1697663939743555555
6a69421f-e399-4db8-897a-d8ef21b5e0a7,707b6ccf-c9d9-4c1d-97f4-516b572b2f9d,1697663939770344444
6a69421f-e399-4db8-897a-d8ef21b5e0a7,707b6ccf-c9d9-4c1d-97f4-516b572b2f9d,1697663939810100000
6a69421f-e399-4db8-897a-d8ef21b5e0a7,707b6ccf-c9d9-4c1d-97f4-516b572b2f9d,1697663939839488888
6a69421f-e399-4db8-897a-d8ef21b5e0a7,707b6ccf-c9d9-4c1d-97f4-516b572b2f9d,1697663939869311111
6a69421f-e399-4db8-897a-d8ef21b5e0a7,707b6ccf-c9d9-4c1d-97f4-516b572b2f9d,1697663939910855555
6a69421f-e399-4db8-897a-d8ef21b5e0a7,707b6ccf-c9d9-4c1d-97f4-516b572b2f9d,1697663939945311111
6a69421f-e399-4db8-897a-d8ef21b5e0a7,707b6ccf-c9d9-4c1d-97f4-516b572b2f9d,1697663939970344444
6a69421f-e399-4db8-897a-d8ef21b5e0a7,707b6ccf-c9d9-4c1d-97f4-516b572b2f9d,1697663940001544444
6a69421f-e399-4db8-897a-d8ef21b5e0a7,707b6ccf-c9d9-4c1d-97f4-516b572b2f9d,1697663940033800000
6a69421f-e399-4db8-897a-d8ef21b5e0a7,707b6ccf-c9d9-4c1d-97f4-516b572b2f9d,1697663940061788888
6a69421f-e399-4db8-897a-d8ef21b5e0a7,707b6ccf-c9d9-4c1d-97f4-516b572b2f9d,1697663940098922222
6a69421f-e399-4db8-897a-d8ef21b5e0a7,707b6ccf-c9d9-4c1d-97f4-516b572b2f9d,1697663940129455555
6a69421f-e399-4db8-897a-d8ef21b5e0a7,707b6ccf-c9d9-4c1d-97f4-516b572b2f9d,1697663940173088888
6a69421f-e399-4db8-897a-d8ef21b5e0a7,707b6ccf-c9d9-4c1d-97f4-516b572b2f9d,1697663940208822222
6a69421f-e399-4db8-897a-d8ef21b5e0a7,707b6ccf-c9d9-4c1d-97f4-516b572b2f9d,1697663940238188888
6a69421f-e399-4db8-897a-d8ef21b5e0a7,707b6ccf-c9d9-4c1d-97f4-516b572b2f9d,1697663940270900000
6a69421f-e399-4db8-897a-d8ef21b5e0a7,707b6ccf-c9d9-4c1d-97f4-516b572b2f9d,1697663940303911111
6a69421f-e399-4db8-897a-d8ef21b5e0a7,707b6ccf-c9d9-4c1d-97f4-516b572b2f9d,1697663940340155555
6a69421f-e399-4db8-897a-d8ef21b5e0a7,707b6ccf-c9d9-4c1d-97f4-516b572b2f9d,1697663940367544444
6a69421f-e399-4db8-897a-d8ef21b5e0a7,707b6ccf-c9d9-4c1d-97f4-516b572b2f9d,1697663940403055555
6a69421f-e399-4db8-897a-d8ef21b5e0a7,707b6ccf-c9d9-4c1d-97f4-516b572b2f9d,1697663940438822222
6a69421f-e399-4db8-897a-d8ef21b5e0a7,707b6ccf-c9d9-4c1d-97f4-516b572b2f9d,1697663940471044444
6a69421f-e399-4db8-897a-d8ef21b5e0a7,707b6ccf-c9d9-4c1d-97f4-516b572b2f9d,1697663940501655555
6a69421f-e399-4db8-897a-d8ef21b5e0a7,707b6ccf-c9d9-4c1d-97f4-516b572b2f9d,1697663940539800000
6a69421f-e399-4db8-897a-d8ef21b5e0a7,707b6ccf-c9d9-4c1d-97f4-516b572b2f9d,1697663940571766666
6a69421f-e399-4db8-897a-d8ef21b5e0a7,707b6ccf-c9d9-4c1d-97f4-516b572b2f9d,1697663940602055555
6a69421f-e399-4db8-897a-d8ef21b5e0a7,707b6ccf-c9d9-4c1d-97f4-516b572b2f9d,1697663940653866666
6a69421f-e399-4db8-897a-d8ef21b5e0a7,707b6ccf-c9d9-4c1d-97f4-516b572b2f9d,1697663940669433333
6a69421f-e399-4db8-897a-d8ef21b5e0a7,707b6ccf-c9d9-4c1d-97f4-516b572b2f9d,1697663940709444444
6a69421f-e399-4db8-897a-d8ef21b5e0a7,707b6ccf-c9d9-4c1d-97f4-516b572b2f9d,1697663940732933333
6a69421f-e399-4db8-897a-d8ef21b5e0a7,707b6ccf-c9d9-4c1d-97f4-516b572b2f9d,1697663940764755555
6a69421f-e399-4db8-897a-d8ef21b5e0a7,707b6ccf-c9d9-4c1d-97f4-516b572b2f9d,1697663940801422222
6a69421f-e399-4db8-897a-d8ef21b5e0a7,707b6ccf-c9d9-4c1d-97f4-516b572b2f9d,1697663940841322222
6a69421f-e399-4db8-897a-d8ef21b5e0a7,707b6ccf-c9d9-4c1d-97f4-516b572b2f9d,1697663940871411111
6a69421f-e399-4db8-897a-d8ef21b5e0a7,707b6ccf-c9d9-4c1d-97f4-516b572b2f9d,1697663940904011111
6a69421f-e399-4db8-897a-d8ef21b5e0a7,707b6ccf-c9d9-4c1d-97f4-516b572b2f9d,1697663940940133333
6a69421f-e399-4db8-897a-d8ef21b5e0a7,707b6ccf-c9d9-4c1d-97f4-516b572b2f9d,1697663940968244444
6a69421f-e399-4db8-897a-d8ef21b5e0a7,707b6ccf-c9d9-4c1d-97f4-516b572b2f9d,1697663941003511111
6a69421f-e399-4db8-897a-d8ef21b5e0a7,707b6ccf-c9d9-4c1d-97f4-516b572b2f9d,1697663941042866666
6a69421f-e399-4db8-897a-d8ef21b5e0a7,707b6ccf-c9d9-4c1d-97f4-516b572b2f9d,1697663941064088888
6a69421f-e399-4db8-897a-d8ef21b5e0a7,707b6ccf-c9d9-4c1d-97f4-516b572b2f9d,1697663941108233333
6a69421f-e399-4db8-897a-d8ef21b5e0a7,707b6ccf-c9d9-4c1d-97f4-516b572b2f9d,1697663941140611111
6a69421f-e399-4db8-897a-d8ef21b5e0a7,707b6ccf-c9d9-4c1d-97f4-516b572b2f9d,1697663941170022222
6a69421f-e399-4db8-897a-d8ef21b5e0a7,707b6ccf-c9d9-4c1d-97f4-516b572b2f9d,1697663941201800000
6a69421f-e399-4db8-897a-d8ef21b5e0a7,707b6ccf-c9d9-4c1d-97f4-516b572b2f9d,1697663941241044444
6a69421f-e399-4db8-897a-d8ef21b5e0a7,707b6ccf-c9d9-4c1d-97f4-516b572b2f9d,1697663941261911111
6a69421f-e399-4db8-897a-d8ef21b5e0a7,707b6ccf-c9d9-4c1d-97f4-516b572b2f9d,1697663941318611111
6a69421f-e399-4db8-897a-d8ef21b5e0a7,707b6ccf-c9d9-4c1d-97f4-516b572b2f9d,1697663941332866666
6a69421f-e399-4db8-897a-d8ef21b5e0a7,707b6ccf-c9d9-4c1d-97f4-516b572b2f9d,1697663941362788888
6a69421f-e399-4db8-897a-d8ef21b5e0a7,707b6ccf-c9d9-4c1d-97f4-516b572b2f9d,1697663941412055555
6a69421f-e399-4db8-897a-d8ef21b5e0a7,707b6ccf-c9d9-4c1d-97f4-516b572b2f9d,1697663941435666666
6a69421f-e399-4db8-897a-d8ef21b5e0a7,707b6ccf-c9d9-4c1d-97f4-516b572b2f9d,1697663941461166666
6a69421f-e399-4db8-897a-d8ef21b5e0a7,707b6ccf-c9d9-4c1d-97f4-516b572b2f9d,1697663941507455555
6a69421f-e399-4db8-897a-d8ef21b5e0a7,707b6ccf-c9d9-4c1d-97f4-516b572b2f9d,1697663941538444444
6a69421f-e399-4db8-897a-d8ef21b5e0a7,707b6ccf-c9d9-4c1d-97f4-516b572b2f9d,1697663941568500000
6a69421f-e399-4db8-897a-d8ef21b5e0a7,707b6ccf-c9d9-4c1d-97f4-516b572b2f9d,1697663941604355555
6a69421f-e399-4db8-897a-d8ef21b5e0a7,707b6ccf-c9d9-4c1d-97f4-516b572b2f9d,1697663941641066666
6a69421f-e399-4db8-897a-d8ef21b5e0a7,707b6ccf-c9d9-4c1d-97f4-516b572b2f9d,1697663941666422222
6a69421f-e399-4db8-897a-d8ef21b5e0a7,707b6ccf-c9d9-4c1d-97f4-516b572b2f9d,1697663941710166666
6a69421f-e399-4db8-897a-d8ef21b5e0a7,707b6ccf-c9d9-4c1d-97f4-516b572b2f9d,1697663941738611111
6a69421f-e399-4db8-897a-d8ef21b5e0a7,707b6ccf-c9d9-4c1d-97f4-516b572b2f9d,1697663941772766666
6a69421f-e399-4db8-897a-d8ef21b5e0a7,707b6ccf-c9d9-4c1d-97f4-516b572b2f9d,1697663941804322222
6a69421f-e399-4db8-897a-d8ef21b5e0a7,707b6ccf-c9d9-4c1d-97f4-516b572b2f9d,1697663941839633333
6a69421f-e399-4db8-897a-d8ef21b5e0a7,707b6ccf-c9d9-4c1d-97f4-516b572b2f9d,1697663941871566666
6a69421f-e399-4db8-897a-d8ef21b5e0a7,707b6ccf-c9d9-4c1d-97f4-516b572b2f9d,1697663941903111111
6a69421f-e399-4db8-897a-d8ef21b5e0a7,707b6ccf-c9d9-4c1d-97f4-516b572b2f9d,1697663941940255555
6a69421f-e399-4db8-897a-d8ef21b5e0a7,707b6ccf-c9d9-4c1d-97f4-516b572b2f9d,1697663941986877777
6a69421f-e399-4db8-897a-d8ef21b5e0a7,707b6ccf-c9d9-4c1d-97f4-516b572b2f9d,1697663941999644444
6a69421f-e399-4db8-897a-d8ef21b5e0a7,707b6ccf-c9d9-4c1d-97f4-516b572b2f9d,1697663942030133333
6a69421f-e399-4db8-897a-d8ef21b5e0a7,707b6ccf-c9d9-4c1d-97f4-516b572b2f9d,1697663942066755555
6a69421f-e399-4db8-897a-d8ef21b5e0a7,707b6ccf-c9d9-4c1d-97f4-516b572b2f9d,1697663942097111111
6a69421f-e399-4db8-897a-d8ef21b5e0a7,707b6ccf-c9d9-4c1d-97f4-516b572b2f9d,1697663942134088888
6a69421f-e399-4db8-897a-d8ef21b5e0a7,707b6ccf-c9d9-4c1d-97f4-516b572b2f9d,1697663942175433333
6a69421f-e399-4db8-897a-d8ef21b5e0a7,707b6ccf-c9d9-4c1d-97f4-516b572b2f9d,1697663942207477777
6a69421f-e399-4db8-897a-d8ef21b5e0a7,707b6ccf-c9d9-4c1d-97f4-516b572b2f9d,1697663942239444444
6a69421f-e399-4db8-897a-d8ef21b5e0a7,707b6ccf-c9d9-4c1d-97f4-516b572b2f9d,1697663942270177777
6a69421f-e399-4db8-897a-d8ef21b5e0a7,707b6ccf-c9d9-4c1d-97f4-516b572b2f9d,1697663942303166666
6a69421f-e399-4db8-897a-d8ef21b5e0a7,707b6ccf-c9d9-4c1d-97f4-516b572b2f9d,1697663942339555555
6a69421f-e399-4db8-897a-d8ef21b5e0a7,707b6ccf-c9d9-4c1d-97f4-516b572b2f9d,1697663942370366666
6a69421f-e399-4db8-897a-d8ef21b5e0a7,707b6ccf-c9d9-4c1d-97f4-516b572b2f9d,1697663942407033333
6a69421f-e399-4db8-897a-d8ef21b5e0a7,707b6ccf-c9d9-4c1d-97f4-516b572b2f9d,1697663942439600000
6a69421f-e399-4db8-897a-d8ef21b5e0a7,707b6ccf-c9d9-4c1d-97f4-516b572b2f9d,1697663942471244444
6a69421f-e399-4db8-897a-d8ef21b5e0a7,707b6ccf-c9d9-4c1d-97f4-516b572b2f9d,1697663942503266666
6a69421f-e399-4db8-897a-d8ef21b5e0a7,707b6ccf-c9d9-4c1d-97f4-516b572b2f9d,1697663942540433333
6a69421f-e399-4db8-897a-d8ef21b5e0a7,707b6ccf-c9d9-4c1d-97f4-516b572b2f9d,1697663942571500000
6a69421f-e399-4db8-897a-d8ef21b5e0a7,707b6ccf-c9d9-4c1d-97f4-516b572b2f9d,1697663942607400000
6a69421f-e399-4db8-897a-d8ef21b5e0a7,707b6ccf-c9d9-4c1d-97f4-516b572b2f9d,1697663942643755555
6a69421f-e399-4db8-897a-d8ef21b5e0a7,707b6ccf-c9d9-4c1d-97f4-516b572b2f9d,1697663942664555555
6a69421f-e399-4db8-897a-d8ef21b5e0a7,707b6ccf-c9d9-4c1d-97f4-516b572b2f9d,1697663942696544444
6a69421f-e399-4db8-897a-d8ef21b5e0a7,707b6ccf-c9d9-4c1d-97f4-516b572b2f9d,1697663942741866666
6a69421f-e399-4db8-897a-d8ef21b5e0a7,707b6ccf-c9d9-4c1d-97f4-516b572b2f9d,1697663942765577777
6a69421f-e399-4db8-897a-d8ef21b5e0a7,707b6ccf-c9d9-4c1d-97f4-516b572b2f9d,1697663942810077777
6a69421f-e399-4db8-897a-d8ef21b5e0a7,707b6ccf-c9d9-4c1d-97f4-516b572b2f9d,1697663942839477777
6a69421f-e399-4db8-897a-d8ef21b5e0a7,707b6ccf-c9d9-4c1d-97f4-516b572b2f9d,1697663942873433333
6a69421f-e399-4db8-897a-d8ef21b5e0a7,707b6ccf-c9d9-4c1d-97f4-516b572b2f9d,1697663942905788888
6a69421f-e399-4db8-897a-d8ef21b5e0a7,707b6ccf-c9d9-4c1d-97f4-516b572b2f9d,1697663942940311111
6a69421f-e399-4db8-897a-d8ef21b5e0a7,707b6ccf-c9d9-4c1d-97f4-516b572b2f9d,1697663942966022222
6a69421f-e399-4db8-897a-d8ef21b5e0a7,707b6ccf-c9d9-4c1d-97f4-516b572b2f9d,1697663943005866666
6a69421f-e399-4db8-897a-d8ef21b5e0a7,707b6ccf-c9d9-4c1d-97f4-516b572b2f9d,1697663943042566666
6a69421f-e399-4db8-897a-d8ef21b5e0a7,707b6ccf-c9d9-4c1d-97f4-516b572b2f9d,1697663943066633333
6a69421f-e399-4db8-897a-d8ef21b5e0a7,707b6ccf-c9d9-4c1d-97f4-516b572b2f9d,1697663943104311111
6a69421f-e399-4db8-897a-d8ef21b5e0a7,707b6ccf-c9d9-4c1d-97f4-516b572b2f9d,1697663943137844444
6a69421f-e399-4db8-897a-d8ef21b5e0a7,707b6ccf-c9d9-4c1d-97f4-516b572b2f9d,1697663943169988888
6a69421f-e399-4db8-897a-d8ef21b5e0a7,707b6ccf-c9d9-4c1d-97f4-516b572b2f9d,1697663943201555555
6a69421f-e399-4db8-897a-d8ef21b5e0a7,707b6ccf-c9d9-4c1d-97f4-516b572b2f9d,1697663943239555555
6a69421f-e399-4db8-897a-d8ef21b5e0a7,707b6ccf-c9d9-4c1d-97f4-516b572b2f9d,1697663943270800000
6a69421f-e399-4db8-897a-d8ef21b5e0a7,707b6ccf-c9d9-4c1d-97f4-516b572b2f9d,1697663943314711111
6a69421f-e399-4db8-897a-d8ef21b5e0a7,707b6ccf-c9d9-4c1d-97f4-516b572b2f9d,1697663943332344444
6a69421f-e399-4db8-897a-d8ef21b5e0a7,707b6ccf-c9d9-4c1d-97f4-516b572b2f9d,1697663943377155555
6a69421f-e399-4db8-897a-d8ef21b5e0a7,707b6ccf-c9d9-4c1d-97f4-516b572b2f9d,1697663943401577777
6a69421f-e399-4db8-897a-d8ef21b5e0a7,707b6ccf-c9d9-4c1d-97f4-516b572b2f9d,1697663943440655555
6a69421f-e399-4db8-897a-d8ef21b5e0a7,707b6ccf-c9d9-4c1d-97f4-516b572b2f9d,1697663943465988888
6a69421f-e399-4db8-897a-d8ef21b5e0a7,707b6ccf-c9d9-4c1d-97f4-516b572b2f9d,1697663943504777777
6a69421f-e399-4db8-897a-d8ef21b5e0a7,707b6ccf-c9d9-4c1d-97f4-516b572b2f9d,1697663943541788888
6a69421f-e399-4db8-897a-d8ef21b5e0a7,707b6ccf-c9d9-4c1d-97f4-516b572b2f9d,1697663943563633333
6a69421f-e399-4db8-897a-d8ef21b5e0a7,707b6ccf-c9d9-4c1d-97f4-516b572b2f9d,1697663943605622222
6a69421f-e399-4db8-897a-d8ef21b5e0a7,707b6ccf-c9d9-4c1d-97f4-516b572b2f9d,1697663943637522222
6a69421f-e399-4db8-897a-d8ef21b5e0a7,707b6ccf-c9d9-4c1d-97f4-516b572b2f9d,1697663943673966666
6a69421f-e399-4db8-897a-d8ef21b5e0a7,707b6ccf-c9d9-4c1d-97f4-516b572b2f9d,1697663943702844444
6a69421f-e399-4db8-897a-d8ef21b5e0a7,707b6ccf-c9d9-4c1d-97f4-516b572b2f9d,1697663943735466666
6a69421f-e399-4db8-897a-d8ef21b5e0a7,707b6ccf-c9d9-4c1d-97f4-516b572b2f9d,1697663943770977777
6a69421f-e399-4db8-897a-d8ef21b5e0a7,707b6ccf-c9d9-4c1d-97f4-516b572b2f9d,1697663943807511111
6a69421f-e399-4db8-897a-d8ef21b5e0a7,707b6ccf-c9d9-4c1d-97f4-516b572b2f9d,1697663943834677777
6a69421f-e399-4db8-897a-d8ef21b5e0a7,707b6ccf-c9d9-4c1d-97f4-516b572b2f9d,1697663943870300000
6a69421f-e399-4db8-897a-d8ef21b5e0a7,707b6ccf-c9d9-4c1d-97f4-516b572b2f9d,1697663943904500000
6a69421f-e399-4db8-897a-d8ef21b5e0a7,707b6ccf-c9d9-4c1d-97f4-516b572b2f9d,1697663943935177777
6a69421f-e399-4db8-897a-d8ef21b5e0a7,707b6ccf-c9d9-4c1d-97f4-516b572b2f9d,1697663943983200000
6a69421f-e399-4db8-897a-d8ef21b5e0a7,707b6ccf-c9d9-4c1d-97f4-516b572b2f9d,1697663943998422222
6a69421f-e399-4db8-897a-d8ef21b5e0a7,707b6ccf-c9d9-4c1d-97f4-516b572b2f9d,1697663944026655555
6a69421f-e399-4db8-897a-d8ef21b5e0a7,707b6ccf-c9d9-4c1d-97f4-516b572b2f9d,1697663944064255555
6a69421f-e399-4db8-897a-d8ef21b5e0a7,707b6ccf-c9d9-4c1d-97f4-516b572b2f9d,1697663944095611111
6a69421f-e399-4db8-897a-d8ef21b5e0a7,707b6ccf-c9d9-4c1d-97f4-516b572b2f9d,1697663944125022222
6a69421f-e399-4db8-897a-d8ef21b5e0a7,707b6ccf-c9d9-4c1d-97f4-516b572b2f9d,1697663944170200000
6a69421f-e399-4db8-897a-d8ef21b5e0a7,707b6ccf-c9d9-4c1d-97f4-516b572b2f9d,1697663944201666666
6a69421f-e399-4db8-897a-d8ef21b5e0a7,707b6ccf-c9d9-4c1d-97f4-516b572b2f9d,1697663944234000000
6a69421f-e399-4db8-897a-d8ef21b5e0a7,707b6ccf-c9d9-4c1d-97f4-516b572b2f9d,1697663944271922222
6a69421f-e399-4db8-897a-d8ef21b5e0a7,707b6ccf-c9d9-4c1d-97f4-516b572b2f9d,1697663944304522222
6a69421f-e399-4db8-897a-d8ef21b5e0a7,707b6ccf-c9d9-4c1d-97f4-516b572b2f9d,1697663944335144444
6a69421f-e399-4db8-897a-d8ef21b5e0a7,707b6ccf-c9d9-4c1d-97f4-516b572b2f9d,1697663944370344444
6a69421f-e399-4db8-897a-d8ef21b5e0a7,707b6ccf-c9d9-4c1d-97f4-516b572b2f9d,1697663944402422222
6a69421f-e399-4db8-897a-d8ef21b5e0a7,707b6ccf-c9d9-4c1d-97f4-516b572b2f9d,1697663944439277777
6a69421f-e399-4db8-897a-d8ef21b5e0a7,707b6ccf-c9d9-4c1d-97f4-516b572b2f9d,1697663944471844444
6a69421f-e399-4db8-897a-d8ef21b5e0a7,707b6ccf-c9d9-4c1d-97f4-516b572b2f9d,1697663944503166666
6a69421f-e399-4db8-897a-d8ef21b5e0a7,707b6ccf-c9d9-4c1d-97f4-516b572b2f9d,1697663944534955555
6a69421f-e399-4db8-897a-d8ef21b5e0a7,707b6ccf-c9d9-4c1d-97f4-516b572b2f9d,1697663944571733333
6a69421f-e399-4db8-897a-d8ef21b5e0a7,707b6ccf-c9d9-4c1d-97f4-516b572b2f9d,1697663944602766666
6a69421f-e399-4db8-897a-d8ef21b5e0a7,707b6ccf-c9d9-4c1d-97f4-516b572b2f9d,1697663944637688888
6a69421f-e399-4db8-897a-d8ef21b5e0a7,707b6ccf-c9d9-4c1d-97f4-516b572b2f9d,1697663944664600000
6a69421f-e399-4db8-897a-d8ef21b5e0a7,707b6ccf-c9d9-4c1d-97f4-516b572b2f9d,1697663944710333333
6a69421f-e399-4db8-897a-d8ef21b5e0a7,707b6ccf-c9d9-4c1d-97f4-516b572b2f9d,1697663944732700000
6a69421f-e399-4db8-897a-d8ef21b5e0a7,707b6ccf-c9d9-4c1d-97f4-516b572b2f9d,1697663944772177777
6a69421f-e399-4db8-897a-d8ef21b5e0a7,707b6ccf-c9d9-4c1d-97f4-516b572b2f9d,1697663944801888888
6a69421f-e399-4db8-897a-d8ef21b5e0a7,707b6ccf-c9d9-4c1d-97f4-516b572b2f9d,1697663944833677777
6a69421f-e399-4db8-897a-d8ef21b5e0a7,707b6ccf-c9d9-4c1d-97f4-516b572b2f9d,1697663944870911111
6a69421f-e399-4db8-897a-d8ef21b5e0a7,707b6ccf-c9d9-4c1d-97f4-516b572b2f9d,1697663944904144444
6a69421f-e399-4db8-897a-d8ef21b5e0a7,707b6ccf-c9d9-4c1d-97f4-516b572b2f9d,1697663944935333333
6a69421f-e399-4db8-897a-d8ef21b5e0a7,707b6ccf-c9d9-4c1d-97f4-516b572b2f9d,1697663944969822222
6a69421f-e399-4db8-897a-d8ef21b5e0a7,707b6ccf-c9d9-4c1d-97f4-516b572b2f9d,1697663945002655555
6a69421f-e399-4db8-897a-d8ef21b5e0a7,707b6ccf-c9d9-4c1d-97f4-516b572b2f9d,1697663945034633333
6a69421f-e399-4db8-897a-d8ef21b5e0a7,707b6ccf-c9d9-4c1d-97f4-516b572b2f9d,1697663945070244444
6a69421f-e399-4db8-897a-d8ef21b5e0a7,707b6ccf-c9d9-4c1d-97f4-516b572b2f9d,1697663945103933333
6a69421f-e399-4db8-897a-d8ef21b5e0a7,707b6ccf-c9d9-4c1d-97f4-516b572b2f9d,1697663945134700000
6a69421f-e399-4db8-897a-d8ef21b5e0a7,707b6ccf-c9d9-4c1d-97f4-516b572b2f9d,1697663945172333333
6a69421f-e399-4db8-897a-d8ef21b5e0a7,707b6ccf-c9d9-4c1d-97f4-516b572b2f9d,1697663945204177777
6a69421f-e399-4db8-897a-d8ef21b5e0a7,707b6ccf-c9d9-4c1d-97f4-516b572b2f9d,1697663945237066666
6a69421f-e399-4db8-897a-d8ef21b5e0a7,707b6ccf-c9d9-4c1d-97f4-516b572b2f9d,1697663945273222222
6a69421f-e399-4db8-897a-d8ef21b5e0a7,707b6ccf-c9d9-4c1d-97f4-516b572b2f9d,1697663945300511111
6a69421f-e399-4db8-897a-d8ef21b5e0a7,707b6ccf-c9d9-4c1d-97f4-516b572b2f9d,1697663945330411111
6a69421f-e399-4db8-897a-d8ef21b5e0a7,707b6ccf-c9d9-4c1d-97f4-516b572b2f9d,1697663945363622222
6a69421f-e399-4db8-897a-d8ef21b5e0a7,707b6ccf-c9d9-4c1d-97f4-516b572b2f9d,1697663945398844444
6a69421f-e399-4db8-897a-d8ef21b5e0a7,707b6ccf-c9d9-4c1d-97f4-516b572b2f9d,1697663945428877777
6a69421f-e399-4db8-897a-d8ef21b5e0a7,707b6ccf-c9d9-4c1d-97f4-516b572b2f9d,1697663945463011111
6a69421f-e399-4db8-897a-d8ef21b5e0a7,707b6ccf-c9d9-4c1d-97f4-516b572b2f9d,1697663945509000000
6a69421f-e399-4db8-897a-d8ef21b5e0a7,707b6ccf-c9d9-4c1d-97f4-516b572b2f9d,1697663945534555555
6a69421f-e399-4db8-897a-d8ef21b5e0a7,707b6ccf-c9d9-4c1d-97f4-516b572b2f9d,1697663945571488888
6a69421f-e399-4db8-897a-d8ef21b5e0a7,707b6ccf-c9d9-4c1d-97f4-516b572b2f9d,1697663945605633333
6a69421f-e399-4db8-897a-d8ef21b5e0a7,707b6ccf-c9d9-4c1d-97f4-516b572b2f9d,1697663945635633333
6a69421f-e399-4db8-897a-d8ef21b5e0a7,707b6ccf-c9d9-4c1d-97f4-516b572b2f9d,1697663945674677777
6a69421f-e399-4db8-897a-d8ef21b5e0a7,707b6ccf-c9d9-4c1d-97f4-516b572b2f9d,1697663945702344444
6a69421f-e399-4db8-897a-d8ef21b5e0a7,707b6ccf-c9d9-4c1d-97f4-516b572b2f9d,1697663945734188888
6a69421f-e399-4db8-897a-d8ef21b5e0a7,707b6ccf-c9d9-4c1d-97f4-516b572b2f9d,1697663945773077777
6a69421f-e399-4db8-897a-d8ef21b5e0a7,707b6ccf-c9d9-4c1d-97f4-516b572b2f9d,1697663945804755555
6a69421f-e399-4db8-897a-d8ef21b5e0a7,707b6ccf-c9d9-4c1d-97f4-516b572b2f9d,1697663945836488888
6a69421f-e399-4db8-897a-d8ef21b5e0a7,707b6ccf-c9d9-4c1d-97f4-516b572b2f9d,1697663945870755555
6a69421f-e399-4db8-897a-d8ef21b5e0a7,707b6ccf-c9d9-4c1d-97f4-516b572b2f9d,1697663945902588888
6a69421f-e399-4db8-897a-d8ef21b5e0a7,707b6ccf-c9d9-4c1d-97f4-516b572b2f9d,1697663945933855555
6a69421f-e399-4db8-897a-d8ef21b5e0a7,707b6ccf-c9d9-4c1d-97f4-516b572b2f9d,1697663945977022222
6a69421f-e399-4db8-897a-d8ef21b5e0a7,707b6ccf-c9d9-4c1d-97f4-516b572b2f9d,1697663946018144444
6a69421f-e399-4db8-897a-d8ef21b5e0a7,707b6ccf-c9d9-4c1d-97f4-516b572b2f9d,1697663946027677777
6a69421f-e399-4db8-897a-d8ef21b5e0a7,707b6ccf-c9d9-4c1d-97f4-516b572b2f9d,1697663946062277777
6a69421f-e399-4db8-897a-d8ef21b5e0a7,707b6ccf-c9d9-4c1d-97f4-516b572b2f9d,1697663946105622222
6a69421f-e399-4db8-897a-d8ef21b5e0a7,707b6ccf-c9d9-4c1d-97f4-516b572b2f9d,1697663946141144444
6a69421f-e399-4db8-897a-d8ef21b5e0a7,707b6ccf-c9d9-4c1d-97f4-516b572b2f9d,1697663946162855555
6a69421f-e399-4db8-897a-d8ef21b5e0a7,707b6ccf-c9d9-4c1d-97f4-516b572b2f9d,1697663946202577777
6a69421f-e399-4db8-897a-d8ef21b5e0a7,707b6ccf-c9d9-4c1d-97f4-516b572b2f9d,1697663946234055555
6a69421f-e399-4db8-897a-d8ef21b5e0a7,707b6ccf-c9d9-4c1d-97f4-516b572b2f9d,1697663946273566666
6a69421f-e399-4db8-897a-d8ef21b5e0a7,707b6ccf-c9d9-4c1d-97f4-516b572b2f9d,1697663946305877777
6a69421f-e399-4db8-897a-d8ef21b5e0a7,707b6ccf-c9d9-4c1d-97f4-516b572b2f9d,1697663946335322222
6a69421f-e399-4db8-897a-d8ef21b5e0a7,707b6ccf-c9d9-4c1d-97f4-516b572b2f9d,1697663946372544444
6a69421f-e399-4db8-897a-d8ef21b5e0a7,707b6ccf-c9d9-4c1d-97f4-516b572b2f9d,1697663946403677777
6a69421f-e399-4db8-897a-d8ef21b5e0a7,707b6ccf-c9d9-4c1d-97f4-516b572b2f9d,1697663946435844444
6a69421f-e399-4db8-897a-d8ef21b5e0a7,707b6ccf-c9d9-4c1d-97f4-516b572b2f9d,1697663946470411111
6a69421f-e399-4db8-897a-d8ef21b5e0a7,707b6ccf-c9d9-4c1d-97f4-516b572b2f9d,1697663946504433333
6a69421f-e399-4db8-897a-d8ef21b5e0a7,707b6ccf-c9d9-4c1d-97f4-516b572b2f9d,1697663946534644444
6a69421f-e399-4db8-897a-d8ef21b5e0a7,707b6ccf-c9d9-4c1d-97f4-516b572b2f9d,1697663946567155555
6a69421f-e399-4db8-897a-d8ef21b5e0a7,707b6ccf-c9d9-4c1d-97f4-516b572b2f9d,1697663946602600000
6a69421f-e399-4db8-897a-d8ef21b5e0a7,707b6ccf-c9d9-4c1d-97f4-516b572b2f9d,1697663946637977777
6a69421f-e399-4db8-897a-d8ef21b5e0a7,707b6ccf-c9d9-4c1d-97f4-516b572b2f9d,1697663946659455555
6a69421f-e399-4db8-897a-d8ef21b5e0a7,707b6ccf-c9d9-4c1d-97f4-516b572b2f9d,1697663946696377777
6a69421f-e399-4db8-897a-d8ef21b5e0a7,707b6ccf-c9d9-4c1d-97f4-516b572b2f9d,1697663946729000000
6a69421f-e399-4db8-897a-d8ef21b5e0a7,707b6ccf-c9d9-4c1d-97f4-516b572b2f9d,1697663946768266666
6a69421f-e399-4db8-897a-d8ef21b5e0a7,707b6ccf-c9d9-4c1d-97f4-516b572b2f9d,1697663946796122222
6a69421f-e399-4db8-897a-d8ef21b5e0a7,707b6ccf-c9d9-4c1d-97f4-516b572b2f9d,1697663946830566666
6a69421f-e399-4db8-897a-d8ef21b5e0a7,707b6ccf-c9d9-4c1d-97f4-516b572b2f9d,1697663946868944444
6a69421f-e399-4db8-897a-d8ef21b5e0a7,707b6ccf-c9d9-4c1d-97f4-516b572b2f9d,1697663946905222222
6a69421f-e399-4db8-897a-d8ef21b5e0a7,707b6ccf-c9d9-4c1d-97f4-516b572b2f9d,1697663946934955555
6a69421f-e399-4db8-897a-d8ef21b5e0a7,707b6ccf-c9d9-4c1d-97f4-516b572b2f9d,1697663946967700000
6a69421f-e399-4db8-897a-d8ef21b5e0a7,707b6ccf-c9d9-4c1d-97f4-516b572b2f9d,1697663947008966666
6a69421f-e399-4db8-897a-d8ef21b5e0a7,707b6ccf-c9d9-4c1d-97f4-516b572b2f9d,1697663947033455555
6a69421f-e399-4db8-897a-d8ef21b5e0a7,707b6ccf-c9d9-4c1d-97f4-516b572b2f9d,1697663947066011111
6a69421f-e399-4db8-897a-d8ef21b5e0a7,707b6ccf-c9d9-4c1d-97f4-516b572b2f9d,1697663947109088888
6a69421f-e399-4db8-897a-d8ef21b5e0a7,707b6ccf-c9d9-4c1d-97f4-516b572b2f9d,1697663947137588888
6a69421f-e399-4db8-897a-d8ef21b5e0a7,707b6ccf-c9d9-4c1d-97f4-516b572b2f9d,1697663947168855555
6a69421f-e399-4db8-897a-d8ef21b5e0a7,707b6ccf-c9d9-4c1d-97f4-516b572b2f9d,1697663947204388888
6a69421f-e399-4db8-897a-d8ef21b5e0a7,707b6ccf-c9d9-4c1d-97f4-516b572b2f9d,1697663947234888888
6a69421f-e399-4db8-897a-d8ef21b5e0a7,707b6ccf-c9d9-4c1d-97f4-516b572b2f9d,1697663947264933333
6a69421f-e399-4db8-897a-d8ef21b5e0a7,707b6ccf-c9d9-4c1d-97f4-516b572b2f9d,1697663947304422222
6a69421f-e399-4db8-897a-d8ef21b5e0a7,707b6ccf-c9d9-4c1d-97f4-516b572b2f9d,1697663947326466666
6a69421f-e399-4db8-897a-d8ef21b5e0a7,707b6ccf-c9d9-4c1d-97f4-516b572b2f9d,1697663947357500000
6a69421f-e399-4db8-897a-d8ef21b5e0a7,707b6ccf-c9d9-4c1d-97f4-516b572b2f9d,1697663947392833333
6a69421f-e399-4db8-897a-d8ef21b5e0a7,707b6ccf-c9d9-4c1d-97f4-516b572b2f9d,1697663947442088888
6a69421f-e399-4db8-897a-d8ef21b5e0a7,707b6ccf-c9d9-4c1d-97f4-516b572b2f9d,1697663947459511111
6a69421f-e399-4db8-897a-d8ef21b5e0a7,707b6ccf-c9d9-4c1d-97f4-516b572b2f9d,1697663947502955555
6a69421f-e399-4db8-897a-d8ef21b5e0a7,707b6ccf-c9d9-4c1d-97f4-516b572b2f9d,1697663947534588888
6a69421f-e399-4db8-897a-d8ef21b5e0a7,707b6ccf-c9d9-4c1d-97f4-516b572b2f9d,1697663947565900000
6a69421f-e399-4db8-897a-d8ef21b5e0a7,707b6ccf-c9d9-4c1d-97f4-516b572b2f9d,1697663947604800000
6a69421f-e399-4db8-897a-d8ef21b5e0a7,707b6ccf-c9d9-4c1d-97f4-516b572b2f9d,1697663947635455555
6a69421f-e399-4db8-897a-d8ef21b5e0a7,707b6ccf-c9d9-4c1d-97f4-516b572b2f9d,1697663947665366666
6a69421f-e399-4db8-897a-d8ef21b5e0a7,707b6ccf-c9d9-4c1d-97f4-516b572b2f9d,1697663947702444444
6a69421f-e399-4db8-897a-d8ef21b5e0a7,707b6ccf-c9d9-4c1d-97f4-516b572b2f9d,1697663947739566666
6a69421f-e399-4db8-897a-d8ef21b5e0a7,707b6ccf-c9d9-4c1d-97f4-516b572b2f9d,1697663947760922222
6a69421f-e399-4db8-897a-d8ef21b5e0a7,707b6ccf-c9d9-4c1d-97f4-516b572b2f9d,1697663947803688888
6a69421f-e399-4db8-897a-d8ef21b5e0a7,707b6ccf-c9d9-4c1d-97f4-516b572b2f9d,1697663947835400000
6a69421f-e399-4db8-897a-d8ef21b5e0a7,707b6ccf-c9d9-4c1d-97f4-516b572b2f9d,1697663947865166666
6a69421f-e399-4db8-897a-d8ef21b5e0a7,707b6ccf-c9d9-4c1d-97f4-516b572b2f9d,1697663947902522222
6a69421f-e399-4db8-897a-d8ef21b5e0a7,707b6ccf-c9d9-4c1d-97f4-516b572b2f9d,1697663947934755555
6a69421f-e399-4db8-897a-d8ef21b5e0a7,707b6ccf-c9d9-4c1d-97f4-516b572b2f9d,1697663947968033333
6a69421f-e399-4db8-897a-d8ef21b5e0a7,707b6ccf-c9d9-4c1d-97f4-516b572b2f9d,1697663947995188888
6a69421f-e399-4db8-897a-d8ef21b5e0a7,707b6ccf-c9d9-4c1d-97f4-516b572b2f9d,1697663948031322222
6a69421f-e399-4db8-897a-d8ef21b5e0a7,707b6ccf-c9d9-4c1d-97f4-516b572b2f9d,1697663948057177777
6a69421f-e399-4db8-897a-d8ef21b5e0a7,707b6ccf-c9d9-4c1d-97f4-516b572b2f9d,1697663948093422222
6a69421f-e399-4db8-897a-d8ef21b5e0a7,707b6ccf-c9d9-4c1d-97f4-516b572b2f9d,1697663948125622222
6a69421f-e399-4db8-897a-d8ef21b5e0a7,707b6ccf-c9d9-4c1d-97f4-516b572b2f9d,1697663948169766666
6a69421f-e399-4db8-897a-d8ef21b5e0a7,707b6ccf-c9d9-4c1d-97f4-516b572b2f9d,1697663948202955555
6a69421f-e399-4db8-897a-d8ef21b5e0a7,707b6ccf-c9d9-4c1d-97f4-516b572b2f9d,1697663948235166666
6a69421f-e399-4db8-897a-d8ef21b5e0a7,707b6ccf-c9d9-4c1d-97f4-516b572b2f9d,1697663948265600000
6a69421f-e399-4db8-897a-d8ef21b5e0a7,707b6ccf-c9d9-4c1d-97f4-516b572b2f9d,1697663948301488888
6a69421f-e399-4db8-897a-d8ef21b5e0a7,707b6ccf-c9d9-4c1d-97f4-516b572b2f9d,1697663948335622222
6a69421f-e399-4db8-897a-d8ef21b5e0a7,707b6ccf-c9d9-4c1d-97f4-516b572b2f9d,1697663948364600000
6a69421f-e399-4db8-897a-d8ef21b5e0a7,707b6ccf-c9d9-4c1d-97f4-516b572b2f9d,1697663948402722222
6a69421f-e399-4db8-897a-d8ef21b5e0a7,707b6ccf-c9d9-4c1d-97f4-516b572b2f9d,1697663948436077777
6a69421f-e399-4db8-897a-d8ef21b5e0a7,707b6ccf-c9d9-4c1d-97f4-516b572b2f9d,1697663948468677777
6a69421f-e399-4db8-897a-d8ef21b5e0a7,707b6ccf-c9d9-4c1d-97f4-516b572b2f9d,1697663948506000000
6a69421f-e399-4db8-897a-d8ef21b5e0a7,707b6ccf-c9d9-4c1d-97f4-516b572b2f9d,1697663948535177777
6a69421f-e399-4db8-897a-d8ef21b5e0a7,707b6ccf-c9d9-4c1d-97f4-516b572b2f9d,1697663948565055555
6a69421f-e399-4db8-897a-d8ef21b5e0a7,707b6ccf-c9d9-4c1d-97f4-516b572b2f9d,1697663948610633333
6a69421f-e399-4db8-897a-d8ef21b5e0a7,707b6ccf-c9d9-4c1d-97f4-516b572b2f9d,1697663948644800000
6a69421f-e399-4db8-897a-d8ef21b5e0a7,707b6ccf-c9d9-4c1d-97f4-516b572b2f9d,1697663948658822222
6a69421f-e399-4db8-897a-d8ef21b5e0a7,707b6ccf-c9d9-4c1d-97f4-516b572b2f9d,1697663948694255555
6a69421f-e399-4db8-897a-d8ef21b5e0a7,707b6ccf-c9d9-4c1d-97f4-516b572b2f9d,1697663948726044444
6a69421f-e399-4db8-897a-d8ef21b5e0a7,707b6ccf-c9d9-4c1d-97f4-516b572b2f9d,1697663948758388888
6a69421f-e399-4db8-897a-d8ef21b5e0a7,707b6ccf-c9d9-4c1d-97f4-516b572b2f9d,1697663948801444444
6a69421f-e399-4db8-897a-d8ef21b5e0a7,707b6ccf-c9d9-4c1d-97f4-516b572b2f9d,1697663948834855555
6a69421f-e399-4db8-897a-d8ef21b5e0a7,707b6ccf-c9d9-4c1d-97f4-516b572b2f9d,1697663948868066666
6a69421f-e399-4db8-897a-d8ef21b5e0a7,707b6ccf-c9d9-4c1d-97f4-516b572b2f9d,1697663948901711111
6a69421f-e399-4db8-897a-d8ef21b5e0a7,707b6ccf-c9d9-4c1d-97f4-516b572b2f9d,1697663948934366666
6a69421f-e399-4db8-897a-d8ef21b5e0a7,707b6ccf-c9d9-4c1d-97f4-516b572b2f9d,1697663948967422222
6a69421f-e399-4db8-897a-d8ef21b5e0a7,707b6ccf-c9d9-4c1d-97f4-516b572b2f9d,1697663949005800000
6a69421f-e399-4db8-897a-d8ef21b5e0a7,707b6ccf-c9d9-4c1d-97f4-516b572b2f9d,1697663949035500000
6a69421f-e399-4db8-897a-d8ef21b5e0a7,707b6ccf-c9d9-4c1d-97f4-516b572b2f9d,1697663949069833333
6a69421f-e399-4db8-897a-d8ef21b5e0a7,707b6ccf-c9d9-4c1d-97f4-516b572b2f9d,1697663949107633333
6a69421f-e399-4db8-897a-d8ef21b5e0a7,707b6ccf-c9d9-4c1d-97f4-516b572b2f9d,1697663949135555555
6a69421f-e399-4db8-897a-d8ef21b5e0a7,707b6ccf-c9d9-4c1d-97f4-516b572b2f9d,1697663949165611111
6a69421f-e399-4db8-897a-d8ef21b5e0a7,707b6ccf-c9d9-4c1d-97f4-516b572b2f9d,1697663949201066666
6a69421f-e399-4db8-897a-d8ef21b5e0a7,707b6ccf-c9d9-4c1d-97f4-516b572b2f9d,1697663949237366666
6a69421f-e399-4db8-897a-d8ef21b5e0a7,707b6ccf-c9d9-4c1d-97f4-516b572b2f9d,1697663949266722222
6a69421f-e399-4db8-897a-d8ef21b5e0a7,707b6ccf-c9d9-4c1d-97f4-516b572b2f9d,1697663949302244444
6a69421f-e399-4db8-897a-d8ef21b5e0a7,707b6ccf-c9d9-4c1d-97f4-516b572b2f9d,1697663949338166666
6a69421f-e399-4db8-897a-d8ef21b5e0a7,707b6ccf-c9d9-4c1d-97f4-516b572b2f9d,1697663949362766666
6a69421f-e399-4db8-897a-d8ef21b5e0a7,707b6ccf-c9d9-4c1d-97f4-516b572b2f9d,1697663949409944444
6a69421f-e399-4db8-897a-d8ef21b5e0a7,707b6ccf-c9d9-4c1d-97f4-516b572b2f9d,1697663949443566666
6a69421f-e399-4db8-897a-d8ef21b5e0a7,707b6ccf-c9d9-4c1d-97f4-516b572b2f9d,1697663949457455555
6a69421f-e399-4db8-897a-d8ef21b5e0a7,707b6ccf-c9d9-4c1d-97f4-516b572b2f9d,1697663949504588888
6a69421f-e399-4db8-897a-d8ef21b5e0a7,707b6ccf-c9d9-4c1d-97f4-516b572b2f9d,1697663949536400000
6a69421f-e399-4db8-897a-d8ef21b5e0a7,707b6ccf-c9d9-4c1d-97f4-516b572b2f9d,1697663949570944444
6a69421f-e399-4db8-897a-d8ef21b5e0a7,707b6ccf-c9d9-4c1d-97f4-516b572b2f9d,1697663949602322222
6a69421f-e399-4db8-897a-d8ef21b5e0a7,707b6ccf-c9d9-4c1d-97f4-516b572b2f9d,1697663949635044444
6a69421f-e399-4db8-897a-d8ef21b5e0a7,707b6ccf-c9d9-4c1d-97f4-516b572b2f9d,1697663949668933333
6a69421f-e399-4db8-897a-d8ef21b5e0a7,707b6ccf-c9d9-4c1d-97f4-516b572b2f9d,1697663949703077777
6a69421f-e399-4db8-897a-d8ef21b5e0a7,707b6ccf-c9d9-4c1d-97f4-516b572b2f9d,1697663949734811111
6a69421f-e399-4db8-897a-d8ef21b5e0a7,707b6ccf-c9d9-4c1d-97f4-516b572b2f9d,1697663949768755555
6a69421f-e399-4db8-897a-d8ef21b5e0a7,707b6ccf-c9d9-4c1d-97f4-516b572b2f9d,1697663949801866666
6a69421f-e399-4db8-897a-d8ef21b5e0a7,707b6ccf-c9d9-4c1d-97f4-516b572b2f9d,1697663949835922222
6a69421f-e399-4db8-897a-d8ef21b5e0a7,707b6ccf-c9d9-4c1d-97f4-516b572b2f9d,1697663949870166666
6a69421f-e399-4db8-897a-d8ef21b5e0a7,707b6ccf-c9d9-4c1d-97f4-516b572b2f9d,1697663949898211111
6a69421f-e399-4db8-897a-d8ef21b5e0a7,707b6ccf-c9d9-4c1d-97f4-516b572b2f9d,1697663949934111111
6a69421f-e399-4db8-897a-d8ef21b5e0a7,707b6ccf-c9d9-4c1d-97f4-516b572b2f9d,1697663949984455555
6a69421f-e399-4db8-897a-d8ef21b5e0a7,707b6ccf-c9d9-4c1d-97f4-516b572b2f9d,1697663950002744444
6a69421f-e399-4db8-897a-d8ef21b5e0a7,707b6ccf-c9d9-4c1d-97f4-516b572b2f9d,1697663950030711111
6a69421f-e399-4db8-897a-d8ef21b5e0a7,707b6ccf-c9d9-4c1d-97f4-516b572b2f9d,1697663950067577777
6a69421f-e399-4db8-897a-d8ef21b5e0a7,707b6ccf-c9d9-4c1d-97f4-516b572b2f9d,1697663950089322222
6a69421f-e399-4db8-897a-d8ef21b5e0a7,707b6ccf-c9d9-4c1d-97f4-516b572b2f9d,1697663950133688888
6a69421f-e399-4db8-897a-d8ef21b5e0a7,707b6ccf-c9d9-4c1d-97f4-516b572b2f9d,1697663950167522222
6a69421f-e399-4db8-897a-d8ef21b5e0a7,707b6ccf-c9d9-4c1d-97f4-516b572b2f9d,1697663950202544444
6a69421f-e399-4db8-897a-d8ef21b5e0a7,707b6ccf-c9d9-4c1d-97f4-516b572b2f9d,1697663950234744444
6a69421f-e399-4db8-897a-d8ef21b5e0a7,707b6ccf-c9d9-4c1d-97f4-516b572b2f9d,1697663950268888888
6a69421f-e399-4db8-897a-d8ef21b5e0a7,707b6ccf-c9d9-4c1d-97f4-516b572b2f9d,1697663950300033333
6a69421f-e399-4db8-897a-d8ef21b5e0a7,707b6ccf-c9d9-4c1d-97f4-516b572b2f9d,1697663950336500000
6a69421f-e399-4db8-897a-d8ef21b5e0a7,707b6ccf-c9d9-4c1d-97f4-516b572b2f9d,1697663950365322222
6a69421f-e399-4db8-897a-d8ef21b5e0a7,707b6ccf-c9d9-4c1d-97f4-516b572b2f9d,1697663950398311111
6a69421f-e399-4db8-897a-d8ef21b5e0a7,707b6ccf-c9d9-4c1d-97f4-516b572b2f9d,1697663950435000000
6a69421f-e399-4db8-897a-d8ef21b5e0a7,707b6ccf-c9d9-4c1d-97f4-516b572b2f9d,1697663950464855555
6a69421f-e399-4db8-897a-d8ef21b5e0a7,707b6ccf-c9d9-4c1d-97f4-516b572b2f9d,1697663950499222222
6a69421f-e399-4db8-897a-d8ef21b5e0a7,707b6ccf-c9d9-4c1d-97f4-516b572b2f9d,1697663950534233333
6a69421f-e399-4db8-897a-d8ef21b5e0a7,707b6ccf-c9d9-4c1d-97f4-516b572b2f9d,1697663950565622222
6a69421f-e399-4db8-897a-d8ef21b5e0a7,707b6ccf-c9d9-4c1d-97f4-516b572b2f9d,1697663950600077777
6a69421f-e399-4db8-897a-d8ef21b5e0a7,707b6ccf-c9d9-4c1d-97f4-516b572b2f9d,1697663950632700000
6a69421f-e399-4db8-897a-d8ef21b5e0a7,707b6ccf-c9d9-4c1d-97f4-516b572b2f9d,1697663950661533333
6a69421f-e399-4db8-897a-d8ef21b5e0a7,707b6ccf-c9d9-4c1d-97f4-516b572b2f9d,1697663950707577777
6a69421f-e399-4db8-897a-d8ef21b5e0a7,707b6ccf-c9d9-4c1d-97f4-516b572b2f9d,1697663950730955555
6a69421f-e399-4db8-897a-d8ef21b5e0a7,707b6ccf-c9d9-4c1d-97f4-516b572b2f9d,1697663950757655555
6a69421f-e399-4db8-897a-d8ef21b5e0a7,707b6ccf-c9d9-4c1d-97f4-516b572b2f9d,1697663950800066666
6a69421f-e399-4db8-897a-d8ef21b5e0a7,707b6ccf-c9d9-4c1d-97f4-516b572b2f9d,1697663950832144444
6a69421f-e399-4db8-897a-d8ef21b5e0a7,707b6ccf-c9d9-4c1d-97f4-516b572b2f9d,1697663950870833333
6a69421f-e399-4db8-897a-d8ef21b5e0a7,707b6ccf-c9d9-4c1d-97f4-516b572b2f9d,1697663950901155555
6a69421f-e399-4db8-897a-d8ef21b5e0a7,707b6ccf-c9d9-4c1d-97f4-516b572b2f9d,1697663950936255555
6a69421f-e399-4db8-897a-d8ef21b5e0a7,707b6ccf-c9d9-4c1d-97f4-516b572b2f9d,1697663950964855555
6a69421f-e399-4db8-897a-d8ef21b5e0a7,707b6ccf-c9d9-4c1d-97f4-516b572b2f9d,1697663950999466666
6a69421f-e399-4db8-897a-d8ef21b5e0a7,707b6ccf-c9d9-4c1d-97f4-516b572b2f9d,1697663951035166666
6a69421f-e399-4db8-897a-d8ef21b5e0a7,707b6ccf-c9d9-4c1d-97f4-516b572b2f9d,1697663951067588888
6a69421f-e399-4db8-897a-d8ef21b5e0a7,707b6ccf-c9d9-4c1d-97f4-516b572b2f9d,1697663951097955555
6a69421f-e399-4db8-897a-d8ef21b5e0a7,707b6ccf-c9d9-4c1d-97f4-516b572b2f9d,1697663951140800000
6a69421f-e399-4db8-897a-d8ef21b5e0a7,707b6ccf-c9d9-4c1d-97f4-516b572b2f9d,1697663951165888888
6a69421f-e399-4db8-897a-d8ef21b5e0a7,707b6ccf-c9d9-4c1d-97f4-516b572b2f9d,1697663951199255555
6a69421f-e399-4db8-897a-d8ef21b5e0a7,707b6ccf-c9d9-4c1d-97f4-516b572b2f9d,1697663951236011111
6a69421f-e399-4db8-897a-d8ef21b5e0a7,707b6ccf-c9d9-4c1d-97f4-516b572b2f9d,1697663951268866666
6a69421f-e399-4db8-897a-d8ef21b5e0a7,707b6ccf-c9d9-4c1d-97f4-516b572b2f9d,1697663951302388888
6a69421f-e399-4db8-897a-d8ef21b5e0a7,707b6ccf-c9d9-4c1d-97f4-516b572b2f9d,1697663951331688888
6a69421f-e399-4db8-897a-d8ef21b5e0a7,707b6ccf-c9d9-4c1d-97f4-516b572b2f9d,1697663951362622222
6a69421f-e399-4db8-897a-d8ef21b5e0a7,707b6ccf-c9d9-4c1d-97f4-516b572b2f9d,1697663951400355555
6a69421f-e399-4db8-897a-d8ef21b5e0a7,707b6ccf-c9d9-4c1d-97f4-516b572b2f9d,1697663951430100000
6a69421f-e399-4db8-897a-d8ef21b5e0a7,707b6ccf-c9d9-4c1d-97f4-516b572b2f9d,1697663951467477777
6a69421f-e399-4db8-897a-d8ef21b5e0a7,707b6ccf-c9d9-4c1d-97f4-516b572b2f9d,1697663951498466666
6a69421f-e399-4db8-897a-d8ef21b5e0a7,707b6ccf-c9d9-4c1d-97f4-516b572b2f9d,1697663951537444444
6a69421f-e399-4db8-897a-d8ef21b5e0a7,707b6ccf-c9d9-4c1d-97f4-516b572b2f9d,1697663951569922222
6a69421f-e399-4db8-897a-d8ef21b5e0a7,707b6ccf-c9d9-4c1d-97f4-516b572b2f9d,1697663951597944444
6a69421f-e399-4db8-897a-d8ef21b5e0a7,707b6ccf-c9d9-4c1d-97f4-516b572b2f9d,1697663951635633333
6a69421f-e399-4db8-897a-d8ef21b5e0a7,707b6ccf-c9d9-4c1d-97f4-516b572b2f9d,1697663951669411111
6a69421f-e399-4db8-897a-d8ef21b5e0a7,707b6ccf-c9d9-4c1d-97f4-516b572b2f9d,1697663951698477777
6a69421f-e399-4db8-897a-d8ef21b5e0a7,707b6ccf-c9d9-4c1d-97f4-516b572b2f9d,1697663951734788888
6a69421f-e399-4db8-897a-d8ef21b5e0a7,707b6ccf-c9d9-4c1d-97f4-516b572b2f9d,1697663951768533333
6a69421f-e399-4db8-897a-d8ef21b5e0a7,707b6ccf-c9d9-4c1d-97f4-516b572b2f9d,1697663951798866666
6a69421f-e399-4db8-897a-d8ef21b5e0a7,707b6ccf-c9d9-4c1d-97f4-516b572b2f9d,1697663951837522222
6a69421f-e399-4db8-897a-d8ef21b5e0a7,707b6ccf-c9d9-4c1d-97f4-516b572b2f9d,1697663951867144444
6a69421f-e399-4db8-897a-d8ef21b5e0a7,707b6ccf-c9d9-4c1d-97f4-516b572b2f9d,1697663951901000000
6a69421f-e399-4db8-897a-d8ef21b5e0a7,707b6ccf-c9d9-4c1d-97f4-516b572b2f9d,1697663951939177777
6a69421f-e399-4db8-897a-d8ef21b5e0a7,707b6ccf-c9d9-4c1d-97f4-516b572b2f9d,1697663951961088888
6a69421f-e399-4db8-897a-d8ef21b5e0a7,707b6ccf-c9d9-4c1d-97f4-516b572b2f9d,1697663951992211111
6a69421f-e399-4db8-897a-d8ef21b5e0a7,707b6ccf-c9d9-4c1d-97f4-516b572b2f9d,1697663952025477777
6a69421f-e399-4db8-897a-d8ef21b5e0a7,707b6ccf-c9d9-4c1d-97f4-516b572b2f9d,1697663952062933333
6a69421f-e399-4db8-897a-d8ef21b5e0a7,707b6ccf-c9d9-4c1d-97f4-516b572b2f9d,1697663952091522222
6a69421f-e399-4db8-897a-d8ef21b5e0a7,707b6ccf-c9d9-4c1d-97f4-516b572b2f9d,1697663952138622222
6a69421f-e399-4db8-897a-d8ef21b5e0a7,707b6ccf-c9d9-4c1d-97f4-516b572b2f9d,1697663952167055555
6a69421f-e399-4db8-897a-d8ef21b5e0a7,707b6ccf-c9d9-4c1d-97f4-516b572b2f9d,1697663952198733333
6a69421f-e399-4db8-897a-d8ef21b5e0a7,707b6ccf-c9d9-4c1d-97f4-516b572b2f9d,1697663952235633333
6a69421f-e399-4db8-897a-d8ef21b5e0a7,707b6ccf-c9d9-4c1d-97f4-516b572b2f9d,1697663952265788888
6a69421f-e399-4db8-897a-d8ef21b5e0a7,707b6ccf-c9d9-4c1d-97f4-516b572b2f9d,1697663952300100000
6a69421f-e399-4db8-897a-d8ef21b5e0a7,707b6ccf-c9d9-4c1d-97f4-516b572b2f9d,1697663952335311111
6a69421f-e399-4db8-897a-d8ef21b5e0a7,707b6ccf-c9d9-4c1d-97f4-516b572b2f9d,1697663952365588888
6a69421f-e399-4db8-897a-d8ef21b5e0a7,707b6ccf-c9d9-4c1d-97f4-516b572b2f9d,1697663952398644444
6a69421f-e399-4db8-897a-d8ef21b5e0a7,707b6ccf-c9d9-4c1d-97f4-516b572b2f9d,1697663952435111111
6a69421f-e399-4db8-897a-d8ef21b5e0a7,707b6ccf-c9d9-4c1d-97f4-516b572b2f9d,1697663952464722222
6a69421f-e399-4db8-897a-d8ef21b5e0a7,707b6ccf-c9d9-4c1d-97f4-516b572b2f9d,1697663952497200000
6a69421f-e399-4db8-897a-d8ef21b5e0a7,707b6ccf-c9d9-4c1d-97f4-516b572b2f9d,1697663952534122222
6a69421f-e399-4db8-897a-d8ef21b5e0a7,707b6ccf-c9d9-4c1d-97f4-516b572b2f9d,1697663952565844444
6a69421f-e399-4db8-897a-d8ef21b5e0a7,707b6ccf-c9d9-4c1d-97f4-516b572b2f9d,1697663952602900000
6a69421f-e399-4db8-897a-d8ef21b5e0a7,707b6ccf-c9d9-4c1d-97f4-516b572b2f9d,1697663952628211111
6a69421f-e399-4db8-897a-d8ef21b5e0a7,707b6ccf-c9d9-4c1d-97f4-516b572b2f9d,1697663952665700000
6a69421f-e399-4db8-897a-d8ef21b5e0a7,707b6ccf-c9d9-4c1d-97f4-516b572b2f9d,1697663952691011111
6a69421f-e399-4db8-897a-d8ef21b5e0a7,707b6ccf-c9d9-4c1d-97f4-516b572b2f9d,1697663952726633333
6a69421f-e399-4db8-897a-d8ef21b5e0a7,707b6ccf-c9d9-4c1d-97f4-516b572b2f9d,1697663952759266666
6a69421f-e399-4db8-897a-d8ef21b5e0a7,707b6ccf-c9d9-4c1d-97f4-516b572b2f9d,1697663952800144444
6a69421f-e399-4db8-897a-d8ef21b5e0a7,707b6ccf-c9d9-4c1d-97f4-516b572b2f9d,1697663952831400000
6a69421f-e399-4db8-897a-d8ef21b5e0a7,707b6ccf-c9d9-4c1d-97f4-516b572b2f9d,1697663952867722222
6a69421f-e399-4db8-897a-d8ef21b5e0a7,707b6ccf-c9d9-4c1d-97f4-516b572b2f9d,1697663952898655555
6a69421f-e399-4db8-897a-d8ef21b5e0a7,707b6ccf-c9d9-4c1d-97f4-516b572b2f9d,1697663952936688888
6a69421f-e399-4db8-897a-d8ef21b5e0a7,707b6ccf-c9d9-4c1d-97f4-516b572b2f9d,1697663952967055555
6a69421f-e399-4db8-897a-d8ef21b5e0a7,707b6ccf-c9d9-4c1d-97f4-516b572b2f9d,1697663952998122222
6a69421f-e399-4db8-897a-d8ef21b5e0a7,707b6ccf-c9d9-4c1d-97f4-516b572b2f9d,1697663953039355555
6a69421f-e399-4db8-897a-d8ef21b5e0a7,707b6ccf-c9d9-4c1d-97f4-516b572b2f9d,1697663953067411111
6a69421f-e399-4db8-897a-d8ef21b5e0a7,707b6ccf-c9d9-4c1d-97f4-516b572b2f9d,1697663953099055555
6a69421f-e399-4db8-897a-d8ef21b5e0a7,707b6ccf-c9d9-4c1d-97f4-516b572b2f9d,1697663953133377777
6a69421f-e399-4db8-897a-d8ef21b5e0a7,707b6ccf-c9d9-4c1d-97f4-516b572b2f9d,1697663953167666666
6a69421f-e399-4db8-897a-d8ef21b5e0a7,707b6ccf-c9d9-4c1d-97f4-516b572b2f9d,1697663953197277777
6a69421f-e399-4db8-897a-d8ef21b5e0a7,707b6ccf-c9d9-4c1d-97f4-516b572b2f9d,1697663953230066666
6a69421f-e399-4db8-897a-d8ef21b5e0a7,707b6ccf-c9d9-4c1d-97f4-516b572b2f9d,1697663953282922222
6a69421f-e399-4db8-897a-d8ef21b5e0a7,707b6ccf-c9d9-4c1d-97f4-516b572b2f9d,1697663953294466666
6a69421f-e399-4db8-897a-d8ef21b5e0a7,707b6ccf-c9d9-4c1d-97f4-516b572b2f9d,1697663953324255555
6a69421f-e399-4db8-897a-d8ef21b5e0a7,707b6ccf-c9d9-4c1d-97f4-516b572b2f9d,1697663953370044444
6a69421f-e399-4db8-897a-d8ef21b5e0a7,707b6ccf-c9d9-4c1d-97f4-516b572b2f9d,1697663953395477777
6a69421f-e399-4db8-897a-d8ef21b5e0a7,707b6ccf-c9d9-4c1d-97f4-516b572b2f9d,1697663953421144444
6a69421f-e399-4db8-897a-d8ef21b5e0a7,707b6ccf-c9d9-4c1d-97f4-516b572b2f9d,1697663953469122222
6a69421f-e399-4db8-897a-d8ef21b5e0a7,707b6ccf-c9d9-4c1d-97f4-516b572b2f9d,1697663953499488888
6a69421f-e399-4db8-897a-d8ef21b5e0a7,707b6ccf-c9d9-4c1d-97f4-516b572b2f9d,1697663953529866666
6a69421f-e399-4db8-897a-d8ef21b5e0a7,707b6ccf-c9d9-4c1d-97f4-516b572b2f9d,1697663953573244444
6a69421f-e399-4db8-897a-d8ef21b5e0a7,707b6ccf-c9d9-4c1d-97f4-516b572b2f9d,1697663953608644444
6a69421f-e399-4db8-897a-d8ef21b5e0a7,707b6ccf-c9d9-4c1d-97f4-516b572b2f9d,1697663953623166666
6a69421f-e399-4db8-897a-d8ef21b5e0a7,707b6ccf-c9d9-4c1d-97f4-516b572b2f9d,1697663953669877777
6a69421f-e399-4db8-897a-d8ef21b5e0a7,707b6ccf-c9d9-4c1d-97f4-516b572b2f9d,1697663953702477777
6a69421f-e399-4db8-897a-d8ef21b5e0a7,707b6ccf-c9d9-4c1d-97f4-516b572b2f9d,1697663953721711111
6a69421f-e399-4db8-897a-d8ef21b5e0a7,707b6ccf-c9d9-4c1d-97f4-516b572b2f9d,1697663953769755555
6a69421f-e399-4db8-897a-d8ef21b5e0a7,707b6ccf-c9d9-4c1d-97f4-516b572b2f9d,1697663953800733333
6a69421f-e399-4db8-897a-d8ef21b5e0a7,707b6ccf-c9d9-4c1d-97f4-516b572b2f9d,1697663953824011111
6a69421f-e399-4db8-897a-d8ef21b5e0a7,707b6ccf-c9d9-4c1d-97f4-516b572b2f9d,1697663953871755555
6a69421f-e399-4db8-897a-d8ef21b5e0a7,707b6ccf-c9d9-4c1d-97f4-516b572b2f9d,1697663953900511111
6a69421f-e399-4db8-897a-d8ef21b5e0a7,707b6ccf-c9d9-4c1d-97f4-516b572b2f9d,1697663953943200000
6a69421f-e399-4db8-897a-d8ef21b5e0a7,707b6ccf-c9d9-4c1d-97f4-516b572b2f9d,1697663953961777777
6a69421f-e399-4db8-897a-d8ef21b5e0a7,707b6ccf-c9d9-4c1d-97f4-516b572b2f9d,1697663953990311111
6a69421f-e399-4db8-897a-d8ef21b5e0a7,707b6ccf-c9d9-4c1d-97f4-516b572b2f9d,1697663954022122222
6a69421f-e399-4db8-897a-d8ef21b5e0a7,707b6ccf-c9d9-4c1d-97f4-516b572b2f9d,1697663954059400000
6a69421f-e399-4db8-897a-d8ef21b5e0a7,707b6ccf-c9d9-4c1d-97f4-516b572b2f9d,1697663954097566666
6a69421f-e399-4db8-897a-d8ef21b5e0a7,707b6ccf-c9d9-4c1d-97f4-516b572b2f9d,1697663954131100000
6a69421f-e399-4db8-897a-d8ef21b5e0a7,707b6ccf-c9d9-4c1d-97f4-516b572b2f9d,1697663954168211111
6a69421f-e399-4db8-897a-d8ef21b5e0a7,707b6ccf-c9d9-4c1d-97f4-516b572b2f9d,1697663954205222222
6a69421f-e399-4db8-897a-d8ef21b5e0a7,707b6ccf-c9d9-4c1d-97f4-516b572b2f9d,1697663954233111111
6a69421f-e399-4db8-897a-d8ef21b5e0a7,707b6ccf-c9d9-4c1d-97f4-516b572b2f9d,1697663954268588888
6a69421f-e399-4db8-897a-d8ef21b5e0a7,707b6ccf-c9d9-4c1d-97f4-516b572b2f9d,1697663954298788888
6a69421f-e399-4db8-897a-d8ef21b5e0a7,707b6ccf-c9d9-4c1d-97f4-516b572b2f9d,1697663954330200000
6a69421f-e399-4db8-897a-d8ef21b5e0a7,707b6ccf-c9d9-4c1d-97f4-516b572b2f9d,1697663954368988888
6a69421f-e399-4db8-897a-d8ef21b5e0a7,707b6ccf-c9d9-4c1d-97f4-516b572b2f9d,1697663954403077777
6a69421f-e399-4db8-897a-d8ef21b5e0a7,707b6ccf-c9d9-4c1d-97f4-516b572b2f9d,1697663954431333333
6a69421f-e399-4db8-897a-d8ef21b5e0a7,707b6ccf-c9d9-4c1d-97f4-516b572b2f9d,1697663954467700000
6a69421f-e399-4db8-897a-d8ef21b5e0a7,707b6ccf-c9d9-4c1d-97f4-516b572b2f9d,1697663954499744444
6a69421f-e399-4db8-897a-d8ef21b5e0a7,707b6ccf-c9d9-4c1d-97f4-516b572b2f9d,1697663954530277777
6a69421f-e399-4db8-897a-d8ef21b5e0a7,707b6ccf-c9d9-4c1d-97f4-516b572b2f9d,1697663954565844444
6a69421f-e399-4db8-897a-d8ef21b5e0a7,707b6ccf-c9d9-4c1d-97f4-516b572b2f9d,1697663954611322222
6a69421f-e399-4db8-897a-d8ef21b5e0a7,707b6ccf-c9d9-4c1d-97f4-516b572b2f9d,1697663954623222222
6a69421f-e399-4db8-897a-d8ef21b5e0a7,707b6ccf-c9d9-4c1d-97f4-516b572b2f9d,1697663954667044444
6a69421f-e399-4db8-897a-d8ef21b5e0a7,707b6ccf-c9d9-4c1d-97f4-516b572b2f9d,1697663954694222222
6a69421f-e399-4db8-897a-d8ef21b5e0a7,707b6ccf-c9d9-4c1d-97f4-516b572b2f9d,1697663954721877777
6a69421f-e399-4db8-897a-d8ef21b5e0a7,707b6ccf-c9d9-4c1d-97f4-516b572b2f9d,1697663954766300000
6a69421f-e399-4db8-897a-d8ef21b5e0a7,707b6ccf-c9d9-4c1d-97f4-516b572b2f9d,1697663954801177777
6a69421f-e399-4db8-897a-d8ef21b5e0a7,707b6ccf-c9d9-4c1d-97f4-516b572b2f9d,1697663954823677777
6a69421f-e399-4db8-897a-d8ef21b5e0a7,707b6ccf-c9d9-4c1d-97f4-516b572b2f9d,1697663954870344444
6a69421f-e399-4db8-897a-d8ef21b5e0a7,707b6ccf-c9d9-4c1d-97f4-516b572b2f9d,1697663954902700000
6a69421f-e399-4db8-897a-d8ef21b5e0a7,707b6ccf-c9d9-4c1d-97f4-516b572b2f9d,1697663954930733333
6a69421f-e399-4db8-897a-d8ef21b5e0a7,707b6ccf-c9d9-4c1d-97f4-516b572b2f9d,1697663954965733333
6a69421f-e399-4db8-897a-d8ef21b5e0a7,707b6ccf-c9d9-4c1d-97f4-516b572b2f9d,1697663955002333333
6a69421f-e399-4db8-897a-d8ef21b5e0a7,707b6ccf-c9d9-4c1d-97f4-516b572b2f9d,1697663955031511111
6a69421f-e399-4db8-897a-d8ef21b5e0a7,707b6ccf-c9d9-4c1d-97f4-516b572b2f9d,1697663955066488888
6a69421f-e399-4db8-897a-d8ef21b5e0a7,707b6ccf-c9d9-4c1d-97f4-516b572b2f9d,1697663955099744444
6a69421f-e399-4db8-897a-d8ef21b5e0a7,707b6ccf-c9d9-4c1d-97f4-516b572b2f9d,1697663955131255555
6a69421f-e399-4db8-897a-d8ef21b5e0a7,707b6ccf-c9d9-4c1d-97f4-516b572b2f9d,1697663955168755555
6a69421f-e399-4db8-897a-d8ef21b5e0a7,707b6ccf-c9d9-4c1d-97f4-516b572b2f9d,1697663955204900000
6a69421f-e399-4db8-897a-d8ef21b5e0a7,707b6ccf-c9d9-4c1d-97f4-516b572b2f9d,1697663955243644444
6a69421f-e399-4db8-897a-d8ef21b5e0a7,707b6ccf-c9d9-4c1d-97f4-516b572b2f9d,1697663955262100000
6a69421f-e399-4db8-897a-d8ef21b5e0a7,707b6ccf-c9d9-4c1d-97f4-516b572b2f9d,1697663955290888888
6a69421f-e399-4db8-897a-d8ef21b5e0a7,707b6ccf-c9d9-4c1d-97f4-516b572b2f9d,1697663955323388888
6a69421f-e399-4db8-897a-d8ef21b5e0a7,707b6ccf-c9d9-4c1d-97f4-516b572b2f9d,1697663955366933333
6a69421f-e399-4db8-897a-d8ef21b5e0a7,707b6ccf-c9d9-4c1d-97f4-516b572b2f9d,1697663955403422222
6a69421f-e399-4db8-897a-d8ef21b5e0a7,707b6ccf-c9d9-4c1d-97f4-516b572b2f9d,1697663955422155555
6a69421f-e399-4db8-897a-d8ef21b5e0a7,707b6ccf-c9d9-4c1d-97f4-516b572b2f9d,1697663955469755555
6a69421f-e399-4db8-897a-d8ef21b5e0a7,707b6ccf-c9d9-4c1d-97f4-516b572b2f9d,1697663955499566666
6a69421f-e399-4db8-897a-d8ef21b5e0a7,707b6ccf-c9d9-4c1d-97f4-516b572b2f9d,1697663955530222222
6a69421f-e399-4db8-897a-d8ef21b5e0a7,707b6ccf-c9d9-4c1d-97f4-516b572b2f9d,1697663955572033333
6a69421f-e399-4db8-897a-d8ef21b5e0a7,707b6ccf-c9d9-4c1d-97f4-516b572b2f9d,1697663955600000000
6a69421f-e399-4db8-897a-d8ef21b5e0a7,707b6ccf-c9d9-4c1d-97f4-516b572b2f9d,1697663955631388888
6a69421f-e399-4db8-897a-d8ef21b5e0a7,707b6ccf-c9d9-4c1d-97f4-516b572b2f9d,1697663955666044444
6a69421f-e399-4db8-897a-d8ef21b5e0a7,707b6ccf-c9d9-4c1d-97f4-516b572b2f9d,1697663955702122222
6a69421f-e399-4db8-897a-d8ef21b5e0a7,707b6ccf-c9d9-4c1d-97f4-516b572b2f9d,1697663955731055555
6a69421f-e399-4db8-897a-d8ef21b5e0a7,707b6ccf-c9d9-4c1d-97f4-516b572b2f9d,1697663955767422222
6a69421f-e399-4db8-897a-d8ef21b5e0a7,707b6ccf-c9d9-4c1d-97f4-516b572b2f9d,1697663955801466666
6a69421f-e399-4db8-897a-d8ef21b5e0a7,707b6ccf-c9d9-4c1d-97f4-516b572b2f9d,1697663955830433333
6a69421f-e399-4db8-897a-d8ef21b5e0a7,707b6ccf-c9d9-4c1d-97f4-516b572b2f9d,1697663955870766666
6a69421f-e399-4db8-897a-d8ef21b5e0a7,707b6ccf-c9d9-4c1d-97f4-516b572b2f9d,1697663955907688888
6a69421f-e399-4db8-897a-d8ef21b5e0a7,707b6ccf-c9d9-4c1d-97f4-516b572b2f9d,1697663955924477777
6a69421f-e399-4db8-897a-d8ef21b5e0a7,707b6ccf-c9d9-4c1d-97f4-516b572b2f9d,1697663955958244444
6a69421f-e399-4db8-897a-d8ef21b5e0a7,707b6ccf-c9d9-4c1d-97f4-516b572b2f9d,1697663955989544444
6a69421f-e399-4db8-897a-d8ef21b5e0a7,707b6ccf-c9d9-4c1d-97f4-516b572b2f9d,1697663956022844444
6a69421f-e399-4db8-897a-d8ef21b5e0a7,707b6ccf-c9d9-4c1d-97f4-516b572b2f9d,1697663956068100000
6a69421f-e399-4db8-897a-d8ef21b5e0a7,707b6ccf-c9d9-4c1d-97f4-516b572b2f9d,1697663956096688888
6a69421f-e399-4db8-897a-d8ef21b5e0a7,707b6ccf-c9d9-4c1d-97f4-516b572b2f9d,1697663956132211111
6a69421f-e399-4db8-897a-d8ef21b5e0a7,707b6ccf-c9d9-4c1d-97f4-516b572b2f9d,1697663956166777777
6a69421f-e399-4db8-897a-d8ef21b5e0a7,707b6ccf-c9d9-4c1d-97f4-516b572b2f9d,1697663956200244444
6a69421f-e399-4db8-897a-d8ef21b5e0a7,707b6ccf-c9d9-4c1d-97f4-516b572b2f9d,1697663956234055555
6a69421f-e399-4db8-897a-d8ef21b5e0a7,707b6ccf-c9d9-4c1d-97f4-516b572b2f9d,1697663956265755555
6a69421f-e399-4db8-897a-d8ef21b5e0a7,707b6ccf-c9d9-4c1d-97f4-516b572b2f9d,1697663956301944444
6a69421f-e399-4db8-897a-d8ef21b5e0a7,707b6ccf-c9d9-4c1d-97f4-516b572b2f9d,1697663956324166666
6a69421f-e399-4db8-897a-d8ef21b5e0a7,707b6ccf-c9d9-4c1d-97f4-516b572b2f9d,1697663956364511111
6a69421f-e399-4db8-897a-d8ef21b5e0a7,707b6ccf-c9d9-4c1d-97f4-516b572b2f9d,1697663956397577777
6a69421f-e399-4db8-897a-d8ef21b5e0a7,707b6ccf-c9d9-4c1d-97f4-516b572b2f9d,1697663956430777777
6a69421f-e399-4db8-897a-d8ef21b5e0a7,707b6ccf-c9d9-4c1d-97f4-516b572b2f9d,1697663956468844444
6a69421f-e399-4db8-897a-d8ef21b5e0a7,707b6ccf-c9d9-4c1d-97f4-516b572b2f9d,1697663956500077777
6a69421f-e399-4db8-897a-d8ef21b5e0a7,707b6ccf-c9d9-4c1d-97f4-516b572b2f9d,1697663956531088888
6a69421f-e399-4db8-897a-d8ef21b5e0a7,707b6ccf-c9d9-4c1d-97f4-516b572b2f9d,1697663956571966666
6a69421f-e399-4db8-897a-d8ef21b5e0a7,707b6ccf-c9d9-4c1d-97f4-516b572b2f9d,1697663956591200000
6a69421f-e399-4db8-897a-d8ef21b5e0a7,707b6ccf-c9d9-4c1d-97f4-516b572b2f9d,1697663956631666666
6a69421f-e399-4db8-897a-d8ef21b5e0a7,707b6ccf-c9d9-4c1d-97f4-516b572b2f9d,1697663956661500000
6a69421f-e399-4db8-897a-d8ef21b5e0a7,707b6ccf-c9d9-4c1d-97f4-516b572b2f9d,1697663956692788888
6a69421f-e399-4db8-897a-d8ef21b5e0a7,707b6ccf-c9d9-4c1d-97f4-516b572b2f9d,1697663956720333333
6a69421f-e399-4db8-897a-d8ef21b5e0a7,707b6ccf-c9d9-4c1d-97f4-516b572b2f9d,1697663956765177777
6a69421f-e399-4db8-897a-d8ef21b5e0a7,707b6ccf-c9d9-4c1d-97f4-516b572b2f9d,1697663956799777777
6a69421f-e399-4db8-897a-d8ef21b5e0a7,707b6ccf-c9d9-4c1d-97f4-516b572b2f9d,1697663956830633333
6a69421f-e399-4db8-897a-d8ef21b5e0a7,707b6ccf-c9d9-4c1d-97f4-516b572b2f9d,1697663956863066666
6a69421f-e399-4db8-897a-d8ef21b5e0a7,707b6ccf-c9d9-4c1d-97f4-516b572b2f9d,1697663956900155555
6a69421f-e399-4db8-897a-d8ef21b5e0a7,707b6ccf-c9d9-4c1d-97f4-516b572b2f9d,1697663956930777777
6a69421f-e399-4db8-897a-d8ef21b5e0a7,707b6ccf-c9d9-4c1d-97f4-516b572b2f9d,1697663956967688888
6a69421f-e399-4db8-897a-d8ef21b5e0a7,707b6ccf-c9d9-4c1d-97f4-516b572b2f9d,1697663957002177777
6a69421f-e399-4db8-897a-d8ef21b5e0a7,707b6ccf-c9d9-4c1d-97f4-516b572b2f9d,1697663957023611111
6a69421f-e399-4db8-897a-d8ef21b5e0a7,707b6ccf-c9d9-4c1d-97f4-516b572b2f9d,1697663957070066666
6a69421f-e399-4db8-897a-d8ef21b5e0a7,707b6ccf-c9d9-4c1d-97f4-516b572b2f9d,1697663957100933333
6a69421f-e399-4db8-897a-d8ef21b5e0a7,707b6ccf-c9d9-4c1d-97f4-516b572b2f9d,1697663957132066666
6a69421f-e399-4db8-897a-d8ef21b5e0a7,707b6ccf-c9d9-4c1d-97f4-516b572b2f9d,1697663957164977777
6a69421f-e399-4db8-897a-d8ef21b5e0a7,707b6ccf-c9d9-4c1d-97f4-516b572b2f9d,1697663957199433333
6a69421f-e399-4db8-897a-d8ef21b5e0a7,707b6ccf-c9d9-4c1d-97f4-516b572b2f9d,1697663957232288888
6a69421f-e399-4db8-897a-d8ef21b5e0a7,707b6ccf-c9d9-4c1d-97f4-516b572b2f9d,1697663957256444444
6a69421f-e399-4db8-897a-d8ef21b5e0a7,707b6ccf-c9d9-4c1d-97f4-516b572b2f9d,1697663957292811111
6a69421f-e399-4db8-897a-d8ef21b5e0a7,707b6ccf-c9d9-4c1d-97f4-516b572b2f9d,1697663957327611111
6a69421f-e399-4db8-897a-d8ef21b5e0a7,707b6ccf-c9d9-4c1d-97f4-516b572b2f9d,1697663957356633333
6a69421f-e399-4db8-897a-d8ef21b5e0a7,707b6ccf-c9d9-4c1d-97f4-516b572b2f9d,1697663957390144444
6a69421f-e399-4db8-897a-d8ef21b5e0a7,707b6ccf-c9d9-4c1d-97f4-516b572b2f9d,1697663957432188888
6a69421f-e399-4db8-897a-d8ef21b5e0a7,707b6ccf-c9d9-4c1d-97f4-516b572b2f9d,1697663957462644444
6a69421f-e399-4db8-897a-d8ef21b5e0a7,707b6ccf-c9d9-4c1d-97f4-516b572b2f9d,1697663957498555555
6a69421f-e399-4db8-897a-d8ef21b5e0a7,707b6ccf-c9d9-4c1d-97f4-516b572b2f9d,1697663957530800000
6a69421f-e399-4db8-897a-d8ef21b5e0a7,707b6ccf-c9d9-4c1d-97f4-516b572b2f9d,1697663957562311111
6a69421f-e399-4db8-897a-d8ef21b5e0a7,707b6ccf-c9d9-4c1d-97f4-516b572b2f9d,1697663957598466666
6a69421f-e399-4db8-897a-d8ef21b5e0a7,707b6ccf-c9d9-4c1d-97f4-516b572b2f9d,1697663957629744444
6a69421f-e399-4db8-897a-d8ef21b5e0a7,707b6ccf-c9d9-4c1d-97f4-516b572b2f9d,1697663957664533333
6a69421f-e399-4db8-897a-d8ef21b5e0a7,707b6ccf-c9d9-4c1d-97f4-516b572b2f9d,1697663957701722222
6a69421f-e399-4db8-897a-d8ef21b5e0a7,707b6ccf-c9d9-4c1d-97f4-516b572b2f9d,1697663957730955555
6a69421f-e399-4db8-897a-d8ef21b5e0a7,707b6ccf-c9d9-4c1d-97f4-516b572b2f9d,1697663957762300000
6a69421f-e399-4db8-897a-d8ef21b5e0a7,707b6ccf-c9d9-4c1d-97f4-516b572b2f9d,1697663957805211111
6a69421f-e399-4db8-897a-d8ef21b5e0a7,707b6ccf-c9d9-4c1d-97f4-516b572b2f9d,1697663957835088888
6a69421f-e399-4db8-897a-d8ef21b5e0a7,707b6ccf-c9d9-4c1d-97f4-516b572b2f9d,1697663957862077777
6a69421f-e399-4db8-897a-d8ef21b5e0a7,707b6ccf-c9d9-4c1d-97f4-516b572b2f9d,1697663957892511111
6a69421f-e399-4db8-897a-d8ef21b5e0a7,707b6ccf-c9d9-4c1d-97f4-516b572b2f9d,1697663957924400000
6a69421f-e399-4db8-897a-d8ef21b5e0a7,707b6ccf-c9d9-4c1d-97f4-516b572b2f9d,1697663957955288888
6a69421f-e399-4db8-897a-d8ef21b5e0a7,707b6ccf-c9d9-4c1d-97f4-516b572b2f9d,1697663957993133333
6a69421f-e399-4db8-897a-d8ef21b5e0a7,707b6ccf-c9d9-4c1d-97f4-516b572b2f9d,1697663958033533333
6a69421f-e399-4db8-897a-d8ef21b5e0a7,707b6ccf-c9d9-4c1d-97f4-516b572b2f9d,1697663958061133333
6a69421f-e399-4db8-897a-d8ef21b5e0a7,707b6ccf-c9d9-4c1d-97f4-516b572b2f9d,1697663958099844444
6a69421f-e399-4db8-897a-d8ef21b5e0a7,707b6ccf-c9d9-4c1d-97f4-516b572b2f9d,1697663958123211111
6a69421f-e399-4db8-897a-d8ef21b5e0a7,707b6ccf-c9d9-4c1d-97f4-516b572b2f9d,1697663958162877777
6a69421f-e399-4db8-897a-d8ef21b5e0a7,707b6ccf-c9d9-4c1d-97f4-516b572b2f9d,1697663958199555555
6a69421f-e399-4db8-897a-d8ef21b5e0a7,707b6ccf-c9d9-4c1d-97f4-516b572b2f9d,1697663958229477777
6a69421f-e399-4db8-897a-d8ef21b5e0a7,707b6ccf-c9d9-4c1d-97f4-516b572b2f9d,1697663958262844444
6a69421f-e399-4db8-897a-d8ef21b5e0a7,707b6ccf-c9d9-4c1d-97f4-516b572b2f9d,1697663958299611111
6a69421f-e399-4db8-897a-d8ef21b5e0a7,707b6ccf-c9d9-4c1d-97f4-516b572b2f9d,1697663958330277777
6a69421f-e399-4db8-897a-d8ef21b5e0a7,707b6ccf-c9d9-4c1d-97f4-516b572b2f9d,1697663958364122222
6a69421f-e399-4db8-897a-d8ef21b5e0a7,707b6ccf-c9d9-4c1d-97f4-516b572b2f9d,1697663958403777777
6a69421f-e399-4db8-897a-d8ef21b5e0a7,707b6ccf-c9d9-4c1d-97f4-516b572b2f9d,1697663958431533333
6a69421f-e399-4db8-897a-d8ef21b5e0a7,707b6ccf-c9d9-4c1d-97f4-516b572b2f9d,1697663958466800000
6a69421f-e399-4db8-897a-d8ef21b5e0a7,707b6ccf-c9d9-4c1d-97f4-516b572b2f9d,1697663958498711111
6a69421f-e399-4db8-897a-d8ef21b5e0a7,707b6ccf-c9d9-4c1d-97f4-516b572b2f9d,1697663958531144444
6a69421f-e399-4db8-897a-d8ef21b5e0a7,707b6ccf-c9d9-4c1d-97f4-516b572b2f9d,1697663958561944444
6a69421f-e399-4db8-897a-d8ef21b5e0a7,707b6ccf-c9d9-4c1d-97f4-516b572b2f9d,1697663958591677777
6a69421f-e399-4db8-897a-d8ef21b5e0a7,707b6ccf-c9d9-4c1d-97f4-516b572b2f9d,1697663958623066666
6a69421f-e399-4db8-897a-d8ef21b5e0a7,707b6ccf-c9d9-4c1d-97f4-516b572b2f9d,1697663958658655555
6a69421f-e399-4db8-897a-d8ef21b5e0a7,707b6ccf-c9d9-4c1d-97f4-516b572b2f9d,1697663958693088888
6a69421f-e399-4db8-897a-d8ef21b5e0a7,707b6ccf-c9d9-4c1d-97f4-516b572b2f9d,1697663958720622222
6a69421f-e399-4db8-897a-d8ef21b5e0a7,707b6ccf-c9d9-4c1d-97f4-516b572b2f9d,1697663958764611111
6a69421f-e399-4db8-897a-d8ef21b5e0a7,707b6ccf-c9d9-4c1d-97f4-516b572b2f9d,1697663958798333333
6a69421f-e399-4db8-897a-d8ef21b5e0a7,707b6ccf-c9d9-4c1d-97f4-516b572b2f9d,1697663958832588888
6a69421f-e399-4db8-897a-d8ef21b5e0a7,707b6ccf-c9d9-4c1d-97f4-516b572b2f9d,1697663958861555555
6a69421f-e399-4db8-897a-d8ef21b5e0a7,707b6ccf-c9d9-4c1d-97f4-516b572b2f9d,1697663958904244444
6a69421f-e399-4db8-897a-d8ef21b5e0a7,707b6ccf-c9d9-4c1d-97f4-516b572b2f9d,1697663958930333333
6a69421f-e399-4db8-897a-d8ef21b5e0a7,707b6ccf-c9d9-4c1d-97f4-516b572b2f9d,1697663958962255555
6a69421f-e399-4db8-897a-d8ef21b5e0a7,707b6ccf-c9d9-4c1d-97f4-516b572b2f9d,1697663959004111111
6a69421f-e399-4db8-897a-d8ef21b5e0a7,707b6ccf-c9d9-4c1d-97f4-516b572b2f9d,1697663959033577777
6a69421f-e399-4db8-897a-d8ef21b5e0a7,707b6ccf-c9d9-4c1d-97f4-516b572b2f9d,1697663959062855555
6a69421f-e399-4db8-897a-d8ef21b5e0a7,707b6ccf-c9d9-4c1d-97f4-516b572b2f9d,1697663959097744444
6a69421f-e399-4db8-897a-d8ef21b5e0a7,707b6ccf-c9d9-4c1d-97f4-516b572b2f9d,1697663959130100000
6a69421f-e399-4db8-897a-d8ef21b5e0a7,707b6ccf-c9d9-4c1d-97f4-516b572b2f9d,1697663959166011111
6a69421f-e399-4db8-897a-d8ef21b5e0a7,707b6ccf-c9d9-4c1d-97f4-516b572b2f9d,1697663959203233333
6a69421f-e399-4db8-897a-d8ef21b5e0a7,707b6ccf-c9d9-4c1d-97f4-516b572b2f9d,1697663959221855555
6a69421f-e399-4db8-897a-d8ef21b5e0a7,707b6ccf-c9d9-4c1d-97f4-516b572b2f9d,1697663959262677777
6a69421f-e399-4db8-897a-d8ef21b5e0a7,707b6ccf-c9d9-4c1d-97f4-516b572b2f9d,1697663959289211111
6a69421f-e399-4db8-897a-d8ef21b5e0a7,707b6ccf-c9d9-4c1d-97f4-516b572b2f9d,1697663959333000000
6a69421f-e399-4db8-897a-d8ef21b5e0a7,707b6ccf-c9d9-4c1d-97f4-516b572b2f9d,1697663959361044444
6a69421f-e399-4db8-897a-d8ef21b5e0a7,707b6ccf-c9d9-4c1d-97f4-516b572b2f9d,1697663959396111111
6a69421f-e399-4db8-897a-d8ef21b5e0a7,707b6ccf-c9d9-4c1d-97f4-516b572b2f9d,1697663959430888888
6a69421f-e399-4db8-897a-d8ef21b5e0a7,707b6ccf-c9d9-4c1d-97f4-516b572b2f9d,1697663959464466666
6a69421f-e399-4db8-897a-d8ef21b5e0a7,707b6ccf-c9d9-4c1d-97f4-516b572b2f9d,1697663959493644444
6a69421f-e399-4db8-897a-d8ef21b5e0a7,707b6ccf-c9d9-4c1d-97f4-516b572b2f9d,1697663959531311111
6a69421f-e399-4db8-897a-d8ef21b5e0a7,707b6ccf-c9d9-4c1d-97f4-516b572b2f9d,1697663959568633333
6a69421f-e399-4db8-897a-d8ef21b5e0a7,707b6ccf-c9d9-4c1d-97f4-516b572b2f9d,1697663959595711111
6a69421f-e399-4db8-897a-d8ef21b5e0a7,707b6ccf-c9d9-4c1d-97f4-516b572b2f9d,1697663959630166666
6a69421f-e399-4db8-897a-d8ef21b5e0a7,707b6ccf-c9d9-4c1d-97f4-516b572b2f9d,1697663959662033333
6a69421f-e399-4db8-897a-d8ef21b5e0a7,707b6ccf-c9d9-4c1d-97f4-516b572b2f9d,1697663959696366666
6a69421f-e399-4db8-897a-d8ef21b5e0a7,707b6ccf-c9d9-4c1d-97f4-516b572b2f9d,1697663959729900000
6a69421f-e399-4db8-897a-d8ef21b5e0a7,707b6ccf-c9d9-4c1d-97f4-516b572b2f9d,1697663959762133333
6a69421f-e399-4db8-897a-d8ef21b5e0a7,707b6ccf-c9d9-4c1d-97f4-516b572b2f9d,1697663959795088888
6a69421f-e399-4db8-897a-d8ef21b5e0a7,707b6ccf-c9d9-4c1d-97f4-516b572b2f9d,1697663959830644444
6a69421f-e399-4db8-897a-d8ef21b5e0a7,707b6ccf-c9d9-4c1d-97f4-516b572b2f9d,1697663959863488888
6a69421f-e399-4db8-897a-d8ef21b5e0a7,707b6ccf-c9d9-4c1d-97f4-516b572b2f9d,1697663959886144444
6a69421f-e399-4db8-897a-d8ef21b5e0a7,707b6ccf-c9d9-4c1d-97f4-516b572b2f9d,1697663959920922222
6a69421f-e399-4db8-897a-d8ef21b5e0a7,707b6ccf-c9d9-4c1d-97f4-516b572b2f9d,1697663959956277777
6a69421f-e399-4db8-897a-d8ef21b5e0a7,707b6ccf-c9d9-4c1d-97f4-516b572b2f9d,1697663959985855555
6a69421f-e399-4db8-897a-d8ef21b5e0a7,707b6ccf-c9d9-4c1d-97f4-516b572b2f9d,1697663960032600000
6a69421f-e399-4db8-897a-d8ef21b5e0a7,707b6ccf-c9d9-4c1d-97f4-516b572b2f9d,1697663960065744444
6a69421f-e399-4db8-897a-d8ef21b5e0a7,707b6ccf-c9d9-4c1d-97f4-516b572b2f9d,1697663960095955555
6a69421f-e399-4db8-897a-d8ef21b5e0a7,707b6ccf-c9d9-4c1d-97f4-516b572b2f9d,1697663960130300000
6a69421f-e399-4db8-897a-d8ef21b5e0a7,707b6ccf-c9d9-4c1d-97f4-516b572b2f9d,1697663960163222222
6a69421f-e399-4db8-897a-d8ef21b5e0a7,707b6ccf-c9d9-4c1d-97f4-516b572b2f9d,1697663960194433333
6a69421f-e399-4db8-897a-d8ef21b5e0a7,707b6ccf-c9d9-4c1d-97f4-516b572b2f9d,1697663960230500000
6a69421f-e399-4db8-897a-d8ef21b5e0a7,707b6ccf-c9d9-4c1d-97f4-516b572b2f9d,1697663960262000000
6a69421f-e399-4db8-897a-d8ef21b5e0a7,707b6ccf-c9d9-4c1d-97f4-516b572b2f9d,1697663960295477777
6a69421f-e399-4db8-897a-d8ef21b5e0a7,707b6ccf-c9d9-4c1d-97f4-516b572b2f9d,1697663960329844444
6a69421f-e399-4db8-897a-d8ef21b5e0a7,707b6ccf-c9d9-4c1d-97f4-516b572b2f9d,1697663960369077777
6a69421f-e399-4db8-897a-d8ef21b5e0a7,707b6ccf-c9d9-4c1d-97f4-516b572b2f9d,1697663960397422222
6a69421f-e399-4db8-897a-d8ef21b5e0a7,707b6ccf-c9d9-4c1d-97f4-516b572b2f9d,1697663960433444444
6a69421f-e399-4db8-897a-d8ef21b5e0a7,707b6ccf-c9d9-4c1d-97f4-516b572b2f9d,1697663960462844444
6a69421f-e399-4db8-897a-d8ef21b5e0a7,707b6ccf-c9d9-4c1d-97f4-516b572b2f9d,1697663960495111111
6a69421f-e399-4db8-897a-d8ef21b5e0a7,707b6ccf-c9d9-4c1d-97f4-516b572b2f9d,1697663960540577777
6a69421f-e399-4db8-897a-d8ef21b5e0a7,707b6ccf-c9d9-4c1d-97f4-516b572b2f9d,1697663960554700000
6a69421f-e399-4db8-897a-d8ef21b5e0a7,707b6ccf-c9d9-4c1d-97f4-516b572b2f9d,1697663960593288888
6a69421f-e399-4db8-897a-d8ef21b5e0a7,707b6ccf-c9d9-4c1d-97f4-516b572b2f9d,1697663960622777777
6a69421f-e399-4db8-897a-d8ef21b5e0a7,707b6ccf-c9d9-4c1d-97f4-516b572b2f9d,1697663960663566666
6a69421f-e399-4db8-897a-d8ef21b5e0a7,707b6ccf-c9d9-4c1d-97f4-516b572b2f9d,1697663960686777777
6a69421f-e399-4db8-897a-d8ef21b5e0a7,707b6ccf-c9d9-4c1d-97f4-516b572b2f9d,1697663960732811111
6a69421f-e399-4db8-897a-d8ef21b5e0a7,707b6ccf-c9d9-4c1d-97f4-516b572b2f9d,1697663960760622222
6a69421f-e399-4db8-897a-d8ef21b5e0a7,707b6ccf-c9d9-4c1d-97f4-516b572b2f9d,1697663960794100000
6a69421f-e399-4db8-897a-d8ef21b5e0a7,707b6ccf-c9d9-4c1d-97f4-516b572b2f9d,1697663960829188888
6a69421f-e399-4db8-897a-d8ef21b5e0a7,707b6ccf-c9d9-4c1d-97f4-516b572b2f9d,1697663960862455555
6a69421f-e399-4db8-897a-d8ef21b5e0a7,707b6ccf-c9d9-4c1d-97f4-516b572b2f9d,1697663960892388888
6a69421f-e399-4db8-897a-d8ef21b5e0a7,707b6ccf-c9d9-4c1d-97f4-516b572b2f9d,1697663960929411111
6a69421f-e399-4db8-897a-d8ef21b5e0a7,707b6ccf-c9d9-4c1d-97f4-516b572b2f9d,1697663960961022222
6a69421f-e399-4db8-897a-d8ef21b5e0a7,707b6ccf-c9d9-4c1d-97f4-516b572b2f9d,1697663960993288888
6a69421f-e399-4db8-897a-d8ef21b5e0a7,707b6ccf-c9d9-4c1d-97f4-516b572b2f9d,1697663961032388888
6a69421f-e399-4db8-897a-d8ef21b5e0a7,707b6ccf-c9d9-4c1d-97f4-516b572b2f9d,1697663961063977777
6a69421f-e399-4db8-897a-d8ef21b5e0a7,707b6ccf-c9d9-4c1d-97f4-516b572b2f9d,1697663961094433333
6a69421f-e399-4db8-897a-d8ef21b5e0a7,707b6ccf-c9d9-4c1d-97f4-516b572b2f9d,1697663961131922222
6a69421f-e399-4db8-897a-d8ef21b5e0a7,707b6ccf-c9d9-4c1d-97f4-516b572b2f9d,1697663961162188888
6a69421f-e399-4db8-897a-d8ef21b5e0a7,707b6ccf-c9d9-4c1d-97f4-516b572b2f9d,1697663961209066666
6a69421f-e399-4db8-897a-d8ef21b5e0a7,707b6ccf-c9d9-4c1d-97f4-516b572b2f9d,1697663961224022222
6a69421f-e399-4db8-897a-d8ef21b5e0a7,707b6ccf-c9d9-4c1d-97f4-516b572b2f9d,1697663961254666666
6a69421f-e399-4db8-897a-d8ef21b5e0a7,707b6ccf-c9d9-4c1d-97f4-516b572b2f9d,1697663961287277777
6a69421f-e399-4db8-897a-d8ef21b5e0a7,707b6ccf-c9d9-4c1d-97f4-516b572b2f9d,1697663961320611111
6a69421f-e399-4db8-897a-d8ef21b5e0a7,707b6ccf-c9d9-4c1d-97f4-516b572b2f9d,1697663961365655555
6a69421f-e399-4db8-897a-d8ef21b5e0a7,707b6ccf-c9d9-4c1d-97f4-516b572b2f9d,1697663961395611111
6a69421f-e399-4db8-897a-d8ef21b5e0a7,707b6ccf-c9d9-4c1d-97f4-516b572b2f9d,1697663961431066666
6a69421f-e399-4db8-897a-d8ef21b5e0a7,707b6ccf-c9d9-4c1d-97f4-516b572b2f9d,1697663961463522222
6a69421f-e399-4db8-897a-d8ef21b5e0a7,707b6ccf-c9d9-4c1d-97f4-516b572b2f9d,1697663961494522222
6a69421f-e399-4db8-897a-d8ef21b5e0a7,707b6ccf-c9d9-4c1d-97f4-516b572b2f9d,1697663961530722222
6a69421f-e399-4db8-897a-d8ef21b5e0a7,707b6ccf-c9d9-4c1d-97f4-516b572b2f9d,1697663961567466666
6a69421f-e399-4db8-897a-d8ef21b5e0a7,707b6ccf-c9d9-4c1d-97f4-516b572b2f9d,1697663961596377777
6a69421f-e399-4db8-897a-d8ef21b5e0a7,707b6ccf-c9d9-4c1d-97f4-516b572b2f9d,1697663961631566666
6a69421f-e399-4db8-897a-d8ef21b5e0a7,707b6ccf-c9d9-4c1d-97f4-516b572b2f9d,1697663961665888888
6a69421f-e399-4db8-897a-d8ef21b5e0a7,707b6ccf-c9d9-4c1d-97f4-516b572b2f9d,1697663961694722222
6a69421f-e399-4db8-897a-d8ef21b5e0a7,707b6ccf-c9d9-4c1d-97f4-516b572b2f9d,1697663961730100000
6a69421f-e399-4db8-897a-d8ef21b5e0a7,707b6ccf-c9d9-4c1d-97f4-516b572b2f9d,1697663961762722222
6a69421f-e399-4db8-897a-d8ef21b5e0a7,707b6ccf-c9d9-4c1d-97f4-516b572b2f9d,1697663961796711111
6a69421f-e399-4db8-897a-d8ef21b5e0a7,707b6ccf-c9d9-4c1d-97f4-516b572b2f9d,1697663961831977777
6a69421f-e399-4db8-897a-d8ef21b5e0a7,707b6ccf-c9d9-4c1d-97f4-516b572b2f9d,1697663961880444444
6a69421f-e399-4db8-897a-d8ef21b5e0a7,707b6ccf-c9d9-4c1d-97f4-516b572b2f9d,1697663961890000000
6a69421f-e399-4db8-897a-d8ef21b5e0a7,707b6ccf-c9d9-4c1d-97f4-516b572b2f9d,1697663961937122222
6a69421f-e399-4db8-897a-d8ef21b5e0a7,707b6ccf-c9d9-4c1d-97f4-516b572b2f9d,1697663961979933333
6a69421f-e399-4db8-897a-d8ef21b5e0a7,707b6ccf-c9d9-4c1d-97f4-516b572b2f9d,1697663961988433333
6a69421f-e399-4db8-897a-d8ef21b5e0a7,707b6ccf-c9d9-4c1d-97f4-516b572b2f9d,1697663962032000000
6a69421f-e399-4db8-897a-d8ef21b5e0a7,707b6ccf-c9d9-4c1d-97f4-516b572b2f9d,1697663962063822222
6a69421f-e399-4db8-897a-d8ef21b5e0a7,707b6ccf-c9d9-4c1d-97f4-516b572b2f9d,1697663962095533333
6a69421f-e399-4db8-897a-d8ef21b5e0a7,707b6ccf-c9d9-4c1d-97f4-516b572b2f9d,1697663962131988888
6a69421f-e399-4db8-897a-d8ef21b5e0a7,707b6ccf-c9d9-4c1d-97f4-516b572b2f9d,1697663962162988888
6a69421f-e399-4db8-897a-d8ef21b5e0a7,707b6ccf-c9d9-4c1d-97f4-516b572b2f9d,1697663962195311111
6a69421f-e399-4db8-897a-d8ef21b5e0a7,707b6ccf-c9d9-4c1d-97f4-516b572b2f9d,1697663962229477777
6a69421f-e399-4db8-897a-d8ef21b5e0a7,707b6ccf-c9d9-4c1d-97f4-516b572b2f9d,1697663962267822222
6a69421f-e399-4db8-897a-d8ef21b5e0a7,707b6ccf-c9d9-4c1d-97f4-516b572b2f9d,1697663962297511111
6a69421f-e399-4db8-897a-d8ef21b5e0a7,707b6ccf-c9d9-4c1d-97f4-516b572b2f9d,1697663962330800000
6a69421f-e399-4db8-897a-d8ef21b5e0a7,707b6ccf-c9d9-4c1d-97f4-516b572b2f9d,1697663962362300000
6a69421f-e399-4db8-897a-d8ef21b5e0a7,707b6ccf-c9d9-4c1d-97f4-516b572b2f9d,1697663962397477777
6a69421f-e399-4db8-897a-d8ef21b5e0a7,707b6ccf-c9d9-4c1d-97f4-516b572b2f9d,1697663962430811111
6a69421f-e399-4db8-897a-d8ef21b5e0a7,707b6ccf-c9d9-4c1d-97f4-516b572b2f9d,1697663962465400000
6a69421f-e399-4db8-897a-d8ef21b5e0a7,707b6ccf-c9d9-4c1d-97f4-516b572b2f9d,1697663962495844444
6a69421f-e399-4db8-897a-d8ef21b5e0a7,707b6ccf-c9d9-4c1d-97f4-516b572b2f9d,1697663962549355555
6a69421f-e399-4db8-897a-d8ef21b5e0a7,707b6ccf-c9d9-4c1d-97f4-516b572b2f9d,1697663962559544444
6a69421f-e399-4db8-897a-d8ef21b5e0a7,707b6ccf-c9d9-4c1d-97f4-516b572b2f9d,1697663962597244444
6a69421f-e399-4db8-897a-d8ef21b5e0a7,707b6ccf-c9d9-4c1d-97f4-516b572b2f9d,1697663962622088888
6a69421f-e399-4db8-897a-d8ef21b5e0a7,707b6ccf-c9d9-4c1d-97f4-516b572b2f9d,1697663962665111111
6a69421f-e399-4db8-897a-d8ef21b5e0a7,707b6ccf-c9d9-4c1d-97f4-516b572b2f9d,1697663962697866666
6a69421f-e399-4db8-897a-d8ef21b5e0a7,707b6ccf-c9d9-4c1d-97f4-516b572b2f9d,1697663962728866666
6a69421f-e399-4db8-897a-d8ef21b5e0a7,707b6ccf-c9d9-4c1d-97f4-516b572b2f9d,1697663962762766666
6a69421f-e399-4db8-897a-d8ef21b5e0a7,707b6ccf-c9d9-4c1d-97f4-516b572b2f9d,1697663962794544444
6a69421f-e399-4db8-897a-d8ef21b5e0a7,707b6ccf-c9d9-4c1d-97f4-516b572b2f9d,1697663962828233333
6a69421f-e399-4db8-897a-d8ef21b5e0a7,707b6ccf-c9d9-4c1d-97f4-516b572b2f9d,1697663962865033333
6a69421f-e399-4db8-897a-d8ef21b5e0a7,707b6ccf-c9d9-4c1d-97f4-516b572b2f9d,1697663962894622222
6a69421f-e399-4db8-897a-d8ef21b5e0a7,707b6ccf-c9d9-4c1d-97f4-516b572b2f9d,1697663962928944444
6a69421f-e399-4db8-897a-d8ef21b5e0a7,707b6ccf-c9d9-4c1d-97f4-516b572b2f9d,1697663962966744444
6a69421f-e399-4db8-897a-d8ef21b5e0a7,707b6ccf-c9d9-4c1d-97f4-516b572b2f9d,1697663962998733333
6a69421f-e399-4db8-897a-d8ef21b5e0a7,707b6ccf-c9d9-4c1d-97f4-516b572b2f9d,1697663963027766666
6a69421f-e399-4db8-897a-d8ef21b5e0a7,707b6ccf-c9d9-4c1d-97f4-516b572b2f9d,1697663963063288888
6a69421f-e399-4db8-897a-d8ef21b5e0a7,707b6ccf-c9d9-4c1d-97f4-516b572b2f9d,1697663963094844444
6a69421f-e399-4db8-897a-d8ef21b5e0a7,707b6ccf-c9d9-4c1d-97f4-516b572b2f9d,1697663963130633333
6a69421f-e399-4db8-897a-d8ef21b5e0a7,707b6ccf-c9d9-4c1d-97f4-516b572b2f9d,1697663963164200000
6a69421f-e399-4db8-897a-d8ef21b5e0a7,707b6ccf-c9d9-4c1d-97f4-516b572b2f9d,1697663963188933333
6a69421f-e399-4db8-897a-d8ef21b5e0a7,707b6ccf-c9d9-4c1d-97f4-516b572b2f9d,1697663963236588888
6a69421f-e399-4db8-897a-d8ef21b5e0a7,707b6ccf-c9d9-4c1d-97f4-516b572b2f9d,1697663963257455555
6a69421f-e399-4db8-897a-d8ef21b5e0a7,707b6ccf-c9d9-4c1d-97f4-516b572b2f9d,1697663963285855555
6a69421f-e399-4db8-897a-d8ef21b5e0a7,707b6ccf-c9d9-4c1d-97f4-516b572b2f9d,1697663963319477777
6a69421f-e399-4db8-897a-d8ef21b5e0a7,707b6ccf-c9d9-4c1d-97f4-516b572b2f9d,1697663963361788888
6a69421f-e399-4db8-897a-d8ef21b5e0a7,707b6ccf-c9d9-4c1d-97f4-516b572b2f9d,1697663963394266666
6a69421f-e399-4db8-897a-d8ef21b5e0a7,707b6ccf-c9d9-4c1d-97f4-516b572b2f9d,1697663963427966666
6a69421f-e399-4db8-897a-d8ef21b5e0a7,707b6ccf-c9d9-4c1d-97f4-516b572b2f9d,1697663963461966666
6a69421f-e399-4db8-897a-d8ef21b5e0a7,707b6ccf-c9d9-4c1d-97f4-516b572b2f9d,1697663963496200000
6a69421f-e399-4db8-897a-d8ef21b5e0a7,707b6ccf-c9d9-4c1d-97f4-516b572b2f9d,1697663963527822222
6a69421f-e399-4db8-897a-d8ef21b5e0a7,707b6ccf-c9d9-4c1d-97f4-516b572b2f9d,1697663963568222222
6a69421f-e399-4db8-897a-d8ef21b5e0a7,707b6ccf-c9d9-4c1d-97f4-516b572b2f9d,1697663963595500000
6a69421f-e399-4db8-897a-d8ef21b5e0a7,707b6ccf-c9d9-4c1d-97f4-516b572b2f9d,1697663963628622222
6a69421f-e399-4db8-897a-d8ef21b5e0a7,707b6ccf-c9d9-4c1d-97f4-516b572b2f9d,1697663963667633333
6a69421f-e399-4db8-897a-d8ef21b5e0a7,707b6ccf-c9d9-4c1d-97f4-516b572b2f9d,1697663963695166666
6a69421f-e399-4db8-897a-d8ef21b5e0a7,707b6ccf-c9d9-4c1d-97f4-516b572b2f9d,1697663963725988888
6a69421f-e399-4db8-897a-d8ef21b5e0a7,707b6ccf-c9d9-4c1d-97f4-516b572b2f9d,1697663963764377777
6a69421f-e399-4db8-897a-d8ef21b5e0a7,707b6ccf-c9d9-4c1d-97f4-516b572b2f9d,1697663963795655555
6a69421f-e399-4db8-897a-d8ef21b5e0a7,707b6ccf-c9d9-4c1d-97f4-516b572b2f9d,1697663963825622222
6a69421f-e399-4db8-897a-d8ef21b5e0a7,707b6ccf-c9d9-4c1d-97f4-516b572b2f9d,1697663963877266666
6a69421f-e399-4db8-897a-d8ef21b5e0a7,707b6ccf-c9d9-4c1d-97f4-516b572b2f9d,1697663963889055555
6a69421f-e399-4db8-897a-d8ef21b5e0a7,707b6ccf-c9d9-4c1d-97f4-516b572b2f9d,1697663963922066666
6a69421f-e399-4db8-897a-d8ef21b5e0a7,707b6ccf-c9d9-4c1d-97f4-516b572b2f9d,1697663963955466666
6a69421f-e399-4db8-897a-d8ef21b5e0a7,707b6ccf-c9d9-4c1d-97f4-516b572b2f9d,1697663963988288888
6a69421f-e399-4db8-897a-d8ef21b5e0a7,707b6ccf-c9d9-4c1d-97f4-516b572b2f9d,1697663964017733333
6a69421f-e399-4db8-897a-d8ef21b5e0a7,707b6ccf-c9d9-4c1d-97f4-516b572b2f9d,1697663964064611111
6a69421f-e399-4db8-897a-d8ef21b5e0a7,707b6ccf-c9d9-4c1d-97f4-516b572b2f9d,1697663964095022222
6a69421f-e399-4db8-897a-d8ef21b5e0a7,707b6ccf-c9d9-4c1d-97f4-516b572b2f9d,1697663964127122222
6a69421f-e399-4db8-897a-d8ef21b5e0a7,707b6ccf-c9d9-4c1d-97f4-516b572b2f9d,1697663964166588888
6a69421f-e399-4db8-897a-d8ef21b5e0a7,707b6ccf-c9d9-4c1d-97f4-516b572b2f9d,1697663964196466666
6a69421f-e399-4db8-897a-d8ef21b5e0a7,707b6ccf-c9d9-4c1d-97f4-516b572b2f9d,1697663964229311111
6a69421f-e399-4db8-897a-d8ef21b5e0a7,707b6ccf-c9d9-4c1d-97f4-516b572b2f9d,1697663964266088888
6a69421f-e399-4db8-897a-d8ef21b5e0a7,707b6ccf-c9d9-4c1d-97f4-516b572b2f9d,1697663964295733333
6a69421f-e399-4db8-897a-d8ef21b5e0a7,707b6ccf-c9d9-4c1d-97f4-516b572b2f9d,1697663964326411111
6a69421f-e399-4db8-897a-d8ef21b5e0a7,707b6ccf-c9d9-4c1d-97f4-516b572b2f9d,1697663964363833333
6a69421f-e399-4db8-897a-d8ef21b5e0a7,707b6ccf-c9d9-4c1d-97f4-516b572b2f9d,1697663964394100000
6a69421f-e399-4db8-897a-d8ef21b5e0a7,707b6ccf-c9d9-4c1d-97f4-516b572b2f9d,1697663964425833333
6a69421f-e399-4db8-897a-d8ef21b5e0a7,707b6ccf-c9d9-4c1d-97f4-516b572b2f9d,1697663964466944444
6a69421f-e399-4db8-897a-d8ef21b5e0a7,707b6ccf-c9d9-4c1d-97f4-516b572b2f9d,1697663964495288888
6a69421f-e399-4db8-897a-d8ef21b5e0a7,707b6ccf-c9d9-4c1d-97f4-516b572b2f9d,1697663964540966666
6a69421f-e399-4db8-897a-d8ef21b5e0a7,707b6ccf-c9d9-4c1d-97f4-516b572b2f9d,1697663964557255555
6a69421f-e399-4db8-897a-d8ef21b5e0a7,707b6ccf-c9d9-4c1d-97f4-516b572b2f9d,1697663964594911111
6a69421f-e399-4db8-897a-d8ef21b5e0a7,707b6ccf-c9d9-4c1d-97f4-516b572b2f9d,1697663964620966666
6a69421f-e399-4db8-897a-d8ef21b5e0a7,707b6ccf-c9d9-4c1d-97f4-516b572b2f9d,1697663964668822222
6a69421f-e399-4db8-897a-d8ef21b5e0a7,707b6ccf-c9d9-4c1d-97f4-516b572b2f9d,1697663964686122222
6a69421f-e399-4db8-897a-d8ef21b5e0a7,707b6ccf-c9d9-4c1d-97f4-516b572b2f9d,1697663964729822222
6a69421f-e399-4db8-897a-d8ef21b5e0a7,707b6ccf-c9d9-4c1d-97f4-516b572b2f9d,1697663964765711111
6a69421f-e399-4db8-897a-d8ef21b5e0a7,707b6ccf-c9d9-4c1d-97f4-516b572b2f9d,1697663964794744444
6a69421f-e399-4db8-897a-d8ef21b5e0a7,707b6ccf-c9d9-4c1d-97f4-516b572b2f9d,1697663964830533333
6a69421f-e399-4db8-897a-d8ef21b5e0a7,707b6ccf-c9d9-4c1d-97f4-516b572b2f9d,1697663964862111111
6a69421f-e399-4db8-897a-d8ef21b5e0a7,707b6ccf-c9d9-4c1d-97f4-516b572b2f9d,1697663964894355555
6a69421f-e399-4db8-897a-d8ef21b5e0a7,707b6ccf-c9d9-4c1d-97f4-516b572b2f9d,1697663964930766666
6a69421f-e399-4db8-897a-d8ef21b5e0a7,707b6ccf-c9d9-4c1d-97f4-516b572b2f9d,1697663964961366666
6a69421f-e399-4db8-897a-d8ef21b5e0a7,707b6ccf-c9d9-4c1d-97f4-516b572b2f9d,1697663964993633333
6a69421f-e399-4db8-897a-d8ef21b5e0a7,707b6ccf-c9d9-4c1d-97f4-516b572b2f9d,1697663965028277777
6a69421f-e399-4db8-897a-d8ef21b5e0a7,707b6ccf-c9d9-4c1d-97f4-516b572b2f9d,1697663965066666666
6a69421f-e399-4db8-897a-d8ef21b5e0a7,707b6ccf-c9d9-4c1d-97f4-516b572b2f9d,1697663965095600000
6a69421f-e399-4db8-897a-d8ef21b5e0a7,707b6ccf-c9d9-4c1d-97f4-516b572b2f9d,1697663965133922222
6a69421f-e399-4db8-897a-d8ef21b5e0a7,707b6ccf-c9d9-4c1d-97f4-516b572b2f9d,1697663965163633333
6a69421f-e399-4db8-897a-d8ef21b5e0a7,707b6ccf-c9d9-4c1d-97f4-516b572b2f9d,1697663965190177777
6a69421f-e399-4db8-897a-d8ef21b5e0a7,707b6ccf-c9d9-4c1d-97f4-516b572b2f9d,1697663965224677777
6a69421f-e399-4db8-897a-d8ef21b5e0a7,707b6ccf-c9d9-4c1d-97f4-516b572b2f9d,1697663965263266666
6a69421f-e399-4db8-897a-d8ef21b5e0a7,707b6ccf-c9d9-4c1d-97f4-516b572b2f9d,1697663965286322222
6a69421f-e399-4db8-897a-d8ef21b5e0a7,707b6ccf-c9d9-4c1d-97f4-516b572b2f9d,1697663965318277777
6a69421f-e399-4db8-897a-d8ef21b5e0a7,707b6ccf-c9d9-4c1d-97f4-516b572b2f9d,1697663965362722222
6a69421f-e399-4db8-897a-d8ef21b5e0a7,707b6ccf-c9d9-4c1d-97f4-516b572b2f9d,1697663965394688888
6a69421f-e399-4db8-897a-d8ef21b5e0a7,707b6ccf-c9d9-4c1d-97f4-516b572b2f9d,1697663965426966666
6a69421f-e399-4db8-897a-d8ef21b5e0a7,707b6ccf-c9d9-4c1d-97f4-516b572b2f9d,1697663965464455555
6a69421f-e399-4db8-897a-d8ef21b5e0a7,707b6ccf-c9d9-4c1d-97f4-516b572b2f9d,1697663965495555555
6a69421f-e399-4db8-897a-d8ef21b5e0a7,707b6ccf-c9d9-4c1d-97f4-516b572b2f9d,1697663965529166666
6a69421f-e399-4db8-897a-d8ef21b5e0a7,707b6ccf-c9d9-4c1d-97f4-516b572b2f9d,1697663965565966666
6a69421f-e399-4db8-897a-d8ef21b5e0a7,707b6ccf-c9d9-4c1d-97f4-516b572b2f9d,1697663965596077777
6a69421f-e399-4db8-897a-d8ef21b5e0a7,707b6ccf-c9d9-4c1d-97f4-516b572b2f9d,1697663965624966666
6a69421f-e399-4db8-897a-d8ef21b5e0a7,707b6ccf-c9d9-4c1d-97f4-516b572b2f9d,1697663965666877777
6a69421f-e399-4db8-897a-d8ef21b5e0a7,707b6ccf-c9d9-4c1d-97f4-516b572b2f9d,1697663965696300000
6a69421f-e399-4db8-897a-d8ef21b5e0a7,707b6ccf-c9d9-4c1d-97f4-516b572b2f9d,1697663965728977777
6a69421f-e399-4db8-897a-d8ef21b5e0a7,707b6ccf-c9d9-4c1d-97f4-516b572b2f9d,1697663965768666666
6a69421f-e399-4db8-897a-d8ef21b5e0a7,707b6ccf-c9d9-4c1d-97f4-516b572b2f9d,1697663965797055555
6a69421f-e399-4db8-897a-d8ef21b5e0a7,707b6ccf-c9d9-4c1d-97f4-516b572b2f9d,1697663965829722222
6a69421f-e399-4db8-897a-d8ef21b5e0a7,707b6ccf-c9d9-4c1d-97f4-516b572b2f9d,1697663965869066666
6a69421f-e399-4db8-897a-d8ef21b5e0a7,707b6ccf-c9d9-4c1d-97f4-516b572b2f9d,1697663965895022222
6a69421f-e399-4db8-897a-d8ef21b5e0a7,707b6ccf-c9d9-4c1d-97f4-516b572b2f9d,1697663965921011111
6a69421f-e399-4db8-897a-d8ef21b5e0a7,707b6ccf-c9d9-4c1d-97f4-516b572b2f9d,1697663965952311111
6a69421f-e399-4db8-897a-d8ef21b5e0a7,707b6ccf-c9d9-4c1d-97f4-516b572b2f9d,1697663965984522222
6a69421f-e399-4db8-897a-d8ef21b5e0a7,707b6ccf-c9d9-4c1d-97f4-516b572b2f9d,1697663966026211111
6a69421f-e399-4db8-897a-d8ef21b5e0a7,707b6ccf-c9d9-4c1d-97f4-516b572b2f9d,1697663966062600000
6a69421f-e399-4db8-897a-d8ef21b5e0a7,707b6ccf-c9d9-4c1d-97f4-516b572b2f9d,1697663966091066666
6a69421f-e399-4db8-897a-d8ef21b5e0a7,707b6ccf-c9d9-4c1d-97f4-516b572b2f9d,1697663966128722222
6a69421f-e399-4db8-897a-d8ef21b5e0a7,707b6ccf-c9d9-4c1d-97f4-516b572b2f9d,1697663966159122222
6a69421f-e399-4db8-897a-d8ef21b5e0a7,707b6ccf-c9d9-4c1d-97f4-516b572b2f9d,1697663966195966666
6a69421f-e399-4db8-897a-d8ef21b5e0a7,707b6ccf-c9d9-4c1d-97f4-516b572b2f9d,1697663966228122222
6a69421f-e399-4db8-897a-d8ef21b5e0a7,707b6ccf-c9d9-4c1d-97f4-516b572b2f9d,1697663966258500000
6a69421f-e399-4db8-897a-d8ef21b5e0a7,707b6ccf-c9d9-4c1d-97f4-516b572b2f9d,1697663966297488888
6a69421f-e399-4db8-897a-d8ef21b5e0a7,707b6ccf-c9d9-4c1d-97f4-516b572b2f9d,1697663966325622222
6a69421f-e399-4db8-897a-d8ef21b5e0a7,707b6ccf-c9d9-4c1d-97f4-516b572b2f9d,1697663966363444444
6a69421f-e399-4db8-897a-d8ef21b5e0a7,707b6ccf-c9d9-4c1d-97f4-516b572b2f9d,1697663966392422222
6a69421f-e399-4db8-897a-d8ef21b5e0a7,707b6ccf-c9d9-4c1d-97f4-516b572b2f9d,1697663966431088888
6a69421f-e399-4db8-897a-d8ef21b5e0a7,707b6ccf-c9d9-4c1d-97f4-516b572b2f9d,1697663966462522222
6a69421f-e399-4db8-897a-d8ef21b5e0a7,707b6ccf-c9d9-4c1d-97f4-516b572b2f9d,1697663966494911111
6a69421f-e399-4db8-897a-d8ef21b5e0a7,707b6ccf-c9d9-4c1d-97f4-516b572b2f9d,1697663966548633333
6a69421f-e399-4db8-897a-d8ef21b5e0a7,707b6ccf-c9d9-4c1d-97f4-516b572b2f9d,1697663966559244444
6a69421f-e399-4db8-897a-d8ef21b5e0a7,707b6ccf-c9d9-4c1d-97f4-516b572b2f9d,1697663966590244444
6a69421f-e399-4db8-897a-d8ef21b5e0a7,707b6ccf-c9d9-4c1d-97f4-516b572b2f9d,1697663966621733333
6a69421f-e399-4db8-897a-d8ef21b5e0a7,707b6ccf-c9d9-4c1d-97f4-516b572b2f9d,1697663966652400000
6a69421f-e399-4db8-897a-d8ef21b5e0a7,707b6ccf-c9d9-4c1d-97f4-516b572b2f9d,1697663966693466666
6a69421f-e399-4db8-897a-d8ef21b5e0a7,707b6ccf-c9d9-4c1d-97f4-516b572b2f9d,1697663966727488888
6a69421f-e399-4db8-897a-d8ef21b5e0a7,707b6ccf-c9d9-4c1d-97f4-516b572b2f9d,1697663966757733333
6a69421f-e399-4db8-897a-d8ef21b5e0a7,707b6ccf-c9d9-4c1d-97f4-516b572b2f9d,1697663966800511111
6a69421f-e399-4db8-897a-d8ef21b5e0a7,707b6ccf-c9d9-4c1d-97f4-516b572b2f9d,1697663966826166666
6a69421f-e399-4db8-897a-d8ef21b5e0a7,707b6ccf-c9d9-4c1d-97f4-516b572b2f9d,1697663966857022222
6a69421f-e399-4db8-897a-d8ef21b5e0a7,707b6ccf-c9d9-4c1d-97f4-516b572b2f9d,1697663966895300000
6a69421f-e399-4db8-897a-d8ef21b5e0a7,707b6ccf-c9d9-4c1d-97f4-516b572b2f9d,1697663966927544444
6a69421f-e399-4db8-897a-d8ef21b5e0a7,707b6ccf-c9d9-4c1d-97f4-516b572b2f9d,1697663966959466666
6a69421f-e399-4db8-897a-d8ef21b5e0a7,707b6ccf-c9d9-4c1d-97f4-516b572b2f9d,1697663966998988888
6a69421f-e399-4db8-897a-d8ef21b5e0a7,707b6ccf-c9d9-4c1d-97f4-516b572b2f9d,1697663967026088888
6a69421f-e399-4db8-897a-d8ef21b5e0a7,707b6ccf-c9d9-4c1d-97f4-516b572b2f9d,1697663967061933333
6a69421f-e399-4db8-897a-d8ef21b5e0a7,707b6ccf-c9d9-4c1d-97f4-516b572b2f9d,1697663967096200000
6a69421f-e399-4db8-897a-d8ef21b5e0a7,707b6ccf-c9d9-4c1d-97f4-516b572b2f9d,1697663967130788888
6a69421f-e399-4db8-897a-d8ef21b5e0a7,707b6ccf-c9d9-4c1d-97f4-516b572b2f9d,1697663967157000000
6a69421f-e399-4db8-897a-d8ef21b5e0a7,707b6ccf-c9d9-4c1d-97f4-516b572b2f9d,1697663967211355555
6a69421f-e399-4db8-897a-d8ef21b5e0a7,707b6ccf-c9d9-4c1d-97f4-516b572b2f9d,1697663967218533333
6a69421f-e399-4db8-897a-d8ef21b5e0a7,707b6ccf-c9d9-4c1d-97f4-516b572b2f9d,1697663967251722222
6a69421f-e399-4db8-897a-d8ef21b5e0a7,707b6ccf-c9d9-4c1d-97f4-516b572b2f9d,1697663967292977777
6a69421f-e399-4db8-897a-d8ef21b5e0a7,707b6ccf-c9d9-4c1d-97f4-516b572b2f9d,1697663967320288888
6a69421f-e399-4db8-897a-d8ef21b5e0a7,707b6ccf-c9d9-4c1d-97f4-516b572b2f9d,1697663967349722222
6a69421f-e399-4db8-897a-d8ef21b5e0a7,707b6ccf-c9d9-4c1d-97f4-516b572b2f9d,1697663967397000000
6a69421f-e399-4db8-897a-d8ef21b5e0a7,707b6ccf-c9d9-4c1d-97f4-516b572b2f9d,1697663967425544444
6a69421f-e399-4db8-897a-d8ef21b5e0a7,707b6ccf-c9d9-4c1d-97f4-516b572b2f9d,1697663967457844444
6a69421f-e399-4db8-897a-d8ef21b5e0a7,707b6ccf-c9d9-4c1d-97f4-516b572b2f9d,1697663967496044444
6a69421f-e399-4db8-897a-d8ef21b5e0a7,707b6ccf-c9d9-4c1d-97f4-516b572b2f9d,1697663967524600000
6a69421f-e399-4db8-897a-d8ef21b5e0a7,707b6ccf-c9d9-4c1d-97f4-516b572b2f9d,1697663967558366666
6a69421f-e399-4db8-897a-d8ef21b5e0a7,707b6ccf-c9d9-4c1d-97f4-516b572b2f9d,1697663967595688888
6a69421f-e399-4db8-897a-d8ef21b5e0a7,707b6ccf-c9d9-4c1d-97f4-516b572b2f9d,1697663967628944444
6a69421f-e399-4db8-897a-d8ef21b5e0a7,707b6ccf-c9d9-4c1d-97f4-516b572b2f9d,1697663967660155555
6a69421f-e399-4db8-897a-d8ef21b5e0a7,707b6ccf-c9d9-4c1d-97f4-516b572b2f9d,1697663967697400000
6a69421f-e399-4db8-897a-d8ef21b5e0a7,707b6ccf-c9d9-4c1d-97f4-516b572b2f9d,1697663967729700000
6a69421f-e399-4db8-897a-d8ef21b5e0a7,707b6ccf-c9d9-4c1d-97f4-516b572b2f9d,1697663967758477777
6a69421f-e399-4db8-897a-d8ef21b5e0a7,707b6ccf-c9d9-4c1d-97f4-516b572b2f9d,1697663967794011111
6a69421f-e399-4db8-897a-d8ef21b5e0a7,707b6ccf-c9d9-4c1d-97f4-516b572b2f9d,1697663967824644444
6a69421f-e399-4db8-897a-d8ef21b5e0a7,707b6ccf-c9d9-4c1d-97f4-516b572b2f9d,1697663967859544444
6a69421f-e399-4db8-897a-d8ef21b5e0a7,707b6ccf-c9d9-4c1d-97f4-516b572b2f9d,1697663967889744444
6a69421f-e399-4db8-897a-d8ef21b5e0a7,707b6ccf-c9d9-4c1d-97f4-516b572b2f9d,1697663967932388888
6a69421f-e399-4db8-897a-d8ef21b5e0a7,707b6ccf-c9d9-4c1d-97f4-516b572b2f9d,1697663967959077777
6a69421f-e399-4db8-897a-d8ef21b5e0a7,707b6ccf-c9d9-4c1d-97f4-516b572b2f9d,1697663968000388888
6a69421f-e399-4db8-897a-d8ef21b5e0a7,707b6ccf-c9d9-4c1d-97f4-516b572b2f9d,1697663968017077777
6a69421f-e399-4db8-897a-d8ef21b5e0a7,707b6ccf-c9d9-4c1d-97f4-516b572b2f9d,1697663968062011111
6a69421f-e399-4db8-897a-d8ef21b5e0a7,707b6ccf-c9d9-4c1d-97f4-516b572b2f9d,1697663968091344444
6a69421f-e399-4db8-897a-d8ef21b5e0a7,707b6ccf-c9d9-4c1d-97f4-516b572b2f9d,1697663968127211111
6a69421f-e399-4db8-897a-d8ef21b5e0a7,707b6ccf-c9d9-4c1d-97f4-516b572b2f9d,1697663968162577777
6a69421f-e399-4db8-897a-d8ef21b5e0a7,707b6ccf-c9d9-4c1d-97f4-516b572b2f9d,1697663968196588888
6a69421f-e399-4db8-897a-d8ef21b5e0a7,707b6ccf-c9d9-4c1d-97f4-516b572b2f9d,1697663968228544444
6a69421f-e399-4db8-897a-d8ef21b5e0a7,707b6ccf-c9d9-4c1d-97f4-516b572b2f9d,1697663968259533333
6a69421f-e399-4db8-897a-d8ef21b5e0a7,707b6ccf-c9d9-4c1d-97f4-516b572b2f9d,1697663968294111111
6a69421f-e399-4db8-897a-d8ef21b5e0a7,707b6ccf-c9d9-4c1d-97f4-516b572b2f9d,1697663968324688888
6a69421f-e399-4db8-897a-d8ef21b5e0a7,707b6ccf-c9d9-4c1d-97f4-516b572b2f9d,1697663968359033333
6a69421f-e399-4db8-897a-d8ef21b5e0a7,707b6ccf-c9d9-4c1d-97f4-516b572b2f9d,1697663968394344444
6a69421f-e399-4db8-897a-d8ef21b5e0a7,707b6ccf-c9d9-4c1d-97f4-516b572b2f9d,1697663968430500000
6a69421f-e399-4db8-897a-d8ef21b5e0a7,707b6ccf-c9d9-4c1d-97f4-516b572b2f9d,1697663968457933333
6a69421f-e399-4db8-897a-d8ef21b5e0a7,707b6ccf-c9d9-4c1d-97f4-516b572b2f9d,1697663968494444444
6a69421f-e399-4db8-897a-d8ef21b5e0a7,707b6ccf-c9d9-4c1d-97f4-516b572b2f9d,1697663968530711111
6a69421f-e399-4db8-897a-d8ef21b5e0a7,707b6ccf-c9d9-4c1d-97f4-516b572b2f9d,1697663968553822222
6a69421f-e399-4db8-897a-d8ef21b5e0a7,707b6ccf-c9d9-4c1d-97f4-516b572b2f9d,1697663968588200000
6a69421f-e399-4db8-897a-d8ef21b5e0a7,707b6ccf-c9d9-4c1d-97f4-516b572b2f9d,1697663968618733333
6a69421f-e399-4db8-897a-d8ef21b5e0a7,707b6ccf-c9d9-4c1d-97f4-516b572b2f9d,1697663968651777777
6a69421f-e399-4db8-897a-d8ef21b5e0a7,707b6ccf-c9d9-4c1d-97f4-516b572b2f9d,1697663968686433333
6a69421f-e399-4db8-897a-d8ef21b5e0a7,707b6ccf-c9d9-4c1d-97f4-516b572b2f9d,1697663968726322222
6a69421f-e399-4db8-897a-d8ef21b5e0a7,707b6ccf-c9d9-4c1d-97f4-516b572b2f9d,1697663968756922222
6a69421f-e399-4db8-897a-d8ef21b5e0a7,707b6ccf-c9d9-4c1d-97f4-516b572b2f9d,1697663968793911111
6a69421f-e399-4db8-897a-d8ef21b5e0a7,707b6ccf-c9d9-4c1d-97f4-516b572b2f9d,1697663968826566666
6a69421f-e399-4db8-897a-d8ef21b5e0a7,707b6ccf-c9d9-4c1d-97f4-516b572b2f9d,1697663968856755555
6a69421f-e399-4db8-897a-d8ef21b5e0a7,707b6ccf-c9d9-4c1d-97f4-516b572b2f9d,1697663968894433333
6a69421f-e399-4db8-897a-d8ef21b5e0a7,707b6ccf-c9d9-4c1d-97f4-516b572b2f9d,1697663968924577777
6a69421f-e399-4db8-897a-d8ef21b5e0a7,707b6ccf-c9d9-4c1d-97f4-516b572b2f9d,1697663968955244444
6a69421f-e399-4db8-897a-d8ef21b5e0a7,707b6ccf-c9d9-4c1d-97f4-516b572b2f9d,1697663968994888888
6a69421f-e399-4db8-897a-d8ef21b5e0a7,707b6ccf-c9d9-4c1d-97f4-516b572b2f9d,1697663969024166666
6a69421f-e399-4db8-897a-d8ef21b5e0a7,707b6ccf-c9d9-4c1d-97f4-516b572b2f9d,1697663969060544444
6a69421f-e399-4db8-897a-d8ef21b5e0a7,707b6ccf-c9d9-4c1d-97f4-516b572b2f9d,1697663969094322222
6a69421f-e399-4db8-897a-d8ef21b5e0a7,707b6ccf-c9d9-4c1d-97f4-516b572b2f9d,1697663969127700000
6a69421f-e399-4db8-897a-d8ef21b5e0a7,707b6ccf-c9d9-4c1d-97f4-516b572b2f9d,1697663969158700000
6a69421f-e399-4db8-897a-d8ef21b5e0a7,707b6ccf-c9d9-4c1d-97f4-516b572b2f9d,1697663969183122222
6a69421f-e399-4db8-897a-d8ef21b5e0a7,707b6ccf-c9d9-4c1d-97f4-516b572b2f9d,1697663969236655555
6a69421f-e399-4db8-897a-d8ef21b5e0a7,707b6ccf-c9d9-4c1d-97f4-516b572b2f9d,1697663969253288888
6a69421f-e399-4db8-897a-d8ef21b5e0a7,707b6ccf-c9d9-4c1d-97f4-516b572b2f9d,1697663969283700000
6a69421f-e399-4db8-897a-d8ef21b5e0a7,707b6ccf-c9d9-4c1d-97f4-516b572b2f9d,1697663969324666666
6a69421f-e399-4db8-897a-d8ef21b5e0a7,707b6ccf-c9d9-4c1d-97f4-516b572b2f9d,1697663969359188888
6a69421f-e399-4db8-897a-d8ef21b5e0a7,707b6ccf-c9d9-4c1d-97f4-516b572b2f9d,1697663969389188888
6a69421f-e399-4db8-897a-d8ef21b5e0a7,707b6ccf-c9d9-4c1d-97f4-516b572b2f9d,1697663969427611111
6a69421f-e399-4db8-897a-d8ef21b5e0a7,707b6ccf-c9d9-4c1d-97f4-516b572b2f9d,1697663969458000000
6a69421f-e399-4db8-897a-d8ef21b5e0a7,707b6ccf-c9d9-4c1d-97f4-516b572b2f9d,1697663969490955555
6a69421f-e399-4db8-897a-d8ef21b5e0a7,707b6ccf-c9d9-4c1d-97f4-516b572b2f9d,1697663969525544444
6a69421f-e399-4db8-897a-d8ef21b5e0a7,707b6ccf-c9d9-4c1d-97f4-516b572b2f9d,1697663969556411111
6a69421f-e399-4db8-897a-d8ef21b5e0a7,707b6ccf-c9d9-4c1d-97f4-516b572b2f9d,1697663969595733333
6a69421f-e399-4db8-897a-d8ef21b5e0a7,707b6ccf-c9d9-4c1d-97f4-516b572b2f9d,1697663969629700000
6a69421f-e399-4db8-897a-d8ef21b5e0a7,707b6ccf-c9d9-4c1d-97f4-516b572b2f9d,1697663969659266666
6a69421f-e399-4db8-897a-d8ef21b5e0a7,707b6ccf-c9d9-4c1d-97f4-516b572b2f9d,1697663969689788888
6a69421f-e399-4db8-897a-d8ef21b5e0a7,707b6ccf-c9d9-4c1d-97f4-516b572b2f9d,1697663969727755555
6a69421f-e399-4db8-897a-d8ef21b5e0a7,707b6ccf-c9d9-4c1d-97f4-516b572b2f9d,1697663969762288888
6a69421f-e399-4db8-897a-d8ef21b5e0a7,707b6ccf-c9d9-4c1d-97f4-516b572b2f9d,1697663969791088888
6a69421f-e399-4db8-897a-d8ef21b5e0a7,707b6ccf-c9d9-4c1d-97f4-516b572b2f9d,1697663969825566666
6a69421f-e399-4db8-897a-d8ef21b5e0a7,707b6ccf-c9d9-4c1d-97f4-516b572b2f9d,1697663969861100000
6a69421f-e399-4db8-897a-d8ef21b5e0a7,707b6ccf-c9d9-4c1d-97f4-516b572b2f9d,1697663969882400000
6a69421f-e399-4db8-897a-d8ef21b5e0a7,707b6ccf-c9d9-4c1d-97f4-516b572b2f9d,1697663969922944444
6a69421f-e399-4db8-897a-d8ef21b5e0a7,707b6ccf-c9d9-4c1d-97f4-516b572b2f9d,1697663969953633333
6a69421f-e399-4db8-897a-d8ef21b5e0a7,707b6ccf-c9d9-4c1d-97f4-516b572b2f9d,1697663969988966666
6a69421f-e399-4db8-897a-d8ef21b5e0a7,707b6ccf-c9d9-4c1d-97f4-516b572b2f9d,1697663970025788888
6a69421f-e399-4db8-897a-d8ef21b5e0a7,707b6ccf-c9d9-4c1d-97f4-516b572b2f9d,1697663970058044444
6a69421f-e399-4db8-897a-d8ef21b5e0a7,707b6ccf-c9d9-4c1d-97f4-516b572b2f9d,1697663970090288888
6a69421f-e399-4db8-897a-d8ef21b5e0a7,707b6ccf-c9d9-4c1d-97f4-516b572b2f9d,1697663970126722222
6a69421f-e399-4db8-897a-d8ef21b5e0a7,707b6ccf-c9d9-4c1d-97f4-516b572b2f9d,1697663970161544444
6a69421f-e399-4db8-897a-d8ef21b5e0a7,707b6ccf-c9d9-4c1d-97f4-516b572b2f9d,1697663970183655555
6a69421f-e399-4db8-897a-d8ef21b5e0a7,707b6ccf-c9d9-4c1d-97f4-516b572b2f9d,1697663970228333333
6a69421f-e399-4db8-897a-d8ef21b5e0a7,707b6ccf-c9d9-4c1d-97f4-516b572b2f9d,1697663970260411111
6a69421f-e399-4db8-897a-d8ef21b5e0a7,707b6ccf-c9d9-4c1d-97f4-516b572b2f9d,1697663970289077777
6a69421f-e399-4db8-897a-d8ef21b5e0a7,707b6ccf-c9d9-4c1d-97f4-516b572b2f9d,1697663970328133333
6a69421f-e399-4db8-897a-d8ef21b5e0a7,707b6ccf-c9d9-4c1d-97f4-516b572b2f9d,1697663970361811111
6a69421f-e399-4db8-897a-d8ef21b5e0a7,707b6ccf-c9d9-4c1d-97f4-516b572b2f9d,1697663970391644444
6a69421f-e399-4db8-897a-d8ef21b5e0a7,707b6ccf-c9d9-4c1d-97f4-516b572b2f9d,1697663970429722222
6a69421f-e399-4db8-897a-d8ef21b5e0a7,707b6ccf-c9d9-4c1d-97f4-516b572b2f9d,1697663970461266666
6a69421f-e399-4db8-897a-d8ef21b5e0a7,707b6ccf-c9d9-4c1d-97f4-516b572b2f9d,1697663970489466666
6a69421f-e399-4db8-897a-d8ef21b5e0a7,707b6ccf-c9d9-4c1d-97f4-516b572b2f9d,1697663970541233333
6a69421f-e399-4db8-897a-d8ef21b5e0a7,707b6ccf-c9d9-4c1d-97f4-516b572b2f9d,1697663970556933333
6a69421f-e399-4db8-897a-d8ef21b5e0a7,707b6ccf-c9d9-4c1d-97f4-516b572b2f9d,1697663970599733333
6a69421f-e399-4db8-897a-d8ef21b5e0a7,707b6ccf-c9d9-4c1d-97f4-516b572b2f9d,1697663970618955555
6a69421f-e399-4db8-897a-d8ef21b5e0a7,707b6ccf-c9d9-4c1d-97f4-516b572b2f9d,1697663970662866666
6a69421f-e399-4db8-897a-d8ef21b5e0a7,707b6ccf-c9d9-4c1d-97f4-516b572b2f9d,1697663970681277777
6a69421f-e399-4db8-897a-d8ef21b5e0a7,707b6ccf-c9d9-4c1d-97f4-516b572b2f9d,1697663970728600000
6a69421f-e399-4db8-897a-d8ef21b5e0a7,707b6ccf-c9d9-4c1d-97f4-516b572b2f9d,1697663970759133333
6a69421f-e399-4db8-897a-d8ef21b5e0a7,707b6ccf-c9d9-4c1d-97f4-516b572b2f9d,1697663970789755555
6a69421f-e399-4db8-897a-d8ef21b5e0a7,707b6ccf-c9d9-4c1d-97f4-516b572b2f9d,1697663970828022222
6a69421f-e399-4db8-897a-d8ef21b5e0a7,707b6ccf-c9d9-4c1d-97f4-516b572b2f9d,1697663970857566666
6a69421f-e399-4db8-897a-d8ef21b5e0a7,707b6ccf-c9d9-4c1d-97f4-516b572b2f9d,1697663970895788888
6a69421f-e399-4db8-897a-d8ef21b5e0a7,707b6ccf-c9d9-4c1d-97f4-516b572b2f9d,1697663970927666666
6a69421f-e399-4db8-897a-d8ef21b5e0a7,707b6ccf-c9d9-4c1d-97f4-516b572b2f9d,1697663970958022222
6a69421f-e399-4db8-897a-d8ef21b5e0a7,707b6ccf-c9d9-4c1d-97f4-516b572b2f9d,1697663970990288888
6a69421f-e399-4db8-897a-d8ef21b5e0a7,707b6ccf-c9d9-4c1d-97f4-516b572b2f9d,1697663971026688888
6a69421f-e399-4db8-897a-d8ef21b5e0a7,707b6ccf-c9d9-4c1d-97f4-516b572b2f9d,1697663971060577777
6a69421f-e399-4db8-897a-d8ef21b5e0a7,707b6ccf-c9d9-4c1d-97f4-516b572b2f9d,1697663971090744444
6a69421f-e399-4db8-897a-d8ef21b5e0a7,707b6ccf-c9d9-4c1d-97f4-516b572b2f9d,1697663971127411111
6a69421f-e399-4db8-897a-d8ef21b5e0a7,707b6ccf-c9d9-4c1d-97f4-516b572b2f9d,1697663971171500000
6a69421f-e399-4db8-897a-d8ef21b5e0a7,707b6ccf-c9d9-4c1d-97f4-516b572b2f9d,1697663971191644444
6a69421f-e399-4db8-897a-d8ef21b5e0a7,707b6ccf-c9d9-4c1d-97f4-516b572b2f9d,1697663971219366666
6a69421f-e399-4db8-897a-d8ef21b5e0a7,707b6ccf-c9d9-4c1d-97f4-516b572b2f9d,1697663971249900000
6a69421f-e399-4db8-897a-d8ef21b5e0a7,707b6ccf-c9d9-4c1d-97f4-516b572b2f9d,1697663971290688888
6a69421f-e399-4db8-897a-d8ef21b5e0a7,707b6ccf-c9d9-4c1d-97f4-516b572b2f9d,1697663971317255555
6a69421f-e399-4db8-897a-d8ef21b5e0a7,707b6ccf-c9d9-4c1d-97f4-516b572b2f9d,1697663971359100000
6a69421f-e399-4db8-897a-d8ef21b5e0a7,707b6ccf-c9d9-4c1d-97f4-516b572b2f9d,1697663971390400000
6a69421f-e399-4db8-897a-d8ef21b5e0a7,707b6ccf-c9d9-4c1d-97f4-516b572b2f9d,1697663971431277777
6a69421f-e399-4db8-897a-d8ef21b5e0a7,707b6ccf-c9d9-4c1d-97f4-516b572b2f9d,1697663971458255555
6a69421f-e399-4db8-897a-d8ef21b5e0a7,707b6ccf-c9d9-4c1d-97f4-516b572b2f9d,1697663971495233333
6a69421f-e399-4db8-897a-d8ef21b5e0a7,707b6ccf-c9d9-4c1d-97f4-516b572b2f9d,1697663971528500000
6a69421f-e399-4db8-897a-d8ef21b5e0a7,707b6ccf-c9d9-4c1d-97f4-516b572b2f9d,1697663971558433333
6a69421f-e399-4db8-897a-d8ef21b5e0a7,707b6ccf-c9d9-4c1d-97f4-516b572b2f9d,1697663971591177777
6a69421f-e399-4db8-897a-d8ef21b5e0a7,707b6ccf-c9d9-4c1d-97f4-516b572b2f9d,1697663971626355555
6a69421f-e399-4db8-897a-d8ef21b5e0a7,707b6ccf-c9d9-4c1d-97f4-516b572b2f9d,1697663971660111111
6a69421f-e399-4db8-897a-d8ef21b5e0a7,707b6ccf-c9d9-4c1d-97f4-516b572b2f9d,1697663971684500000
6a69421f-e399-4db8-897a-d8ef21b5e0a7,707b6ccf-c9d9-4c1d-97f4-516b572b2f9d,1697663971732944444
6a69421f-e399-4db8-897a-d8ef21b5e0a7,707b6ccf-c9d9-4c1d-97f4-516b572b2f9d,1697663971758322222
6a69421f-e399-4db8-897a-d8ef21b5e0a7,707b6ccf-c9d9-4c1d-97f4-516b572b2f9d,1697663971788222222
6a69421f-e399-4db8-897a-d8ef21b5e0a7,707b6ccf-c9d9-4c1d-97f4-516b572b2f9d,1697663971827111111
6a69421f-e399-4db8-897a-d8ef21b5e0a7,707b6ccf-c9d9-4c1d-97f4-516b572b2f9d,1697663971869700000
6a69421f-e399-4db8-897a-d8ef21b5e0a7,707b6ccf-c9d9-4c1d-97f4-516b572b2f9d,1697663971881566666
6a69421f-e399-4db8-897a-d8ef21b5e0a7,707b6ccf-c9d9-4c1d-97f4-516b572b2f9d,1697663971922511111
6a69421f-e399-4db8-897a-d8ef21b5e0a7,707b6ccf-c9d9-4c1d-97f4-516b572b2f9d,1697663971952322222
6a69421f-e399-4db8-897a-d8ef21b5e0a7,707b6ccf-c9d9-4c1d-97f4-516b572b2f9d,1697663971983588888
6a69421f-e399-4db8-897a-d8ef21b5e0a7,707b6ccf-c9d9-4c1d-97f4-516b572b2f9d,1697663972024433333
6a69421f-e399-4db8-897a-d8ef21b5e0a7,707b6ccf-c9d9-4c1d-97f4-516b572b2f9d,1697663972060622222
6a69421f-e399-4db8-897a-d8ef21b5e0a7,707b6ccf-c9d9-4c1d-97f4-516b572b2f9d,1697663972083077777
6a69421f-e399-4db8-897a-d8ef21b5e0a7,707b6ccf-c9d9-4c1d-97f4-516b572b2f9d,1697663972129000000
6a69421f-e399-4db8-897a-d8ef21b5e0a7,707b6ccf-c9d9-4c1d-97f4-516b572b2f9d,1697663972164722222
6a69421f-e399-4db8-897a-d8ef21b5e0a7,707b6ccf-c9d9-4c1d-97f4-516b572b2f9d,1697663972192077777
6a69421f-e399-4db8-897a-d8ef21b5e0a7,707b6ccf-c9d9-4c1d-97f4-516b572b2f9d,1697663972225611111
6a69421f-e399-4db8-897a-d8ef21b5e0a7,707b6ccf-c9d9-4c1d-97f4-516b572b2f9d,1697663972257588888
6a69421f-e399-4db8-897a-d8ef21b5e0a7,707b6ccf-c9d9-4c1d-97f4-516b572b2f9d,1697663972290000000
6a69421f-e399-4db8-897a-d8ef21b5e0a7,707b6ccf-c9d9-4c1d-97f4-516b572b2f9d,1697663972328922222
6a69421f-e399-4db8-897a-d8ef21b5e0a7,707b6ccf-c9d9-4c1d-97f4-516b572b2f9d,1697663972361266666
6a69421f-e399-4db8-897a-d8ef21b5e0a7,707b6ccf-c9d9-4c1d-97f4-516b572b2f9d,1697663972389688888
6a69421f-e399-4db8-897a-d8ef21b5e0a7,707b6ccf-c9d9-4c1d-97f4-516b572b2f9d,1697663972421666666
6a69421f-e399-4db8-897a-d8ef21b5e0a7,707b6ccf-c9d9-4c1d-97f4-516b572b2f9d,1697663972457433333
6a69421f-e399-4db8-897a-d8ef21b5e0a7,707b6ccf-c9d9-4c1d-97f4-516b572b2f9d,1697663972488655555
6a69421f-e399-4db8-897a-d8ef21b5e0a7,707b6ccf-c9d9-4c1d-97f4-516b572b2f9d,1697663972523100000
6a69421f-e399-4db8-897a-d8ef21b5e0a7,707b6ccf-c9d9-4c1d-97f4-516b572b2f9d,1697663972550422222
6a69421f-e399-4db8-897a-d8ef21b5e0a7,707b6ccf-c9d9-4c1d-97f4-516b572b2f9d,1697663972593300000
6a69421f-e399-4db8-897a-d8ef21b5e0a7,707b6ccf-c9d9-4c1d-97f4-516b572b2f9d,1697663972614500000
6a69421f-e399-4db8-897a-d8ef21b5e0a7,707b6ccf-c9d9-4c1d-97f4-516b572b2f9d,1697663972671611111
6a69421f-e399-4db8-897a-d8ef21b5e0a7,707b6ccf-c9d9-4c1d-97f4-516b572b2f9d,1697663972679644444
6a69421f-e399-4db8-897a-d8ef21b5e0a7,707b6ccf-c9d9-4c1d-97f4-516b572b2f9d,1697663972714188888
6a69421f-e399-4db8-897a-d8ef21b5e0a7,707b6ccf-c9d9-4c1d-97f4-516b572b2f9d,1697663972759311111
6a69421f-e399-4db8-897a-d8ef21b5e0a7,707b6ccf-c9d9-4c1d-97f4-516b572b2f9d,1697663972790777777
6a69421f-e399-4db8-897a-d8ef21b5e0a7,707b6ccf-c9d9-4c1d-97f4-516b572b2f9d,1697663972821444444
6a69421f-e399-4db8-897a-d8ef21b5e0a7,707b6ccf-c9d9-4c1d-97f4-516b572b2f9d,1697663972858788888
6a69421f-e399-4db8-897a-d8ef21b5e0a7,707b6ccf-c9d9-4c1d-97f4-516b572b2f9d,1697663972889688888
6a69421f-e399-4db8-897a-d8ef21b5e0a7,707b6ccf-c9d9-4c1d-97f4-516b572b2f9d,1697663972921855555
6a69421f-e399-4db8-897a-d8ef21b5e0a7,707b6ccf-c9d9-4c1d-97f4-516b572b2f9d,1697663972959066666
6a69421f-e399-4db8-897a-d8ef21b5e0a7,707b6ccf-c9d9-4c1d-97f4-516b572b2f9d,1697663972998977777
6a69421f-e399-4db8-897a-d8ef21b5e0a7,707b6ccf-c9d9-4c1d-97f4-516b572b2f9d,1697663973041633333
6a69421f-e399-4db8-897a-d8ef21b5e0a7,707b6ccf-c9d9-4c1d-97f4-516b572b2f9d,1697663973083800000
6a69421f-e399-4db8-897a-d8ef21b5e0a7,707b6ccf-c9d9-4c1d-97f4-516b572b2f9d,1697663973108577777
6a69421f-e399-4db8-897a-d8ef21b5e0a7,707b6ccf-c9d9-4c1d-97f4-516b572b2f9d,1697663973145844444
6a69421f-e399-4db8-897a-d8ef21b5e0a7,707b6ccf-c9d9-4c1d-97f4-516b572b2f9d,1697663973186155555
6a69421f-e399-4db8-897a-d8ef21b5e0a7,707b6ccf-c9d9-4c1d-97f4-516b572b2f9d,1697663973203511111
6a69421f-e399-4db8-897a-d8ef21b5e0a7,707b6ccf-c9d9-4c1d-97f4-516b572b2f9d,1697663973235988888
6a69421f-e399-4db8-897a-d8ef21b5e0a7,707b6ccf-c9d9-4c1d-97f4-516b572b2f9d,1697663973272000000
6a69421f-e399-4db8-897a-d8ef21b5e0a7,707b6ccf-c9d9-4c1d-97f4-516b572b2f9d,1697663973303011111
6a69421f-e399-4db8-897a-d8ef21b5e0a7,707b6ccf-c9d9-4c1d-97f4-516b572b2f9d,1697663973333377777
6a69421f-e399-4db8-897a-d8ef21b5e0a7,707b6ccf-c9d9-4c1d-97f4-516b572b2f9d,1697663973380111111
6a69421f-e399-4db8-897a-d8ef21b5e0a7,707b6ccf-c9d9-4c1d-97f4-516b572b2f9d,1697663973401933333
6a69421f-e399-4db8-897a-d8ef21b5e0a7,707b6ccf-c9d9-4c1d-97f4-516b572b2f9d,1697663973449266666
6a69421f-e399-4db8-897a-d8ef21b5e0a7,707b6ccf-c9d9-4c1d-97f4-516b572b2f9d,1697663973479644444
6a69421f-e399-4db8-897a-d8ef21b5e0a7,707b6ccf-c9d9-4c1d-97f4-516b572b2f9d,1697663973509055555
6a69421f-e399-4db8-897a-d8ef21b5e0a7,707b6ccf-c9d9-4c1d-97f4-516b572b2f9d,1697663973542488888
6a69421f-e399-4db8-897a-d8ef21b5e0a7,707b6ccf-c9d9-4c1d-97f4-516b572b2f9d,1697663973581366666
6a69421f-e399-4db8-897a-d8ef21b5e0a7,707b6ccf-c9d9-4c1d-97f4-516b572b2f9d,1697663973609411111
6a69421f-e399-4db8-897a-d8ef21b5e0a7,707b6ccf-c9d9-4c1d-97f4-516b572b2f9d,1697663973640711111
6a69421f-e399-4db8-897a-d8ef21b5e0a7,707b6ccf-c9d9-4c1d-97f4-516b572b2f9d,1697663973676677777
6a69421f-e399-4db8-897a-d8ef21b5e0a7,707b6ccf-c9d9-4c1d-97f4-516b572b2f9d,1697663973710777777
6a69421f-e399-4db8-897a-d8ef21b5e0a7,707b6ccf-c9d9-4c1d-97f4-516b572b2f9d,1697663973744133333
6a69421f-e399-4db8-897a-d8ef21b5e0a7,707b6ccf-c9d9-4c1d-97f4-516b572b2f9d,1697663973781688888
6a69421f-e399-4db8-897a-d8ef21b5e0a7,707b6ccf-c9d9-4c1d-97f4-516b572b2f9d,1697663973811200000
6a69421f-e399-4db8-897a-d8ef21b5e0a7,707b6ccf-c9d9-4c1d-97f4-516b572b2f9d,1697663973843700000
6a69421f-e399-4db8-897a-d8ef21b5e0a7,707b6ccf-c9d9-4c1d-97f4-516b572b2f9d,1697663973872811111
6a69421f-e399-4db8-897a-d8ef21b5e0a7,707b6ccf-c9d9-4c1d-97f4-516b572b2f9d,1697663973902100000
6a69421f-e399-4db8-897a-d8ef21b5e0a7,707b6ccf-c9d9-4c1d-97f4-516b572b2f9d,1697663973956444444
6a69421f-e399-4db8-897a-d8ef21b5e0a7,707b6ccf-c9d9-4c1d-97f4-516b572b2f9d,1697663973972677777
6a69421f-e399-4db8-897a-d8ef21b5e0a7,707b6ccf-c9d9-4c1d-97f4-516b572b2f9d,1697663974014377777
6a69421f-e399-4db8-897a-d8ef21b5e0a7,707b6ccf-c9d9-4c1d-97f4-516b572b2f9d,1697663974040533333
6a69421f-e399-4db8-897a-d8ef21b5e0a7,707b6ccf-c9d9-4c1d-97f4-516b572b2f9d,1697663974079377777
6a69421f-e399-4db8-897a-d8ef21b5e0a7,707b6ccf-c9d9-4c1d-97f4-516b572b2f9d,1697663974108622222
6a69421f-e399-4db8-897a-d8ef21b5e0a7,707b6ccf-c9d9-4c1d-97f4-516b572b2f9d,1697663974144377777
6a69421f-e399-4db8-897a-d8ef21b5e0a7,707b6ccf-c9d9-4c1d-97f4-516b572b2f9d,1697663974178488888
6a69421f-e399-4db8-897a-d8ef21b5e0a7,707b6ccf-c9d9-4c1d-97f4-516b572b2f9d,1697663974210788888
6a69421f-e399-4db8-897a-d8ef21b5e0a7,707b6ccf-c9d9-4c1d-97f4-516b572b2f9d,1697663974241866666
6a69421f-e399-4db8-897a-d8ef21b5e0a7,707b6ccf-c9d9-4c1d-97f4-516b572b2f9d,1697663974280877777
6a69421f-e399-4db8-897a-d8ef21b5e0a7,707b6ccf-c9d9-4c1d-97f4-516b572b2f9d,1697663974310955555
6a69421f-e399-4db8-897a-d8ef21b5e0a7,707b6ccf-c9d9-4c1d-97f4-516b572b2f9d,1697663974343422222
6a69421f-e399-4db8-897a-d8ef21b5e0a7,707b6ccf-c9d9-4c1d-97f4-516b572b2f9d,1697663974379455555
6a69421f-e399-4db8-897a-d8ef21b5e0a7,707b6ccf-c9d9-4c1d-97f4-516b572b2f9d,1697663974408900000
6a69421f-e399-4db8-897a-d8ef21b5e0a7,707b6ccf-c9d9-4c1d-97f4-516b572b2f9d,1697663974443666666
6a69421f-e399-4db8-897a-d8ef21b5e0a7,707b6ccf-c9d9-4c1d-97f4-516b572b2f9d,1697663974478688888
6a69421f-e399-4db8-897a-d8ef21b5e0a7,707b6ccf-c9d9-4c1d-97f4-516b572b2f9d,1697663974513555555
6a69421f-e399-4db8-897a-d8ef21b5e0a7,707b6ccf-c9d9-4c1d-97f4-516b572b2f9d,1697663974560522222
6a69421f-e399-4db8-897a-d8ef21b5e0a7,707b6ccf-c9d9-4c1d-97f4-516b572b2f9d,1697663974570644444
6a69421f-e399-4db8-897a-d8ef21b5e0a7,707b6ccf-c9d9-4c1d-97f4-516b572b2f9d,1697663974606566666
6a69421f-e399-4db8-897a-d8ef21b5e0a7,707b6ccf-c9d9-4c1d-97f4-516b572b2f9d,1697663974641977777
6a69421f-e399-4db8-897a-d8ef21b5e0a7,707b6ccf-c9d9-4c1d-97f4-516b572b2f9d,1697663974699100000
6a69421f-e399-4db8-897a-d8ef21b5e0a7,707b6ccf-c9d9-4c1d-97f4-516b572b2f9d,1697663974722977777
6a69421f-e399-4db8-897a-d8ef21b5e0a7,707b6ccf-c9d9-4c1d-97f4-516b572b2f9d,1697663974745577777
6a69421f-e399-4db8-897a-d8ef21b5e0a7,707b6ccf-c9d9-4c1d-97f4-516b572b2f9d,1697663974769366666
6a69421f-e399-4db8-897a-d8ef21b5e0a7,707b6ccf-c9d9-4c1d-97f4-516b572b2f9d,1697663974820811111
6a69421f-e399-4db8-897a-d8ef21b5e0a7,707b6ccf-c9d9-4c1d-97f4-516b572b2f9d,1697663974833955555
6a69421f-e399-4db8-897a-d8ef21b5e0a7,707b6ccf-c9d9-4c1d-97f4-516b572b2f9d,1697663974877444444
6a69421f-e399-4db8-897a-d8ef21b5e0a7,707b6ccf-c9d9-4c1d-97f4-516b572b2f9d,1697663974917100000
6a69421f-e399-4db8-897a-d8ef21b5e0a7,707b6ccf-c9d9-4c1d-97f4-516b572b2f9d,1697663974959500000
6a69421f-e399-4db8-897a-d8ef21b5e0a7,707b6ccf-c9d9-4c1d-97f4-516b572b2f9d,1697663974980777777
6a69421f-e399-4db8-897a-d8ef21b5e0a7,707b6ccf-c9d9-4c1d-97f4-516b572b2f9d,1697663975009666666
6a69421f-e399-4db8-897a-d8ef21b5e0a7,707b6ccf-c9d9-4c1d-97f4-516b572b2f9d,1697663975044111111
6a69421f-e399-4db8-897a-d8ef21b5e0a7,707b6ccf-c9d9-4c1d-97f4-516b572b2f9d,1697663975080777777
6a69421f-e399-4db8-897a-d8ef21b5e0a7,707b6ccf-c9d9-4c1d-97f4-516b572b2f9d,1697663975109355555
6a69421f-e399-4db8-897a-d8ef21b5e0a7,707b6ccf-c9d9-4c1d-97f4-516b572b2f9d,1697663975144955555
6a69421f-e399-4db8-897a-d8ef21b5e0a7,707b6ccf-c9d9-4c1d-97f4-516b572b2f9d,1697663975182100000
6a69421f-e399-4db8-897a-d8ef21b5e0a7,707b6ccf-c9d9-4c1d-97f4-516b572b2f9d,1697663975204555555
6a69421f-e399-4db8-897a-d8ef21b5e0a7,707b6ccf-c9d9-4c1d-97f4-516b572b2f9d,1697663975258455555
6a69421f-e399-4db8-897a-d8ef21b5e0a7,707b6ccf-c9d9-4c1d-97f4-516b572b2f9d,1697663975271111111
6a69421f-e399-4db8-897a-d8ef21b5e0a7,707b6ccf-c9d9-4c1d-97f4-516b572b2f9d,1697663975309988888
6a69421f-e399-4db8-897a-d8ef21b5e0a7,707b6ccf-c9d9-4c1d-97f4-516b572b2f9d,1697663975347122222
6a69421f-e399-4db8-897a-d8ef21b5e0a7,707b6ccf-c9d9-4c1d-97f4-516b572b2f9d,1697663975376388888
6a69421f-e399-4db8-897a-d8ef21b5e0a7,707b6ccf-c9d9-4c1d-97f4-516b572b2f9d,1697663975400844444
6a69421f-e399-4db8-897a-d8ef21b5e0a7,707b6ccf-c9d9-4c1d-97f4-516b572b2f9d,1697663975443588888
6a69421f-e399-4db8-897a-d8ef21b5e0a7,707b6ccf-c9d9-4c1d-97f4-516b572b2f9d,1697663975477666666
6a69421f-e399-4db8-897a-d8ef21b5e0a7,707b6ccf-c9d9-4c1d-97f4-516b572b2f9d,1697663975513822222
6a69421f-e399-4db8-897a-d8ef21b5e0a7,707b6ccf-c9d9-4c1d-97f4-516b572b2f9d,1697663975544222222
6a69421f-e399-4db8-897a-d8ef21b5e0a7,707b6ccf-c9d9-4c1d-97f4-516b572b2f9d,1697663975580577777
6a69421f-e399-4db8-897a-d8ef21b5e0a7,707b6ccf-c9d9-4c1d-97f4-516b572b2f9d,1697663975603277777
6a69421f-e399-4db8-897a-d8ef21b5e0a7,707b6ccf-c9d9-4c1d-97f4-516b572b2f9d,1697663975649266666
6a69421f-e399-4db8-897a-d8ef21b5e0a7,707b6ccf-c9d9-4c1d-97f4-516b572b2f9d,1697663975681866666
6a69421f-e399-4db8-897a-d8ef21b5e0a7,707b6ccf-c9d9-4c1d-97f4-516b572b2f9d,1697663975711722222
6a69421f-e399-4db8-897a-d8ef21b5e0a7,707b6ccf-c9d9-4c1d-97f4-516b572b2f9d,1697663975742011111
6a69421f-e399-4db8-897a-d8ef21b5e0a7,707b6ccf-c9d9-4c1d-97f4-516b572b2f9d,1697663975779622222
6a69421f-e399-4db8-897a-d8ef21b5e0a7,707b6ccf-c9d9-4c1d-97f4-516b572b2f9d,1697663975811522222
6a69421f-e399-4db8-897a-d8ef21b5e0a7,707b6ccf-c9d9-4c1d-97f4-516b572b2f9d,1697663975849088888
6a69421f-e399-4db8-897a-d8ef21b5e0a7,707b6ccf-c9d9-4c1d-97f4-516b572b2f9d,1697663975877966666
6a69421f-e399-4db8-897a-d8ef21b5e0a7,707b6ccf-c9d9-4c1d-97f4-516b572b2f9d,1697663975927022222
6a69421f-e399-4db8-897a-d8ef21b5e0a7,707b6ccf-c9d9-4c1d-97f4-516b572b2f9d,1697663975936833333
6a69421f-e399-4db8-897a-d8ef21b5e0a7,707b6ccf-c9d9-4c1d-97f4-516b572b2f9d,1697663975983122222
6a69421f-e399-4db8-897a-d8ef21b5e0a7,707b6ccf-c9d9-4c1d-97f4-516b572b2f9d,1697663976003477777
6a69421f-e399-4db8-897a-d8ef21b5e0a7,707b6ccf-c9d9-4c1d-97f4-516b572b2f9d,1697663976033977777
6a69421f-e399-4db8-897a-d8ef21b5e0a7,707b6ccf-c9d9-4c1d-97f4-516b572b2f9d,1697663976065277777
6a69421f-e399-4db8-897a-d8ef21b5e0a7,707b6ccf-c9d9-4c1d-97f4-516b572b2f9d,1697663976116133333
6a69421f-e399-4db8-897a-d8ef21b5e0a7,707b6ccf-c9d9-4c1d-97f4-516b572b2f9d,1697663976146877777
6a69421f-e399-4db8-897a-d8ef21b5e0a7,707b6ccf-c9d9-4c1d-97f4-516b572b2f9d,1697663976175644444
6a69421f-e399-4db8-897a-d8ef21b5e0a7,707b6ccf-c9d9-4c1d-97f4-516b572b2f9d,1697663976211211111
6a69421f-e399-4db8-897a-d8ef21b5e0a7,707b6ccf-c9d9-4c1d-97f4-516b572b2f9d,1697663976243266666
6a69421f-e399-4db8-897a-d8ef21b5e0a7,707b6ccf-c9d9-4c1d-97f4-516b572b2f9d,1697663976274422222
6a69421f-e399-4db8-897a-d8ef21b5e0a7,707b6ccf-c9d9-4c1d-97f4-516b572b2f9d,1697663976311788888
6a69421f-e399-4db8-897a-d8ef21b5e0a7,707b6ccf-c9d9-4c1d-97f4-516b572b2f9d,1697663976343333333
6a69421f-e399-4db8-897a-d8ef21b5e0a7,707b6ccf-c9d9-4c1d-97f4-516b572b2f9d,1697663976374144444
6a69421f-e399-4db8-897a-d8ef21b5e0a7,707b6ccf-c9d9-4c1d-97f4-516b572b2f9d,1697663976410400000
6a69421f-e399-4db8-897a-d8ef21b5e0a7,707b6ccf-c9d9-4c1d-97f4-516b572b2f9d,1697663976442777777
6a69421f-e399-4db8-897a-d8ef21b5e0a7,707b6ccf-c9d9-4c1d-97f4-516b572b2f9d,1697663976477288888
6a69421f-e399-4db8-897a-d8ef21b5e0a7,707b6ccf-c9d9-4c1d-97f4-516b572b2f9d,1697663976510466666
6a69421f-e399-4db8-897a-d8ef21b5e0a7,707b6ccf-c9d9-4c1d-97f4-516b572b2f9d,1697663976543488888
6a69421f-e399-4db8-897a-d8ef21b5e0a7,707b6ccf-c9d9-4c1d-97f4-516b572b2f9d,1697663976585700000
6a69421f-e399-4db8-897a-d8ef21b5e0a7,707b6ccf-c9d9-4c1d-97f4-516b572b2f9d,1697663976601777777
6a69421f-e399-4db8-897a-d8ef21b5e0a7,707b6ccf-c9d9-4c1d-97f4-516b572b2f9d,1697663976636633333
6a69421f-e399-4db8-897a-d8ef21b5e0a7,707b6ccf-c9d9-4c1d-97f4-516b572b2f9d,1697663976677566666
6a69421f-e399-4db8-897a-d8ef21b5e0a7,707b6ccf-c9d9-4c1d-97f4-516b572b2f9d,1697663976719033333
6a69421f-e399-4db8-897a-d8ef21b5e0a7,707b6ccf-c9d9-4c1d-97f4-516b572b2f9d,1697663976743600000
6a69421f-e399-4db8-897a-d8ef21b5e0a7,707b6ccf-c9d9-4c1d-97f4-516b572b2f9d,1697663976775211111
6a69421f-e399-4db8-897a-d8ef21b5e0a7,707b6ccf-c9d9-4c1d-97f4-516b572b2f9d,1697663976812311111
6a69421f-e399-4db8-897a-d8ef21b5e0a7,707b6ccf-c9d9-4c1d-97f4-516b572b2f9d,1697663976845966666
6a69421f-e399-4db8-897a-d8ef21b5e0a7,707b6ccf-c9d9-4c1d-97f4-516b572b2f9d,1697663976877611111
6a69421f-e399-4db8-897a-d8ef21b5e0a7,707b6ccf-c9d9-4c1d-97f4-516b572b2f9d,1697663976913477777
6a69421f-e399-4db8-897a-d8ef21b5e0a7,707b6ccf-c9d9-4c1d-97f4-516b572b2f9d,1697663976944355555
6a69421f-e399-4db8-897a-d8ef21b5e0a7,707b6ccf-c9d9-4c1d-97f4-516b572b2f9d,1697663976976822222
6a69421f-e399-4db8-897a-d8ef21b5e0a7,707b6ccf-c9d9-4c1d-97f4-516b572b2f9d,1697663977013877777
6a69421f-e399-4db8-897a-d8ef21b5e0a7,707b6ccf-c9d9-4c1d-97f4-516b572b2f9d,1697663977045433333
6a69421f-e399-4db8-897a-d8ef21b5e0a7,707b6ccf-c9d9-4c1d-97f4-516b572b2f9d,1697663977075333333
6a69421f-e399-4db8-897a-d8ef21b5e0a7,707b6ccf-c9d9-4c1d-97f4-516b572b2f9d,1697663977111955555
6a69421f-e399-4db8-897a-d8ef21b5e0a7,707b6ccf-c9d9-4c1d-97f4-516b572b2f9d,1697663977143655555
6a69421f-e399-4db8-897a-d8ef21b5e0a7,707b6ccf-c9d9-4c1d-97f4-516b572b2f9d,1697663977174655555
6a69421f-e399-4db8-897a-d8ef21b5e0a7,707b6ccf-c9d9-4c1d-97f4-516b572b2f9d,1697663977213344444
6a69421f-e399-4db8-897a-d8ef21b5e0a7,707b6ccf-c9d9-4c1d-97f4-516b572b2f9d,1697663977248600000
6a69421f-e399-4db8-897a-d8ef21b5e0a7,707b6ccf-c9d9-4c1d-97f4-516b572b2f9d,1697663977268811111
6a69421f-e399-4db8-897a-d8ef21b5e0a7,707b6ccf-c9d9-4c1d-97f4-516b572b2f9d,1697663977302922222
6a69421f-e399-4db8-897a-d8ef21b5e0a7,707b6ccf-c9d9-4c1d-97f4-516b572b2f9d,1697663977336533333
6a69421f-e399-4db8-897a-d8ef21b5e0a7,707b6ccf-c9d9-4c1d-97f4-516b572b2f9d,1697663977385244444
6a69421f-e399-4db8-897a-d8ef21b5e0a7,707b6ccf-c9d9-4c1d-97f4-516b572b2f9d,1697663977401133333
6a69421f-e399-4db8-897a-d8ef21b5e0a7,707b6ccf-c9d9-4c1d-97f4-516b572b2f9d,1697663977442288888
6a69421f-e399-4db8-897a-d8ef21b5e0a7,707b6ccf-c9d9-4c1d-97f4-516b572b2f9d,1697663977477355555
6a69421f-e399-4db8-897a-d8ef21b5e0a7,707b6ccf-c9d9-4c1d-97f4-516b572b2f9d,1697663977510088888
6a69421f-e399-4db8-897a-d8ef21b5e0a7,707b6ccf-c9d9-4c1d-97f4-516b572b2f9d,1697663977542622222
6a69421f-e399-4db8-897a-d8ef21b5e0a7,707b6ccf-c9d9-4c1d-97f4-516b572b2f9d,1697663977575000000
6a69421f-e399-4db8-897a-d8ef21b5e0a7,707b6ccf-c9d9-4c1d-97f4-516b572b2f9d,1697663977611966666
6a69421f-e399-4db8-897a-d8ef21b5e0a7,707b6ccf-c9d9-4c1d-97f4-516b572b2f9d,1697663977649244444
6a69421f-e399-4db8-897a-d8ef21b5e0a7,707b6ccf-c9d9-4c1d-97f4-516b572b2f9d,1697663977674600000
6a69421f-e399-4db8-897a-d8ef21b5e0a7,707b6ccf-c9d9-4c1d-97f4-516b572b2f9d,1697663977710655555
6a69421f-e399-4db8-897a-d8ef21b5e0a7,707b6ccf-c9d9-4c1d-97f4-516b572b2f9d,1697663977749144444
6a69421f-e399-4db8-897a-d8ef21b5e0a7,707b6ccf-c9d9-4c1d-97f4-516b572b2f9d,1697663977774755555
6a69421f-e399-4db8-897a-d8ef21b5e0a7,707b6ccf-c9d9-4c1d-97f4-516b572b2f9d,1697663977813633333
6a69421f-e399-4db8-897a-d8ef21b5e0a7,707b6ccf-c9d9-4c1d-97f4-516b572b2f9d,1697663977849933333
6a69421f-e399-4db8-897a-d8ef21b5e0a7,707b6ccf-c9d9-4c1d-97f4-516b572b2f9d,1697663977876044444
6a69421f-e399-4db8-897a-d8ef21b5e0a7,707b6ccf-c9d9-4c1d-97f4-516b572b2f9d,1697663977906777777
6a69421f-e399-4db8-897a-d8ef21b5e0a7,707b6ccf-c9d9-4c1d-97f4-516b572b2f9d,1697663977948711111
6a69421f-e399-4db8-897a-d8ef21b5e0a7,707b6ccf-c9d9-4c1d-97f4-516b572b2f9d,1697663977972755555
6a69421f-e399-4db8-897a-d8ef21b5e0a7,707b6ccf-c9d9-4c1d-97f4-516b572b2f9d,1697663978016444444
6a69421f-e399-4db8-897a-d8ef21b5e0a7,707b6ccf-c9d9-4c1d-97f4-516b572b2f9d,1697663978048566666
6a69421f-e399-4db8-897a-d8ef21b5e0a7,707b6ccf-c9d9-4c1d-97f4-516b572b2f9d,1697663978074077777
6a69421f-e399-4db8-897a-d8ef21b5e0a7,707b6ccf-c9d9-4c1d-97f4-516b572b2f9d,1697663978110544444
6a69421f-e399-4db8-897a-d8ef21b5e0a7,707b6ccf-c9d9-4c1d-97f4-516b572b2f9d,1697663978143400000
6a69421f-e399-4db8-897a-d8ef21b5e0a7,707b6ccf-c9d9-4c1d-97f4-516b572b2f9d,1697663978174900000
6a69421f-e399-4db8-897a-d8ef21b5e0a7,707b6ccf-c9d9-4c1d-97f4-516b572b2f9d,1697663978212933333
6a69421f-e399-4db8-897a-d8ef21b5e0a7,707b6ccf-c9d9-4c1d-97f4-516b572b2f9d,1697663978245300000
6a69421f-e399-4db8-897a-d8ef21b5e0a7,707b6ccf-c9d9-4c1d-97f4-516b572b2f9d,1697663978278466666
6a69421f-e399-4db8-897a-d8ef21b5e0a7,707b6ccf-c9d9-4c1d-97f4-516b572b2f9d,1697663978315044444
6a69421f-e399-4db8-897a-d8ef21b5e0a7,707b6ccf-c9d9-4c1d-97f4-516b572b2f9d,1697663978344388888
6a69421f-e399-4db8-897a-d8ef21b5e0a7,707b6ccf-c9d9-4c1d-97f4-516b572b2f9d,1697663978375266666
6a69421f-e399-4db8-897a-d8ef21b5e0a7,707b6ccf-c9d9-4c1d-97f4-516b572b2f9d,1697663978410366666
6a69421f-e399-4db8-897a-d8ef21b5e0a7,707b6ccf-c9d9-4c1d-97f4-516b572b2f9d,1697663978441977777
6a69421f-e399-4db8-897a-d8ef21b5e0a7,707b6ccf-c9d9-4c1d-97f4-516b572b2f9d,1697663978475955555
6a69421f-e399-4db8-897a-d8ef21b5e0a7,707b6ccf-c9d9-4c1d-97f4-516b572b2f9d,1697663978514822222
6a69421f-e399-4db8-897a-d8ef21b5e0a7,707b6ccf-c9d9-4c1d-97f4-516b572b2f9d,1697663978557411111
6a69421f-e399-4db8-897a-d8ef21b5e0a7,707b6ccf-c9d9-4c1d-97f4-516b572b2f9d,1697663978579188888
6a69421f-e399-4db8-897a-d8ef21b5e0a7,707b6ccf-c9d9-4c1d-97f4-516b572b2f9d,1697663978606466666
6a69421f-e399-4db8-897a-d8ef21b5e0a7,707b6ccf-c9d9-4c1d-97f4-516b572b2f9d,1697663978636188888
6a69421f-e399-4db8-897a-d8ef21b5e0a7,707b6ccf-c9d9-4c1d-97f4-516b572b2f9d,1697663978671511111
6a69421f-e399-4db8-897a-d8ef21b5e0a7,707b6ccf-c9d9-4c1d-97f4-516b572b2f9d,1697663978703066666
6a69421f-e399-4db8-897a-d8ef21b5e0a7,707b6ccf-c9d9-4c1d-97f4-516b572b2f9d,1697663978745577777
6a69421f-e399-4db8-897a-d8ef21b5e0a7,707b6ccf-c9d9-4c1d-97f4-516b572b2f9d,1697663978775788888
6a69421f-e399-4db8-897a-d8ef21b5e0a7,707b6ccf-c9d9-4c1d-97f4-516b572b2f9d,1697663978810400000
6a69421f-e399-4db8-897a-d8ef21b5e0a7,707b6ccf-c9d9-4c1d-97f4-516b572b2f9d,1697663978843322222
6a69421f-e399-4db8-897a-d8ef21b5e0a7,707b6ccf-c9d9-4c1d-97f4-516b572b2f9d,1697663978878455555
6a69421f-e399-4db8-897a-d8ef21b5e0a7,707b6ccf-c9d9-4c1d-97f4-516b572b2f9d,1697663978910433333
6a69421f-e399-4db8-897a-d8ef21b5e0a7,707b6ccf-c9d9-4c1d-97f4-516b572b2f9d,1697663978948522222
6a69421f-e399-4db8-897a-d8ef21b5e0a7,707b6ccf-c9d9-4c1d-97f4-516b572b2f9d,1697663978977244444
6a69421f-e399-4db8-897a-d8ef21b5e0a7,707b6ccf-c9d9-4c1d-97f4-516b572b2f9d,1697663979011488888
6a69421f-e399-4db8-897a-d8ef21b5e0a7,707b6ccf-c9d9-4c1d-97f4-516b572b2f9d,1697663979046511111
6a69421f-e399-4db8-897a-d8ef21b5e0a7,707b6ccf-c9d9-4c1d-97f4-516b572b2f9d,1697663979076644444
6a69421f-e399-4db8-897a-d8ef21b5e0a7,707b6ccf-c9d9-4c1d-97f4-516b572b2f9d,1697663979114411111
6a69421f-e399-4db8-897a-d8ef21b5e0a7,707b6ccf-c9d9-4c1d-97f4-516b572b2f9d,1697663979145133333
6a69421f-e399-4db8-897a-d8ef21b5e0a7,707b6ccf-c9d9-4c1d-97f4-516b572b2f9d,1697663979178800000
6a69421f-e399-4db8-897a-d8ef21b5e0a7,707b6ccf-c9d9-4c1d-97f4-516b572b2f9d,1697663979210255555
6a69421f-e399-4db8-897a-d8ef21b5e0a7,707b6ccf-c9d9-4c1d-97f4-516b572b2f9d,1697663979235555555
6a69421f-e399-4db8-897a-d8ef21b5e0a7,707b6ccf-c9d9-4c1d-97f4-516b572b2f9d,1697663979272455555
6a69421f-e399-4db8-897a-d8ef21b5e0a7,707b6ccf-c9d9-4c1d-97f4-516b572b2f9d,1697663979318655555
6a69421f-e399-4db8-897a-d8ef21b5e0a7,707b6ccf-c9d9-4c1d-97f4-516b572b2f9d,1697663979339211111
6a69421f-e399-4db8-897a-d8ef21b5e0a7,707b6ccf-c9d9-4c1d-97f4-516b572b2f9d,1697663979365044444
6a69421f-e399-4db8-897a-d8ef21b5e0a7,707b6ccf-c9d9-4c1d-97f4-516b572b2f9d,1697663979406277777
6a69421f-e399-4db8-897a-d8ef21b5e0a7,707b6ccf-c9d9-4c1d-97f4-516b572b2f9d,1697663979446588888
6a69421f-e399-4db8-897a-d8ef21b5e0a7,707b6ccf-c9d9-4c1d-97f4-516b572b2f9d,1697663979478244444
6a69421f-e399-4db8-897a-d8ef21b5e0a7,707b6ccf-c9d9-4c1d-97f4-516b572b2f9d,1697663979506577777
6a69421f-e399-4db8-897a-d8ef21b5e0a7,707b6ccf-c9d9-4c1d-97f4-516b572b2f9d,1697663979542311111
6a69421f-e399-4db8-897a-d8ef21b5e0a7,707b6ccf-c9d9-4c1d-97f4-516b572b2f9d,1697663979574811111
6a69421f-e399-4db8-897a-d8ef21b5e0a7,707b6ccf-c9d9-4c1d-97f4-516b572b2f9d,1697663979605955555
6a69421f-e399-4db8-897a-d8ef21b5e0a7,707b6ccf-c9d9-4c1d-97f4-516b572b2f9d,1697663979641100000
6a69421f-e399-4db8-897a-d8ef21b5e0a7,707b6ccf-c9d9-4c1d-97f4-516b572b2f9d,1697663979677011111
6a69421f-e399-4db8-897a-d8ef21b5e0a7,707b6ccf-c9d9-4c1d-97f4-516b572b2f9d,1697663979706100000
6a69421f-e399-4db8-897a-d8ef21b5e0a7,707b6ccf-c9d9-4c1d-97f4-516b572b2f9d,1697663979746155555
6a69421f-e399-4db8-897a-d8ef21b5e0a7,707b6ccf-c9d9-4c1d-97f4-516b572b2f9d,1697663979778411111
6a69421f-e399-4db8-897a-d8ef21b5e0a7,707b6ccf-c9d9-4c1d-97f4-516b572b2f9d,1697663979809033333
6a69421f-e399-4db8-897a-d8ef21b5e0a7,707b6ccf-c9d9-4c1d-97f4-516b572b2f9d,1697663979843588888
6a69421f-e399-4db8-897a-d8ef21b5e0a7,707b6ccf-c9d9-4c1d-97f4-516b572b2f9d,1697663979879355555
6a69421f-e399-4db8-897a-d8ef21b5e0a7,707b6ccf-c9d9-4c1d-97f4-516b572b2f9d,1697663979923744444
6a69421f-e399-4db8-897a-d8ef21b5e0a7,707b6ccf-c9d9-4c1d-97f4-516b572b2f9d,1697663979942277777
6a69421f-e399-4db8-897a-d8ef21b5e0a7,707b6ccf-c9d9-4c1d-97f4-516b572b2f9d,1697663979979500000
6a69421f-e399-4db8-897a-d8ef21b5e0a7,707b6ccf-c9d9-4c1d-97f4-516b572b2f9d,1697663980011811111
6a69421f-e399-4db8-897a-d8ef21b5e0a7,707b6ccf-c9d9-4c1d-97f4-516b572b2f9d,1697663980048522222
6a69421f-e399-4db8-897a-d8ef21b5e0a7,707b6ccf-c9d9-4c1d-97f4-516b572b2f9d,1697663980066622222
6a69421f-e399-4db8-897a-d8ef21b5e0a7,707b6ccf-c9d9-4c1d-97f4-516b572b2f9d,1697663980107766666
6a69421f-e399-4db8-897a-d8ef21b5e0a7,707b6ccf-c9d9-4c1d-97f4-516b572b2f9d,1697663980141800000
6a69421f-e399-4db8-897a-d8ef21b5e0a7,707b6ccf-c9d9-4c1d-97f4-516b572b2f9d,1697663980174844444
6a69421f-e399-4db8-897a-d8ef21b5e0a7,707b6ccf-c9d9-4c1d-97f4-516b572b2f9d,1697663980209233333
6a69421f-e399-4db8-897a-d8ef21b5e0a7,707b6ccf-c9d9-4c1d-97f4-516b572b2f9d,1697663980245877777
6a69421f-e399-4db8-897a-d8ef21b5e0a7,707b6ccf-c9d9-4c1d-97f4-516b572b2f9d,1697663980274644444
6a69421f-e399-4db8-897a-d8ef21b5e0a7,707b6ccf-c9d9-4c1d-97f4-516b572b2f9d,1697663980307500000
6a69421f-e399-4db8-897a-d8ef21b5e0a7,707b6ccf-c9d9-4c1d-97f4-516b572b2f9d,1697663980341933333
6a69421f-e399-4db8-897a-d8ef21b5e0a7,707b6ccf-c9d9-4c1d-97f4-516b572b2f9d,1697663980375022222
6a69421f-e399-4db8-897a-d8ef21b5e0a7,707b6ccf-c9d9-4c1d-97f4-516b572b2f9d,1697663980404511111
6a69421f-e399-4db8-897a-d8ef21b5e0a7,707b6ccf-c9d9-4c1d-97f4-516b572b2f9d,1697663980449833333
6a69421f-e399-4db8-897a-d8ef21b5e0a7,707b6ccf-c9d9-4c1d-97f4-516b572b2f9d,1697663980474833333
6a69421f-e399-4db8-897a-d8ef21b5e0a7,707b6ccf-c9d9-4c1d-97f4-516b572b2f9d,1697663980505844444
6a69421f-e399-4db8-897a-d8ef21b5e0a7,707b6ccf-c9d9-4c1d-97f4-516b572b2f9d,1697663980551355555
6a69421f-e399-4db8-897a-d8ef21b5e0a7,707b6ccf-c9d9-4c1d-97f4-516b572b2f9d,1697663980585555555
6a69421f-e399-4db8-897a-d8ef21b5e0a7,707b6ccf-c9d9-4c1d-97f4-516b572b2f9d,1697663980602077777
6a69421f-e399-4db8-897a-d8ef21b5e0a7,707b6ccf-c9d9-4c1d-97f4-516b572b2f9d,1697663980635266666
6a69421f-e399-4db8-897a-d8ef21b5e0a7,707b6ccf-c9d9-4c1d-97f4-516b572b2f9d,1697663980668233333
6a69421f-e399-4db8-897a-d8ef21b5e0a7,707b6ccf-c9d9-4c1d-97f4-516b572b2f9d,1697663980709577777
6a69421f-e399-4db8-897a-d8ef21b5e0a7,707b6ccf-c9d9-4c1d-97f4-516b572b2f9d,1697663980746911111
6a69421f-e399-4db8-897a-d8ef21b5e0a7,707b6ccf-c9d9-4c1d-97f4-516b572b2f9d,1697663980778411111
6a69421f-e399-4db8-897a-d8ef21b5e0a7,707b6ccf-c9d9-4c1d-97f4-516b572b2f9d,1697663980807644444
6a69421f-e399-4db8-897a-d8ef21b5e0a7,707b6ccf-c9d9-4c1d-97f4-516b572b2f9d,1697663980844000000
6a69421f-e399-4db8-897a-d8ef21b5e0a7,707b6ccf-c9d9-4c1d-97f4-516b572b2f9d,1697663980878488888
6a69421f-e399-4db8-897a-d8ef21b5e0a7,707b6ccf-c9d9-4c1d-97f4-516b572b2f9d,1697663980908422222
6a69421f-e399-4db8-897a-d8ef21b5e0a7,707b6ccf-c9d9-4c1d-97f4-516b572b2f9d,1697663980944777777
6a69421f-e399-4db8-897a-d8ef21b5e0a7,707b6ccf-c9d9-4c1d-97f4-516b572b2f9d,1697663980976100000
6a69421f-e399-4db8-897a-d8ef21b5e0a7,707b6ccf-c9d9-4c1d-97f4-516b572b2f9d,1697663981008377777
6a69421f-e399-4db8-897a-d8ef21b5e0a7,707b6ccf-c9d9-4c1d-97f4-516b572b2f9d,1697663981044022222
6a69421f-e399-4db8-897a-d8ef21b5e0a7,707b6ccf-c9d9-4c1d-97f4-516b572b2f9d,1697663981075122222
6a69421f-e399-4db8-897a-d8ef21b5e0a7,707b6ccf-c9d9-4c1d-97f4-516b572b2f9d,1697663981109366666
6a69421f-e399-4db8-897a-d8ef21b5e0a7,707b6ccf-c9d9-4c1d-97f4-516b572b2f9d,1697663981143600000
6a69421f-e399-4db8-897a-d8ef21b5e0a7,707b6ccf-c9d9-4c1d-97f4-516b572b2f9d,1697663981177055555
6a69421f-e399-4db8-897a-d8ef21b5e0a7,707b6ccf-c9d9-4c1d-97f4-516b572b2f9d,1697663981222766666
6a69421f-e399-4db8-897a-d8ef21b5e0a7,707b6ccf-c9d9-4c1d-97f4-516b572b2f9d,1697663981235022222
6a69421f-e399-4db8-897a-d8ef21b5e0a7,707b6ccf-c9d9-4c1d-97f4-516b572b2f9d,1697663981267922222
6a69421f-e399-4db8-897a-d8ef21b5e0a7,707b6ccf-c9d9-4c1d-97f4-516b572b2f9d,1697663981298277777
6a69421f-e399-4db8-897a-d8ef21b5e0a7,707b6ccf-c9d9-4c1d-97f4-516b572b2f9d,1697663981353966666
6a69421f-e399-4db8-897a-d8ef21b5e0a7,707b6ccf-c9d9-4c1d-97f4-516b572b2f9d,1697663981371966666
6a69421f-e399-4db8-897a-d8ef21b5e0a7,707b6ccf-c9d9-4c1d-97f4-516b572b2f9d,1697663981417855555
6a69421f-e399-4db8-897a-d8ef21b5e0a7,707b6ccf-c9d9-4c1d-97f4-516b572b2f9d,1697663981443422222
6a69421f-e399-4db8-897a-d8ef21b5e0a7,707b6ccf-c9d9-4c1d-97f4-516b572b2f9d,1697663981475044444
6a69421f-e399-4db8-897a-d8ef21b5e0a7,707b6ccf-c9d9-4c1d-97f4-516b572b2f9d,1697663981508122222
6a69421f-e399-4db8-897a-d8ef21b5e0a7,707b6ccf-c9d9-4c1d-97f4-516b572b2f9d,1697663981545833333
6a69421f-e399-4db8-897a-d8ef21b5e0a7,707b6ccf-c9d9-4c1d-97f4-516b572b2f9d,1697663981575255555
6a69421f-e399-4db8-897a-d8ef21b5e0a7,707b6ccf-c9d9-4c1d-97f4-516b572b2f9d,1697663981606100000
6a69421f-e399-4db8-897a-d8ef21b5e0a7,707b6ccf-c9d9-4c1d-97f4-516b572b2f9d,1697663981643677777
6a69421f-e399-4db8-897a-d8ef21b5e0a7,707b6ccf-c9d9-4c1d-97f4-516b572b2f9d,1697663981677244444
6a69421f-e399-4db8-897a-d8ef21b5e0a7,707b6ccf-c9d9-4c1d-97f4-516b572b2f9d,1697663981707844444
6a69421f-e399-4db8-897a-d8ef21b5e0a7,707b6ccf-c9d9-4c1d-97f4-516b572b2f9d,1697663981745822222
6a69421f-e399-4db8-897a-d8ef21b5e0a7,707b6ccf-c9d9-4c1d-97f4-516b572b2f9d,1697663981775577777
6a69421f-e399-4db8-897a-d8ef21b5e0a7,707b6ccf-c9d9-4c1d-97f4-516b572b2f9d,1697663981805044444
6a69421f-e399-4db8-897a-d8ef21b5e0a7,707b6ccf-c9d9-4c1d-97f4-516b572b2f9d,1697663981843677777
6a69421f-e399-4db8-897a-d8ef21b5e0a7,707b6ccf-c9d9-4c1d-97f4-516b572b2f9d,1697663981885811111
6a69421f-e399-4db8-897a-d8ef21b5e0a7,707b6ccf-c9d9-4c1d-97f4-516b572b2f9d,1697663981901677777
6a69421f-e399-4db8-897a-d8ef21b5e0a7,707b6ccf-c9d9-4c1d-97f4-516b572b2f9d,1697663981936766666
6a69421f-e399-4db8-897a-d8ef21b5e0a7,707b6ccf-c9d9-4c1d-97f4-516b572b2f9d,1697663981975011111
6a69421f-e399-4db8-897a-d8ef21b5e0a7,707b6ccf-c9d9-4c1d-97f4-516b572b2f9d,1697663982001344444
6a69421f-e399-4db8-897a-d8ef21b5e0a7,707b6ccf-c9d9-4c1d-97f4-516b572b2f9d,1697663982033300000
6a69421f-e399-4db8-897a-d8ef21b5e0a7,707b6ccf-c9d9-4c1d-97f4-516b572b2f9d,1697663982080944444
6a69421f-e399-4db8-897a-d8ef21b5e0a7,707b6ccf-c9d9-4c1d-97f4-516b572b2f9d,1697663982109111111
6a69421f-e399-4db8-897a-d8ef21b5e0a7,707b6ccf-c9d9-4c1d-97f4-516b572b2f9d,1697663982140988888
6a69421f-e399-4db8-897a-d8ef21b5e0a7,707b6ccf-c9d9-4c1d-97f4-516b572b2f9d,1697663982174644444
6a69421f-e399-4db8-897a-d8ef21b5e0a7,707b6ccf-c9d9-4c1d-97f4-516b572b2f9d,1697663982206288888
6a69421f-e399-4db8-897a-d8ef21b5e0a7,707b6ccf-c9d9-4c1d-97f4-516b572b2f9d,1697663982251344444
6a69421f-e399-4db8-897a-d8ef21b5e0a7,707b6ccf-c9d9-4c1d-97f4-516b572b2f9d,1697663982269711111
6a69421f-e399-4db8-897a-d8ef21b5e0a7,707b6ccf-c9d9-4c1d-97f4-516b572b2f9d,1697663982309166666
6a69421f-e399-4db8-897a-d8ef21b5e0a7,707b6ccf-c9d9-4c1d-97f4-516b572b2f9d,1697663982344455555
6a69421f-e399-4db8-897a-d8ef21b5e0a7,707b6ccf-c9d9-4c1d-97f4-516b572b2f9d,1697663982375755555
6a69421f-e399-4db8-897a-d8ef21b5e0a7,707b6ccf-c9d9-4c1d-97f4-516b572b2f9d,1697663982409722222
6a69421f-e399-4db8-897a-d8ef21b5e0a7,707b6ccf-c9d9-4c1d-97f4-516b572b2f9d,1697663982438777777
6a69421f-e399-4db8-897a-d8ef21b5e0a7,707b6ccf-c9d9-4c1d-97f4-516b572b2f9d,1697663982475666666
6a69421f-e399-4db8-897a-d8ef21b5e0a7,707b6ccf-c9d9-4c1d-97f4-516b572b2f9d,1697663982505500000
6a69421f-e399-4db8-897a-d8ef21b5e0a7,707b6ccf-c9d9-4c1d-97f4-516b572b2f9d,1697663982546100000
6a69421f-e399-4db8-897a-d8ef21b5e0a7,707b6ccf-c9d9-4c1d-97f4-516b572b2f9d,1697663982568233333
6a69421f-e399-4db8-897a-d8ef21b5e0a7,707b6ccf-c9d9-4c1d-97f4-516b572b2f9d,1697663982601322222
6a69421f-e399-4db8-897a-d8ef21b5e0a7,707b6ccf-c9d9-4c1d-97f4-516b572b2f9d,1697663982630955555
6a69421f-e399-4db8-897a-d8ef21b5e0a7,707b6ccf-c9d9-4c1d-97f4-516b572b2f9d,1697663982669433333
6a69421f-e399-4db8-897a-d8ef21b5e0a7,707b6ccf-c9d9-4c1d-97f4-516b572b2f9d,1697663982707011111
6a69421f-e399-4db8-897a-d8ef21b5e0a7,707b6ccf-c9d9-4c1d-97f4-516b572b2f9d,1697663982739144444
6a69421f-e399-4db8-897a-d8ef21b5e0a7,707b6ccf-c9d9-4c1d-97f4-516b572b2f9d,1697663982774755555
6a69421f-e399-4db8-897a-d8ef21b5e0a7,707b6ccf-c9d9-4c1d-97f4-516b572b2f9d,1697663982809744444
6a69421f-e399-4db8-897a-d8ef21b5e0a7,707b6ccf-c9d9-4c1d-97f4-516b572b2f9d,1697663982838977777
6a69421f-e399-4db8-897a-d8ef21b5e0a7,707b6ccf-c9d9-4c1d-97f4-516b572b2f9d,1697663982877600000
6a69421f-e399-4db8-897a-d8ef21b5e0a7,707b6ccf-c9d9-4c1d-97f4-516b572b2f9d,1697663982906411111
6a69421f-e399-4db8-897a-d8ef21b5e0a7,707b6ccf-c9d9-4c1d-97f4-516b572b2f9d,1697663982943666666
6a69421f-e399-4db8-897a-d8ef21b5e0a7,707b6ccf-c9d9-4c1d-97f4-516b572b2f9d,1697663982976333333
6a69421f-e399-4db8-897a-d8ef21b5e0a7,707b6ccf-c9d9-4c1d-97f4-516b572b2f9d,1697663983009344444
6a69421f-e399-4db8-897a-d8ef21b5e0a7,707b6ccf-c9d9-4c1d-97f4-516b572b2f9d,1697663983040855555
6a69421f-e399-4db8-897a-d8ef21b5e0a7,707b6ccf-c9d9-4c1d-97f4-516b572b2f9d,1697663983075722222
6a69421f-e399-4db8-897a-d8ef21b5e0a7,707b6ccf-c9d9-4c1d-97f4-516b572b2f9d,1697663983107411111
6a69421f-e399-4db8-897a-d8ef21b5e0a7,707b6ccf-c9d9-4c1d-97f4-516b572b2f9d,1697663983139688888
6a69421f-e399-4db8-897a-d8ef21b5e0a7,707b6ccf-c9d9-4c1d-97f4-516b572b2f9d,1697663983174888888
6a69421f-e399-4db8-897a-d8ef21b5e0a7,707b6ccf-c9d9-4c1d-97f4-516b572b2f9d,1697663983231322222
6a69421f-e399-4db8-897a-d8ef21b5e0a7,707b6ccf-c9d9-4c1d-97f4-516b572b2f9d,1697663983244933333
6a69421f-e399-4db8-897a-d8ef21b5e0a7,707b6ccf-c9d9-4c1d-97f4-516b572b2f9d,1697663983269855555
6a69421f-e399-4db8-897a-d8ef21b5e0a7,707b6ccf-c9d9-4c1d-97f4-516b572b2f9d,1697663983299488888
6a69421f-e399-4db8-897a-d8ef21b5e0a7,707b6ccf-c9d9-4c1d-97f4-516b572b2f9d,1697663983340911111
6a69421f-e399-4db8-897a-d8ef21b5e0a7,707b6ccf-c9d9-4c1d-97f4-516b572b2f9d,1697663983369877777
6a69421f-e399-4db8-897a-d8ef21b5e0a7,707b6ccf-c9d9-4c1d-97f4-516b572b2f9d,1697663983412066666
6a69421f-e399-4db8-897a-d8ef21b5e0a7,707b6ccf-c9d9-4c1d-97f4-516b572b2f9d,1697663983439633333
6a69421f-e399-4db8-897a-d8ef21b5e0a7,707b6ccf-c9d9-4c1d-97f4-516b572b2f9d,1697663983476688888
6a69421f-e399-4db8-897a-d8ef21b5e0a7,707b6ccf-c9d9-4c1d-97f4-516b572b2f9d,1697663983506588888
6a69421f-e399-4db8-897a-d8ef21b5e0a7,707b6ccf-c9d9-4c1d-97f4-516b572b2f9d,1697663983537900000
6a69421f-e399-4db8-897a-d8ef21b5e0a7,707b6ccf-c9d9-4c1d-97f4-516b572b2f9d,1697663983574844444
6a69421f-e399-4db8-897a-d8ef21b5e0a7,707b6ccf-c9d9-4c1d-97f4-516b572b2f9d,1697663983607055555
6a69421f-e399-4db8-897a-d8ef21b5e0a7,707b6ccf-c9d9-4c1d-97f4-516b572b2f9d,1697663983640044444
6a69421f-e399-4db8-897a-d8ef21b5e0a7,707b6ccf-c9d9-4c1d-97f4-516b572b2f9d,1697663983675888888
6a69421f-e399-4db8-897a-d8ef21b5e0a7,707b6ccf-c9d9-4c1d-97f4-516b572b2f9d,1697663983706144444
6a69421f-e399-4db8-897a-d8ef21b5e0a7,707b6ccf-c9d9-4c1d-97f4-516b572b2f9d,1697663983739811111
6a69421f-e399-4db8-897a-d8ef21b5e0a7,707b6ccf-c9d9-4c1d-97f4-516b572b2f9d,1697663983771577777
6a69421f-e399-4db8-897a-d8ef21b5e0a7,707b6ccf-c9d9-4c1d-97f4-516b572b2f9d,1697663983806877777
6a69421f-e399-4db8-897a-d8ef21b5e0a7,707b6ccf-c9d9-4c1d-97f4-516b572b2f9d,1697663983838655555
6a69421f-e399-4db8-897a-d8ef21b5e0a7,707b6ccf-c9d9-4c1d-97f4-516b572b2f9d,1697663983885922222
6a69421f-e399-4db8-897a-d8ef21b5e0a7,707b6ccf-c9d9-4c1d-97f4-516b572b2f9d,1697663983897766666
6a69421f-e399-4db8-897a-d8ef21b5e0a7,707b6ccf-c9d9-4c1d-97f4-516b572b2f9d,1697663983934600000
6a69421f-e399-4db8-897a-d8ef21b5e0a7,707b6ccf-c9d9-4c1d-97f4-516b572b2f9d,1697663983968722222
6a69421f-e399-4db8-897a-d8ef21b5e0a7,707b6ccf-c9d9-4c1d-97f4-516b572b2f9d,1697663983999366666
6a69421f-e399-4db8-897a-d8ef21b5e0a7,707b6ccf-c9d9-4c1d-97f4-516b572b2f9d,1697663984031488888
6a69421f-e399-4db8-897a-d8ef21b5e0a7,707b6ccf-c9d9-4c1d-97f4-516b572b2f9d,1697663984075122222
6a69421f-e399-4db8-897a-d8ef21b5e0a7,707b6ccf-c9d9-4c1d-97f4-516b572b2f9d,1697663984107622222
6a69421f-e399-4db8-897a-d8ef21b5e0a7,707b6ccf-c9d9-4c1d-97f4-516b572b2f9d,1697663984140700000
6a69421f-e399-4db8-897a-d8ef21b5e0a7,707b6ccf-c9d9-4c1d-97f4-516b572b2f9d,1697663984175655555
6a69421f-e399-4db8-897a-d8ef21b5e0a7,707b6ccf-c9d9-4c1d-97f4-516b572b2f9d,1697663984206922222
6a69421f-e399-4db8-897a-d8ef21b5e0a7,707b6ccf-c9d9-4c1d-97f4-516b572b2f9d,1697663984237300000
6a69421f-e399-4db8-897a-d8ef21b5e0a7,707b6ccf-c9d9-4c1d-97f4-516b572b2f9d,1697663984276022222
6a69421f-e399-4db8-897a-d8ef21b5e0a7,707b6ccf-c9d9-4c1d-97f4-516b572b2f9d,1697663984307822222
6a69421f-e399-4db8-897a-d8ef21b5e0a7,707b6ccf-c9d9-4c1d-97f4-516b572b2f9d,1697663984342144444
6a69421f-e399-4db8-897a-d8ef21b5e0a7,707b6ccf-c9d9-4c1d-97f4-516b572b2f9d,1697663984377100000
6a69421f-e399-4db8-897a-d8ef21b5e0a7,707b6ccf-c9d9-4c1d-97f4-516b572b2f9d,1697663984407844444
6a69421f-e399-4db8-897a-d8ef21b5e0a7,707b6ccf-c9d9-4c1d-97f4-516b572b2f9d,1697663984438077777
6a69421f-e399-4db8-897a-d8ef21b5e0a7,707b6ccf-c9d9-4c1d-97f4-516b572b2f9d,1697663984475333333
6a69421f-e399-4db8-897a-d8ef21b5e0a7,707b6ccf-c9d9-4c1d-97f4-516b572b2f9d,1697663984510011111
6a69421f-e399-4db8-897a-d8ef21b5e0a7,707b6ccf-c9d9-4c1d-97f4-516b572b2f9d,1697663984541055555
6a69421f-e399-4db8-897a-d8ef21b5e0a7,707b6ccf-c9d9-4c1d-97f4-516b572b2f9d,1697663984568100000
6a69421f-e399-4db8-897a-d8ef21b5e0a7,707b6ccf-c9d9-4c1d-97f4-516b572b2f9d,1697663984602655555
6a69421f-e399-4db8-897a-d8ef21b5e0a7,707b6ccf-c9d9-4c1d-97f4-516b572b2f9d,1697663984644088888
6a69421f-e399-4db8-897a-d8ef21b5e0a7,707b6ccf-c9d9-4c1d-97f4-516b572b2f9d,1697663984676277777
6a69421f-e399-4db8-897a-d8ef21b5e0a7,707b6ccf-c9d9-4c1d-97f4-516b572b2f9d,1697663984706188888
6a69421f-e399-4db8-897a-d8ef21b5e0a7,707b6ccf-c9d9-4c1d-97f4-516b572b2f9d,1697663984737911111
6a69421f-e399-4db8-897a-d8ef21b5e0a7,707b6ccf-c9d9-4c1d-97f4-516b572b2f9d,1697663984773133333
6a69421f-e399-4db8-897a-d8ef21b5e0a7,707b6ccf-c9d9-4c1d-97f4-516b572b2f9d,1697663984809966666
6a69421f-e399-4db8-897a-d8ef21b5e0a7,707b6ccf-c9d9-4c1d-97f4-516b572b2f9d,1697663984841177777
6a69421f-e399-4db8-897a-d8ef21b5e0a7,707b6ccf-c9d9-4c1d-97f4-516b572b2f9d,1697663984876922222
6a69421f-e399-4db8-897a-d8ef21b5e0a7,707b6ccf-c9d9-4c1d-97f4-516b572b2f9d,1697663984905733333
6a69421f-e399-4db8-897a-d8ef21b5e0a7,707b6ccf-c9d9-4c1d-97f4-516b572b2f9d,1697663984938433333
6a69421f-e399-4db8-897a-d8ef21b5e0a7,707b6ccf-c9d9-4c1d-97f4-516b572b2f9d,1697663984977977777
6a69421f-e399-4db8-897a-d8ef21b5e0a7,707b6ccf-c9d9-4c1d-97f4-516b572b2f9d,1697663985007444444
6a69421f-e399-4db8-897a-d8ef21b5e0a7,707b6ccf-c9d9-4c1d-97f4-516b572b2f9d,1697663985038244444
6a69421f-e399-4db8-897a-d8ef21b5e0a7,707b6ccf-c9d9-4c1d-97f4-516b572b2f9d,1697663985075711111
6a69421f-e399-4db8-897a-d8ef21b5e0a7,707b6ccf-c9d9-4c1d-97f4-516b572b2f9d,1697663985110244444
6a69421f-e399-4db8-897a-d8ef21b5e0a7,707b6ccf-c9d9-4c1d-97f4-516b572b2f9d,1697663985142388888
6a69421f-e399-4db8-897a-d8ef21b5e0a7,707b6ccf-c9d9-4c1d-97f4-516b572b2f9d,1697663985182200000
6a69421f-e399-4db8-897a-d8ef21b5e0a7,707b6ccf-c9d9-4c1d-97f4-516b572b2f9d,1697663985200944444
6a69421f-e399-4db8-897a-d8ef21b5e0a7,707b6ccf-c9d9-4c1d-97f4-516b572b2f9d,1697663985235088888
6a69421f-e399-4db8-897a-d8ef21b5e0a7,707b6ccf-c9d9-4c1d-97f4-516b572b2f9d,1697663985270222222
6a69421f-e399-4db8-897a-d8ef21b5e0a7,707b6ccf-c9d9-4c1d-97f4-516b572b2f9d,1697663985318922222
6a69421f-e399-4db8-897a-d8ef21b5e0a7,707b6ccf-c9d9-4c1d-97f4-516b572b2f9d,1697663985330466666
6a69421f-e399-4db8-897a-d8ef21b5e0a7,707b6ccf-c9d9-4c1d-97f4-516b572b2f9d,1697663985375255555
6a69421f-e399-4db8-897a-d8ef21b5e0a7,707b6ccf-c9d9-4c1d-97f4-516b572b2f9d,1697663985407522222
6a69421f-e399-4db8-897a-d8ef21b5e0a7,707b6ccf-c9d9-4c1d-97f4-516b572b2f9d,1697663985439200000
6a69421f-e399-4db8-897a-d8ef21b5e0a7,707b6ccf-c9d9-4c1d-97f4-516b572b2f9d,1697663985475000000
6a69421f-e399-4db8-897a-d8ef21b5e0a7,707b6ccf-c9d9-4c1d-97f4-516b572b2f9d,1697663985511055555
6a69421f-e399-4db8-897a-d8ef21b5e0a7,707b6ccf-c9d9-4c1d-97f4-516b572b2f9d,1697663985539788888
6a69421f-e399-4db8-897a-d8ef21b5e0a7,707b6ccf-c9d9-4c1d-97f4-516b572b2f9d,1697663985579666666
6a69421f-e399-4db8-897a-d8ef21b5e0a7,707b6ccf-c9d9-4c1d-97f4-516b572b2f9d,1697663985610255555
6a69421f-e399-4db8-897a-d8ef21b5e0a7,707b6ccf-c9d9-4c1d-97f4-516b572b2f9d,1697663985640900000
6a69421f-e399-4db8-897a-d8ef21b5e0a7,707b6ccf-c9d9-4c1d-97f4-516b572b2f9d,1697663985673766666
6a69421f-e399-4db8-897a-d8ef21b5e0a7,707b6ccf-c9d9-4c1d-97f4-516b572b2f9d,1697663985707711111
6a69421f-e399-4db8-897a-d8ef21b5e0a7,707b6ccf-c9d9-4c1d-97f4-516b572b2f9d,1697663985737622222
6a69421f-e399-4db8-897a-d8ef21b5e0a7,707b6ccf-c9d9-4c1d-97f4-516b572b2f9d,1697663985771044444
6a69421f-e399-4db8-897a-d8ef21b5e0a7,707b6ccf-c9d9-4c1d-97f4-516b572b2f9d,1697663985809322222
6a69421f-e399-4db8-897a-d8ef21b5e0a7,707b6ccf-c9d9-4c1d-97f4-516b572b2f9d,1697663985840011111
6a69421f-e399-4db8-897a-d8ef21b5e0a7,707b6ccf-c9d9-4c1d-97f4-516b572b2f9d,1697663985861777777
6a69421f-e399-4db8-897a-d8ef21b5e0a7,707b6ccf-c9d9-4c1d-97f4-516b572b2f9d,1697663985903377777
6a69421f-e399-4db8-897a-d8ef21b5e0a7,707b6ccf-c9d9-4c1d-97f4-516b572b2f9d,1697663985930433333
6a69421f-e399-4db8-897a-d8ef21b5e0a7,707b6ccf-c9d9-4c1d-97f4-516b572b2f9d,1697663985962111111
6a69421f-e399-4db8-897a-d8ef21b5e0a7,707b6ccf-c9d9-4c1d-97f4-516b572b2f9d,1697663986006677777
6a69421f-e399-4db8-897a-d8ef21b5e0a7,707b6ccf-c9d9-4c1d-97f4-516b572b2f9d,1697663986038777777
6a69421f-e399-4db8-897a-d8ef21b5e0a7,707b6ccf-c9d9-4c1d-97f4-516b572b2f9d,1697663986069622222
6a69421f-e399-4db8-897a-d8ef21b5e0a7,707b6ccf-c9d9-4c1d-97f4-516b572b2f9d,1697663986108077777
6a69421f-e399-4db8-897a-d8ef21b5e0a7,707b6ccf-c9d9-4c1d-97f4-516b572b2f9d,1697663986142311111
6a69421f-e399-4db8-897a-d8ef21b5e0a7,707b6ccf-c9d9-4c1d-97f4-516b572b2f9d,1697663986163133333
6a69421f-e399-4db8-897a-d8ef21b5e0a7,707b6ccf-c9d9-4c1d-97f4-516b572b2f9d,1697663986208722222
6a69421f-e399-4db8-897a-d8ef21b5e0a7,707b6ccf-c9d9-4c1d-97f4-516b572b2f9d,1697663986240000000
6a69421f-e399-4db8-897a-d8ef21b5e0a7,707b6ccf-c9d9-4c1d-97f4-516b572b2f9d,1697663986268677777
6a69421f-e399-4db8-897a-d8ef21b5e0a7,707b6ccf-c9d9-4c1d-97f4-516b572b2f9d,1697663986310955555
6a69421f-e399-4db8-897a-d8ef21b5e0a7,707b6ccf-c9d9-4c1d-97f4-516b572b2f9d,1697663986338022222
6a69421f-e399-4db8-897a-d8ef21b5e0a7,707b6ccf-c9d9-4c1d-97f4-516b572b2f9d,1697663986374311111
6a69421f-e399-4db8-897a-d8ef21b5e0a7,707b6ccf-c9d9-4c1d-97f4-516b572b2f9d,1697663986406577777
6a69421f-e399-4db8-897a-d8ef21b5e0a7,707b6ccf-c9d9-4c1d-97f4-516b572b2f9d,1697663986441922222
6a69421f-e399-4db8-897a-d8ef21b5e0a7,707b6ccf-c9d9-4c1d-97f4-516b572b2f9d,1697663986471333333
6a69421f-e399-4db8-897a-d8ef21b5e0a7,707b6ccf-c9d9-4c1d-97f4-516b572b2f9d,1697663986517855555
6a69421f-e399-4db8-897a-d8ef21b5e0a7,707b6ccf-c9d9-4c1d-97f4-516b572b2f9d,1697663986537933333
6a69421f-e399-4db8-897a-d8ef21b5e0a7,707b6ccf-c9d9-4c1d-97f4-516b572b2f9d,1697663986563244444
6a69421f-e399-4db8-897a-d8ef21b5e0a7,707b6ccf-c9d9-4c1d-97f4-516b572b2f9d,1697663986603666666
6a69421f-e399-4db8-897a-d8ef21b5e0a7,707b6ccf-c9d9-4c1d-97f4-516b572b2f9d,1697663986635055555
6a69421f-e399-4db8-897a-d8ef21b5e0a7,707b6ccf-c9d9-4c1d-97f4-516b572b2f9d,1697663986660733333
6a69421f-e399-4db8-897a-d8ef21b5e0a7,707b6ccf-c9d9-4c1d-97f4-516b572b2f9d,1697663986708066666
6a69421f-e399-4db8-897a-d8ef21b5e0a7,707b6ccf-c9d9-4c1d-97f4-516b572b2f9d,1697663986739922222
6a69421f-e399-4db8-897a-d8ef21b5e0a7,707b6ccf-c9d9-4c1d-97f4-516b572b2f9d,1697663986771211111
6a69421f-e399-4db8-897a-d8ef21b5e0a7,707b6ccf-c9d9-4c1d-97f4-516b572b2f9d,1697663986808511111
6a69421f-e399-4db8-897a-d8ef21b5e0a7,707b6ccf-c9d9-4c1d-97f4-516b572b2f9d,1697663986838955555
6a69421f-e399-4db8-897a-d8ef21b5e0a7,707b6ccf-c9d9-4c1d-97f4-516b572b2f9d,1697663986873133333
6a69421f-e399-4db8-897a-d8ef21b5e0a7,707b6ccf-c9d9-4c1d-97f4-516b572b2f9d,1697663986908677777
6a69421f-e399-4db8-897a-d8ef21b5e0a7,707b6ccf-c9d9-4c1d-97f4-516b572b2f9d,1697663986940088888
6a69421f-e399-4db8-897a-d8ef21b5e0a7,707b6ccf-c9d9-4c1d-97f4-516b572b2f9d,1697663986969955555
6a69421f-e399-4db8-897a-d8ef21b5e0a7,707b6ccf-c9d9-4c1d-97f4-516b572b2f9d,1697663987009877777
6a69421f-e399-4db8-897a-d8ef21b5e0a7,707b6ccf-c9d9-4c1d-97f4-516b572b2f9d,1697663987042344444
6a69421f-e399-4db8-897a-d8ef21b5e0a7,707b6ccf-c9d9-4c1d-97f4-516b572b2f9d,1697663987063844444
6a69421f-e399-4db8-897a-d8ef21b5e0a7,707b6ccf-c9d9-4c1d-97f4-516b572b2f9d,1697663987110944444
6a69421f-e399-4db8-897a-d8ef21b5e0a7,707b6ccf-c9d9-4c1d-97f4-516b572b2f9d,1697663987140533333
6a69421f-e399-4db8-897a-d8ef21b5e0a7,707b6ccf-c9d9-4c1d-97f4-516b572b2f9d,1697663987174988888
6a69421f-e399-4db8-897a-d8ef21b5e0a7,707b6ccf-c9d9-4c1d-97f4-516b572b2f9d,1697663987200277777
6a69421f-e399-4db8-897a-d8ef21b5e0a7,707b6ccf-c9d9-4c1d-97f4-516b572b2f9d,1697663987236088888
6a69421f-e399-4db8-897a-d8ef21b5e0a7,707b6ccf-c9d9-4c1d-97f4-516b572b2f9d,1697663987273611111
6a69421f-e399-4db8-897a-d8ef21b5e0a7,707b6ccf-c9d9-4c1d-97f4-516b572b2f9d,1697663987302577777
6a69421f-e399-4db8-897a-d8ef21b5e0a7,707b6ccf-c9d9-4c1d-97f4-516b572b2f9d,1697663987330700000
6a69421f-e399-4db8-897a-d8ef21b5e0a7,707b6ccf-c9d9-4c1d-97f4-516b572b2f9d,1697663987371100000
6a69421f-e399-4db8-897a-d8ef21b5e0a7,707b6ccf-c9d9-4c1d-97f4-516b572b2f9d,1697663987409277777
6a69421f-e399-4db8-897a-d8ef21b5e0a7,707b6ccf-c9d9-4c1d-97f4-516b572b2f9d,1697663987441022222
6a69421f-e399-4db8-897a-d8ef21b5e0a7,707b6ccf-c9d9-4c1d-97f4-516b572b2f9d,1697663987463911111
6a69421f-e399-4db8-897a-d8ef21b5e0a7,707b6ccf-c9d9-4c1d-97f4-516b572b2f9d,1697663987510911111
6a69421f-e399-4db8-897a-d8ef21b5e0a7,707b6ccf-c9d9-4c1d-97f4-516b572b2f9d,1697663987538955555
6a69421f-e399-4db8-897a-d8ef21b5e0a7,707b6ccf-c9d9-4c1d-97f4-516b572b2f9d,1697663987575355555
6a69421f-e399-4db8-897a-d8ef21b5e0a7,707b6ccf-c9d9-4c1d-97f4-516b572b2f9d,1697663987607611111
6a69421f-e399-4db8-897a-d8ef21b5e0a7,707b6ccf-c9d9-4c1d-97f4-516b572b2f9d,1697663987637366666
6a69421f-e399-4db8-897a-d8ef21b5e0a7,707b6ccf-c9d9-4c1d-97f4-516b572b2f9d,1697663987671100000
6a69421f-e399-4db8-897a-d8ef21b5e0a7,707b6ccf-c9d9-4c1d-97f4-516b572b2f9d,1697663987705988888
6a69421f-e399-4db8-897a-d8ef21b5e0a7,707b6ccf-c9d9-4c1d-97f4-516b572b2f9d,1697663987741022222
6a69421f-e399-4db8-897a-d8ef21b5e0a7,707b6ccf-c9d9-4c1d-97f4-516b572b2f9d,1697663987768933333
6a69421f-e399-4db8-897a-d8ef21b5e0a7,707b6ccf-c9d9-4c1d-97f4-516b572b2f9d,1697663987811777777
6a69421f-e399-4db8-897a-d8ef21b5e0a7,707b6ccf-c9d9-4c1d-97f4-516b572b2f9d,1697663987847044444
6a69421f-e399-4db8-897a-d8ef21b5e0a7,707b6ccf-c9d9-4c1d-97f4-516b572b2f9d,1697663987863655555
6a69421f-e399-4db8-897a-d8ef21b5e0a7,707b6ccf-c9d9-4c1d-97f4-516b572b2f9d,1697663987898655555
6a69421f-e399-4db8-897a-d8ef21b5e0a7,707b6ccf-c9d9-4c1d-97f4-516b572b2f9d,1697663987933466666
6a69421f-e399-4db8-897a-d8ef21b5e0a7,707b6ccf-c9d9-4c1d-97f4-516b572b2f9d,1697663987977122222
6a69421f-e399-4db8-897a-d8ef21b5e0a7,707b6ccf-c9d9-4c1d-97f4-516b572b2f9d,1697663988009700000
6a69421f-e399-4db8-897a-d8ef21b5e0a7,707b6ccf-c9d9-4c1d-97f4-516b572b2f9d,1697663988040188888
6a69421f-e399-4db8-897a-d8ef21b5e0a7,707b6ccf-c9d9-4c1d-97f4-516b572b2f9d,1697663988064755555
6a69421f-e399-4db8-897a-d8ef21b5e0a7,707b6ccf-c9d9-4c1d-97f4-516b572b2f9d,1697663988108688888
6a69421f-e399-4db8-897a-d8ef21b5e0a7,707b6ccf-c9d9-4c1d-97f4-516b572b2f9d,1697663988137511111
6a69421f-e399-4db8-897a-d8ef21b5e0a7,707b6ccf-c9d9-4c1d-97f4-516b572b2f9d,1697663988171700000
6a69421f-e399-4db8-897a-d8ef21b5e0a7,707b6ccf-c9d9-4c1d-97f4-516b572b2f9d,1697663988213155555
6a69421f-e399-4db8-897a-d8ef21b5e0a7,707b6ccf-c9d9-4c1d-97f4-516b572b2f9d,1697663988238755555
6a69421f-e399-4db8-897a-d8ef21b5e0a7,707b6ccf-c9d9-4c1d-97f4-516b572b2f9d,1697663988269833333
6a69421f-e399-4db8-897a-d8ef21b5e0a7,707b6ccf-c9d9-4c1d-97f4-516b572b2f9d,1697663988310133333
6a69421f-e399-4db8-897a-d8ef21b5e0a7,707b6ccf-c9d9-4c1d-97f4-516b572b2f9d,1697663988339111111
6a69421f-e399-4db8-897a-d8ef21b5e0a7,707b6ccf-c9d9-4c1d-97f4-516b572b2f9d,1697663988369211111
6a69421f-e399-4db8-897a-d8ef21b5e0a7,707b6ccf-c9d9-4c1d-97f4-516b572b2f9d,1697663988406611111
6a69421f-e399-4db8-897a-d8ef21b5e0a7,707b6ccf-c9d9-4c1d-97f4-516b572b2f9d,1697663988440155555
6a69421f-e399-4db8-897a-d8ef21b5e0a7,707b6ccf-c9d9-4c1d-97f4-516b572b2f9d,1697663988474244444
6a69421f-e399-4db8-897a-d8ef21b5e0a7,707b6ccf-c9d9-4c1d-97f4-516b572b2f9d,1697663988504977777
6a69421f-e399-4db8-897a-d8ef21b5e0a7,707b6ccf-c9d9-4c1d-97f4-516b572b2f9d,1697663988536233333
6a69421f-e399-4db8-897a-d8ef21b5e0a7,707b6ccf-c9d9-4c1d-97f4-516b572b2f9d,1697663988562888888
6a69421f-e399-4db8-897a-d8ef21b5e0a7,707b6ccf-c9d9-4c1d-97f4-516b572b2f9d,1697663988615366666
6a69421f-e399-4db8-897a-d8ef21b5e0a7,707b6ccf-c9d9-4c1d-97f4-516b572b2f9d,1697663988634900000
6a69421f-e399-4db8-897a-d8ef21b5e0a7,707b6ccf-c9d9-4c1d-97f4-516b572b2f9d,1697663988661588888
6a69421f-e399-4db8-897a-d8ef21b5e0a7,707b6ccf-c9d9-4c1d-97f4-516b572b2f9d,1697663988708644444
6a69421f-e399-4db8-897a-d8ef21b5e0a7,707b6ccf-c9d9-4c1d-97f4-516b572b2f9d,1697663988738788888
6a69421f-e399-4db8-897a-d8ef21b5e0a7,707b6ccf-c9d9-4c1d-97f4-516b572b2f9d,1697663988771077777
6a69421f-e399-4db8-897a-d8ef21b5e0a7,707b6ccf-c9d9-4c1d-97f4-516b572b2f9d,1697663988810400000
6a69421f-e399-4db8-897a-d8ef21b5e0a7,707b6ccf-c9d9-4c1d-97f4-516b572b2f9d,1697663988837922222
6a69421f-e399-4db8-897a-d8ef21b5e0a7,707b6ccf-c9d9-4c1d-97f4-516b572b2f9d,1697663988870822222
6a69421f-e399-4db8-897a-d8ef21b5e0a7,707b6ccf-c9d9-4c1d-97f4-516b572b2f9d,1697663988902122222
6a69421f-e399-4db8-897a-d8ef21b5e0a7,707b6ccf-c9d9-4c1d-97f4-516b572b2f9d,1697663988942033333
6a69421f-e399-4db8-897a-d8ef21b5e0a7,707b6ccf-c9d9-4c1d-97f4-516b572b2f9d,1697663988970755555
6a69421f-e399-4db8-897a-d8ef21b5e0a7,707b6ccf-c9d9-4c1d-97f4-516b572b2f9d,1697663989002422222
6a69421f-e399-4db8-897a-d8ef21b5e0a7,707b6ccf-c9d9-4c1d-97f4-516b572b2f9d,1697663989039044444
6a69421f-e399-4db8-897a-d8ef21b5e0a7,707b6ccf-c9d9-4c1d-97f4-516b572b2f9d,1697663989073400000
6a69421f-e399-4db8-897a-d8ef21b5e0a7,707b6ccf-c9d9-4c1d-97f4-516b572b2f9d,1697663989101411111
6a69421f-e399-4db8-897a-d8ef21b5e0a7,707b6ccf-c9d9-4c1d-97f4-516b572b2f9d,1697663989140677777
6a69421f-e399-4db8-897a-d8ef21b5e0a7,707b6ccf-c9d9-4c1d-97f4-516b572b2f9d,1697663989173933333
6a69421f-e399-4db8-897a-d8ef21b5e0a7,707b6ccf-c9d9-4c1d-97f4-516b572b2f9d,1697663989194822222
6a69421f-e399-4db8-897a-d8ef21b5e0a7,707b6ccf-c9d9-4c1d-97f4-516b572b2f9d,1697663989231988888
6a69421f-e399-4db8-897a-d8ef21b5e0a7,707b6ccf-c9d9-4c1d-97f4-516b572b2f9d,1697663989261833333
6a69421f-e399-4db8-897a-d8ef21b5e0a7,707b6ccf-c9d9-4c1d-97f4-516b572b2f9d,1697663989296844444
6a69421f-e399-4db8-897a-d8ef21b5e0a7,707b6ccf-c9d9-4c1d-97f4-516b572b2f9d,1697663989334644444
6a69421f-e399-4db8-897a-d8ef21b5e0a7,707b6ccf-c9d9-4c1d-97f4-516b572b2f9d,1697663989375833333
6a69421f-e399-4db8-897a-d8ef21b5e0a7,707b6ccf-c9d9-4c1d-97f4-516b572b2f9d,1697663989408488888
6a69421f-e399-4db8-897a-d8ef21b5e0a7,707b6ccf-c9d9-4c1d-97f4-516b572b2f9d,1697663989444377777
6a69421f-e399-4db8-897a-d8ef21b5e0a7,707b6ccf-c9d9-4c1d-97f4-516b572b2f9d,1697663989471622222
6a69421f-e399-4db8-897a-d8ef21b5e0a7,707b6ccf-c9d9-4c1d-97f4-516b572b2f9d,1697663989503966666
6a69421f-e399-4db8-897a-d8ef21b5e0a7,707b6ccf-c9d9-4c1d-97f4-516b572b2f9d,1697663989538944444
6a69421f-e399-4db8-897a-d8ef21b5e0a7,707b6ccf-c9d9-4c1d-97f4-516b572b2f9d,1697663989570855555
6a69421f-e399-4db8-897a-d8ef21b5e0a7,707b6ccf-c9d9-4c1d-97f4-516b572b2f9d,1697663989602877777
6a69421f-e399-4db8-897a-d8ef21b5e0a7,707b6ccf-c9d9-4c1d-97f4-516b572b2f9d,1697663989643011111
6a69421f-e399-4db8-897a-d8ef21b5e0a7,707b6ccf-c9d9-4c1d-97f4-516b572b2f9d,1697663989670144444
6a69421f-e399-4db8-897a-d8ef21b5e0a7,707b6ccf-c9d9-4c1d-97f4-516b572b2f9d,1697663989703411111
6a69421f-e399-4db8-897a-d8ef21b5e0a7,707b6ccf-c9d9-4c1d-97f4-516b572b2f9d,1697663989742811111
6a69421f-e399-4db8-897a-d8ef21b5e0a7,707b6ccf-c9d9-4c1d-97f4-516b572b2f9d,1697663989764322222
6a69421f-e399-4db8-897a-d8ef21b5e0a7,707b6ccf-c9d9-4c1d-97f4-516b572b2f9d,1697663989805977777
6a69421f-e399-4db8-897a-d8ef21b5e0a7,707b6ccf-c9d9-4c1d-97f4-516b572b2f9d,1697663989839200000
6a69421f-e399-4db8-897a-d8ef21b5e0a7,707b6ccf-c9d9-4c1d-97f4-516b572b2f9d,1697663989861277777
6a69421f-e399-4db8-897a-d8ef21b5e0a7,707b6ccf-c9d9-4c1d-97f4-516b572b2f9d,1697663989892211111
6a69421f-e399-4db8-897a-d8ef21b5e0a7,707b6ccf-c9d9-4c1d-97f4-516b572b2f9d,1697663989934422222
6a69421f-e399-4db8-897a-d8ef21b5e0a7,707b6ccf-c9d9-4c1d-97f4-516b572b2f9d,1697663989967722222
6a69421f-e399-4db8-897a-d8ef21b5e0a7,707b6ccf-c9d9-4c1d-97f4-516b572b2f9d,1697663990001211111
6a69421f-e399-4db8-897a-d8ef21b5e0a7,707b6ccf-c9d9-4c1d-97f4-516b572b2f9d,1697663990039555555
6a69421f-e399-4db8-897a-d8ef21b5e0a7,707b6ccf-c9d9-4c1d-97f4-516b572b2f9d,1697663990070277777
6a69421f-e399-4db8-897a-d8ef21b5e0a7,707b6ccf-c9d9-4c1d-97f4-516b572b2f9d,1697663990105055555
6a69421f-e399-4db8-897a-d8ef21b5e0a7,707b6ccf-c9d9-4c1d-97f4-516b572b2f9d,1697663990138988888
6a69421f-e399-4db8-897a-d8ef21b5e0a7,707b6ccf-c9d9-4c1d-97f4-516b572b2f9d,1697663990170422222
6a69421f-e399-4db8-897a-d8ef21b5e0a7,707b6ccf-c9d9-4c1d-97f4-516b572b2f9d,1697663990203255555
6a69421f-e399-4db8-897a-d8ef21b5e0a7,707b6ccf-c9d9-4c1d-97f4-516b572b2f9d,1697663990239688888
6a69421f-e399-4db8-897a-d8ef21b5e0a7,707b6ccf-c9d9-4c1d-97f4-516b572b2f9d,1697663990271011111
6a69421f-e399-4db8-897a-d8ef21b5e0a7,707b6ccf-c9d9-4c1d-97f4-516b572b2f9d,1697663990302133333
6a69421f-e399-4db8-897a-d8ef21b5e0a7,707b6ccf-c9d9-4c1d-97f4-516b572b2f9d,1697663990340055555
6a69421f-e399-4db8-897a-d8ef21b5e0a7,707b6ccf-c9d9-4c1d-97f4-516b572b2f9d,1697663990374955555
6a69421f-e399-4db8-897a-d8ef21b5e0a7,707b6ccf-c9d9-4c1d-97f4-516b572b2f9d,1697663990404966666
6a69421f-e399-4db8-897a-d8ef21b5e0a7,707b6ccf-c9d9-4c1d-97f4-516b572b2f9d,1697663990439733333
6a69421f-e399-4db8-897a-d8ef21b5e0a7,707b6ccf-c9d9-4c1d-97f4-516b572b2f9d,1697663990470111111
6a69421f-e399-4db8-897a-d8ef21b5e0a7,707b6ccf-c9d9-4c1d-97f4-516b572b2f9d,1697663990507777777
6a69421f-e399-4db8-897a-d8ef21b5e0a7,707b6ccf-c9d9-4c1d-97f4-516b572b2f9d,1697663990533933333
6a69421f-e399-4db8-897a-d8ef21b5e0a7,707b6ccf-c9d9-4c1d-97f4-516b572b2f9d,1697663990581244444
6a69421f-e399-4db8-897a-d8ef21b5e0a7,707b6ccf-c9d9-4c1d-97f4-516b572b2f9d,1697663990598677777
6a69421f-e399-4db8-897a-d8ef21b5e0a7,707b6ccf-c9d9-4c1d-97f4-516b572b2f9d,1697663990631822222
6a69421f-e399-4db8-897a-d8ef21b5e0a7,707b6ccf-c9d9-4c1d-97f4-516b572b2f9d,1697663990669988888
6a69421f-e399-4db8-897a-d8ef21b5e0a7,707b6ccf-c9d9-4c1d-97f4-516b572b2f9d,1697663990704500000
6a69421f-e399-4db8-897a-d8ef21b5e0a7,707b6ccf-c9d9-4c1d-97f4-516b572b2f9d,1697663990741255555
6a69421f-e399-4db8-897a-d8ef21b5e0a7,707b6ccf-c9d9-4c1d-97f4-516b572b2f9d,1697663990763077777
6a69421f-e399-4db8-897a-d8ef21b5e0a7,707b6ccf-c9d9-4c1d-97f4-516b572b2f9d,1697663990803600000
6a69421f-e399-4db8-897a-d8ef21b5e0a7,707b6ccf-c9d9-4c1d-97f4-516b572b2f9d,1697663990839088888
6a69421f-e399-4db8-897a-d8ef21b5e0a7,707b6ccf-c9d9-4c1d-97f4-516b572b2f9d,1697663990870411111
6a69421f-e399-4db8-897a-d8ef21b5e0a7,707b6ccf-c9d9-4c1d-97f4-516b572b2f9d,1697663990900177777
6a69421f-e399-4db8-897a-d8ef21b5e0a7,707b6ccf-c9d9-4c1d-97f4-516b572b2f9d,1697663990942400000
6a69421f-e399-4db8-897a-d8ef21b5e0a7,707b6ccf-c9d9-4c1d-97f4-516b572b2f9d,1697663990962733333
6a69421f-e399-4db8-897a-d8ef21b5e0a7,707b6ccf-c9d9-4c1d-97f4-516b572b2f9d,1697663991000633333
6a69421f-e399-4db8-897a-d8ef21b5e0a7,707b6ccf-c9d9-4c1d-97f4-516b572b2f9d,1697663991038466666
6a69421f-e399-4db8-897a-d8ef21b5e0a7,707b6ccf-c9d9-4c1d-97f4-516b572b2f9d,1697663991070000000
6a69421f-e399-4db8-897a-d8ef21b5e0a7,707b6ccf-c9d9-4c1d-97f4-516b572b2f9d,1697663991101533333
6a69421f-e399-4db8-897a-d8ef21b5e0a7,707b6ccf-c9d9-4c1d-97f4-516b572b2f9d,1697663991136888888
6a69421f-e399-4db8-897a-d8ef21b5e0a7,707b6ccf-c9d9-4c1d-97f4-516b572b2f9d,1697663991170011111
6a69421f-e399-4db8-897a-d8ef21b5e0a7,707b6ccf-c9d9-4c1d-97f4-516b572b2f9d,1697663991216644444
6a69421f-e399-4db8-897a-d8ef21b5e0a7,707b6ccf-c9d9-4c1d-97f4-516b572b2f9d,1697663991245722222
6a69421f-e399-4db8-897a-d8ef21b5e0a7,707b6ccf-c9d9-4c1d-97f4-516b572b2f9d,1697663991266888888
6a69421f-e399-4db8-897a-d8ef21b5e0a7,707b6ccf-c9d9-4c1d-97f4-516b572b2f9d,1697663991293300000
6a69421f-e399-4db8-897a-d8ef21b5e0a7,707b6ccf-c9d9-4c1d-97f4-516b572b2f9d,1697663991339022222
6a69421f-e399-4db8-897a-d8ef21b5e0a7,707b6ccf-c9d9-4c1d-97f4-516b572b2f9d,1697663991375200000
6a69421f-e399-4db8-897a-d8ef21b5e0a7,707b6ccf-c9d9-4c1d-97f4-516b572b2f9d,1697663991402677777
6a69421f-e399-4db8-897a-d8ef21b5e0a7,707b6ccf-c9d9-4c1d-97f4-516b572b2f9d,1697663991437600000
6a69421f-e399-4db8-897a-d8ef21b5e0a7,707b6ccf-c9d9-4c1d-97f4-516b572b2f9d,1697663991473555555
6a69421f-e399-4db8-897a-d8ef21b5e0a7,707b6ccf-c9d9-4c1d-97f4-516b572b2f9d,1697663991501400000
6a69421f-e399-4db8-897a-d8ef21b5e0a7,707b6ccf-c9d9-4c1d-97f4-516b572b2f9d,1697663991539022222
6a69421f-e399-4db8-897a-d8ef21b5e0a7,707b6ccf-c9d9-4c1d-97f4-516b572b2f9d,1697663991570077777
6a69421f-e399-4db8-897a-d8ef21b5e0a7,707b6ccf-c9d9-4c1d-97f4-516b572b2f9d,1697663991604577777
6a69421f-e399-4db8-897a-d8ef21b5e0a7,707b6ccf-c9d9-4c1d-97f4-516b572b2f9d,1697663991648266666
6a69421f-e399-4db8-897a-d8ef21b5e0a7,707b6ccf-c9d9-4c1d-97f4-516b572b2f9d,1697663991676222222
6a69421f-e399-4db8-897a-d8ef21b5e0a7,707b6ccf-c9d9-4c1d-97f4-516b572b2f9d,1697663991705700000
6a69421f-e399-4db8-897a-d8ef21b5e0a7,707b6ccf-c9d9-4c1d-97f4-516b572b2f9d,1697663991737644444
6a69421f-e399-4db8-897a-d8ef21b5e0a7,707b6ccf-c9d9-4c1d-97f4-516b572b2f9d,1697663991770933333
6a69421f-e399-4db8-897a-d8ef21b5e0a7,707b6ccf-c9d9-4c1d-97f4-516b572b2f9d,1697663991800788888
6a69421f-e399-4db8-897a-d8ef21b5e0a7,707b6ccf-c9d9-4c1d-97f4-516b572b2f9d,1697663991849266666
6a69421f-e399-4db8-897a-d8ef21b5e0a7,707b6ccf-c9d9-4c1d-97f4-516b572b2f9d,1697663991862733333
6a69421f-e399-4db8-897a-d8ef21b5e0a7,707b6ccf-c9d9-4c1d-97f4-516b572b2f9d,1697663991902322222
6a69421f-e399-4db8-897a-d8ef21b5e0a7,707b6ccf-c9d9-4c1d-97f4-516b572b2f9d,1697663991941122222
6a69421f-e399-4db8-897a-d8ef21b5e0a7,707b6ccf-c9d9-4c1d-97f4-516b572b2f9d,1697663991964400000
6a69421f-e399-4db8-897a-d8ef21b5e0a7,707b6ccf-c9d9-4c1d-97f4-516b572b2f9d,1697663992008222222
6a69421f-e399-4db8-897a-d8ef21b5e0a7,707b6ccf-c9d9-4c1d-97f4-516b572b2f9d,1697663992041877777
6a69421f-e399-4db8-897a-d8ef21b5e0a7,707b6ccf-c9d9-4c1d-97f4-516b572b2f9d,1697663992063144444
6a69421f-e399-4db8-897a-d8ef21b5e0a7,707b6ccf-c9d9-4c1d-97f4-516b572b2f9d,1697663992106666666
6a69421f-e399-4db8-897a-d8ef21b5e0a7,707b6ccf-c9d9-4c1d-97f4-516b572b2f9d,1697663992134177777
6a69421f-e399-4db8-897a-d8ef21b5e0a7,707b6ccf-c9d9-4c1d-97f4-516b572b2f9d,1697663992169300000
6a69421f-e399-4db8-897a-d8ef21b5e0a7,707b6ccf-c9d9-4c1d-97f4-516b572b2f9d,1697663992202522222
6a69421f-e399-4db8-897a-d8ef21b5e0a7,707b6ccf-c9d9-4c1d-97f4-516b572b2f9d,1697663992237722222
6a69421f-e399-4db8-897a-d8ef21b5e0a7,707b6ccf-c9d9-4c1d-97f4-516b572b2f9d,1697663992270922222
6a69421f-e399-4db8-897a-d8ef21b5e0a7,707b6ccf-c9d9-4c1d-97f4-516b572b2f9d,1697663992302800000
6a69421f-e399-4db8-897a-d8ef21b5e0a7,707b6ccf-c9d9-4c1d-97f4-516b572b2f9d,1697663992337477777
6a69421f-e399-4db8-897a-d8ef21b5e0a7,707b6ccf-c9d9-4c1d-97f4-516b572b2f9d,1697663992373722222
6a69421f-e399-4db8-897a-d8ef21b5e0a7,707b6ccf-c9d9-4c1d-97f4-516b572b2f9d,1697663992403366666
6a69421f-e399-4db8-897a-d8ef21b5e0a7,707b6ccf-c9d9-4c1d-97f4-516b572b2f9d,1697663992436422222
6a69421f-e399-4db8-897a-d8ef21b5e0a7,707b6ccf-c9d9-4c1d-97f4-516b572b2f9d,1697663992472188888
6a69421f-e399-4db8-897a-d8ef21b5e0a7,707b6ccf-c9d9-4c1d-97f4-516b572b2f9d,1697663992505933333
6a69421f-e399-4db8-897a-d8ef21b5e0a7,707b6ccf-c9d9-4c1d-97f4-516b572b2f9d,1697663992527400000
6a69421f-e399-4db8-897a-d8ef21b5e0a7,707b6ccf-c9d9-4c1d-97f4-516b572b2f9d,1697663992566166666
6a69421f-e399-4db8-897a-d8ef21b5e0a7,707b6ccf-c9d9-4c1d-97f4-516b572b2f9d,1697663992609744444
6a69421f-e399-4db8-897a-d8ef21b5e0a7,707b6ccf-c9d9-4c1d-97f4-516b572b2f9d,1697663992641388888
6a69421f-e399-4db8-897a-d8ef21b5e0a7,707b6ccf-c9d9-4c1d-97f4-516b572b2f9d,1697663992660222222
6a69421f-e399-4db8-897a-d8ef21b5e0a7,707b6ccf-c9d9-4c1d-97f4-516b572b2f9d,1697663992701000000
6a69421f-e399-4db8-897a-d8ef21b5e0a7,707b6ccf-c9d9-4c1d-97f4-516b572b2f9d,1697663992734622222
6a69421f-e399-4db8-897a-d8ef21b5e0a7,707b6ccf-c9d9-4c1d-97f4-516b572b2f9d,1697663992769622222
6a69421f-e399-4db8-897a-d8ef21b5e0a7,707b6ccf-c9d9-4c1d-97f4-516b572b2f9d,1697663992805155555
6a69421f-e399-4db8-897a-d8ef21b5e0a7,707b6ccf-c9d9-4c1d-97f4-516b572b2f9d,1697663992835966666
6a69421f-e399-4db8-897a-d8ef21b5e0a7,707b6ccf-c9d9-4c1d-97f4-516b572b2f9d,1697663992869988888
6a69421f-e399-4db8-897a-d8ef21b5e0a7,707b6ccf-c9d9-4c1d-97f4-516b572b2f9d,1697663992901833333
6a69421f-e399-4db8-897a-d8ef21b5e0a7,707b6ccf-c9d9-4c1d-97f4-516b572b2f9d,1697663992935322222
6a69421f-e399-4db8-897a-d8ef21b5e0a7,707b6ccf-c9d9-4c1d-97f4-516b572b2f9d,1697663992969333333
6a69421f-e399-4db8-897a-d8ef21b5e0a7,707b6ccf-c9d9-4c1d-97f4-516b572b2f9d,1697663993002366666
6a69421f-e399-4db8-897a-d8ef21b5e0a7,707b6ccf-c9d9-4c1d-97f4-516b572b2f9d,1697663993036455555
6a69421f-e399-4db8-897a-d8ef21b5e0a7,707b6ccf-c9d9-4c1d-97f4-516b572b2f9d,1697663993069933333
6a69421f-e399-4db8-897a-d8ef21b5e0a7,707b6ccf-c9d9-4c1d-97f4-516b572b2f9d,1697663993100100000
6a69421f-e399-4db8-897a-d8ef21b5e0a7,707b6ccf-c9d9-4c1d-97f4-516b572b2f9d,1697663993134377777
6a69421f-e399-4db8-897a-d8ef21b5e0a7,707b6ccf-c9d9-4c1d-97f4-516b572b2f9d,1697663993182966666
6a69421f-e399-4db8-897a-d8ef21b5e0a7,707b6ccf-c9d9-4c1d-97f4-516b572b2f9d,1697663993203722222
6a69421f-e399-4db8-897a-d8ef21b5e0a7,707b6ccf-c9d9-4c1d-97f4-516b572b2f9d,1697663993232944444
6a69421f-e399-4db8-897a-d8ef21b5e0a7,707b6ccf-c9d9-4c1d-97f4-516b572b2f9d,1697663993264033333
6a69421f-e399-4db8-897a-d8ef21b5e0a7,707b6ccf-c9d9-4c1d-97f4-516b572b2f9d,1697663993302688888
6a69421f-e399-4db8-897a-d8ef21b5e0a7,707b6ccf-c9d9-4c1d-97f4-516b572b2f9d,1697663993324711111
6a69421f-e399-4db8-897a-d8ef21b5e0a7,707b6ccf-c9d9-4c1d-97f4-516b572b2f9d,1697663993374544444
6a69421f-e399-4db8-897a-d8ef21b5e0a7,707b6ccf-c9d9-4c1d-97f4-516b572b2f9d,1697663993406833333
6a69421f-e399-4db8-897a-d8ef21b5e0a7,707b6ccf-c9d9-4c1d-97f4-516b572b2f9d,1697663993438277777
6a69421f-e399-4db8-897a-d8ef21b5e0a7,707b6ccf-c9d9-4c1d-97f4-516b572b2f9d,1697663993465133333
6a69421f-e399-4db8-897a-d8ef21b5e0a7,707b6ccf-c9d9-4c1d-97f4-516b572b2f9d,1697663993504500000
6a69421f-e399-4db8-897a-d8ef21b5e0a7,707b6ccf-c9d9-4c1d-97f4-516b572b2f9d,1697663993540644444
6a69421f-e399-4db8-897a-d8ef21b5e0a7,707b6ccf-c9d9-4c1d-97f4-516b572b2f9d,1697663993562255555
6a69421f-e399-4db8-897a-d8ef21b5e0a7,707b6ccf-c9d9-4c1d-97f4-516b572b2f9d,1697663993603277777
6a69421f-e399-4db8-897a-d8ef21b5e0a7,707b6ccf-c9d9-4c1d-97f4-516b572b2f9d,1697663993637244444
6a69421f-e399-4db8-897a-d8ef21b5e0a7,707b6ccf-c9d9-4c1d-97f4-516b572b2f9d,1697663993673533333
6a69421f-e399-4db8-897a-d8ef21b5e0a7,707b6ccf-c9d9-4c1d-97f4-516b572b2f9d,1697663993701922222
6a69421f-e399-4db8-897a-d8ef21b5e0a7,707b6ccf-c9d9-4c1d-97f4-516b572b2f9d,1697663993733911111
6a69421f-e399-4db8-897a-d8ef21b5e0a7,707b6ccf-c9d9-4c1d-97f4-516b572b2f9d,1697663993770244444
6a69421f-e399-4db8-897a-d8ef21b5e0a7,707b6ccf-c9d9-4c1d-97f4-516b572b2f9d,1697663993801022222
6a69421f-e399-4db8-897a-d8ef21b5e0a7,707b6ccf-c9d9-4c1d-97f4-516b572b2f9d,1697663993848911111
6a69421f-e399-4db8-897a-d8ef21b5e0a7,707b6ccf-c9d9-4c1d-97f4-516b572b2f9d,1697663993864966666
6a69421f-e399-4db8-897a-d8ef21b5e0a7,707b6ccf-c9d9-4c1d-97f4-516b572b2f9d,1697663993903366666
6a69421f-e399-4db8-897a-d8ef21b5e0a7,707b6ccf-c9d9-4c1d-97f4-516b572b2f9d,1697663993936800000
6a69421f-e399-4db8-897a-d8ef21b5e0a7,707b6ccf-c9d9-4c1d-97f4-516b572b2f9d,1697663993964944444
6a69421f-e399-4db8-897a-d8ef21b5e0a7,707b6ccf-c9d9-4c1d-97f4-516b572b2f9d,1697663994000922222
6a69421f-e399-4db8-897a-d8ef21b5e0a7,707b6ccf-c9d9-4c1d-97f4-516b572b2f9d,1697663994034166666
6a69421f-e399-4db8-897a-d8ef21b5e0a7,707b6ccf-c9d9-4c1d-97f4-516b572b2f9d,1697663994070666666
6a69421f-e399-4db8-897a-d8ef21b5e0a7,707b6ccf-c9d9-4c1d-97f4-516b572b2f9d,1697663994107533333
6a69421f-e399-4db8-897a-d8ef21b5e0a7,707b6ccf-c9d9-4c1d-97f4-516b572b2f9d,1697663994135288888
6a69421f-e399-4db8-897a-d8ef21b5e0a7,707b6ccf-c9d9-4c1d-97f4-516b572b2f9d,1697663994170366666
6a69421f-e399-4db8-897a-d8ef21b5e0a7,707b6ccf-c9d9-4c1d-97f4-516b572b2f9d,1697663994202433333
6a69421f-e399-4db8-897a-d8ef21b5e0a7,707b6ccf-c9d9-4c1d-97f4-516b572b2f9d,1697663994234511111
6a69421f-e399-4db8-897a-d8ef21b5e0a7,707b6ccf-c9d9-4c1d-97f4-516b572b2f9d,1697663994270677777
6a69421f-e399-4db8-897a-d8ef21b5e0a7,707b6ccf-c9d9-4c1d-97f4-516b572b2f9d,1697663994302100000
6a69421f-e399-4db8-897a-d8ef21b5e0a7,707b6ccf-c9d9-4c1d-97f4-516b572b2f9d,1697663994334944444
6a69421f-e399-4db8-897a-d8ef21b5e0a7,707b6ccf-c9d9-4c1d-97f4-516b572b2f9d,1697663994370311111
6a69421f-e399-4db8-897a-d8ef21b5e0a7,707b6ccf-c9d9-4c1d-97f4-516b572b2f9d,1697663994403688888
6a69421f-e399-4db8-897a-d8ef21b5e0a7,707b6ccf-c9d9-4c1d-97f4-516b572b2f9d,1697663994433722222
6a69421f-e399-4db8-897a-d8ef21b5e0a7,707b6ccf-c9d9-4c1d-97f4-516b572b2f9d,1697663994473255555
6a69421f-e399-4db8-897a-d8ef21b5e0a7,707b6ccf-c9d9-4c1d-97f4-516b572b2f9d,1697663994512866666
6a69421f-e399-4db8-897a-d8ef21b5e0a7,707b6ccf-c9d9-4c1d-97f4-516b572b2f9d,1697663994529877777
6a69421f-e399-4db8-897a-d8ef21b5e0a7,707b6ccf-c9d9-4c1d-97f4-516b572b2f9d,1697663994560755555
6a69421f-e399-4db8-897a-d8ef21b5e0a7,707b6ccf-c9d9-4c1d-97f4-516b572b2f9d,1697663994599700000
6a69421f-e399-4db8-897a-d8ef21b5e0a7,707b6ccf-c9d9-4c1d-97f4-516b572b2f9d,1697663994626466666
6a69421f-e399-4db8-897a-d8ef21b5e0a7,707b6ccf-c9d9-4c1d-97f4-516b572b2f9d,1697663994668944444
6a69421f-e399-4db8-897a-d8ef21b5e0a7,707b6ccf-c9d9-4c1d-97f4-516b572b2f9d,1697663994700900000
6a69421f-e399-4db8-897a-d8ef21b5e0a7,707b6ccf-c9d9-4c1d-97f4-516b572b2f9d,1697663994735988888
6a69421f-e399-4db8-897a-d8ef21b5e0a7,707b6ccf-c9d9-4c1d-97f4-516b572b2f9d,1697663994770355555
6a69421f-e399-4db8-897a-d8ef21b5e0a7,707b6ccf-c9d9-4c1d-97f4-516b572b2f9d,1697663994807266666
6a69421f-e399-4db8-897a-d8ef21b5e0a7,707b6ccf-c9d9-4c1d-97f4-516b572b2f9d,1697663994834166666
6a69421f-e399-4db8-897a-d8ef21b5e0a7,707b6ccf-c9d9-4c1d-97f4-516b572b2f9d,1697663994872233333
6a69421f-e399-4db8-897a-d8ef21b5e0a7,707b6ccf-c9d9-4c1d-97f4-516b572b2f9d,1697663994903466666
6a69421f-e399-4db8-897a-d8ef21b5e0a7,707b6ccf-c9d9-4c1d-97f4-516b572b2f9d,1697663994934100000
6a69421f-e399-4db8-897a-d8ef21b5e0a7,707b6ccf-c9d9-4c1d-97f4-516b572b2f9d,1697663994968822222
6a69421f-e399-4db8-897a-d8ef21b5e0a7,707b6ccf-c9d9-4c1d-97f4-516b572b2f9d,1697663995000977777
6a69421f-e399-4db8-897a-d8ef21b5e0a7,707b6ccf-c9d9-4c1d-97f4-516b572b2f9d,1697663995035522222
6a69421f-e399-4db8-897a-d8ef21b5e0a7,707b6ccf-c9d9-4c1d-97f4-516b572b2f9d,1697663995073055555
6a69421f-e399-4db8-897a-d8ef21b5e0a7,707b6ccf-c9d9-4c1d-97f4-516b572b2f9d,1697663995105377777
6a69421f-e399-4db8-897a-d8ef21b5e0a7,707b6ccf-c9d9-4c1d-97f4-516b572b2f9d,1697663995134366666
6a69421f-e399-4db8-897a-d8ef21b5e0a7,707b6ccf-c9d9-4c1d-97f4-516b572b2f9d,1697663995183733333
6a69421f-e399-4db8-897a-d8ef21b5e0a7,707b6ccf-c9d9-4c1d-97f4-516b572b2f9d,1697663995202400000
6a69421f-e399-4db8-897a-d8ef21b5e0a7,707b6ccf-c9d9-4c1d-97f4-516b572b2f9d,1697663995225188888
6a69421f-e399-4db8-897a-d8ef21b5e0a7,707b6ccf-c9d9-4c1d-97f4-516b572b2f9d,1697663995266222222
6a69421f-e399-4db8-897a-d8ef21b5e0a7,707b6ccf-c9d9-4c1d-97f4-516b572b2f9d,1697663995294833333
6a69421f-e399-4db8-897a-d8ef21b5e0a7,707b6ccf-c9d9-4c1d-97f4-516b572b2f9d,1697663995337266666
6a69421f-e399-4db8-897a-d8ef21b5e0a7,707b6ccf-c9d9-4c1d-97f4-516b572b2f9d,1697663995367344444
6a69421f-e399-4db8-897a-d8ef21b5e0a7,707b6ccf-c9d9-4c1d-97f4-516b572b2f9d,1697663995402577777
6a69421f-e399-4db8-897a-d8ef21b5e0a7,707b6ccf-c9d9-4c1d-97f4-516b572b2f9d,1697663995435100000
6a69421f-e399-4db8-897a-d8ef21b5e0a7,707b6ccf-c9d9-4c1d-97f4-516b572b2f9d,1697663995466533333
6a69421f-e399-4db8-897a-d8ef21b5e0a7,707b6ccf-c9d9-4c1d-97f4-516b572b2f9d,1697663995506622222
6a69421f-e399-4db8-897a-d8ef21b5e0a7,707b6ccf-c9d9-4c1d-97f4-516b572b2f9d,1697663995535722222
6a69421f-e399-4db8-897a-d8ef21b5e0a7,707b6ccf-c9d9-4c1d-97f4-516b572b2f9d,1697663995565922222
6a69421f-e399-4db8-897a-d8ef21b5e0a7,707b6ccf-c9d9-4c1d-97f4-516b572b2f9d,1697663995604488888
6a69421f-e399-4db8-897a-d8ef21b5e0a7,707b6ccf-c9d9-4c1d-97f4-516b572b2f9d,1697663995635111111
6a69421f-e399-4db8-897a-d8ef21b5e0a7,707b6ccf-c9d9-4c1d-97f4-516b572b2f9d,1697663995669944444
6a69421f-e399-4db8-897a-d8ef21b5e0a7,707b6ccf-c9d9-4c1d-97f4-516b572b2f9d,1697663995700277777
6a69421f-e399-4db8-897a-d8ef21b5e0a7,707b6ccf-c9d9-4c1d-97f4-516b572b2f9d,1697663995734822222
6a69421f-e399-4db8-897a-d8ef21b5e0a7,707b6ccf-c9d9-4c1d-97f4-516b572b2f9d,1697663995766722222
6a69421f-e399-4db8-897a-d8ef21b5e0a7,707b6ccf-c9d9-4c1d-97f4-516b572b2f9d,1697663995806944444
6a69421f-e399-4db8-897a-d8ef21b5e0a7,707b6ccf-c9d9-4c1d-97f4-516b572b2f9d,1697663995826044444
6a69421f-e399-4db8-897a-d8ef21b5e0a7,707b6ccf-c9d9-4c1d-97f4-516b572b2f9d,1697663995860133333
6a69421f-e399-4db8-897a-d8ef21b5e0a7,707b6ccf-c9d9-4c1d-97f4-516b572b2f9d,1697663995895100000
6a69421f-e399-4db8-897a-d8ef21b5e0a7,707b6ccf-c9d9-4c1d-97f4-516b572b2f9d,1697663995938922222
6a69421f-e399-4db8-897a-d8ef21b5e0a7,707b6ccf-c9d9-4c1d-97f4-516b572b2f9d,1697663995958966666
6a69421f-e399-4db8-897a-d8ef21b5e0a7,707b6ccf-c9d9-4c1d-97f4-516b572b2f9d,1697663996003155555
6a69421f-e399-4db8-897a-d8ef21b5e0a7,707b6ccf-c9d9-4c1d-97f4-516b572b2f9d,1697663996033966666
6a69421f-e399-4db8-897a-d8ef21b5e0a7,707b6ccf-c9d9-4c1d-97f4-516b572b2f9d,1697663996065888888
6a69421f-e399-4db8-897a-d8ef21b5e0a7,707b6ccf-c9d9-4c1d-97f4-516b572b2f9d,1697663996102955555
6a69421f-e399-4db8-897a-d8ef21b5e0a7,707b6ccf-c9d9-4c1d-97f4-516b572b2f9d,1697663996133966666
6a69421f-e399-4db8-897a-d8ef21b5e0a7,707b6ccf-c9d9-4c1d-97f4-516b572b2f9d,1697663996164866666
6a69421f-e399-4db8-897a-d8ef21b5e0a7,707b6ccf-c9d9-4c1d-97f4-516b572b2f9d,1697663996203033333
6a69421f-e399-4db8-897a-d8ef21b5e0a7,707b6ccf-c9d9-4c1d-97f4-516b572b2f9d,1697663996233555555
6a69421f-e399-4db8-897a-d8ef21b5e0a7,707b6ccf-c9d9-4c1d-97f4-516b572b2f9d,1697663996266644444
6a69421f-e399-4db8-897a-d8ef21b5e0a7,707b6ccf-c9d9-4c1d-97f4-516b572b2f9d,1697663996303488888
6a69421f-e399-4db8-897a-d8ef21b5e0a7,707b6ccf-c9d9-4c1d-97f4-516b572b2f9d,1697663996333733333
6a69421f-e399-4db8-897a-d8ef21b5e0a7,707b6ccf-c9d9-4c1d-97f4-516b572b2f9d,1697663996368488888
6a69421f-e399-4db8-897a-d8ef21b5e0a7,707b6ccf-c9d9-4c1d-97f4-516b572b2f9d,1697663996401944444
6a69421f-e399-4db8-897a-d8ef21b5e0a7,707b6ccf-c9d9-4c1d-97f4-516b572b2f9d,1697663996432933333
6a69421f-e399-4db8-897a-d8ef21b5e0a7,707b6ccf-c9d9-4c1d-97f4-516b572b2f9d,1697663996469600000
6a69421f-e399-4db8-897a-d8ef21b5e0a7,707b6ccf-c9d9-4c1d-97f4-516b572b2f9d,1697663996511188888
6a69421f-e399-4db8-897a-d8ef21b5e0a7,707b6ccf-c9d9-4c1d-97f4-516b572b2f9d,1697663996529688888
6a69421f-e399-4db8-897a-d8ef21b5e0a7,707b6ccf-c9d9-4c1d-97f4-516b572b2f9d,1697663996563233333
6a69421f-e399-4db8-897a-d8ef21b5e0a7,707b6ccf-c9d9-4c1d-97f4-516b572b2f9d,1697663996597566666
6a69421f-e399-4db8-897a-d8ef21b5e0a7,707b6ccf-c9d9-4c1d-97f4-516b572b2f9d,1697663996627233333
6a69421f-e399-4db8-897a-d8ef21b5e0a7,707b6ccf-c9d9-4c1d-97f4-516b572b2f9d,1697663996656900000
6a69421f-e399-4db8-897a-d8ef21b5e0a7,707b6ccf-c9d9-4c1d-97f4-516b572b2f9d,1697663996702988888
6a69421f-e399-4db8-897a-d8ef21b5e0a7,707b6ccf-c9d9-4c1d-97f4-516b572b2f9d,1697663996733400000
6a69421f-e399-4db8-897a-d8ef21b5e0a7,707b6ccf-c9d9-4c1d-97f4-516b572b2f9d,1697663996770266666
6a69421f-e399-4db8-897a-d8ef21b5e0a7,707b6ccf-c9d9-4c1d-97f4-516b572b2f9d,1697663996801955555
6a69421f-e399-4db8-897a-d8ef21b5e0a7,707b6ccf-c9d9-4c1d-97f4-516b572b2f9d,1697663996832133333
6a69421f-e399-4db8-897a-d8ef21b5e0a7,707b6ccf-c9d9-4c1d-97f4-516b572b2f9d,1697663996866055555
6a69421f-e399-4db8-897a-d8ef21b5e0a7,707b6ccf-c9d9-4c1d-97f4-516b572b2f9d,1697663996902722222
6a69421f-e399-4db8-897a-d8ef21b5e0a7,707b6ccf-c9d9-4c1d-97f4-516b572b2f9d,1697663996932777777
6a69421f-e399-4db8-897a-d8ef21b5e0a7,707b6ccf-c9d9-4c1d-97f4-516b572b2f9d,1697663996964711111
6a69421f-e399-4db8-897a-d8ef21b5e0a7,707b6ccf-c9d9-4c1d-97f4-516b572b2f9d,1697663997002755555
6a69421f-e399-4db8-897a-d8ef21b5e0a7,707b6ccf-c9d9-4c1d-97f4-516b572b2f9d,1697663997034955555
6a69421f-e399-4db8-897a-d8ef21b5e0a7,707b6ccf-c9d9-4c1d-97f4-516b572b2f9d,1697663997069155555
6a69421f-e399-4db8-897a-d8ef21b5e0a7,707b6ccf-c9d9-4c1d-97f4-516b572b2f9d,1697663997103033333
6a69421f-e399-4db8-897a-d8ef21b5e0a7,707b6ccf-c9d9-4c1d-97f4-516b572b2f9d,1697663997135911111
6a69421f-e399-4db8-897a-d8ef21b5e0a7,707b6ccf-c9d9-4c1d-97f4-516b572b2f9d,1697663997170966666
6a69421f-e399-4db8-897a-d8ef21b5e0a7,707b6ccf-c9d9-4c1d-97f4-516b572b2f9d,1697663997205477777
6a69421f-e399-4db8-897a-d8ef21b5e0a7,707b6ccf-c9d9-4c1d-97f4-516b572b2f9d,1697663997225822222
6a69421f-e399-4db8-897a-d8ef21b5e0a7,707b6ccf-c9d9-4c1d-97f4-516b572b2f9d,1697663997259222222
6a69421f-e399-4db8-897a-d8ef21b5e0a7,707b6ccf-c9d9-4c1d-97f4-516b572b2f9d,1697663997305755555
6a69421f-e399-4db8-897a-d8ef21b5e0a7,707b6ccf-c9d9-4c1d-97f4-516b572b2f9d,1697663997328700000
6a69421f-e399-4db8-897a-d8ef21b5e0a7,707b6ccf-c9d9-4c1d-97f4-516b572b2f9d,1697663997369077777
6a69421f-e399-4db8-897a-d8ef21b5e0a7,707b6ccf-c9d9-4c1d-97f4-516b572b2f9d,1697663997410055555
6a69421f-e399-4db8-897a-d8ef21b5e0a7,707b6ccf-c9d9-4c1d-97f4-516b572b2f9d,1697663997435700000
6a69421f-e399-4db8-897a-d8ef21b5e0a7,707b6ccf-c9d9-4c1d-97f4-516b572b2f9d,1697663997468077777
6a69421f-e399-4db8-897a-d8ef21b5e0a7,707b6ccf-c9d9-4c1d-97f4-516b572b2f9d,1697663997505211111
6a69421f-e399-4db8-897a-d8ef21b5e0a7,707b6ccf-c9d9-4c1d-97f4-516b572b2f9d,1697663997535700000
6a69421f-e399-4db8-897a-d8ef21b5e0a7,707b6ccf-c9d9-4c1d-97f4-516b572b2f9d,1697663997566866666
6a69421f-e399-4db8-897a-d8ef21b5e0a7,707b6ccf-c9d9-4c1d-97f4-516b572b2f9d,1697663997602300000
6a69421f-e399-4db8-897a-d8ef21b5e0a7,707b6ccf-c9d9-4c1d-97f4-516b572b2f9d,1697663997634288888
6a69421f-e399-4db8-897a-d8ef21b5e0a7,707b6ccf-c9d9-4c1d-97f4-516b572b2f9d,1697663997666011111
6a69421f-e399-4db8-897a-d8ef21b5e0a7,707b6ccf-c9d9-4c1d-97f4-516b572b2f9d,1697663997704777777
6a69421f-e399-4db8-897a-d8ef21b5e0a7,707b6ccf-c9d9-4c1d-97f4-516b572b2f9d,1697663997734177777
6a69421f-e399-4db8-897a-d8ef21b5e0a7,707b6ccf-c9d9-4c1d-97f4-516b572b2f9d,1697663997765344444
6a69421f-e399-4db8-897a-d8ef21b5e0a7,707b6ccf-c9d9-4c1d-97f4-516b572b2f9d,1697663997803133333
6a69421f-e399-4db8-897a-d8ef21b5e0a7,707b6ccf-c9d9-4c1d-97f4-516b572b2f9d,1697663997835488888
6a69421f-e399-4db8-897a-d8ef21b5e0a7,707b6ccf-c9d9-4c1d-97f4-516b572b2f9d,1697663997861000000
6a69421f-e399-4db8-897a-d8ef21b5e0a7,707b6ccf-c9d9-4c1d-97f4-516b572b2f9d,1697663997893977777
6a69421f-e399-4db8-897a-d8ef21b5e0a7,707b6ccf-c9d9-4c1d-97f4-516b572b2f9d,1697663997927288888
6a69421f-e399-4db8-897a-d8ef21b5e0a7,707b6ccf-c9d9-4c1d-97f4-516b572b2f9d,1697663997963333333
6a69421f-e399-4db8-897a-d8ef21b5e0a7,707b6ccf-c9d9-4c1d-97f4-516b572b2f9d,1697663998004933333
6a69421f-e399-4db8-897a-d8ef21b5e0a7,707b6ccf-c9d9-4c1d-97f4-516b572b2f9d,1697663998035633333
6a69421f-e399-4db8-897a-d8ef21b5e0a7,707b6ccf-c9d9-4c1d-97f4-516b572b2f9d,1697663998070055555
6a69421f-e399-4db8-897a-d8ef21b5e0a7,707b6ccf-c9d9-4c1d-97f4-516b572b2f9d,1697663998103722222
6a69421f-e399-4db8-897a-d8ef21b5e0a7,707b6ccf-c9d9-4c1d-97f4-516b572b2f9d,1697663998135922222
6a69421f-e399-4db8-897a-d8ef21b5e0a7,707b6ccf-c9d9-4c1d-97f4-516b572b2f9d,1697663998165111111
6a69421f-e399-4db8-897a-d8ef21b5e0a7,707b6ccf-c9d9-4c1d-97f4-516b572b2f9d,1697663998201800000
6a69421f-e399-4db8-897a-d8ef21b5e0a7,707b6ccf-c9d9-4c1d-97f4-516b572b2f9d,1697663998234800000
6a69421f-e399-4db8-897a-d8ef21b5e0a7,707b6ccf-c9d9-4c1d-97f4-516b572b2f9d,1697663998269355555
6a69421f-e399-4db8-897a-d8ef21b5e0a7,707b6ccf-c9d9-4c1d-97f4-516b572b2f9d,1697663998306600000
6a69421f-e399-4db8-897a-d8ef21b5e0a7,707b6ccf-c9d9-4c1d-97f4-516b572b2f9d,1697663998337111111
6a69421f-e399-4db8-897a-d8ef21b5e0a7,707b6ccf-c9d9-4c1d-97f4-516b572b2f9d,1697663998370422222
6a69421f-e399-4db8-897a-d8ef21b5e0a7,707b6ccf-c9d9-4c1d-97f4-516b572b2f9d,1697663998408811111
6a69421f-e399-4db8-897a-d8ef21b5e0a7,707b6ccf-c9d9-4c1d-97f4-516b572b2f9d,1697663998435111111
6a69421f-e399-4db8-897a-d8ef21b5e0a7,707b6ccf-c9d9-4c1d-97f4-516b572b2f9d,1697663998468855555
6a69421f-e399-4db8-897a-d8ef21b5e0a7,707b6ccf-c9d9-4c1d-97f4-516b572b2f9d,1697663998503600000
6a69421f-e399-4db8-897a-d8ef21b5e0a7,707b6ccf-c9d9-4c1d-97f4-516b572b2f9d,1697663998529422222
6a69421f-e399-4db8-897a-d8ef21b5e0a7,707b6ccf-c9d9-4c1d-97f4-516b572b2f9d,1697663998559188888
6a69421f-e399-4db8-897a-d8ef21b5e0a7,707b6ccf-c9d9-4c1d-97f4-516b572b2f9d,1697663998589933333
6a69421f-e399-4db8-897a-d8ef21b5e0a7,707b6ccf-c9d9-4c1d-97f4-516b572b2f9d,1697663998632733333
6a69421f-e399-4db8-897a-d8ef21b5e0a7,707b6ccf-c9d9-4c1d-97f4-516b572b2f9d,1697663998656500000
6a69421f-e399-4db8-897a-d8ef21b5e0a7,707b6ccf-c9d9-4c1d-97f4-516b572b2f9d,1697663998699988888
6a69421f-e399-4db8-897a-d8ef21b5e0a7,707b6ccf-c9d9-4c1d-97f4-516b572b2f9d,1697663998740344444
6a69421f-e399-4db8-897a-d8ef21b5e0a7,707b6ccf-c9d9-4c1d-97f4-516b572b2f9d,1697663998759477777
6a69421f-e399-4db8-897a-d8ef21b5e0a7,707b6ccf-c9d9-4c1d-97f4-516b572b2f9d,1697663998804922222
6a69421f-e399-4db8-897a-d8ef21b5e0a7,707b6ccf-c9d9-4c1d-97f4-516b572b2f9d,1697663998838833333
6a69421f-e399-4db8-897a-d8ef21b5e0a7,707b6ccf-c9d9-4c1d-97f4-516b572b2f9d,1697663998868766666
6a69421f-e399-4db8-897a-d8ef21b5e0a7,707b6ccf-c9d9-4c1d-97f4-516b572b2f9d,1697663998896866666
6a69421f-e399-4db8-897a-d8ef21b5e0a7,707b6ccf-c9d9-4c1d-97f4-516b572b2f9d,1697663998934088888
6a69421f-e399-4db8-897a-d8ef21b5e0a7,707b6ccf-c9d9-4c1d-97f4-516b572b2f9d,1697663998968877777
6a69421f-e399-4db8-897a-d8ef21b5e0a7,707b6ccf-c9d9-4c1d-97f4-516b572b2f9d,1697663999000844444
6a69421f-e399-4db8-897a-d8ef21b5e0a7,707b6ccf-c9d9-4c1d-97f4-516b572b2f9d,1697663999034611111
6a69421f-e399-4db8-897a-d8ef21b5e0a7,707b6ccf-c9d9-4c1d-97f4-516b572b2f9d,1697663999068744444
6a69421f-e399-4db8-897a-d8ef21b5e0a7,707b6ccf-c9d9-4c1d-97f4-516b572b2f9d,1697663999098200000
6a69421f-e399-4db8-897a-d8ef21b5e0a7,707b6ccf-c9d9-4c1d-97f4-516b572b2f9d,1697663999132522222
6a69421f-e399-4db8-897a-d8ef21b5e0a7,707b6ccf-c9d9-4c1d-97f4-516b572b2f9d,1697663999170833333
6a69421f-e399-4db8-897a-d8ef21b5e0a7,707b6ccf-c9d9-4c1d-97f4-516b572b2f9d,1697663999199100000
6a69421f-e399-4db8-897a-d8ef21b5e0a7,707b6ccf-c9d9-4c1d-97f4-516b572b2f9d,1697663999227133333
6a69421f-e399-4db8-897a-d8ef21b5e0a7,707b6ccf-c9d9-4c1d-97f4-516b572b2f9d,1697663999258533333
6a69421f-e399-4db8-897a-d8ef21b5e0a7,707b6ccf-c9d9-4c1d-97f4-516b572b2f9d,1697663999292433333
6a69421f-e399-4db8-897a-d8ef21b5e0a7,707b6ccf-c9d9-4c1d-97f4-516b572b2f9d,1697663999336622222
6a69421f-e399-4db8-897a-d8ef21b5e0a7,707b6ccf-c9d9-4c1d-97f4-516b572b2f9d,1697663999368733333
6a69421f-e399-4db8-897a-d8ef21b5e0a7,707b6ccf-c9d9-4c1d-97f4-516b572b2f9d,1697663999397966666
6a69421f-e399-4db8-897a-d8ef21b5e0a7,707b6ccf-c9d9-4c1d-97f4-516b572b2f9d,1697663999433700000
6a69421f-e399-4db8-897a-d8ef21b5e0a7,707b6ccf-c9d9-4c1d-97f4-516b572b2f9d,1697663999464255555
6a69421f-e399-4db8-897a-d8ef21b5e0a7,707b6ccf-c9d9-4c1d-97f4-516b572b2f9d,1697663999499000000
6a69421f-e399-4db8-897a-d8ef21b5e0a7,707b6ccf-c9d9-4c1d-97f4-516b572b2f9d,1697663999535577777
6a69421f-e399-4db8-897a-d8ef21b5e0a7,707b6ccf-c9d9-4c1d-97f4-516b572b2f9d,1697663999568722222
6a69421f-e399-4db8-897a-d8ef21b5e0a7,707b6ccf-c9d9-4c1d-97f4-516b572b2f9d,1697663999602322222
6a69421f-e399-4db8-897a-d8ef21b5e0a7,707b6ccf-c9d9-4c1d-97f4-516b572b2f9d,1697663999635644444
6a69421f-e399-4db8-897a-d8ef21b5e0a7,707b6ccf-c9d9-4c1d-97f4-516b572b2f9d,1697663999669188888
6a69421f-e399-4db8-897a-d8ef21b5e0a7,707b6ccf-c9d9-4c1d-97f4-516b572b2f9d,1697663999703100000
6a69421f-e399-4db8-897a-d8ef21b5e0a7,707b6ccf-c9d9-4c1d-97f4-516b572b2f9d,1697663999734866666
6a69421f-e399-4db8-897a-d8ef21b5e0a7,707b6ccf-c9d9-4c1d-97f4-516b572b2f9d,1697663999766711111
6a69421f-e399-4db8-897a-d8ef21b5e0a7,707b6ccf-c9d9-4c1d-97f4-516b572b2f9d,1697663999798933333
6a69421f-e399-4db8-897a-d8ef21b5e0a7,707b6ccf-c9d9-4c1d-97f4-516b572b2f9d,1697663999843722222
6a69421f-e399-4db8-897a-d8ef21b5e0a7,707b6ccf-c9d9-4c1d-97f4-516b572b2f9d,1697663999858477777
6a69421f-e399-4db8-897a-d8ef21b5e0a7,707b6ccf-c9d9-4c1d-97f4-516b572b2f9d,1697663999907677777
6a69421f-e399-4db8-897a-d8ef21b5e0a7,707b6ccf-c9d9-4c1d-97f4-516b572b2f9d,1697663999934044444
6a69421f-e399-4db8-897a-d8ef21b5e0a7,707b6ccf-c9d9-4c1d-97f4-516b572b2f9d,1697663999959044444
6a69421f-e399-4db8-897a-d8ef21b5e0a7,707b6ccf-c9d9-4c1d-97f4-516b572b2f9d,1697663999999177777
6a69421f-e399-4db8-897a-d8ef21b5e0a7,707b6ccf-c9d9-4c1d-97f4-516b572b2f9d,1697664000035022222
6a69421f-e399-4db8-897a-d8ef21b5e0a7,707b6ccf-c9d9-4c1d-97f4-516b572b2f9d,1697664000068822222
6a69421f-e399-4db8-897a-d8ef21b5e0a7,707b6ccf-c9d9-4c1d-97f4-516b572b2f9d,1697664000099733333
6a69421f-e399-4db8-897a-d8ef21b5e0a7,707b6ccf-c9d9-4c1d-97f4-516b572b2f9d,1697664000133833333
6a69421f-e399-4db8-897a-d8ef21b5e0a7,707b6ccf-c9d9-4c1d-97f4-516b572b2f9d,1697664000167611111
6a69421f-e399-4db8-897a-d8ef21b5e0a7,707b6ccf-c9d9-4c1d-97f4-516b572b2f9d,1697664000199677777
6a69421f-e399-4db8-897a-d8ef21b5e0a7,707b6ccf-c9d9-4c1d-97f4-516b572b2f9d,1697664000233211111
6a69421f-e399-4db8-897a-d8ef21b5e0a7,707b6ccf-c9d9-4c1d-97f4-516b572b2f9d,1697664000268077777
6a69421f-e399-4db8-897a-d8ef21b5e0a7,707b6ccf-c9d9-4c1d-97f4-516b572b2f9d,1697664000300466666
6a69421f-e399-4db8-897a-d8ef21b5e0a7,707b6ccf-c9d9-4c1d-97f4-516b572b2f9d,1697664000336266666
6a69421f-e399-4db8-897a-d8ef21b5e0a7,707b6ccf-c9d9-4c1d-97f4-516b572b2f9d,1697664000367666666
6a69421f-e399-4db8-897a-d8ef21b5e0a7,707b6ccf-c9d9-4c1d-97f4-516b572b2f9d,1697664000400255555
6a69421f-e399-4db8-897a-d8ef21b5e0a7,707b6ccf-c9d9-4c1d-97f4-516b572b2f9d,1697664000440577777
6a69421f-e399-4db8-897a-d8ef21b5e0a7,707b6ccf-c9d9-4c1d-97f4-516b572b2f9d,1697664000464233333
6a69421f-e399-4db8-897a-d8ef21b5e0a7,707b6ccf-c9d9-4c1d-97f4-516b572b2f9d,1697664000498911111
6a69421f-e399-4db8-897a-d8ef21b5e0a7,707b6ccf-c9d9-4c1d-97f4-516b572b2f9d,1697664000527988888
6a69421f-e399-4db8-897a-d8ef21b5e0a7,707b6ccf-c9d9-4c1d-97f4-516b572b2f9d,1697664000561066666
6a69421f-e399-4db8-897a-d8ef21b5e0a7,707b6ccf-c9d9-4c1d-97f4-516b572b2f9d,1697664000603266666
6a69421f-e399-4db8-897a-d8ef21b5e0a7,707b6ccf-c9d9-4c1d-97f4-516b572b2f9d,1697664000624244444
6a69421f-e399-4db8-897a-d8ef21b5e0a7,707b6ccf-c9d9-4c1d-97f4-516b572b2f9d,1697664000670255555
6a69421f-e399-4db8-897a-d8ef21b5e0a7,707b6ccf-c9d9-4c1d-97f4-516b572b2f9d,1697664000699977777
6a69421f-e399-4db8-897a-d8ef21b5e0a7,707b6ccf-c9d9-4c1d-97f4-516b572b2f9d,1697664000729722222
6a69421f-e399-4db8-897a-d8ef21b5e0a7,707b6ccf-c9d9-4c1d-97f4-516b572b2f9d,1697664000768122222
6a69421f-e399-4db8-897a-d8ef21b5e0a7,707b6ccf-c9d9-4c1d-97f4-516b572b2f9d,1697664000798044444
6a69421f-e399-4db8-897a-d8ef21b5e0a7,707b6ccf-c9d9-4c1d-97f4-516b572b2f9d,1697664000833700000
6a69421f-e399-4db8-897a-d8ef21b5e0a7,707b6ccf-c9d9-4c1d-97f4-516b572b2f9d,1697664000869366666
6a69421f-e399-4db8-897a-d8ef21b5e0a7,707b6ccf-c9d9-4c1d-97f4-516b572b2f9d,1697664000898833333
6a69421f-e399-4db8-897a-d8ef21b5e0a7,707b6ccf-c9d9-4c1d-97f4-516b572b2f9d,1697664000934144444
6a69421f-e399-4db8-897a-d8ef21b5e0a7,707b6ccf-c9d9-4c1d-97f4-516b572b2f9d,1697664000965877777
6a69421f-e399-4db8-897a-d8ef21b5e0a7,707b6ccf-c9d9-4c1d-97f4-516b572b2f9d,1697664000998966666
6a69421f-e399-4db8-897a-d8ef21b5e0a7,707b6ccf-c9d9-4c1d-97f4-516b572b2f9d,1697664001033577777
6a69421f-e399-4db8-897a-d8ef21b5e0a7,707b6ccf-c9d9-4c1d-97f4-516b572b2f9d,1697664001067466666
6a69421f-e399-4db8-897a-d8ef21b5e0a7,707b6ccf-c9d9-4c1d-97f4-516b572b2f9d,1697664001101722222
6a69421f-e399-4db8-897a-d8ef21b5e0a7,707b6ccf-c9d9-4c1d-97f4-516b572b2f9d,1697664001134933333
6a69421f-e399-4db8-897a-d8ef21b5e0a7,707b6ccf-c9d9-4c1d-97f4-516b572b2f9d,1697664001181511111
6a69421f-e399-4db8-897a-d8ef21b5e0a7,707b6ccf-c9d9-4c1d-97f4-516b572b2f9d,1697664001198233333
6a69421f-e399-4db8-897a-d8ef21b5e0a7,707b6ccf-c9d9-4c1d-97f4-516b572b2f9d,1697664001226522222
6a69421f-e399-4db8-897a-d8ef21b5e0a7,707b6ccf-c9d9-4c1d-97f4-516b572b2f9d,1697664001261566666
6a69421f-e399-4db8-897a-d8ef21b5e0a7,707b6ccf-c9d9-4c1d-97f4-516b572b2f9d,1697664001298388888
6a69421f-e399-4db8-897a-d8ef21b5e0a7,707b6ccf-c9d9-4c1d-97f4-516b572b2f9d,1697664001327677777
6a69421f-e399-4db8-897a-d8ef21b5e0a7,707b6ccf-c9d9-4c1d-97f4-516b572b2f9d,1697664001368944444
6a69421f-e399-4db8-897a-d8ef21b5e0a7,707b6ccf-c9d9-4c1d-97f4-516b572b2f9d,1697664001397644444
6a69421f-e399-4db8-897a-d8ef21b5e0a7,707b6ccf-c9d9-4c1d-97f4-516b572b2f9d,1697664001434066666
6a69421f-e399-4db8-897a-d8ef21b5e0a7,707b6ccf-c9d9-4c1d-97f4-516b572b2f9d,1697664001466955555
6a69421f-e399-4db8-897a-d8ef21b5e0a7,707b6ccf-c9d9-4c1d-97f4-516b572b2f9d,1697664001496788888
6a69421f-e399-4db8-897a-d8ef21b5e0a7,707b6ccf-c9d9-4c1d-97f4-516b572b2f9d,1697664001536055555
6a69421f-e399-4db8-897a-d8ef21b5e0a7,707b6ccf-c9d9-4c1d-97f4-516b572b2f9d,1697664001570488888
6a69421f-e399-4db8-897a-d8ef21b5e0a7,707b6ccf-c9d9-4c1d-97f4-516b572b2f9d,1697664001599377777
6a69421f-e399-4db8-897a-d8ef21b5e0a7,707b6ccf-c9d9-4c1d-97f4-516b572b2f9d,1697664001632977777
6a69421f-e399-4db8-897a-d8ef21b5e0a7,707b6ccf-c9d9-4c1d-97f4-516b572b2f9d,1697664001668644444
6a69421f-e399-4db8-897a-d8ef21b5e0a7,707b6ccf-c9d9-4c1d-97f4-516b572b2f9d,1697664001701677777
6a69421f-e399-4db8-897a-d8ef21b5e0a7,707b6ccf-c9d9-4c1d-97f4-516b572b2f9d,1697664001737400000
6a69421f-e399-4db8-897a-d8ef21b5e0a7,707b6ccf-c9d9-4c1d-97f4-516b572b2f9d,1697664001768522222
6a69421f-e399-4db8-897a-d8ef21b5e0a7,707b6ccf-c9d9-4c1d-97f4-516b572b2f9d,1697664001796900000
6a69421f-e399-4db8-897a-d8ef21b5e0a7,707b6ccf-c9d9-4c1d-97f4-516b572b2f9d,1697664001847622222
6a69421f-e399-4db8-897a-d8ef21b5e0a7,707b6ccf-c9d9-4c1d-97f4-516b572b2f9d,1697664001857155555
6a69421f-e399-4db8-897a-d8ef21b5e0a7,707b6ccf-c9d9-4c1d-97f4-516b572b2f9d,1697664001890088888
6a69421f-e399-4db8-897a-d8ef21b5e0a7,707b6ccf-c9d9-4c1d-97f4-516b572b2f9d,1697664001921411111
6a69421f-e399-4db8-897a-d8ef21b5e0a7,707b6ccf-c9d9-4c1d-97f4-516b572b2f9d,1697664001962555555
6a69421f-e399-4db8-897a-d8ef21b5e0a7,707b6ccf-c9d9-4c1d-97f4-516b572b2f9d,1697664001999255555
6a69421f-e399-4db8-897a-d8ef21b5e0a7,707b6ccf-c9d9-4c1d-97f4-516b572b2f9d,1697664002031200000
6a69421f-e399-4db8-897a-d8ef21b5e0a7,707b6ccf-c9d9-4c1d-97f4-516b572b2f9d,1697664002068555555
6a69421f-e399-4db8-897a-d8ef21b5e0a7,707b6ccf-c9d9-4c1d-97f4-516b572b2f9d,1697664002101900000
6a69421f-e399-4db8-897a-d8ef21b5e0a7,707b6ccf-c9d9-4c1d-97f4-516b572b2f9d,1697664002128500000
6a69421f-e399-4db8-897a-d8ef21b5e0a7,707b6ccf-c9d9-4c1d-97f4-516b572b2f9d,1697664002165866666
6a69421f-e399-4db8-897a-d8ef21b5e0a7,707b6ccf-c9d9-4c1d-97f4-516b572b2f9d,1697664002199988888
6a69421f-e399-4db8-897a-d8ef21b5e0a7,707b6ccf-c9d9-4c1d-97f4-516b572b2f9d,1697664002228655555
6a69421f-e399-4db8-897a-d8ef21b5e0a7,707b6ccf-c9d9-4c1d-97f4-516b572b2f9d,1697664002266533333
6a69421f-e399-4db8-897a-d8ef21b5e0a7,707b6ccf-c9d9-4c1d-97f4-516b572b2f9d,1697664002298200000
6a69421f-e399-4db8-897a-d8ef21b5e0a7,707b6ccf-c9d9-4c1d-97f4-516b572b2f9d,1697664002331511111
6a69421f-e399-4db8-897a-d8ef21b5e0a7,707b6ccf-c9d9-4c1d-97f4-516b572b2f9d,1697664002367966666
6a69421f-e399-4db8-897a-d8ef21b5e0a7,707b6ccf-c9d9-4c1d-97f4-516b572b2f9d,1697664002400044444
6a69421f-e399-4db8-897a-d8ef21b5e0a7,707b6ccf-c9d9-4c1d-97f4-516b572b2f9d,1697664002429722222
6a69421f-e399-4db8-897a-d8ef21b5e0a7,707b6ccf-c9d9-4c1d-97f4-516b572b2f9d,1697664002470000000
6a69421f-e399-4db8-897a-d8ef21b5e0a7,707b6ccf-c9d9-4c1d-97f4-516b572b2f9d,1697664002491266666
6a69421f-e399-4db8-897a-d8ef21b5e0a7,707b6ccf-c9d9-4c1d-97f4-516b572b2f9d,1697664002521344444
6a69421f-e399-4db8-897a-d8ef21b5e0a7,707b6ccf-c9d9-4c1d-97f4-516b572b2f9d,1697664002560866666
6a69421f-e399-4db8-897a-d8ef21b5e0a7,707b6ccf-c9d9-4c1d-97f4-516b572b2f9d,1697664002593044444
6a69421f-e399-4db8-897a-d8ef21b5e0a7,707b6ccf-c9d9-4c1d-97f4-516b572b2f9d,1697664002620133333
6a69421f-e399-4db8-897a-d8ef21b5e0a7,707b6ccf-c9d9-4c1d-97f4-516b572b2f9d,1697664002663477777
6a69421f-e399-4db8-897a-d8ef21b5e0a7,707b6ccf-c9d9-4c1d-97f4-516b572b2f9d,1697664002701977777
6a69421f-e399-4db8-897a-d8ef21b5e0a7,707b6ccf-c9d9-4c1d-97f4-516b572b2f9d,1697664002726644444
6a69421f-e399-4db8-897a-d8ef21b5e0a7,707b6ccf-c9d9-4c1d-97f4-516b572b2f9d,1697664002771100000
6a69421f-e399-4db8-897a-d8ef21b5e0a7,707b6ccf-c9d9-4c1d-97f4-516b572b2f9d,1697664002799144444
6a69421f-e399-4db8-897a-d8ef21b5e0a7,707b6ccf-c9d9-4c1d-97f4-516b572b2f9d,1697664002829966666
6a69421f-e399-4db8-897a-d8ef21b5e0a7,707b6ccf-c9d9-4c1d-97f4-516b572b2f9d,1697664002866255555
6a69421f-e399-4db8-897a-d8ef21b5e0a7,707b6ccf-c9d9-4c1d-97f4-516b572b2f9d,1697664002897711111
6a69421f-e399-4db8-897a-d8ef21b5e0a7,707b6ccf-c9d9-4c1d-97f4-516b572b2f9d,1697664002931944444
6a69421f-e399-4db8-897a-d8ef21b5e0a7,707b6ccf-c9d9-4c1d-97f4-516b572b2f9d,1697664002966544444
6a69421f-e399-4db8-897a-d8ef21b5e0a7,707b6ccf-c9d9-4c1d-97f4-516b572b2f9d,1697664003000722222
6a69421f-e399-4db8-897a-d8ef21b5e0a7,707b6ccf-c9d9-4c1d-97f4-516b572b2f9d,1697664003030200000
6a69421f-e399-4db8-897a-d8ef21b5e0a7,707b6ccf-c9d9-4c1d-97f4-516b572b2f9d,1697664003067955555
6a69421f-e399-4db8-897a-d8ef21b5e0a7,707b6ccf-c9d9-4c1d-97f4-516b572b2f9d,1697664003098822222
6a69421f-e399-4db8-897a-d8ef21b5e0a7,707b6ccf-c9d9-4c1d-97f4-516b572b2f9d,1697664003133533333
6a69421f-e399-4db8-897a-d8ef21b5e0a7,707b6ccf-c9d9-4c1d-97f4-516b572b2f9d,1697664003178855555
6a69421f-e399-4db8-897a-d8ef21b5e0a7,707b6ccf-c9d9-4c1d-97f4-516b572b2f9d,1697664003193433333
6a69421f-e399-4db8-897a-d8ef21b5e0a7,707b6ccf-c9d9-4c1d-97f4-516b572b2f9d,1697664003220822222
6a69421f-e399-4db8-897a-d8ef21b5e0a7,707b6ccf-c9d9-4c1d-97f4-516b572b2f9d,1697664003259566666
6a69421f-e399-4db8-897a-d8ef21b5e0a7,707b6ccf-c9d9-4c1d-97f4-516b572b2f9d,1697664003299466666
6a69421f-e399-4db8-897a-d8ef21b5e0a7,707b6ccf-c9d9-4c1d-97f4-516b572b2f9d,1697664003329777777
6a69421f-e399-4db8-897a-d8ef21b5e0a7,707b6ccf-c9d9-4c1d-97f4-516b572b2f9d,1697664003368111111
6a69421f-e399-4db8-897a-d8ef21b5e0a7,707b6ccf-c9d9-4c1d-97f4-516b572b2f9d,1697664003402488888
6a69421f-e399-4db8-897a-d8ef21b5e0a7,707b6ccf-c9d9-4c1d-97f4-516b572b2f9d,1697664003423555555
6a69421f-e399-4db8-897a-d8ef21b5e0a7,707b6ccf-c9d9-4c1d-97f4-516b572b2f9d,1697664003465655555
6a69421f-e399-4db8-897a-d8ef21b5e0a7,707b6ccf-c9d9-4c1d-97f4-516b572b2f9d,1697664003497311111
6a69421f-e399-4db8-897a-d8ef21b5e0a7,707b6ccf-c9d9-4c1d-97f4-516b572b2f9d,1697664003529955555
6a69421f-e399-4db8-897a-d8ef21b5e0a7,707b6ccf-c9d9-4c1d-97f4-516b572b2f9d,1697664003568311111
6a69421f-e399-4db8-897a-d8ef21b5e0a7,707b6ccf-c9d9-4c1d-97f4-516b572b2f9d,1697664003604222222
6a69421f-e399-4db8-897a-d8ef21b5e0a7,707b6ccf-c9d9-4c1d-97f4-516b572b2f9d,1697664003634000000
6a69421f-e399-4db8-897a-d8ef21b5e0a7,707b6ccf-c9d9-4c1d-97f4-516b572b2f9d,1697664003666111111
6a69421f-e399-4db8-897a-d8ef21b5e0a7,707b6ccf-c9d9-4c1d-97f4-516b572b2f9d,1697664003699044444
6a69421f-e399-4db8-897a-d8ef21b5e0a7,707b6ccf-c9d9-4c1d-97f4-516b572b2f9d,1697664003730622222
6a69421f-e399-4db8-897a-d8ef21b5e0a7,707b6ccf-c9d9-4c1d-97f4-516b572b2f9d,1697664003769311111
6a69421f-e399-4db8-897a-d8ef21b5e0a7,707b6ccf-c9d9-4c1d-97f4-516b572b2f9d,1697664003802533333
6a69421f-e399-4db8-897a-d8ef21b5e0a7,707b6ccf-c9d9-4c1d-97f4-516b572b2f9d,1697664003825000000
6a69421f-e399-4db8-897a-d8ef21b5e0a7,707b6ccf-c9d9-4c1d-97f4-516b572b2f9d,1697664003859966666
6a69421f-e399-4db8-897a-d8ef21b5e0a7,707b6ccf-c9d9-4c1d-97f4-516b572b2f9d,1697664003892811111
6a69421f-e399-4db8-897a-d8ef21b5e0a7,707b6ccf-c9d9-4c1d-97f4-516b572b2f9d,1697664003921933333
6a69421f-e399-4db8-897a-d8ef21b5e0a7,707b6ccf-c9d9-4c1d-97f4-516b572b2f9d,1697664003958211111
6a69421f-e399-4db8-897a-d8ef21b5e0a7,707b6ccf-c9d9-4c1d-97f4-516b572b2f9d,1697664003998866666
6a69421f-e399-4db8-897a-d8ef21b5e0a7,707b6ccf-c9d9-4c1d-97f4-516b572b2f9d,1697664004030355555
6a69421f-e399-4db8-897a-d8ef21b5e0a7,707b6ccf-c9d9-4c1d-97f4-516b572b2f9d,1697664004066966666
6a69421f-e399-4db8-897a-d8ef21b5e0a7,707b6ccf-c9d9-4c1d-97f4-516b572b2f9d,1697664004099688888
6a69421f-e399-4db8-897a-d8ef21b5e0a7,707b6ccf-c9d9-4c1d-97f4-516b572b2f9d,1697664004133055555
6a69421f-e399-4db8-897a-d8ef21b5e0a7,707b6ccf-c9d9-4c1d-97f4-516b572b2f9d,1697664004168977777
6a69421f-e399-4db8-897a-d8ef21b5e0a7,707b6ccf-c9d9-4c1d-97f4-516b572b2f9d,1697664004199133333
6a69421f-e399-4db8-897a-d8ef21b5e0a7,707b6ccf-c9d9-4c1d-97f4-516b572b2f9d,1697664004230066666
6a69421f-e399-4db8-897a-d8ef21b5e0a7,707b6ccf-c9d9-4c1d-97f4-516b572b2f9d,1697664004264711111
6a69421f-e399-4db8-897a-d8ef21b5e0a7,707b6ccf-c9d9-4c1d-97f4-516b572b2f9d,1697664004298566666
6a69421f-e399-4db8-897a-d8ef21b5e0a7,707b6ccf-c9d9-4c1d-97f4-516b572b2f9d,1697664004331211111
6a69421f-e399-4db8-897a-d8ef21b5e0a7,707b6ccf-c9d9-4c1d-97f4-516b572b2f9d,1697664004366477777
6a69421f-e399-4db8-897a-d8ef21b5e0a7,707b6ccf-c9d9-4c1d-97f4-516b572b2f9d,1697664004398188888
6a69421f-e399-4db8-897a-d8ef21b5e0a7,707b6ccf-c9d9-4c1d-97f4-516b572b2f9d,1697664004429777777
6a69421f-e399-4db8-897a-d8ef21b5e0a7,707b6ccf-c9d9-4c1d-97f4-516b572b2f9d,1697664004471422222
6a69421f-e399-4db8-897a-d8ef21b5e0a7,707b6ccf-c9d9-4c1d-97f4-516b572b2f9d,1697664004497066666
6a69421f-e399-4db8-897a-d8ef21b5e0a7,707b6ccf-c9d9-4c1d-97f4-516b572b2f9d,1697664004525122222
6a69421f-e399-4db8-897a-d8ef21b5e0a7,707b6ccf-c9d9-4c1d-97f4-516b572b2f9d,1697664004575388888
6a69421f-e399-4db8-897a-d8ef21b5e0a7,707b6ccf-c9d9-4c1d-97f4-516b572b2f9d,1697664004595466666
6a69421f-e399-4db8-897a-d8ef21b5e0a7,707b6ccf-c9d9-4c1d-97f4-516b572b2f9d,1697664004621288888
6a69421f-e399-4db8-897a-d8ef21b5e0a7,707b6ccf-c9d9-4c1d-97f4-516b572b2f9d,1697664004664211111
6a69421f-e399-4db8-897a-d8ef21b5e0a7,707b6ccf-c9d9-4c1d-97f4-516b572b2f9d,1697664004696677777
6a69421f-e399-4db8-897a-d8ef21b5e0a7,707b6ccf-c9d9-4c1d-97f4-516b572b2f9d,1697664004730700000
6a69421f-e399-4db8-897a-d8ef21b5e0a7,707b6ccf-c9d9-4c1d-97f4-516b572b2f9d,1697664004769133333
6a69421f-e399-4db8-897a-d8ef21b5e0a7,707b6ccf-c9d9-4c1d-97f4-516b572b2f9d,1697664004798533333
6a69421f-e399-4db8-897a-d8ef21b5e0a7,707b6ccf-c9d9-4c1d-97f4-516b572b2f9d,1697664004831411111
6a69421f-e399-4db8-897a-d8ef21b5e0a7,707b6ccf-c9d9-4c1d-97f4-516b572b2f9d,1697664004868688888
6a69421f-e399-4db8-897a-d8ef21b5e0a7,707b6ccf-c9d9-4c1d-97f4-516b572b2f9d,1697664004903711111
6a69421f-e399-4db8-897a-d8ef21b5e0a7,707b6ccf-c9d9-4c1d-97f4-516b572b2f9d,1697664004931733333
6a69421f-e399-4db8-897a-d8ef21b5e0a7,707b6ccf-c9d9-4c1d-97f4-516b572b2f9d,1697664004969188888
6a69421f-e399-4db8-897a-d8ef21b5e0a7,707b6ccf-c9d9-4c1d-97f4-516b572b2f9d,1697664005000488888
6a69421f-e399-4db8-897a-d8ef21b5e0a7,707b6ccf-c9d9-4c1d-97f4-516b572b2f9d,1697664005032111111
6a69421f-e399-4db8-897a-d8ef21b5e0a7,707b6ccf-c9d9-4c1d-97f4-516b572b2f9d,1697664005063422222
6a69421f-e399-4db8-897a-d8ef21b5e0a7,707b6ccf-c9d9-4c1d-97f4-516b572b2f9d,1697664005102811111
6a69421f-e399-4db8-897a-d8ef21b5e0a7,707b6ccf-c9d9-4c1d-97f4-516b572b2f9d,1697664005147688888
6a69421f-e399-4db8-897a-d8ef21b5e0a7,707b6ccf-c9d9-4c1d-97f4-516b572b2f9d,1697664005164866666
6a69421f-e399-4db8-897a-d8ef21b5e0a7,707b6ccf-c9d9-4c1d-97f4-516b572b2f9d,1697664005202911111
6a69421f-e399-4db8-897a-d8ef21b5e0a7,707b6ccf-c9d9-4c1d-97f4-516b572b2f9d,1697664005227600000
6a69421f-e399-4db8-897a-d8ef21b5e0a7,707b6ccf-c9d9-4c1d-97f4-516b572b2f9d,1697664005257922222
6a69421f-e399-4db8-897a-d8ef21b5e0a7,707b6ccf-c9d9-4c1d-97f4-516b572b2f9d,1697664005302577777
6a69421f-e399-4db8-897a-d8ef21b5e0a7,707b6ccf-c9d9-4c1d-97f4-516b572b2f9d,1697664005327800000
6a69421f-e399-4db8-897a-d8ef21b5e0a7,707b6ccf-c9d9-4c1d-97f4-516b572b2f9d,1697664005362633333
6a69421f-e399-4db8-897a-d8ef21b5e0a7,707b6ccf-c9d9-4c1d-97f4-516b572b2f9d,1697664005400833333
6a69421f-e399-4db8-897a-d8ef21b5e0a7,707b6ccf-c9d9-4c1d-97f4-516b572b2f9d,1697664005432955555
6a69421f-e399-4db8-897a-d8ef21b5e0a7,707b6ccf-c9d9-4c1d-97f4-516b572b2f9d,1697664005467555555
6a69421f-e399-4db8-897a-d8ef21b5e0a7,707b6ccf-c9d9-4c1d-97f4-516b572b2f9d,1697664005500444444
6a69421f-e399-4db8-897a-d8ef21b5e0a7,707b6ccf-c9d9-4c1d-97f4-516b572b2f9d,1697664005522933333
6a69421f-e399-4db8-897a-d8ef21b5e0a7,707b6ccf-c9d9-4c1d-97f4-516b572b2f9d,1697664005565422222
6a69421f-e399-4db8-897a-d8ef21b5e0a7,707b6ccf-c9d9-4c1d-97f4-516b572b2f9d,1697664005599211111
6a69421f-e399-4db8-897a-d8ef21b5e0a7,707b6ccf-c9d9-4c1d-97f4-516b572b2f9d,1697664005631522222
6a69421f-e399-4db8-897a-d8ef21b5e0a7,707b6ccf-c9d9-4c1d-97f4-516b572b2f9d,1697664005662922222
6a69421f-e399-4db8-897a-d8ef21b5e0a7,707b6ccf-c9d9-4c1d-97f4-516b572b2f9d,1697664005699144444
6a69421f-e399-4db8-897a-d8ef21b5e0a7,707b6ccf-c9d9-4c1d-97f4-516b572b2f9d,1697664005733766666
6a69421f-e399-4db8-897a-d8ef21b5e0a7,707b6ccf-c9d9-4c1d-97f4-516b572b2f9d,1697664005763211111
6a69421f-e399-4db8-897a-d8ef21b5e0a7,707b6ccf-c9d9-4c1d-97f4-516b572b2f9d,1697664005803233333
6a69421f-e399-4db8-897a-d8ef21b5e0a7,707b6ccf-c9d9-4c1d-97f4-516b572b2f9d,1697664005823322222
6a69421f-e399-4db8-897a-d8ef21b5e0a7,707b6ccf-c9d9-4c1d-97f4-516b572b2f9d,1697664005856066666
6a69421f-e399-4db8-897a-d8ef21b5e0a7,707b6ccf-c9d9-4c1d-97f4-516b572b2f9d,1697664005892033333
6a69421f-e399-4db8-897a-d8ef21b5e0a7,707b6ccf-c9d9-4c1d-97f4-516b572b2f9d,1697664005937811111
6a69421f-e399-4db8-897a-d8ef21b5e0a7,707b6ccf-c9d9-4c1d-97f4-516b572b2f9d,1697664005959822222
6a69421f-e399-4db8-897a-d8ef21b5e0a7,707b6ccf-c9d9-4c1d-97f4-516b572b2f9d,1697664005999544444
6a69421f-e399-4db8-897a-d8ef21b5e0a7,707b6ccf-c9d9-4c1d-97f4-516b572b2f9d,1697664006033011111
6a69421f-e399-4db8-897a-d8ef21b5e0a7,707b6ccf-c9d9-4c1d-97f4-516b572b2f9d,1697664006066466666
6a69421f-e399-4db8-897a-d8ef21b5e0a7,707b6ccf-c9d9-4c1d-97f4-516b572b2f9d,1697664006099588888
6a69421f-e399-4db8-897a-d8ef21b5e0a7,707b6ccf-c9d9-4c1d-97f4-516b572b2f9d,1697664006129844444
6a69421f-e399-4db8-897a-d8ef21b5e0a7,707b6ccf-c9d9-4c1d-97f4-516b572b2f9d,1697664006163600000
6a69421f-e399-4db8-897a-d8ef21b5e0a7,707b6ccf-c9d9-4c1d-97f4-516b572b2f9d,1697664006202488888
6a69421f-e399-4db8-897a-d8ef21b5e0a7,707b6ccf-c9d9-4c1d-97f4-516b572b2f9d,1697664006230988888
6a69421f-e399-4db8-897a-d8ef21b5e0a7,707b6ccf-c9d9-4c1d-97f4-516b572b2f9d,1697664006263011111
6a69421f-e399-4db8-897a-d8ef21b5e0a7,707b6ccf-c9d9-4c1d-97f4-516b572b2f9d,1697664006303244444
6a69421f-e399-4db8-897a-d8ef21b5e0a7,707b6ccf-c9d9-4c1d-97f4-516b572b2f9d,1697664006331566666
6a69421f-e399-4db8-897a-d8ef21b5e0a7,707b6ccf-c9d9-4c1d-97f4-516b572b2f9d,1697664006362133333
6a69421f-e399-4db8-897a-d8ef21b5e0a7,707b6ccf-c9d9-4c1d-97f4-516b572b2f9d,1697664006401622222
6a69421f-e399-4db8-897a-d8ef21b5e0a7,707b6ccf-c9d9-4c1d-97f4-516b572b2f9d,1697664006430255555
6a69421f-e399-4db8-897a-d8ef21b5e0a7,707b6ccf-c9d9-4c1d-97f4-516b572b2f9d,1697664006462311111
6a69421f-e399-4db8-897a-d8ef21b5e0a7,707b6ccf-c9d9-4c1d-97f4-516b572b2f9d,1697664006509722222
6a69421f-e399-4db8-897a-d8ef21b5e0a7,707b6ccf-c9d9-4c1d-97f4-516b572b2f9d,1697664006524211111
6a69421f-e399-4db8-897a-d8ef21b5e0a7,707b6ccf-c9d9-4c1d-97f4-516b572b2f9d,1697664006564733333
6a69421f-e399-4db8-897a-d8ef21b5e0a7,707b6ccf-c9d9-4c1d-97f4-516b572b2f9d,1697664006592855555
6a69421f-e399-4db8-897a-d8ef21b5e0a7,707b6ccf-c9d9-4c1d-97f4-516b572b2f9d,1697664006621833333
6a69421f-e399-4db8-897a-d8ef21b5e0a7,707b6ccf-c9d9-4c1d-97f4-516b572b2f9d,1697664006663766666
6a69421f-e399-4db8-897a-d8ef21b5e0a7,707b6ccf-c9d9-4c1d-97f4-516b572b2f9d,1697664006699033333
6a69421f-e399-4db8-897a-d8ef21b5e0a7,707b6ccf-c9d9-4c1d-97f4-516b572b2f9d,1697664006729577777
6a69421f-e399-4db8-897a-d8ef21b5e0a7,707b6ccf-c9d9-4c1d-97f4-516b572b2f9d,1697664006761455555
6a69421f-e399-4db8-897a-d8ef21b5e0a7,707b6ccf-c9d9-4c1d-97f4-516b572b2f9d,1697664006798544444
6a69421f-e399-4db8-897a-d8ef21b5e0a7,707b6ccf-c9d9-4c1d-97f4-516b572b2f9d,1697664006835433333
6a69421f-e399-4db8-897a-d8ef21b5e0a7,707b6ccf-c9d9-4c1d-97f4-516b572b2f9d,1697664006862533333
6a69421f-e399-4db8-897a-d8ef21b5e0a7,707b6ccf-c9d9-4c1d-97f4-516b572b2f9d,1697664006902044444
6a69421f-e399-4db8-897a-d8ef21b5e0a7,707b6ccf-c9d9-4c1d-97f4-516b572b2f9d,1697664006932911111
6a69421f-e399-4db8-897a-d8ef21b5e0a7,707b6ccf-c9d9-4c1d-97f4-516b572b2f9d,1697664006962966666
6a69421f-e399-4db8-897a-d8ef21b5e0a7,707b6ccf-c9d9-4c1d-97f4-516b572b2f9d,1697664007004633333
6a69421f-e399-4db8-897a-d8ef21b5e0a7,707b6ccf-c9d9-4c1d-97f4-516b572b2f9d,1697664007030688888
6a69421f-e399-4db8-897a-d8ef21b5e0a7,707b6ccf-c9d9-4c1d-97f4-516b572b2f9d,1697664007063366666
6a69421f-e399-4db8-897a-d8ef21b5e0a7,707b6ccf-c9d9-4c1d-97f4-516b572b2f9d,1697664007102944444
6a69421f-e399-4db8-897a-d8ef21b5e0a7,707b6ccf-c9d9-4c1d-97f4-516b572b2f9d,1697664007145988888
6a69421f-e399-4db8-897a-d8ef21b5e0a7,707b6ccf-c9d9-4c1d-97f4-516b572b2f9d,1697664007154944444
6a69421f-e399-4db8-897a-d8ef21b5e0a7,707b6ccf-c9d9-4c1d-97f4-516b572b2f9d,1697664007190622222
6a69421f-e399-4db8-897a-d8ef21b5e0a7,707b6ccf-c9d9-4c1d-97f4-516b572b2f9d,1697664007233077777
6a69421f-e399-4db8-897a-d8ef21b5e0a7,707b6ccf-c9d9-4c1d-97f4-516b572b2f9d,1697664007260000000
6a69421f-e399-4db8-897a-d8ef21b5e0a7,707b6ccf-c9d9-4c1d-97f4-516b572b2f9d,1697664007289088888
6a69421f-e399-4db8-897a-d8ef21b5e0a7,707b6ccf-c9d9-4c1d-97f4-516b572b2f9d,1697664007329977777
6a69421f-e399-4db8-897a-d8ef21b5e0a7,707b6ccf-c9d9-4c1d-97f4-516b572b2f9d,1697664007364577777
6a69421f-e399-4db8-897a-d8ef21b5e0a7,707b6ccf-c9d9-4c1d-97f4-516b572b2f9d,1697664007399722222
6a69421f-e399-4db8-897a-d8ef21b5e0a7,707b6ccf-c9d9-4c1d-97f4-516b572b2f9d,1697664007433100000
6a69421f-e399-4db8-897a-d8ef21b5e0a7,707b6ccf-c9d9-4c1d-97f4-516b572b2f9d,1697664007463433333
6a69421f-e399-4db8-897a-d8ef21b5e0a7,707b6ccf-c9d9-4c1d-97f4-516b572b2f9d,1697664007497966666
6a69421f-e399-4db8-897a-d8ef21b5e0a7,707b6ccf-c9d9-4c1d-97f4-516b572b2f9d,1697664007537355555
6a69421f-e399-4db8-897a-d8ef21b5e0a7,707b6ccf-c9d9-4c1d-97f4-516b572b2f9d,1697664007566388888
6a69421f-e399-4db8-897a-d8ef21b5e0a7,707b6ccf-c9d9-4c1d-97f4-516b572b2f9d,1697664007597944444
6a69421f-e399-4db8-897a-d8ef21b5e0a7,707b6ccf-c9d9-4c1d-97f4-516b572b2f9d,1697664007631644444
6a69421f-e399-4db8-897a-d8ef21b5e0a7,707b6ccf-c9d9-4c1d-97f4-516b572b2f9d,1697664007661711111
6a69421f-e399-4db8-897a-d8ef21b5e0a7,707b6ccf-c9d9-4c1d-97f4-516b572b2f9d,1697664007698777777
6a69421f-e399-4db8-897a-d8ef21b5e0a7,707b6ccf-c9d9-4c1d-97f4-516b572b2f9d,1697664007730166666
6a69421f-e399-4db8-897a-d8ef21b5e0a7,707b6ccf-c9d9-4c1d-97f4-516b572b2f9d,1697664007760611111
6a69421f-e399-4db8-897a-d8ef21b5e0a7,707b6ccf-c9d9-4c1d-97f4-516b572b2f9d,1697664007815044444
6a69421f-e399-4db8-897a-d8ef21b5e0a7,707b6ccf-c9d9-4c1d-97f4-516b572b2f9d,1697664007829577777
6a69421f-e399-4db8-897a-d8ef21b5e0a7,707b6ccf-c9d9-4c1d-97f4-516b572b2f9d,1697664007859788888
6a69421f-e399-4db8-897a-d8ef21b5e0a7,707b6ccf-c9d9-4c1d-97f4-516b572b2f9d,1697664007889244444
6a69421f-e399-4db8-897a-d8ef21b5e0a7,707b6ccf-c9d9-4c1d-97f4-516b572b2f9d,1697664007934000000
6a69421f-e399-4db8-897a-d8ef21b5e0a7,707b6ccf-c9d9-4c1d-97f4-516b572b2f9d,1697664007968122222
6a69421f-e399-4db8-897a-d8ef21b5e0a7,707b6ccf-c9d9-4c1d-97f4-516b572b2f9d,1697664007997388888
6a69421f-e399-4db8-897a-d8ef21b5e0a7,707b6ccf-c9d9-4c1d-97f4-516b572b2f9d,1697664008032855555
6a69421f-e399-4db8-897a-d8ef21b5e0a7,707b6ccf-c9d9-4c1d-97f4-516b572b2f9d,1697664008064388888
6a69421f-e399-4db8-897a-d8ef21b5e0a7,707b6ccf-c9d9-4c1d-97f4-516b572b2f9d,1697664008104000000
6a69421f-e399-4db8-897a-d8ef21b5e0a7,707b6ccf-c9d9-4c1d-97f4-516b572b2f9d,1697664008132244444
6a69421f-e399-4db8-897a-d8ef21b5e0a7,707b6ccf-c9d9-4c1d-97f4-516b572b2f9d,1697664008160666666
6a69421f-e399-4db8-897a-d8ef21b5e0a7,707b6ccf-c9d9-4c1d-97f4-516b572b2f9d,1697664008201977777
6a69421f-e399-4db8-897a-d8ef21b5e0a7,707b6ccf-c9d9-4c1d-97f4-516b572b2f9d,1697664008223977777
6a69421f-e399-4db8-897a-d8ef21b5e0a7,707b6ccf-c9d9-4c1d-97f4-516b572b2f9d,1697664008264033333
6a69421f-e399-4db8-897a-d8ef21b5e0a7,707b6ccf-c9d9-4c1d-97f4-516b572b2f9d,1697664008293666666
6a69421f-e399-4db8-897a-d8ef21b5e0a7,707b6ccf-c9d9-4c1d-97f4-516b572b2f9d,1697664008333322222
6a69421f-e399-4db8-897a-d8ef21b5e0a7,707b6ccf-c9d9-4c1d-97f4-516b572b2f9d,1697664008365444444
6a69421f-e399-4db8-897a-d8ef21b5e0a7,707b6ccf-c9d9-4c1d-97f4-516b572b2f9d,1697664008396111111
6a69421f-e399-4db8-897a-d8ef21b5e0a7,707b6ccf-c9d9-4c1d-97f4-516b572b2f9d,1697664008431833333
6a69421f-e399-4db8-897a-d8ef21b5e0a7,707b6ccf-c9d9-4c1d-97f4-516b572b2f9d,1697664008480111111
6a69421f-e399-4db8-897a-d8ef21b5e0a7,707b6ccf-c9d9-4c1d-97f4-516b572b2f9d,1697664008498422222
6a69421f-e399-4db8-897a-d8ef21b5e0a7,707b6ccf-c9d9-4c1d-97f4-516b572b2f9d,1697664008530011111
6a69421f-e399-4db8-897a-d8ef21b5e0a7,707b6ccf-c9d9-4c1d-97f4-516b572b2f9d,1697664008554555555
6a69421f-e399-4db8-897a-d8ef21b5e0a7,707b6ccf-c9d9-4c1d-97f4-516b572b2f9d,1697664008589444444
6a69421f-e399-4db8-897a-d8ef21b5e0a7,707b6ccf-c9d9-4c1d-97f4-516b572b2f9d,1697664008623377777
6a69421f-e399-4db8-897a-d8ef21b5e0a7,707b6ccf-c9d9-4c1d-97f4-516b572b2f9d,1697664008663777777
6a69421f-e399-4db8-897a-d8ef21b5e0a7,707b6ccf-c9d9-4c1d-97f4-516b572b2f9d,1697664008695144444
6a69421f-e399-4db8-897a-d8ef21b5e0a7,707b6ccf-c9d9-4c1d-97f4-516b572b2f9d,1697664008734288888
6a69421f-e399-4db8-897a-d8ef21b5e0a7,707b6ccf-c9d9-4c1d-97f4-516b572b2f9d,1697664008764166666
6a69421f-e399-4db8-897a-d8ef21b5e0a7,707b6ccf-c9d9-4c1d-97f4-516b572b2f9d,1697664008795811111
6a69421f-e399-4db8-897a-d8ef21b5e0a7,707b6ccf-c9d9-4c1d-97f4-516b572b2f9d,1697664008833088888
6a69421f-e399-4db8-897a-d8ef21b5e0a7,707b6ccf-c9d9-4c1d-97f4-516b572b2f9d,1697664008868400000
6a69421f-e399-4db8-897a-d8ef21b5e0a7,707b6ccf-c9d9-4c1d-97f4-516b572b2f9d,1697664008894422222
6a69421f-e399-4db8-897a-d8ef21b5e0a7,707b6ccf-c9d9-4c1d-97f4-516b572b2f9d,1697664008933144444
6a69421f-e399-4db8-897a-d8ef21b5e0a7,707b6ccf-c9d9-4c1d-97f4-516b572b2f9d,1697664008962344444
6a69421f-e399-4db8-897a-d8ef21b5e0a7,707b6ccf-c9d9-4c1d-97f4-516b572b2f9d,1697664008995711111
6a69421f-e399-4db8-897a-d8ef21b5e0a7,707b6ccf-c9d9-4c1d-97f4-516b572b2f9d,1697664009032622222
6a69421f-e399-4db8-897a-d8ef21b5e0a7,707b6ccf-c9d9-4c1d-97f4-516b572b2f9d,1697664009063188888
6a69421f-e399-4db8-897a-d8ef21b5e0a7,707b6ccf-c9d9-4c1d-97f4-516b572b2f9d,1697664009095088888
6a69421f-e399-4db8-897a-d8ef21b5e0a7,707b6ccf-c9d9-4c1d-97f4-516b572b2f9d,1697664009135722222
6a69421f-e399-4db8-897a-d8ef21b5e0a7,707b6ccf-c9d9-4c1d-97f4-516b572b2f9d,1697664009155100000
6a69421f-e399-4db8-897a-d8ef21b5e0a7,707b6ccf-c9d9-4c1d-97f4-516b572b2f9d,1697664009192122222
6a69421f-e399-4db8-897a-d8ef21b5e0a7,707b6ccf-c9d9-4c1d-97f4-516b572b2f9d,1697664009244155555
6a69421f-e399-4db8-897a-d8ef21b5e0a7,707b6ccf-c9d9-4c1d-97f4-516b572b2f9d,1697664009264411111
6a69421f-e399-4db8-897a-d8ef21b5e0a7,707b6ccf-c9d9-4c1d-97f4-516b572b2f9d,1697664009284500000
6a69421f-e399-4db8-897a-d8ef21b5e0a7,707b6ccf-c9d9-4c1d-97f4-516b572b2f9d,1697664009332511111
6a69421f-e399-4db8-897a-d8ef21b5e0a7,707b6ccf-c9d9-4c1d-97f4-516b572b2f9d,1697664009364155555
6a69421f-e399-4db8-897a-d8ef21b5e0a7,707b6ccf-c9d9-4c1d-97f4-516b572b2f9d,1697664009394444444
6a69421f-e399-4db8-897a-d8ef21b5e0a7,707b6ccf-c9d9-4c1d-97f4-516b572b2f9d,1697664009431933333
6a69421f-e399-4db8-897a-d8ef21b5e0a7,707b6ccf-c9d9-4c1d-97f4-516b572b2f9d,1697664009466155555
6a69421f-e399-4db8-897a-d8ef21b5e0a7,707b6ccf-c9d9-4c1d-97f4-516b572b2f9d,1697664009493911111
6a69421f-e399-4db8-897a-d8ef21b5e0a7,707b6ccf-c9d9-4c1d-97f4-516b572b2f9d,1697664009531633333
6a69421f-e399-4db8-897a-d8ef21b5e0a7,707b6ccf-c9d9-4c1d-97f4-516b572b2f9d,1697664009566433333
6a69421f-e399-4db8-897a-d8ef21b5e0a7,707b6ccf-c9d9-4c1d-97f4-516b572b2f9d,1697664009595533333
6a69421f-e399-4db8-897a-d8ef21b5e0a7,707b6ccf-c9d9-4c1d-97f4-516b572b2f9d,1697664009630322222
6a69421f-e399-4db8-897a-d8ef21b5e0a7,707b6ccf-c9d9-4c1d-97f4-516b572b2f9d,1697664009662688888
6a69421f-e399-4db8-897a-d8ef21b5e0a7,707b6ccf-c9d9-4c1d-97f4-516b572b2f9d,1697664009694633333
6a69421f-e399-4db8-897a-d8ef21b5e0a7,707b6ccf-c9d9-4c1d-97f4-516b572b2f9d,1697664009730511111
6a69421f-e399-4db8-897a-d8ef21b5e0a7,707b6ccf-c9d9-4c1d-97f4-516b572b2f9d,1697664009765855555
6a69421f-e399-4db8-897a-d8ef21b5e0a7,707b6ccf-c9d9-4c1d-97f4-516b572b2f9d,1697664009789500000
6a69421f-e399-4db8-897a-d8ef21b5e0a7,707b6ccf-c9d9-4c1d-97f4-516b572b2f9d,1697664009822100000
6a69421f-e399-4db8-897a-d8ef21b5e0a7,707b6ccf-c9d9-4c1d-97f4-516b572b2f9d,1697664009859722222
6a69421f-e399-4db8-897a-d8ef21b5e0a7,707b6ccf-c9d9-4c1d-97f4-516b572b2f9d,1697664009885633333
6a69421f-e399-4db8-897a-d8ef21b5e0a7,707b6ccf-c9d9-4c1d-97f4-516b572b2f9d,1697664009939688888
6a69421f-e399-4db8-897a-d8ef21b5e0a7,707b6ccf-c9d9-4c1d-97f4-516b572b2f9d,1697664009959655555
6a69421f-e399-4db8-897a-d8ef21b5e0a7,707b6ccf-c9d9-4c1d-97f4-516b572b2f9d,1697664009994444444
6a69421f-e399-4db8-897a-d8ef21b5e0a7,707b6ccf-c9d9-4c1d-97f4-516b572b2f9d,1697664010033166666
6a69421f-e399-4db8-897a-d8ef21b5e0a7,707b6ccf-c9d9-4c1d-97f4-516b572b2f9d,1697664010062477777
6a69421f-e399-4db8-897a-d8ef21b5e0a7,707b6ccf-c9d9-4c1d-97f4-516b572b2f9d,1697664010096733333
6a69421f-e399-4db8-897a-d8ef21b5e0a7,707b6ccf-c9d9-4c1d-97f4-516b572b2f9d,1697664010130011111
6a69421f-e399-4db8-897a-d8ef21b5e0a7,707b6ccf-c9d9-4c1d-97f4-516b572b2f9d,1697664010161955555
6a69421f-e399-4db8-897a-d8ef21b5e0a7,707b6ccf-c9d9-4c1d-97f4-516b572b2f9d,1697664010201311111
6a69421f-e399-4db8-897a-d8ef21b5e0a7,707b6ccf-c9d9-4c1d-97f4-516b572b2f9d,1697664010231944444
6a69421f-e399-4db8-897a-d8ef21b5e0a7,707b6ccf-c9d9-4c1d-97f4-516b572b2f9d,1697664010263933333
6a69421f-e399-4db8-897a-d8ef21b5e0a7,707b6ccf-c9d9-4c1d-97f4-516b572b2f9d,1697664010295488888
6a69421f-e399-4db8-897a-d8ef21b5e0a7,707b6ccf-c9d9-4c1d-97f4-516b572b2f9d,1697664010330933333
6a69421f-e399-4db8-897a-d8ef21b5e0a7,707b6ccf-c9d9-4c1d-97f4-516b572b2f9d,1697664010361177777
6a69421f-e399-4db8-897a-d8ef21b5e0a7,707b6ccf-c9d9-4c1d-97f4-516b572b2f9d,1697664010393755555
6a69421f-e399-4db8-897a-d8ef21b5e0a7,707b6ccf-c9d9-4c1d-97f4-516b572b2f9d,1697664010437222222
6a69421f-e399-4db8-897a-d8ef21b5e0a7,707b6ccf-c9d9-4c1d-97f4-516b572b2f9d,1697664010453200000
6a69421f-e399-4db8-897a-d8ef21b5e0a7,707b6ccf-c9d9-4c1d-97f4-516b572b2f9d,1697664010490544444
6a69421f-e399-4db8-897a-d8ef21b5e0a7,707b6ccf-c9d9-4c1d-97f4-516b572b2f9d,1697664010523444444
6a69421f-e399-4db8-897a-d8ef21b5e0a7,707b6ccf-c9d9-4c1d-97f4-516b572b2f9d,1697664010564922222
6a69421f-e399-4db8-897a-d8ef21b5e0a7,707b6ccf-c9d9-4c1d-97f4-516b572b2f9d,1697664010598711111
6a69421f-e399-4db8-897a-d8ef21b5e0a7,707b6ccf-c9d9-4c1d-97f4-516b572b2f9d,1697664010632011111
6a69421f-e399-4db8-897a-d8ef21b5e0a7,707b6ccf-c9d9-4c1d-97f4-516b572b2f9d,1697664010665411111
6a69421f-e399-4db8-897a-d8ef21b5e0a7,707b6ccf-c9d9-4c1d-97f4-516b572b2f9d,1697664010696500000
6a69421f-e399-4db8-897a-d8ef21b5e0a7,707b6ccf-c9d9-4c1d-97f4-516b572b2f9d,1697664010733111111
6a69421f-e399-4db8-897a-d8ef21b5e0a7,707b6ccf-c9d9-4c1d-97f4-516b572b2f9d,1697664010761700000
6a69421f-e399-4db8-897a-d8ef21b5e0a7,707b6ccf-c9d9-4c1d-97f4-516b572b2f9d,1697664010796833333
6a69421f-e399-4db8-897a-d8ef21b5e0a7,707b6ccf-c9d9-4c1d-97f4-516b572b2f9d,1697664010831022222
6a69421f-e399-4db8-897a-d8ef21b5e0a7,707b6ccf-c9d9-4c1d-97f4-516b572b2f9d,1697664010863366666
6a69421f-e399-4db8-897a-d8ef21b5e0a7,707b6ccf-c9d9-4c1d-97f4-516b572b2f9d,1697664010895611111
6a69421f-e399-4db8-897a-d8ef21b5e0a7,707b6ccf-c9d9-4c1d-97f4-516b572b2f9d,1697664010929133333
6a69421f-e399-4db8-897a-d8ef21b5e0a7,707b6ccf-c9d9-4c1d-97f4-516b572b2f9d,1697664010960166666
6a69421f-e399-4db8-897a-d8ef21b5e0a7,707b6ccf-c9d9-4c1d-97f4-516b572b2f9d,1697664010994333333
6a69421f-e399-4db8-897a-d8ef21b5e0a7,707b6ccf-c9d9-4c1d-97f4-516b572b2f9d,1697664011031455555
6a69421f-e399-4db8-897a-d8ef21b5e0a7,707b6ccf-c9d9-4c1d-97f4-516b572b2f9d,1697664011063733333
6a69421f-e399-4db8-897a-d8ef21b5e0a7,707b6ccf-c9d9-4c1d-97f4-516b572b2f9d,1697664011109655555
6a69421f-e399-4db8-897a-d8ef21b5e0a7,707b6ccf-c9d9-4c1d-97f4-516b572b2f9d,1697664011121633333
6a69421f-e399-4db8-897a-d8ef21b5e0a7,707b6ccf-c9d9-4c1d-97f4-516b572b2f9d,1697664011161366666
6a69421f-e399-4db8-897a-d8ef21b5e0a7,707b6ccf-c9d9-4c1d-97f4-516b572b2f9d,1697664011187966666
6a69421f-e399-4db8-897a-d8ef21b5e0a7,707b6ccf-c9d9-4c1d-97f4-516b572b2f9d,1697664011220855555
6a69421f-e399-4db8-897a-d8ef21b5e0a7,707b6ccf-c9d9-4c1d-97f4-516b572b2f9d,1697664011263444444
6a69421f-e399-4db8-897a-d8ef21b5e0a7,707b6ccf-c9d9-4c1d-97f4-516b572b2f9d,1697664011296966666
6a69421f-e399-4db8-897a-d8ef21b5e0a7,707b6ccf-c9d9-4c1d-97f4-516b572b2f9d,1697664011331588888
6a69421f-e399-4db8-897a-d8ef21b5e0a7,707b6ccf-c9d9-4c1d-97f4-516b572b2f9d,1697664011361800000
6a69421f-e399-4db8-897a-d8ef21b5e0a7,707b6ccf-c9d9-4c1d-97f4-516b572b2f9d,1697664011395355555
6a69421f-e399-4db8-897a-d8ef21b5e0a7,707b6ccf-c9d9-4c1d-97f4-516b572b2f9d,1697664011431966666
6a69421f-e399-4db8-897a-d8ef21b5e0a7,707b6ccf-c9d9-4c1d-97f4-516b572b2f9d,1697664011466844444
6a69421f-e399-4db8-897a-d8ef21b5e0a7,707b6ccf-c9d9-4c1d-97f4-516b572b2f9d,1697664011493466666
6a69421f-e399-4db8-897a-d8ef21b5e0a7,707b6ccf-c9d9-4c1d-97f4-516b572b2f9d,1697664011525511111
6a69421f-e399-4db8-897a-d8ef21b5e0a7,707b6ccf-c9d9-4c1d-97f4-516b572b2f9d,1697664011562077777
6a69421f-e399-4db8-897a-d8ef21b5e0a7,707b6ccf-c9d9-4c1d-97f4-516b572b2f9d,1697664011596666666
6a69421f-e399-4db8-897a-d8ef21b5e0a7,707b6ccf-c9d9-4c1d-97f4-516b572b2f9d,1697664011624722222
6a69421f-e399-4db8-897a-d8ef21b5e0a7,707b6ccf-c9d9-4c1d-97f4-516b572b2f9d,1697664011663822222
6a69421f-e399-4db8-897a-d8ef21b5e0a7,707b6ccf-c9d9-4c1d-97f4-516b572b2f9d,1697664011695388888
6a69421f-e399-4db8-897a-d8ef21b5e0a7,707b6ccf-c9d9-4c1d-97f4-516b572b2f9d,1697664011728744444
6a69421f-e399-4db8-897a-d8ef21b5e0a7,707b6ccf-c9d9-4c1d-97f4-516b572b2f9d,1697664011765111111
6a69421f-e399-4db8-897a-d8ef21b5e0a7,707b6ccf-c9d9-4c1d-97f4-516b572b2f9d,1697664011789122222
6a69421f-e399-4db8-897a-d8ef21b5e0a7,707b6ccf-c9d9-4c1d-97f4-516b572b2f9d,1697664011817122222
6a69421f-e399-4db8-897a-d8ef21b5e0a7,707b6ccf-c9d9-4c1d-97f4-516b572b2f9d,1697664011872311111
6a69421f-e399-4db8-897a-d8ef21b5e0a7,707b6ccf-c9d9-4c1d-97f4-516b572b2f9d,1697664011885855555
6a69421f-e399-4db8-897a-d8ef21b5e0a7,707b6ccf-c9d9-4c1d-97f4-516b572b2f9d,1697664011916677777
6a69421f-e399-4db8-897a-d8ef21b5e0a7,707b6ccf-c9d9-4c1d-97f4-516b572b2f9d,1697664011963633333
6a69421f-e399-4db8-897a-d8ef21b5e0a7,707b6ccf-c9d9-4c1d-97f4-516b572b2f9d,1697664011992844444
6a69421f-e399-4db8-897a-d8ef21b5e0a7,707b6ccf-c9d9-4c1d-97f4-516b572b2f9d,1697664012027266666
6a69421f-e399-4db8-897a-d8ef21b5e0a7,707b6ccf-c9d9-4c1d-97f4-516b572b2f9d,1697664012059977777
6a69421f-e399-4db8-897a-d8ef21b5e0a7,707b6ccf-c9d9-4c1d-97f4-516b572b2f9d,1697664012093633333
6a69421f-e399-4db8-897a-d8ef21b5e0a7,707b6ccf-c9d9-4c1d-97f4-516b572b2f9d,1697664012130155555
6a69421f-e399-4db8-897a-d8ef21b5e0a7,707b6ccf-c9d9-4c1d-97f4-516b572b2f9d,1697664012162366666
6a69421f-e399-4db8-897a-d8ef21b5e0a7,707b6ccf-c9d9-4c1d-97f4-516b572b2f9d,1697664012193288888
6a69421f-e399-4db8-897a-d8ef21b5e0a7,707b6ccf-c9d9-4c1d-97f4-516b572b2f9d,1697664012228588888
6a69421f-e399-4db8-897a-d8ef21b5e0a7,707b6ccf-c9d9-4c1d-97f4-516b572b2f9d,1697664012265866666
6a69421f-e399-4db8-897a-d8ef21b5e0a7,707b6ccf-c9d9-4c1d-97f4-516b572b2f9d,1697664012294733333
6a69421f-e399-4db8-897a-d8ef21b5e0a7,707b6ccf-c9d9-4c1d-97f4-516b572b2f9d,1697664012329800000
6a69421f-e399-4db8-897a-d8ef21b5e0a7,707b6ccf-c9d9-4c1d-97f4-516b572b2f9d,1697664012362100000
6a69421f-e399-4db8-897a-d8ef21b5e0a7,707b6ccf-c9d9-4c1d-97f4-516b572b2f9d,1697664012396033333
6a69421f-e399-4db8-897a-d8ef21b5e0a7,707b6ccf-c9d9-4c1d-97f4-516b572b2f9d,1697664012450300000
6a69421f-e399-4db8-897a-d8ef21b5e0a7,707b6ccf-c9d9-4c1d-97f4-516b572b2f9d,1697664012459200000
6a69421f-e399-4db8-897a-d8ef21b5e0a7,707b6ccf-c9d9-4c1d-97f4-516b572b2f9d,1697664012487577777
6a69421f-e399-4db8-897a-d8ef21b5e0a7,707b6ccf-c9d9-4c1d-97f4-516b572b2f9d,1697664012517322222
6a69421f-e399-4db8-897a-d8ef21b5e0a7,707b6ccf-c9d9-4c1d-97f4-516b572b2f9d,1697664012563211111
6a69421f-e399-4db8-897a-d8ef21b5e0a7,707b6ccf-c9d9-4c1d-97f4-516b572b2f9d,1697664012594155555
6a69421f-e399-4db8-897a-d8ef21b5e0a7,707b6ccf-c9d9-4c1d-97f4-516b572b2f9d,1697664012626011111
6a69421f-e399-4db8-897a-d8ef21b5e0a7,707b6ccf-c9d9-4c1d-97f4-516b572b2f9d,1697664012662066666
6a69421f-e399-4db8-897a-d8ef21b5e0a7,707b6ccf-c9d9-4c1d-97f4-516b572b2f9d,1697664012694366666
6a69421f-e399-4db8-897a-d8ef21b5e0a7,707b6ccf-c9d9-4c1d-97f4-516b572b2f9d,1697664012725077777
6a69421f-e399-4db8-897a-d8ef21b5e0a7,707b6ccf-c9d9-4c1d-97f4-516b572b2f9d,1697664012761111111
6a69421f-e399-4db8-897a-d8ef21b5e0a7,707b6ccf-c9d9-4c1d-97f4-516b572b2f9d,1697664012794311111
6a69421f-e399-4db8-897a-d8ef21b5e0a7,707b6ccf-c9d9-4c1d-97f4-516b572b2f9d,1697664012825133333
6a69421f-e399-4db8-897a-d8ef21b5e0a7,707b6ccf-c9d9-4c1d-97f4-516b572b2f9d,1697664012860577777
6a69421f-e399-4db8-897a-d8ef21b5e0a7,707b6ccf-c9d9-4c1d-97f4-516b572b2f9d,1697664012894422222
6a69421f-e399-4db8-897a-d8ef21b5e0a7,707b6ccf-c9d9-4c1d-97f4-516b572b2f9d,1697664012924711111
6a69421f-e399-4db8-897a-d8ef21b5e0a7,707b6ccf-c9d9-4c1d-97f4-516b572b2f9d,1697664012966755555
6a69421f-e399-4db8-897a-d8ef21b5e0a7,707b6ccf-c9d9-4c1d-97f4-516b572b2f9d,1697664012998988888
6a69421f-e399-4db8-897a-d8ef21b5e0a7,707b6ccf-c9d9-4c1d-97f4-516b572b2f9d,1697664013027466666
6a69421f-e399-4db8-897a-d8ef21b5e0a7,707b6ccf-c9d9-4c1d-97f4-516b572b2f9d,1697664013065377777
6a69421f-e399-4db8-897a-d8ef21b5e0a7,707b6ccf-c9d9-4c1d-97f4-516b572b2f9d,1697664013104200000
6a69421f-e399-4db8-897a-d8ef21b5e0a7,707b6ccf-c9d9-4c1d-97f4-516b572b2f9d,1697664013121777777
6a69421f-e399-4db8-897a-d8ef21b5e0a7,707b6ccf-c9d9-4c1d-97f4-516b572b2f9d,1697664013153577777
6a69421f-e399-4db8-897a-d8ef21b5e0a7,707b6ccf-c9d9-4c1d-97f4-516b572b2f9d,1697664013186122222
6a69421f-e399-4db8-897a-d8ef21b5e0a7,707b6ccf-c9d9-4c1d-97f4-516b572b2f9d,1697664013219344444
6a69421f-e399-4db8-897a-d8ef21b5e0a7,707b6ccf-c9d9-4c1d-97f4-516b572b2f9d,1697664013255611111
6a69421f-e399-4db8-897a-d8ef21b5e0a7,707b6ccf-c9d9-4c1d-97f4-516b572b2f9d,1697664013296466666
6a69421f-e399-4db8-897a-d8ef21b5e0a7,707b6ccf-c9d9-4c1d-97f4-516b572b2f9d,1697664013327800000
6a69421f-e399-4db8-897a-d8ef21b5e0a7,707b6ccf-c9d9-4c1d-97f4-516b572b2f9d,1697664013361700000
6a69421f-e399-4db8-897a-d8ef21b5e0a7,707b6ccf-c9d9-4c1d-97f4-516b572b2f9d,1697664013395222222
6a69421f-e399-4db8-897a-d8ef21b5e0a7,707b6ccf-c9d9-4c1d-97f4-516b572b2f9d,1697664013430888888
6a69421f-e399-4db8-897a-d8ef21b5e0a7,707b6ccf-c9d9-4c1d-97f4-516b572b2f9d,1697664013467233333
6a69421f-e399-4db8-897a-d8ef21b5e0a7,707b6ccf-c9d9-4c1d-97f4-516b572b2f9d,1697664013494922222
6a69421f-e399-4db8-897a-d8ef21b5e0a7,707b6ccf-c9d9-4c1d-97f4-516b572b2f9d,1697664013525144444
6a69421f-e399-4db8-897a-d8ef21b5e0a7,707b6ccf-c9d9-4c1d-97f4-516b572b2f9d,1697664013563744444
6a69421f-e399-4db8-897a-d8ef21b5e0a7,707b6ccf-c9d9-4c1d-97f4-516b572b2f9d,1697664013597066666
6a69421f-e399-4db8-897a-d8ef21b5e0a7,707b6ccf-c9d9-4c1d-97f4-516b572b2f9d,1697664013625088888
6a69421f-e399-4db8-897a-d8ef21b5e0a7,707b6ccf-c9d9-4c1d-97f4-516b572b2f9d,1697664013661500000
6a69421f-e399-4db8-897a-d8ef21b5e0a7,707b6ccf-c9d9-4c1d-97f4-516b572b2f9d,1697664013694700000
6a69421f-e399-4db8-897a-d8ef21b5e0a7,707b6ccf-c9d9-4c1d-97f4-516b572b2f9d,1697664013725144444
6a69421f-e399-4db8-897a-d8ef21b5e0a7,707b6ccf-c9d9-4c1d-97f4-516b572b2f9d,1697664013780955555
6a69421f-e399-4db8-897a-d8ef21b5e0a7,707b6ccf-c9d9-4c1d-97f4-516b572b2f9d,1697664013793066666
6a69421f-e399-4db8-897a-d8ef21b5e0a7,707b6ccf-c9d9-4c1d-97f4-516b572b2f9d,1697664013831055555
6a69421f-e399-4db8-897a-d8ef21b5e0a7,707b6ccf-c9d9-4c1d-97f4-516b572b2f9d,1697664013857644444
6a69421f-e399-4db8-897a-d8ef21b5e0a7,707b6ccf-c9d9-4c1d-97f4-516b572b2f9d,1697664013891077777
6a69421f-e399-4db8-897a-d8ef21b5e0a7,707b6ccf-c9d9-4c1d-97f4-516b572b2f9d,1697664013924488888
6a69421f-e399-4db8-897a-d8ef21b5e0a7,707b6ccf-c9d9-4c1d-97f4-516b572b2f9d,1697664013969122222
6a69421f-e399-4db8-897a-d8ef21b5e0a7,707b6ccf-c9d9-4c1d-97f4-516b572b2f9d,1697664013995011111
6a69421f-e399-4db8-897a-d8ef21b5e0a7,707b6ccf-c9d9-4c1d-97f4-516b572b2f9d,1697664014026200000
6a69421f-e399-4db8-897a-d8ef21b5e0a7,707b6ccf-c9d9-4c1d-97f4-516b572b2f9d,1697664014062866666
6a69421f-e399-4db8-897a-d8ef21b5e0a7,707b6ccf-c9d9-4c1d-97f4-516b572b2f9d,1697664014094566666
6a69421f-e399-4db8-897a-d8ef21b5e0a7,707b6ccf-c9d9-4c1d-97f4-516b572b2f9d,1697664014123744444
6a69421f-e399-4db8-897a-d8ef21b5e0a7,707b6ccf-c9d9-4c1d-97f4-516b572b2f9d,1697664014165044444
6a69421f-e399-4db8-897a-d8ef21b5e0a7,707b6ccf-c9d9-4c1d-97f4-516b572b2f9d,1697664014194644444
6a69421f-e399-4db8-897a-d8ef21b5e0a7,707b6ccf-c9d9-4c1d-97f4-516b572b2f9d,1697664014229466666
6a69421f-e399-4db8-897a-d8ef21b5e0a7,707b6ccf-c9d9-4c1d-97f4-516b572b2f9d,1697664014261311111
6a69421f-e399-4db8-897a-d8ef21b5e0a7,707b6ccf-c9d9-4c1d-97f4-516b572b2f9d,1697664014295366666
6a69421f-e399-4db8-897a-d8ef21b5e0a7,707b6ccf-c9d9-4c1d-97f4-516b572b2f9d,1697664014327055555
6a69421f-e399-4db8-897a-d8ef21b5e0a7,707b6ccf-c9d9-4c1d-97f4-516b572b2f9d,1697664014366266666
6a69421f-e399-4db8-897a-d8ef21b5e0a7,707b6ccf-c9d9-4c1d-97f4-516b572b2f9d,1697664014394433333
6a69421f-e399-4db8-897a-d8ef21b5e0a7,707b6ccf-c9d9-4c1d-97f4-516b572b2f9d,1697664014420500000
6a69421f-e399-4db8-897a-d8ef21b5e0a7,707b6ccf-c9d9-4c1d-97f4-516b572b2f9d,1697664014459033333
6a69421f-e399-4db8-897a-d8ef21b5e0a7,707b6ccf-c9d9-4c1d-97f4-516b572b2f9d,1697664014487555555
6a69421f-e399-4db8-897a-d8ef21b5e0a7,707b6ccf-c9d9-4c1d-97f4-516b572b2f9d,1697664014519111111
6a69421f-e399-4db8-897a-d8ef21b5e0a7,707b6ccf-c9d9-4c1d-97f4-516b572b2f9d,1697664014560522222
6a69421f-e399-4db8-897a-d8ef21b5e0a7,707b6ccf-c9d9-4c1d-97f4-516b572b2f9d,1697664014595844444
6a69421f-e399-4db8-897a-d8ef21b5e0a7,707b6ccf-c9d9-4c1d-97f4-516b572b2f9d,1697664014626022222
6a69421f-e399-4db8-897a-d8ef21b5e0a7,707b6ccf-c9d9-4c1d-97f4-516b572b2f9d,1697664014661911111
6a69421f-e399-4db8-897a-d8ef21b5e0a7,707b6ccf-c9d9-4c1d-97f4-516b572b2f9d,1697664014696977777
6a69421f-e399-4db8-897a-d8ef21b5e0a7,707b6ccf-c9d9-4c1d-97f4-516b572b2f9d,1697664014725366666
6a69421f-e399-4db8-897a-d8ef21b5e0a7,707b6ccf-c9d9-4c1d-97f4-516b572b2f9d,1697664014758466666
6a69421f-e399-4db8-897a-d8ef21b5e0a7,707b6ccf-c9d9-4c1d-97f4-516b572b2f9d,1697664014796455555
6a69421f-e399-4db8-897a-d8ef21b5e0a7,707b6ccf-c9d9-4c1d-97f4-516b572b2f9d,1697664014827066666
6a69421f-e399-4db8-897a-d8ef21b5e0a7,707b6ccf-c9d9-4c1d-97f4-516b572b2f9d,1697664014858588888
6a69421f-e399-4db8-897a-d8ef21b5e0a7,707b6ccf-c9d9-4c1d-97f4-516b572b2f9d,1697664014894066666
6a69421f-e399-4db8-897a-d8ef21b5e0a7,707b6ccf-c9d9-4c1d-97f4-516b572b2f9d,1697664014925744444
6a69421f-e399-4db8-897a-d8ef21b5e0a7,707b6ccf-c9d9-4c1d-97f4-516b572b2f9d,1697664014961366666
6a69421f-e399-4db8-897a-d8ef21b5e0a7,707b6ccf-c9d9-4c1d-97f4-516b572b2f9d,1697664014990366666
6a69421f-e399-4db8-897a-d8ef21b5e0a7,707b6ccf-c9d9-4c1d-97f4-516b572b2f9d,1697664015031666666
6a69421f-e399-4db8-897a-d8ef21b5e0a7,707b6ccf-c9d9-4c1d-97f4-516b572b2f9d,1697664015060033333
6a69421f-e399-4db8-897a-d8ef21b5e0a7,707b6ccf-c9d9-4c1d-97f4-516b572b2f9d,1697664015090500000
6a69421f-e399-4db8-897a-d8ef21b5e0a7,707b6ccf-c9d9-4c1d-97f4-516b572b2f9d,1697664015117777777
6a69421f-e399-4db8-897a-d8ef21b5e0a7,707b6ccf-c9d9-4c1d-97f4-516b572b2f9d,1697664015156522222
6a69421f-e399-4db8-897a-d8ef21b5e0a7,707b6ccf-c9d9-4c1d-97f4-516b572b2f9d,1697664015199033333
6a69421f-e399-4db8-897a-d8ef21b5e0a7,707b6ccf-c9d9-4c1d-97f4-516b572b2f9d,1697664015228611111
6a69421f-e399-4db8-897a-d8ef21b5e0a7,707b6ccf-c9d9-4c1d-97f4-516b572b2f9d,1697664015262455555
6a69421f-e399-4db8-897a-d8ef21b5e0a7,707b6ccf-c9d9-4c1d-97f4-516b572b2f9d,1697664015290088888
6a69421f-e399-4db8-897a-d8ef21b5e0a7,707b6ccf-c9d9-4c1d-97f4-516b572b2f9d,1697664015330288888
6a69421f-e399-4db8-897a-d8ef21b5e0a7,707b6ccf-c9d9-4c1d-97f4-516b572b2f9d,1697664015360355555
6a69421f-e399-4db8-897a-d8ef21b5e0a7,707b6ccf-c9d9-4c1d-97f4-516b572b2f9d,1697664015389866666
6a69421f-e399-4db8-897a-d8ef21b5e0a7,707b6ccf-c9d9-4c1d-97f4-516b572b2f9d,1697664015429088888
6a69421f-e399-4db8-897a-d8ef21b5e0a7,707b6ccf-c9d9-4c1d-97f4-516b572b2f9d,1697664015462600000
6a69421f-e399-4db8-897a-d8ef21b5e0a7,707b6ccf-c9d9-4c1d-97f4-516b572b2f9d,1697664015495311111
6a69421f-e399-4db8-897a-d8ef21b5e0a7,707b6ccf-c9d9-4c1d-97f4-516b572b2f9d,1697664015526766666
6a69421f-e399-4db8-897a-d8ef21b5e0a7,707b6ccf-c9d9-4c1d-97f4-516b572b2f9d,1697664015558644444
6a69421f-e399-4db8-897a-d8ef21b5e0a7,707b6ccf-c9d9-4c1d-97f4-516b572b2f9d,1697664015595844444
6a69421f-e399-4db8-897a-d8ef21b5e0a7,707b6ccf-c9d9-4c1d-97f4-516b572b2f9d,1697664015624744444
6a69421f-e399-4db8-897a-d8ef21b5e0a7,707b6ccf-c9d9-4c1d-97f4-516b572b2f9d,1697664015664077777
6a69421f-e399-4db8-897a-d8ef21b5e0a7,707b6ccf-c9d9-4c1d-97f4-516b572b2f9d,1697664015695755555
6a69421f-e399-4db8-897a-d8ef21b5e0a7,707b6ccf-c9d9-4c1d-97f4-516b572b2f9d,1697664015727466666
6a69421f-e399-4db8-897a-d8ef21b5e0a7,707b6ccf-c9d9-4c1d-97f4-516b572b2f9d,1697664015750777777
6a69421f-e399-4db8-897a-d8ef21b5e0a7,707b6ccf-c9d9-4c1d-97f4-516b572b2f9d,1697664015798288888
6a69421f-e399-4db8-897a-d8ef21b5e0a7,707b6ccf-c9d9-4c1d-97f4-516b572b2f9d,1697664015819244444
6a69421f-e399-4db8-897a-d8ef21b5e0a7,707b6ccf-c9d9-4c1d-97f4-516b572b2f9d,1697664015849611111
6a69421f-e399-4db8-897a-d8ef21b5e0a7,707b6ccf-c9d9-4c1d-97f4-516b572b2f9d,1697664015894644444
6a69421f-e399-4db8-897a-d8ef21b5e0a7,707b6ccf-c9d9-4c1d-97f4-516b572b2f9d,1697664015926266666
6a69421f-e399-4db8-897a-d8ef21b5e0a7,707b6ccf-c9d9-4c1d-97f4-516b572b2f9d,1697664015957888888
6a69421f-e399-4db8-897a-d8ef21b5e0a7,707b6ccf-c9d9-4c1d-97f4-516b572b2f9d,1697664015998300000
6a69421f-e399-4db8-897a-d8ef21b5e0a7,707b6ccf-c9d9-4c1d-97f4-516b572b2f9d,1697664016029022222
6a69421f-e399-4db8-897a-d8ef21b5e0a7,707b6ccf-c9d9-4c1d-97f4-516b572b2f9d,1697664016058188888
6a69421f-e399-4db8-897a-d8ef21b5e0a7,707b6ccf-c9d9-4c1d-97f4-516b572b2f9d,1697664016092500000
6a69421f-e399-4db8-897a-d8ef21b5e0a7,707b6ccf-c9d9-4c1d-97f4-516b572b2f9d,1697664016128055555
6a69421f-e399-4db8-897a-d8ef21b5e0a7,707b6ccf-c9d9-4c1d-97f4-516b572b2f9d,1697664016161011111
6a69421f-e399-4db8-897a-d8ef21b5e0a7,707b6ccf-c9d9-4c1d-97f4-516b572b2f9d,1697664016193622222
6a69421f-e399-4db8-897a-d8ef21b5e0a7,707b6ccf-c9d9-4c1d-97f4-516b572b2f9d,1697664016225077777
6a69421f-e399-4db8-897a-d8ef21b5e0a7,707b6ccf-c9d9-4c1d-97f4-516b572b2f9d,1697664016256844444
6a69421f-e399-4db8-897a-d8ef21b5e0a7,707b6ccf-c9d9-4c1d-97f4-516b572b2f9d,1697664016295555555
6a69421f-e399-4db8-897a-d8ef21b5e0a7,707b6ccf-c9d9-4c1d-97f4-516b572b2f9d,1697664016325133333
6a69421f-e399-4db8-897a-d8ef21b5e0a7,707b6ccf-c9d9-4c1d-97f4-516b572b2f9d,1697664016358177777
6a69421f-e399-4db8-897a-d8ef21b5e0a7,707b6ccf-c9d9-4c1d-97f4-516b572b2f9d,1697664016409644444
6a69421f-e399-4db8-897a-d8ef21b5e0a7,707b6ccf-c9d9-4c1d-97f4-516b572b2f9d,1697664016417755555
6a69421f-e399-4db8-897a-d8ef21b5e0a7,707b6ccf-c9d9-4c1d-97f4-516b572b2f9d,1697664016468122222
6a69421f-e399-4db8-897a-d8ef21b5e0a7,707b6ccf-c9d9-4c1d-97f4-516b572b2f9d,1697664016501166666
6a69421f-e399-4db8-897a-d8ef21b5e0a7,707b6ccf-c9d9-4c1d-97f4-516b572b2f9d,1697664016522077777
6a69421f-e399-4db8-897a-d8ef21b5e0a7,707b6ccf-c9d9-4c1d-97f4-516b572b2f9d,1697664016549666666
6a69421f-e399-4db8-897a-d8ef21b5e0a7,707b6ccf-c9d9-4c1d-97f4-516b572b2f9d,1697664016594155555
6a69421f-e399-4db8-897a-d8ef21b5e0a7,707b6ccf-c9d9-4c1d-97f4-516b572b2f9d,1697664016625400000
6a69421f-e399-4db8-897a-d8ef21b5e0a7,707b6ccf-c9d9-4c1d-97f4-516b572b2f9d,1697664016655488888
6a69421f-e399-4db8-897a-d8ef21b5e0a7,707b6ccf-c9d9-4c1d-97f4-516b572b2f9d,1697664016694511111
6a69421f-e399-4db8-897a-d8ef21b5e0a7,707b6ccf-c9d9-4c1d-97f4-516b572b2f9d,1697664016726355555
6a69421f-e399-4db8-897a-d8ef21b5e0a7,707b6ccf-c9d9-4c1d-97f4-516b572b2f9d,1697664016756088888
6a69421f-e399-4db8-897a-d8ef21b5e0a7,707b6ccf-c9d9-4c1d-97f4-516b572b2f9d,1697664016794944444
6a69421f-e399-4db8-897a-d8ef21b5e0a7,707b6ccf-c9d9-4c1d-97f4-516b572b2f9d,1697664016825822222
6a69421f-e399-4db8-897a-d8ef21b5e0a7,707b6ccf-c9d9-4c1d-97f4-516b572b2f9d,1697664016858711111
6a69421f-e399-4db8-897a-d8ef21b5e0a7,707b6ccf-c9d9-4c1d-97f4-516b572b2f9d,1697664016894800000
6a69421f-e399-4db8-897a-d8ef21b5e0a7,707b6ccf-c9d9-4c1d-97f4-516b572b2f9d,1697664016927077777
6a69421f-e399-4db8-897a-d8ef21b5e0a7,707b6ccf-c9d9-4c1d-97f4-516b572b2f9d,1697664016957233333
6a69421f-e399-4db8-897a-d8ef21b5e0a7,707b6ccf-c9d9-4c1d-97f4-516b572b2f9d,1697664016994400000
6a69421f-e399-4db8-897a-d8ef21b5e0a7,707b6ccf-c9d9-4c1d-97f4-516b572b2f9d,1697664017026255555
6a69421f-e399-4db8-897a-d8ef21b5e0a7,707b6ccf-c9d9-4c1d-97f4-516b572b2f9d,1697664017058300000
6a69421f-e399-4db8-897a-d8ef21b5e0a7,707b6ccf-c9d9-4c1d-97f4-516b572b2f9d,1697664017103277777
6a69421f-e399-4db8-897a-d8ef21b5e0a7,707b6ccf-c9d9-4c1d-97f4-516b572b2f9d,1697664017120066666
6a69421f-e399-4db8-897a-d8ef21b5e0a7,707b6ccf-c9d9-4c1d-97f4-516b572b2f9d,1697664017150811111
6a69421f-e399-4db8-897a-d8ef21b5e0a7,707b6ccf-c9d9-4c1d-97f4-516b572b2f9d,1697664017190188888
6a69421f-e399-4db8-897a-d8ef21b5e0a7,707b6ccf-c9d9-4c1d-97f4-516b572b2f9d,1697664017224555555
6a69421f-e399-4db8-897a-d8ef21b5e0a7,707b6ccf-c9d9-4c1d-97f4-516b572b2f9d,1697664017255611111
6a69421f-e399-4db8-897a-d8ef21b5e0a7,707b6ccf-c9d9-4c1d-97f4-516b572b2f9d,1697664017293966666
6a69421f-e399-4db8-897a-d8ef21b5e0a7,707b6ccf-c9d9-4c1d-97f4-516b572b2f9d,1697664017327644444
6a69421f-e399-4db8-897a-d8ef21b5e0a7,707b6ccf-c9d9-4c1d-97f4-516b572b2f9d,1697664017361844444
6a69421f-e399-4db8-897a-d8ef21b5e0a7,707b6ccf-c9d9-4c1d-97f4-516b572b2f9d,1697664017391533333
6a69421f-e399-4db8-897a-d8ef21b5e0a7,707b6ccf-c9d9-4c1d-97f4-516b572b2f9d,1697664017429155555
6a69421f-e399-4db8-897a-d8ef21b5e0a7,707b6ccf-c9d9-4c1d-97f4-516b572b2f9d,1697664017461433333
6a69421f-e399-4db8-897a-d8ef21b5e0a7,707b6ccf-c9d9-4c1d-97f4-516b572b2f9d,1697664017490288888
6a69421f-e399-4db8-897a-d8ef21b5e0a7,707b6ccf-c9d9-4c1d-97f4-516b572b2f9d,1697664017526933333
6a69421f-e399-4db8-897a-d8ef21b5e0a7,707b6ccf-c9d9-4c1d-97f4-516b572b2f9d,1697664017563944444
6a69421f-e399-4db8-897a-d8ef21b5e0a7,707b6ccf-c9d9-4c1d-97f4-516b572b2f9d,1697664017598111111
6a69421f-e399-4db8-897a-d8ef21b5e0a7,707b6ccf-c9d9-4c1d-97f4-516b572b2f9d,1697664017628733333
6a69421f-e399-4db8-897a-d8ef21b5e0a7,707b6ccf-c9d9-4c1d-97f4-516b572b2f9d,1697664017658588888
6a69421f-e399-4db8-897a-d8ef21b5e0a7,707b6ccf-c9d9-4c1d-97f4-516b572b2f9d,1697664017698266666
6a69421f-e399-4db8-897a-d8ef21b5e0a7,707b6ccf-c9d9-4c1d-97f4-516b572b2f9d,1697664017729055555
6a69421f-e399-4db8-897a-d8ef21b5e0a7,707b6ccf-c9d9-4c1d-97f4-516b572b2f9d,1697664017769922222
6a69421f-e399-4db8-897a-d8ef21b5e0a7,707b6ccf-c9d9-4c1d-97f4-516b572b2f9d,1697664017785022222
6a69421f-e399-4db8-897a-d8ef21b5e0a7,707b6ccf-c9d9-4c1d-97f4-516b572b2f9d,1697664017817800000
6a69421f-e399-4db8-897a-d8ef21b5e0a7,707b6ccf-c9d9-4c1d-97f4-516b572b2f9d,1697664017851222222
6a69421f-e399-4db8-897a-d8ef21b5e0a7,707b6ccf-c9d9-4c1d-97f4-516b572b2f9d,1697664017896133333
6a69421f-e399-4db8-897a-d8ef21b5e0a7,707b6ccf-c9d9-4c1d-97f4-516b572b2f9d,1697664017929244444
6a69421f-e399-4db8-897a-d8ef21b5e0a7,707b6ccf-c9d9-4c1d-97f4-516b572b2f9d,1697664017959444444
6a69421f-e399-4db8-897a-d8ef21b5e0a7,707b6ccf-c9d9-4c1d-97f4-516b572b2f9d,1697664017989922222
6a69421f-e399-4db8-897a-d8ef21b5e0a7,707b6ccf-c9d9-4c1d-97f4-516b572b2f9d,1697664018024255555
6a69421f-e399-4db8-897a-d8ef21b5e0a7,707b6ccf-c9d9-4c1d-97f4-516b572b2f9d,1697664018058311111
6a69421f-e399-4db8-897a-d8ef21b5e0a7,707b6ccf-c9d9-4c1d-97f4-516b572b2f9d,1697664018091122222
6a69421f-e399-4db8-897a-d8ef21b5e0a7,707b6ccf-c9d9-4c1d-97f4-516b572b2f9d,1697664018126477777
6a69421f-e399-4db8-897a-d8ef21b5e0a7,707b6ccf-c9d9-4c1d-97f4-516b572b2f9d,1697664018159622222
6a69421f-e399-4db8-897a-d8ef21b5e0a7,707b6ccf-c9d9-4c1d-97f4-516b572b2f9d,1697664018193577777
6a69421f-e399-4db8-897a-d8ef21b5e0a7,707b6ccf-c9d9-4c1d-97f4-516b572b2f9d,1697664018228844444
6a69421f-e399-4db8-897a-d8ef21b5e0a7,707b6ccf-c9d9-4c1d-97f4-516b572b2f9d,1697664018263233333
6a69421f-e399-4db8-897a-d8ef21b5e0a7,707b6ccf-c9d9-4c1d-97f4-516b572b2f9d,1697664018288844444
6a69421f-e399-4db8-897a-d8ef21b5e0a7,707b6ccf-c9d9-4c1d-97f4-516b572b2f9d,1697664018328500000
6a69421f-e399-4db8-897a-d8ef21b5e0a7,707b6ccf-c9d9-4c1d-97f4-516b572b2f9d,1697664018360177777
6a69421f-e399-4db8-897a-d8ef21b5e0a7,707b6ccf-c9d9-4c1d-97f4-516b572b2f9d,1697664018389655555
6a69421f-e399-4db8-897a-d8ef21b5e0a7,707b6ccf-c9d9-4c1d-97f4-516b572b2f9d,1697664018422733333
6a69421f-e399-4db8-897a-d8ef21b5e0a7,707b6ccf-c9d9-4c1d-97f4-516b572b2f9d,1697664018449544444
6a69421f-e399-4db8-897a-d8ef21b5e0a7,707b6ccf-c9d9-4c1d-97f4-516b572b2f9d,1697664018495422222
6a69421f-e399-4db8-897a-d8ef21b5e0a7,707b6ccf-c9d9-4c1d-97f4-516b572b2f9d,1697664018521233333
6a69421f-e399-4db8-897a-d8ef21b5e0a7,707b6ccf-c9d9-4c1d-97f4-516b572b2f9d,1697664018551388888
6a69421f-e399-4db8-897a-d8ef21b5e0a7,707b6ccf-c9d9-4c1d-97f4-516b572b2f9d,1697664018595311111
6a69421f-e399-4db8-897a-d8ef21b5e0a7,707b6ccf-c9d9-4c1d-97f4-516b572b2f9d,1697664018628944444
6a69421f-e399-4db8-897a-d8ef21b5e0a7,707b6ccf-c9d9-4c1d-97f4-516b572b2f9d,1697664018660500000
6a69421f-e399-4db8-897a-d8ef21b5e0a7,707b6ccf-c9d9-4c1d-97f4-516b572b2f9d,1697664018684066666
6a69421f-e399-4db8-897a-d8ef21b5e0a7,707b6ccf-c9d9-4c1d-97f4-516b572b2f9d,1697664018729322222
6a69421f-e399-4db8-897a-d8ef21b5e0a7,707b6ccf-c9d9-4c1d-97f4-516b572b2f9d,1697664018759733333
6a69421f-e399-4db8-897a-d8ef21b5e0a7,707b6ccf-c9d9-4c1d-97f4-516b572b2f9d,1697664018790511111
6a69421f-e399-4db8-897a-d8ef21b5e0a7,707b6ccf-c9d9-4c1d-97f4-516b572b2f9d,1697664018826933333
6a69421f-e399-4db8-897a-d8ef21b5e0a7,707b6ccf-c9d9-4c1d-97f4-516b572b2f9d,1697664018859288888
6a69421f-e399-4db8-897a-d8ef21b5e0a7,707b6ccf-c9d9-4c1d-97f4-516b572b2f9d,1697664018882655555
6a69421f-e399-4db8-897a-d8ef21b5e0a7,707b6ccf-c9d9-4c1d-97f4-516b572b2f9d,1697664018930300000
6a69421f-e399-4db8-897a-d8ef21b5e0a7,707b6ccf-c9d9-4c1d-97f4-516b572b2f9d,1697664018960088888
6a69421f-e399-4db8-897a-d8ef21b5e0a7,707b6ccf-c9d9-4c1d-97f4-516b572b2f9d,1697664018990133333
6a69421f-e399-4db8-897a-d8ef21b5e0a7,707b6ccf-c9d9-4c1d-97f4-516b572b2f9d,1697664019031155555
6a69421f-e399-4db8-897a-d8ef21b5e0a7,707b6ccf-c9d9-4c1d-97f4-516b572b2f9d,1697664019059444444
6a69421f-e399-4db8-897a-d8ef21b5e0a7,707b6ccf-c9d9-4c1d-97f4-516b572b2f9d,1697664019085844444
6a69421f-e399-4db8-897a-d8ef21b5e0a7,707b6ccf-c9d9-4c1d-97f4-516b572b2f9d,1697664019117411111
6a69421f-e399-4db8-897a-d8ef21b5e0a7,707b6ccf-c9d9-4c1d-97f4-516b572b2f9d,1697664019157644444
6a69421f-e399-4db8-897a-d8ef21b5e0a7,707b6ccf-c9d9-4c1d-97f4-516b572b2f9d,1697664019180922222
6a69421f-e399-4db8-897a-d8ef21b5e0a7,707b6ccf-c9d9-4c1d-97f4-516b572b2f9d,1697664019229300000
6a69421f-e399-4db8-897a-d8ef21b5e0a7,707b6ccf-c9d9-4c1d-97f4-516b572b2f9d,1697664019259611111
6a69421f-e399-4db8-897a-d8ef21b5e0a7,707b6ccf-c9d9-4c1d-97f4-516b572b2f9d,1697664019289811111
6a69421f-e399-4db8-897a-d8ef21b5e0a7,707b6ccf-c9d9-4c1d-97f4-516b572b2f9d,1697664019326800000
6a69421f-e399-4db8-897a-d8ef21b5e0a7,707b6ccf-c9d9-4c1d-97f4-516b572b2f9d,1697664019357766666
6a69421f-e399-4db8-897a-d8ef21b5e0a7,707b6ccf-c9d9-4c1d-97f4-516b572b2f9d,1697664019393133333
6a69421f-e399-4db8-897a-d8ef21b5e0a7,707b6ccf-c9d9-4c1d-97f4-516b572b2f9d,1697664019426011111
6a69421f-e399-4db8-897a-d8ef21b5e0a7,707b6ccf-c9d9-4c1d-97f4-516b572b2f9d,1697664019458955555
6a69421f-e399-4db8-897a-d8ef21b5e0a7,707b6ccf-c9d9-4c1d-97f4-516b572b2f9d,1697664019490644444
6a69421f-e399-4db8-897a-d8ef21b5e0a7,707b6ccf-c9d9-4c1d-97f4-516b572b2f9d,1697664019528766666
6a69421f-e399-4db8-897a-d8ef21b5e0a7,707b6ccf-c9d9-4c1d-97f4-516b572b2f9d,1697664019559433333
6a69421f-e399-4db8-897a-d8ef21b5e0a7,707b6ccf-c9d9-4c1d-97f4-516b572b2f9d,1697664019589400000
6a69421f-e399-4db8-897a-d8ef21b5e0a7,707b6ccf-c9d9-4c1d-97f4-516b572b2f9d,1697664019628411111
6a69421f-e399-4db8-897a-d8ef21b5e0a7,707b6ccf-c9d9-4c1d-97f4-516b572b2f9d,1697664019656655555
6a69421f-e399-4db8-897a-d8ef21b5e0a7,707b6ccf-c9d9-4c1d-97f4-516b572b2f9d,1697664019693466666
6a69421f-e399-4db8-897a-d8ef21b5e0a7,707b6ccf-c9d9-4c1d-97f4-516b572b2f9d,1697664019730477777
6a69421f-e399-4db8-897a-d8ef21b5e0a7,707b6ccf-c9d9-4c1d-97f4-516b572b2f9d,1697664019752200000
6a69421f-e399-4db8-897a-d8ef21b5e0a7,707b6ccf-c9d9-4c1d-97f4-516b572b2f9d,1697664019789844444
6a69421f-e399-4db8-897a-d8ef21b5e0a7,707b6ccf-c9d9-4c1d-97f4-516b572b2f9d,1697664019820377777
6a69421f-e399-4db8-897a-d8ef21b5e0a7,707b6ccf-c9d9-4c1d-97f4-516b572b2f9d,1697664019850788888
6a69421f-e399-4db8-897a-d8ef21b5e0a7,707b6ccf-c9d9-4c1d-97f4-516b572b2f9d,1697664019895311111
6a69421f-e399-4db8-897a-d8ef21b5e0a7,707b6ccf-c9d9-4c1d-97f4-516b572b2f9d,1697664019924188888
6a69421f-e399-4db8-897a-d8ef21b5e0a7,707b6ccf-c9d9-4c1d-97f4-516b572b2f9d,1697664019961311111
6a69421f-e399-4db8-897a-d8ef21b5e0a7,707b6ccf-c9d9-4c1d-97f4-516b572b2f9d,1697664019995811111
6a69421f-e399-4db8-897a-d8ef21b5e0a7,707b6ccf-c9d9-4c1d-97f4-516b572b2f9d,1697664020029177777
6a69421f-e399-4db8-897a-d8ef21b5e0a7,707b6ccf-c9d9-4c1d-97f4-516b572b2f9d,1697664020061155555
6a69421f-e399-4db8-897a-d8ef21b5e0a7,707b6ccf-c9d9-4c1d-97f4-516b572b2f9d,1697664020093077777
6a69421f-e399-4db8-897a-d8ef21b5e0a7,707b6ccf-c9d9-4c1d-97f4-516b572b2f9d,1697664020126122222
6a69421f-e399-4db8-897a-d8ef21b5e0a7,707b6ccf-c9d9-4c1d-97f4-516b572b2f9d,1697664020157588888
6a69421f-e399-4db8-897a-d8ef21b5e0a7,707b6ccf-c9d9-4c1d-97f4-516b572b2f9d,1697664020189677777
6a69421f-e399-4db8-897a-d8ef21b5e0a7,707b6ccf-c9d9-4c1d-97f4-516b572b2f9d,1697664020227455555
6a69421f-e399-4db8-897a-d8ef21b5e0a7,707b6ccf-c9d9-4c1d-97f4-516b572b2f9d,1697664020259277777
6a69421f-e399-4db8-897a-d8ef21b5e0a7,707b6ccf-c9d9-4c1d-97f4-516b572b2f9d,1697664020291444444
6a69421f-e399-4db8-897a-d8ef21b5e0a7,707b6ccf-c9d9-4c1d-97f4-516b572b2f9d,1697664020325177777
6a69421f-e399-4db8-897a-d8ef21b5e0a7,707b6ccf-c9d9-4c1d-97f4-516b572b2f9d,1697664020358155555
6a69421f-e399-4db8-897a-d8ef21b5e0a7,707b6ccf-c9d9-4c1d-97f4-516b572b2f9d,1697664020403088888
6a69421f-e399-4db8-897a-d8ef21b5e0a7,707b6ccf-c9d9-4c1d-97f4-516b572b2f9d,1697664020418833333
6a69421f-e399-4db8-897a-d8ef21b5e0a7,707b6ccf-c9d9-4c1d-97f4-516b572b2f9d,1697664020452177777
6a69421f-e399-4db8-897a-d8ef21b5e0a7,707b6ccf-c9d9-4c1d-97f4-516b572b2f9d,1697664020486655555
6a69421f-e399-4db8-897a-d8ef21b5e0a7,707b6ccf-c9d9-4c1d-97f4-516b572b2f9d,1697664020531944444
6a69421f-e399-4db8-897a-d8ef21b5e0a7,707b6ccf-c9d9-4c1d-97f4-516b572b2f9d,1697664020548688888
6a69421f-e399-4db8-897a-d8ef21b5e0a7,707b6ccf-c9d9-4c1d-97f4-516b572b2f9d,1697664020590522222
6a69421f-e399-4db8-897a-d8ef21b5e0a7,707b6ccf-c9d9-4c1d-97f4-516b572b2f9d,1697664020627988888
6a69421f-e399-4db8-897a-d8ef21b5e0a7,707b6ccf-c9d9-4c1d-97f4-516b572b2f9d,1697664020656233333
6a69421f-e399-4db8-897a-d8ef21b5e0a7,707b6ccf-c9d9-4c1d-97f4-516b572b2f9d,1697664020691766666
6a69421f-e399-4db8-897a-d8ef21b5e0a7,707b6ccf-c9d9-4c1d-97f4-516b572b2f9d,1697664020726266666
6a69421f-e399-4db8-897a-d8ef21b5e0a7,707b6ccf-c9d9-4c1d-97f4-516b572b2f9d,1697664020758433333
6a69421f-e399-4db8-897a-d8ef21b5e0a7,707b6ccf-c9d9-4c1d-97f4-516b572b2f9d,1697664020792388888
6a69421f-e399-4db8-897a-d8ef21b5e0a7,707b6ccf-c9d9-4c1d-97f4-516b572b2f9d,1697664020824733333
6a69421f-e399-4db8-897a-d8ef21b5e0a7,707b6ccf-c9d9-4c1d-97f4-516b572b2f9d,1697664020858355555
6a69421f-e399-4db8-897a-d8ef21b5e0a7,707b6ccf-c9d9-4c1d-97f4-516b572b2f9d,1697664020890611111
6a69421f-e399-4db8-897a-d8ef21b5e0a7,707b6ccf-c9d9-4c1d-97f4-516b572b2f9d,1697664020926077777
6a69421f-e399-4db8-897a-d8ef21b5e0a7,707b6ccf-c9d9-4c1d-97f4-516b572b2f9d,1697664020960700000
6a69421f-e399-4db8-897a-d8ef21b5e0a7,707b6ccf-c9d9-4c1d-97f4-516b572b2f9d,1697664020990133333
6a69421f-e399-4db8-897a-d8ef21b5e0a7,707b6ccf-c9d9-4c1d-97f4-516b572b2f9d,1697664021024877777
6a69421f-e399-4db8-897a-d8ef21b5e0a7,707b6ccf-c9d9-4c1d-97f4-516b572b2f9d,1697664021068266666
6a69421f-e399-4db8-897a-d8ef21b5e0a7,707b6ccf-c9d9-4c1d-97f4-516b572b2f9d,1697664021088200000
6a69421f-e399-4db8-897a-d8ef21b5e0a7,707b6ccf-c9d9-4c1d-97f4-516b572b2f9d,1697664021132644444
6a69421f-e399-4db8-897a-d8ef21b5e0a7,707b6ccf-c9d9-4c1d-97f4-516b572b2f9d,1697664021162077777
6a69421f-e399-4db8-897a-d8ef21b5e0a7,707b6ccf-c9d9-4c1d-97f4-516b572b2f9d,1697664021184244444
6a69421f-e399-4db8-897a-d8ef21b5e0a7,707b6ccf-c9d9-4c1d-97f4-516b572b2f9d,1697664021224522222
6a69421f-e399-4db8-897a-d8ef21b5e0a7,707b6ccf-c9d9-4c1d-97f4-516b572b2f9d,1697664021261700000
6a69421f-e399-4db8-897a-d8ef21b5e0a7,707b6ccf-c9d9-4c1d-97f4-516b572b2f9d,1697664021290788888
6a69421f-e399-4db8-897a-d8ef21b5e0a7,707b6ccf-c9d9-4c1d-97f4-516b572b2f9d,1697664021322944444
6a69421f-e399-4db8-897a-d8ef21b5e0a7,707b6ccf-c9d9-4c1d-97f4-516b572b2f9d,1697664021361766666
6a69421f-e399-4db8-897a-d8ef21b5e0a7,707b6ccf-c9d9-4c1d-97f4-516b572b2f9d,1697664021391088888
6a69421f-e399-4db8-897a-d8ef21b5e0a7,707b6ccf-c9d9-4c1d-97f4-516b572b2f9d,1697664021421266666
6a69421f-e399-4db8-897a-d8ef21b5e0a7,707b6ccf-c9d9-4c1d-97f4-516b572b2f9d,1697664021461455555
6a69421f-e399-4db8-897a-d8ef21b5e0a7,707b6ccf-c9d9-4c1d-97f4-516b572b2f9d,1697664021489511111
6a69421f-e399-4db8-897a-d8ef21b5e0a7,707b6ccf-c9d9-4c1d-97f4-516b572b2f9d,1697664021520511111
6a69421f-e399-4db8-897a-d8ef21b5e0a7,707b6ccf-c9d9-4c1d-97f4-516b572b2f9d,1697664021557566666
6a69421f-e399-4db8-897a-d8ef21b5e0a7,707b6ccf-c9d9-4c1d-97f4-516b572b2f9d,1697664021593966666
6a69421f-e399-4db8-897a-d8ef21b5e0a7,707b6ccf-c9d9-4c1d-97f4-516b572b2f9d,1697664021620633333
6a69421f-e399-4db8-897a-d8ef21b5e0a7,707b6ccf-c9d9-4c1d-97f4-516b572b2f9d,1697664021658922222
6a69421f-e399-4db8-897a-d8ef21b5e0a7,707b6ccf-c9d9-4c1d-97f4-516b572b2f9d,1697664021683066666
6a69421f-e399-4db8-897a-d8ef21b5e0a7,707b6ccf-c9d9-4c1d-97f4-516b572b2f9d,1697664021726022222
6a69421f-e399-4db8-897a-d8ef21b5e0a7,707b6ccf-c9d9-4c1d-97f4-516b572b2f9d,1697664021752611111
6a69421f-e399-4db8-897a-d8ef21b5e0a7,707b6ccf-c9d9-4c1d-97f4-516b572b2f9d,1697664021798200000
6a69421f-e399-4db8-897a-d8ef21b5e0a7,707b6ccf-c9d9-4c1d-97f4-516b572b2f9d,1697664021818144444
6a69421f-e399-4db8-897a-d8ef21b5e0a7,707b6ccf-c9d9-4c1d-97f4-516b572b2f9d,1697664021864055555
6a69421f-e399-4db8-897a-d8ef21b5e0a7,707b6ccf-c9d9-4c1d-97f4-516b572b2f9d,1697664021880166666
6a69421f-e399-4db8-897a-d8ef21b5e0a7,707b6ccf-c9d9-4c1d-97f4-516b572b2f9d,1697664021922333333
6a69421f-e399-4db8-897a-d8ef21b5e0a7,707b6ccf-c9d9-4c1d-97f4-516b572b2f9d,1697664021957722222
6a69421f-e399-4db8-897a-d8ef21b5e0a7,707b6ccf-c9d9-4c1d-97f4-516b572b2f9d,1697664021988766666
6a69421f-e399-4db8-897a-d8ef21b5e0a7,707b6ccf-c9d9-4c1d-97f4-516b572b2f9d,1697664022023077777
6a69421f-e399-4db8-897a-d8ef21b5e0a7,707b6ccf-c9d9-4c1d-97f4-516b572b2f9d,1697664022057600000
6a69421f-e399-4db8-897a-d8ef21b5e0a7,707b6ccf-c9d9-4c1d-97f4-516b572b2f9d,1697664022091755555
6a69421f-e399-4db8-897a-d8ef21b5e0a7,707b6ccf-c9d9-4c1d-97f4-516b572b2f9d,1697664022130500000
6a69421f-e399-4db8-897a-d8ef21b5e0a7,707b6ccf-c9d9-4c1d-97f4-516b572b2f9d,1697664022161200000
6a69421f-e399-4db8-897a-d8ef21b5e0a7,707b6ccf-c9d9-4c1d-97f4-516b572b2f9d,1697664022182988888
6a69421f-e399-4db8-897a-d8ef21b5e0a7,707b6ccf-c9d9-4c1d-97f4-516b572b2f9d,1697664022226466666
6a69421f-e399-4db8-897a-d8ef21b5e0a7,707b6ccf-c9d9-4c1d-97f4-516b572b2f9d,1697664022259011111
6a69421f-e399-4db8-897a-d8ef21b5e0a7,707b6ccf-c9d9-4c1d-97f4-516b572b2f9d,1697664022290700000
6a69421f-e399-4db8-897a-d8ef21b5e0a7,707b6ccf-c9d9-4c1d-97f4-516b572b2f9d,1697664022323055555
6a69421f-e399-4db8-897a-d8ef21b5e0a7,707b6ccf-c9d9-4c1d-97f4-516b572b2f9d,1697664022360988888
6a69421f-e399-4db8-897a-d8ef21b5e0a7,707b6ccf-c9d9-4c1d-97f4-516b572b2f9d,1697664022382511111
6a69421f-e399-4db8-897a-d8ef21b5e0a7,707b6ccf-c9d9-4c1d-97f4-516b572b2f9d,1697664022424966666
6a69421f-e399-4db8-897a-d8ef21b5e0a7,707b6ccf-c9d9-4c1d-97f4-516b572b2f9d,1697664022452877777
6a69421f-e399-4db8-897a-d8ef21b5e0a7,707b6ccf-c9d9-4c1d-97f4-516b572b2f9d,1697664022481688888
6a69421f-e399-4db8-897a-d8ef21b5e0a7,707b6ccf-c9d9-4c1d-97f4-516b572b2f9d,1697664022513266666
6a69421f-e399-4db8-897a-d8ef21b5e0a7,707b6ccf-c9d9-4c1d-97f4-516b572b2f9d,1697664022560644444
6a69421f-e399-4db8-897a-d8ef21b5e0a7,707b6ccf-c9d9-4c1d-97f4-516b572b2f9d,1697664022582844444
6a69421f-e399-4db8-897a-d8ef21b5e0a7,707b6ccf-c9d9-4c1d-97f4-516b572b2f9d,1697664022623733333
6a69421f-e399-4db8-897a-d8ef21b5e0a7,707b6ccf-c9d9-4c1d-97f4-516b572b2f9d,1697664022657944444
6a69421f-e399-4db8-897a-d8ef21b5e0a7,707b6ccf-c9d9-4c1d-97f4-516b572b2f9d,1697664022691211111
6a69421f-e399-4db8-897a-d8ef21b5e0a7,707b6ccf-c9d9-4c1d-97f4-516b572b2f9d,1697664022721966666
6a69421f-e399-4db8-897a-d8ef21b5e0a7,707b6ccf-c9d9-4c1d-97f4-516b572b2f9d,1697664022764444444
6a69421f-e399-4db8-897a-d8ef21b5e0a7,707b6ccf-c9d9-4c1d-97f4-516b572b2f9d,1697664022790555555
6a69421f-e399-4db8-897a-d8ef21b5e0a7,707b6ccf-c9d9-4c1d-97f4-516b572b2f9d,1697664022821533333
6a69421f-e399-4db8-897a-d8ef21b5e0a7,707b6ccf-c9d9-4c1d-97f4-516b572b2f9d,1697664022856944444
6a69421f-e399-4db8-897a-d8ef21b5e0a7,707b6ccf-c9d9-4c1d-97f4-516b572b2f9d,1697664022890977777
6a69421f-e399-4db8-897a-d8ef21b5e0a7,707b6ccf-c9d9-4c1d-97f4-516b572b2f9d,1697664022924588888
6a69421f-e399-4db8-897a-d8ef21b5e0a7,707b6ccf-c9d9-4c1d-97f4-516b572b2f9d,1697664022957377777
6a69421f-e399-4db8-897a-d8ef21b5e0a7,707b6ccf-c9d9-4c1d-97f4-516b572b2f9d,1697664022990222222
6a69421f-e399-4db8-897a-d8ef21b5e0a7,707b6ccf-c9d9-4c1d-97f4-516b572b2f9d,1697664023032488888
6a69421f-e399-4db8-897a-d8ef21b5e0a7,707b6ccf-c9d9-4c1d-97f4-516b572b2f9d,1697664023051511111
6a69421f-e399-4db8-897a-d8ef21b5e0a7,707b6ccf-c9d9-4c1d-97f4-516b572b2f9d,1697664023091811111
6a69421f-e399-4db8-897a-d8ef21b5e0a7,707b6ccf-c9d9-4c1d-97f4-516b572b2f9d,1697664023116055555
6a69421f-e399-4db8-897a-d8ef21b5e0a7,707b6ccf-c9d9-4c1d-97f4-516b572b2f9d,1697664023149188888
6a69421f-e399-4db8-897a-d8ef21b5e0a7,707b6ccf-c9d9-4c1d-97f4-516b572b2f9d,1697664023186477777
6a69421f-e399-4db8-897a-d8ef21b5e0a7,707b6ccf-c9d9-4c1d-97f4-516b572b2f9d,1697664023224488888
6a69421f-e399-4db8-897a-d8ef21b5e0a7,707b6ccf-c9d9-4c1d-97f4-516b572b2f9d,1697664023258144444
6a69421f-e399-4db8-897a-d8ef21b5e0a7,707b6ccf-c9d9-4c1d-97f4-516b572b2f9d,1697664023289822222
6a69421f-e399-4db8-897a-d8ef21b5e0a7,707b6ccf-c9d9-4c1d-97f4-516b572b2f9d,1697664023320611111
6a69421f-e399-4db8-897a-d8ef21b5e0a7,707b6ccf-c9d9-4c1d-97f4-516b572b2f9d,1697664023363444444
6a69421f-e399-4db8-897a-d8ef21b5e0a7,707b6ccf-c9d9-4c1d-97f4-516b572b2f9d,1697664023391788888
6a69421f-e399-4db8-897a-d8ef21b5e0a7,707b6ccf-c9d9-4c1d-97f4-516b572b2f9d,1697664023422422222
6a69421f-e399-4db8-897a-d8ef21b5e0a7,707b6ccf-c9d9-4c1d-97f4-516b572b2f9d,1697664023459344444
6a69421f-e399-4db8-897a-d8ef21b5e0a7,707b6ccf-c9d9-4c1d-97f4-516b572b2f9d,1697664023490400000
6a69421f-e399-4db8-897a-d8ef21b5e0a7,707b6ccf-c9d9-4c1d-97f4-516b572b2f9d,1697664023521955555
6a69421f-e399-4db8-897a-d8ef21b5e0a7,707b6ccf-c9d9-4c1d-97f4-516b572b2f9d,1697664023558388888
6a69421f-e399-4db8-897a-d8ef21b5e0a7,707b6ccf-c9d9-4c1d-97f4-516b572b2f9d,1697664023592733333
6a69421f-e399-4db8-897a-d8ef21b5e0a7,707b6ccf-c9d9-4c1d-97f4-516b572b2f9d,1697664023623311111
6a69421f-e399-4db8-897a-d8ef21b5e0a7,707b6ccf-c9d9-4c1d-97f4-516b572b2f9d,1697664023657433333
6a69421f-e399-4db8-897a-d8ef21b5e0a7,707b6ccf-c9d9-4c1d-97f4-516b572b2f9d,1697664023696066666
6a69421f-e399-4db8-897a-d8ef21b5e0a7,707b6ccf-c9d9-4c1d-97f4-516b572b2f9d,1697664023715288888
6a69421f-e399-4db8-897a-d8ef21b5e0a7,707b6ccf-c9d9-4c1d-97f4-516b572b2f9d,1697664023766644444
6a69421f-e399-4db8-897a-d8ef21b5e0a7,707b6ccf-c9d9-4c1d-97f4-516b572b2f9d,1697664023783777777
6a69421f-e399-4db8-897a-d8ef21b5e0a7,707b6ccf-c9d9-4c1d-97f4-516b572b2f9d,1697664023834911111
6a69421f-e399-4db8-897a-d8ef21b5e0a7,707b6ccf-c9d9-4c1d-97f4-516b572b2f9d,1697664023857800000
6a69421f-e399-4db8-897a-d8ef21b5e0a7,707b6ccf-c9d9-4c1d-97f4-516b572b2f9d,1697664023891900000
6a69421f-e399-4db8-897a-d8ef21b5e0a7,707b6ccf-c9d9-4c1d-97f4-516b572b2f9d,1697664023926311111
6a69421f-e399-4db8-897a-d8ef21b5e0a7,707b6ccf-c9d9-4c1d-97f4-516b572b2f9d,1697664023958566666
6a69421f-e399-4db8-897a-d8ef21b5e0a7,707b6ccf-c9d9-4c1d-97f4-516b572b2f9d,1697664023991366666
6a69421f-e399-4db8-897a-d8ef21b5e0a7,707b6ccf-c9d9-4c1d-97f4-516b572b2f9d,1697664024025688888
6a69421f-e399-4db8-897a-d8ef21b5e0a7,707b6ccf-c9d9-4c1d-97f4-516b572b2f9d,1697664024060400000
6a69421f-e399-4db8-897a-d8ef21b5e0a7,707b6ccf-c9d9-4c1d-97f4-516b572b2f9d,1697664024090722222
6a69421f-e399-4db8-897a-d8ef21b5e0a7,707b6ccf-c9d9-4c1d-97f4-516b572b2f9d,1697664024120677777
6a69421f-e399-4db8-897a-d8ef21b5e0a7,707b6ccf-c9d9-4c1d-97f4-516b572b2f9d,1697664024162277777
6a69421f-e399-4db8-897a-d8ef21b5e0a7,707b6ccf-c9d9-4c1d-97f4-516b572b2f9d,1697664024191122222
6a69421f-e399-4db8-897a-d8ef21b5e0a7,707b6ccf-c9d9-4c1d-97f4-516b572b2f9d,1697664024221511111
6a69421f-e399-4db8-897a-d8ef21b5e0a7,707b6ccf-c9d9-4c1d-97f4-516b572b2f9d,1697664024259177777
6a69421f-e399-4db8-897a-d8ef21b5e0a7,707b6ccf-c9d9-4c1d-97f4-516b572b2f9d,1697664024290811111
6a69421f-e399-4db8-897a-d8ef21b5e0a7,707b6ccf-c9d9-4c1d-97f4-516b572b2f9d,1697664024322144444
6a69421f-e399-4db8-897a-d8ef21b5e0a7,707b6ccf-c9d9-4c1d-97f4-516b572b2f9d,1697664024372166666
6a69421f-e399-4db8-897a-d8ef21b5e0a7,707b6ccf-c9d9-4c1d-97f4-516b572b2f9d,1697664024385811111
6a69421f-e399-4db8-897a-d8ef21b5e0a7,707b6ccf-c9d9-4c1d-97f4-516b572b2f9d,1697664024414166666
6a69421f-e399-4db8-897a-d8ef21b5e0a7,707b6ccf-c9d9-4c1d-97f4-516b572b2f9d,1697664024448222222
6a69421f-e399-4db8-897a-d8ef21b5e0a7,707b6ccf-c9d9-4c1d-97f4-516b572b2f9d,1697664024483577777
6a69421f-e399-4db8-897a-d8ef21b5e0a7,707b6ccf-c9d9-4c1d-97f4-516b572b2f9d,1697664024517477777
6a69421f-e399-4db8-897a-d8ef21b5e0a7,707b6ccf-c9d9-4c1d-97f4-516b572b2f9d,1697664024546733333
6a69421f-e399-4db8-897a-d8ef21b5e0a7,707b6ccf-c9d9-4c1d-97f4-516b572b2f9d,1697664024592222222
6a69421f-e399-4db8-897a-d8ef21b5e0a7,707b6ccf-c9d9-4c1d-97f4-516b572b2f9d,1697664024630144444
6a69421f-e399-4db8-897a-d8ef21b5e0a7,707b6ccf-c9d9-4c1d-97f4-516b572b2f9d,1697664024655366666
6a69421f-e399-4db8-897a-d8ef21b5e0a7,707b6ccf-c9d9-4c1d-97f4-516b572b2f9d,1697664024690988888
6a69421f-e399-4db8-897a-d8ef21b5e0a7,707b6ccf-c9d9-4c1d-97f4-516b572b2f9d,1697664024722688888
6a69421f-e399-4db8-897a-d8ef21b5e0a7,707b6ccf-c9d9-4c1d-97f4-516b572b2f9d,1697664024755144444
6a69421f-e399-4db8-897a-d8ef21b5e0a7,707b6ccf-c9d9-4c1d-97f4-516b572b2f9d,1697664024791200000
6a69421f-e399-4db8-897a-d8ef21b5e0a7,707b6ccf-c9d9-4c1d-97f4-516b572b2f9d,1697664024821666666
6a69421f-e399-4db8-897a-d8ef21b5e0a7,707b6ccf-c9d9-4c1d-97f4-516b572b2f9d,1697664024854422222
6a69421f-e399-4db8-897a-d8ef21b5e0a7,707b6ccf-c9d9-4c1d-97f4-516b572b2f9d,1697664024890266666
6a69421f-e399-4db8-897a-d8ef21b5e0a7,707b6ccf-c9d9-4c1d-97f4-516b572b2f9d,1697664024921922222
6a69421f-e399-4db8-897a-d8ef21b5e0a7,707b6ccf-c9d9-4c1d-97f4-516b572b2f9d,1697664024957100000
6a69421f-e399-4db8-897a-d8ef21b5e0a7,707b6ccf-c9d9-4c1d-97f4-516b572b2f9d,1697664024992055555
6a69421f-e399-4db8-897a-d8ef21b5e0a7,707b6ccf-c9d9-4c1d-97f4-516b572b2f9d,1697664025022122222
6a69421f-e399-4db8-897a-d8ef21b5e0a7,707b6ccf-c9d9-4c1d-97f4-516b572b2f9d,1697664025052044444
6a69421f-e399-4db8-897a-d8ef21b5e0a7,707b6ccf-c9d9-4c1d-97f4-516b572b2f9d,1697664025089522222
6a69421f-e399-4db8-897a-d8ef21b5e0a7,707b6ccf-c9d9-4c1d-97f4-516b572b2f9d,1697664025120133333
6a69421f-e399-4db8-897a-d8ef21b5e0a7,707b6ccf-c9d9-4c1d-97f4-516b572b2f9d,1697664025145144444
6a69421f-e399-4db8-897a-d8ef21b5e0a7,707b6ccf-c9d9-4c1d-97f4-516b572b2f9d,1697664025183677777
6a69421f-e399-4db8-897a-d8ef21b5e0a7,707b6ccf-c9d9-4c1d-97f4-516b572b2f9d,1697664025226088888
6a69421f-e399-4db8-897a-d8ef21b5e0a7,707b6ccf-c9d9-4c1d-97f4-516b572b2f9d,1697664025255044444
6a69421f-e399-4db8-897a-d8ef21b5e0a7,707b6ccf-c9d9-4c1d-97f4-516b572b2f9d,1697664025293222222
6a69421f-e399-4db8-897a-d8ef21b5e0a7,707b6ccf-c9d9-4c1d-97f4-516b572b2f9d,1697664025325500000
6a69421f-e399-4db8-897a-d8ef21b5e0a7,707b6ccf-c9d9-4c1d-97f4-516b572b2f9d,1697664025354788888
6a69421f-e399-4db8-897a-d8ef21b5e0a7,707b6ccf-c9d9-4c1d-97f4-516b572b2f9d,1697664025389855555
6a69421f-e399-4db8-897a-d8ef21b5e0a7,707b6ccf-c9d9-4c1d-97f4-516b572b2f9d,1697664025424255555
6a69421f-e399-4db8-897a-d8ef21b5e0a7,707b6ccf-c9d9-4c1d-97f4-516b572b2f9d,1697664025453900000
6a69421f-e399-4db8-897a-d8ef21b5e0a7,707b6ccf-c9d9-4c1d-97f4-516b572b2f9d,1697664025490055555
6a69421f-e399-4db8-897a-d8ef21b5e0a7,707b6ccf-c9d9-4c1d-97f4-516b572b2f9d,1697664025521822222
6a69421f-e399-4db8-897a-d8ef21b5e0a7,707b6ccf-c9d9-4c1d-97f4-516b572b2f9d,1697664025554433333
6a69421f-e399-4db8-897a-d8ef21b5e0a7,707b6ccf-c9d9-4c1d-97f4-516b572b2f9d,1697664025594633333
6a69421f-e399-4db8-897a-d8ef21b5e0a7,707b6ccf-c9d9-4c1d-97f4-516b572b2f9d,1697664025621522222
6a69421f-e399-4db8-897a-d8ef21b5e0a7,707b6ccf-c9d9-4c1d-97f4-516b572b2f9d,1697664025656800000
6a69421f-e399-4db8-897a-d8ef21b5e0a7,707b6ccf-c9d9-4c1d-97f4-516b572b2f9d,1697664025688744444
6a69421f-e399-4db8-897a-d8ef21b5e0a7,707b6ccf-c9d9-4c1d-97f4-516b572b2f9d,1697664025726822222
6a69421f-e399-4db8-897a-d8ef21b5e0a7,707b6ccf-c9d9-4c1d-97f4-516b572b2f9d,1697664025748311111
6a69421f-e399-4db8-897a-d8ef21b5e0a7,707b6ccf-c9d9-4c1d-97f4-516b572b2f9d,1697664025795522222
6a69421f-e399-4db8-897a-d8ef21b5e0a7,707b6ccf-c9d9-4c1d-97f4-516b572b2f9d,1697664025819444444
6a69421f-e399-4db8-897a-d8ef21b5e0a7,707b6ccf-c9d9-4c1d-97f4-516b572b2f9d,1697664025848300000
6a69421f-e399-4db8-897a-d8ef21b5e0a7,707b6ccf-c9d9-4c1d-97f4-516b572b2f9d,1697664025891555555
6a69421f-e399-4db8-897a-d8ef21b5e0a7,707b6ccf-c9d9-4c1d-97f4-516b572b2f9d,1697664025923922222
6a69421f-e399-4db8-897a-d8ef21b5e0a7,707b6ccf-c9d9-4c1d-97f4-516b572b2f9d,1697664025956133333
6a69421f-e399-4db8-897a-d8ef21b5e0a7,707b6ccf-c9d9-4c1d-97f4-516b572b2f9d,1697664025995622222
6a69421f-e399-4db8-897a-d8ef21b5e0a7,707b6ccf-c9d9-4c1d-97f4-516b572b2f9d,1697664026022444444
6a69421f-e399-4db8-897a-d8ef21b5e0a7,707b6ccf-c9d9-4c1d-97f4-516b572b2f9d,1697664026054733333
6a69421f-e399-4db8-897a-d8ef21b5e0a7,707b6ccf-c9d9-4c1d-97f4-516b572b2f9d,1697664026092300000
6a69421f-e399-4db8-897a-d8ef21b5e0a7,707b6ccf-c9d9-4c1d-97f4-516b572b2f9d,1697664026123977777
6a69421f-e399-4db8-897a-d8ef21b5e0a7,707b6ccf-c9d9-4c1d-97f4-516b572b2f9d,1697664026155633333
6a69421f-e399-4db8-897a-d8ef21b5e0a7,707b6ccf-c9d9-4c1d-97f4-516b572b2f9d,1697664026190144444
6a69421f-e399-4db8-897a-d8ef21b5e0a7,707b6ccf-c9d9-4c1d-97f4-516b572b2f9d,1697664026223533333
6a69421f-e399-4db8-897a-d8ef21b5e0a7,707b6ccf-c9d9-4c1d-97f4-516b572b2f9d,1697664026253666666
6a69421f-e399-4db8-897a-d8ef21b5e0a7,707b6ccf-c9d9-4c1d-97f4-516b572b2f9d,1697664026289444444
6a69421f-e399-4db8-897a-d8ef21b5e0a7,707b6ccf-c9d9-4c1d-97f4-516b572b2f9d,1697664026328366666
6a69421f-e399-4db8-897a-d8ef21b5e0a7,707b6ccf-c9d9-4c1d-97f4-516b572b2f9d,1697664026361433333
6a69421f-e399-4db8-897a-d8ef21b5e0a7,707b6ccf-c9d9-4c1d-97f4-516b572b2f9d,1697664026403355555
6a69421f-e399-4db8-897a-d8ef21b5e0a7,707b6ccf-c9d9-4c1d-97f4-516b572b2f9d,1697664026418822222
6a69421f-e399-4db8-897a-d8ef21b5e0a7,707b6ccf-c9d9-4c1d-97f4-516b572b2f9d,1697664026445400000
6a69421f-e399-4db8-897a-d8ef21b5e0a7,707b6ccf-c9d9-4c1d-97f4-516b572b2f9d,1697664026499777777
6a69421f-e399-4db8-897a-d8ef21b5e0a7,707b6ccf-c9d9-4c1d-97f4-516b572b2f9d,1697664026514611111
6a69421f-e399-4db8-897a-d8ef21b5e0a7,707b6ccf-c9d9-4c1d-97f4-516b572b2f9d,1697664026554388888
6a69421f-e399-4db8-897a-d8ef21b5e0a7,707b6ccf-c9d9-4c1d-97f4-516b572b2f9d,1697664026590077777
6a69421f-e399-4db8-897a-d8ef21b5e0a7,707b6ccf-c9d9-4c1d-97f4-516b572b2f9d,1697664026623911111
6a69421f-e399-4db8-897a-d8ef21b5e0a7,707b6ccf-c9d9-4c1d-97f4-516b572b2f9d,1697664026654133333
6a69421f-e399-4db8-897a-d8ef21b5e0a7,707b6ccf-c9d9-4c1d-97f4-516b572b2f9d,1697664026690066666
6a69421f-e399-4db8-897a-d8ef21b5e0a7,707b6ccf-c9d9-4c1d-97f4-516b572b2f9d,1697664026729166666
6a69421f-e399-4db8-897a-d8ef21b5e0a7,707b6ccf-c9d9-4c1d-97f4-516b572b2f9d,1697664026755644444
6a69421f-e399-4db8-897a-d8ef21b5e0a7,707b6ccf-c9d9-4c1d-97f4-516b572b2f9d,1697664026790966666
6a69421f-e399-4db8-897a-d8ef21b5e0a7,707b6ccf-c9d9-4c1d-97f4-516b572b2f9d,1697664026825133333
6a69421f-e399-4db8-897a-d8ef21b5e0a7,707b6ccf-c9d9-4c1d-97f4-516b572b2f9d,1697664026856122222
6a69421f-e399-4db8-897a-d8ef21b5e0a7,707b6ccf-c9d9-4c1d-97f4-516b572b2f9d,1697664026892666666
6a69421f-e399-4db8-897a-d8ef21b5e0a7,707b6ccf-c9d9-4c1d-97f4-516b572b2f9d,1697664026922944444
6a69421f-e399-4db8-897a-d8ef21b5e0a7,707b6ccf-c9d9-4c1d-97f4-516b572b2f9d,1697664026957700000
6a69421f-e399-4db8-897a-d8ef21b5e0a7,707b6ccf-c9d9-4c1d-97f4-516b572b2f9d,1697664026989922222
6a69421f-e399-4db8-897a-d8ef21b5e0a7,707b6ccf-c9d9-4c1d-97f4-516b572b2f9d,1697664027022144444
6a69421f-e399-4db8-897a-d8ef21b5e0a7,707b6ccf-c9d9-4c1d-97f4-516b572b2f9d,1697664027065633333
6a69421f-e399-4db8-897a-d8ef21b5e0a7,707b6ccf-c9d9-4c1d-97f4-516b572b2f9d,1697664027082433333
6a69421f-e399-4db8-897a-d8ef21b5e0a7,707b6ccf-c9d9-4c1d-97f4-516b572b2f9d,1697664027115177777
6a69421f-e399-4db8-897a-d8ef21b5e0a7,707b6ccf-c9d9-4c1d-97f4-516b572b2f9d,1697664027147677777
6a69421f-e399-4db8-897a-d8ef21b5e0a7,707b6ccf-c9d9-4c1d-97f4-516b572b2f9d,1697664027182522222
6a69421f-e399-4db8-897a-d8ef21b5e0a7,707b6ccf-c9d9-4c1d-97f4-516b572b2f9d,1697664027225300000
6a69421f-e399-4db8-897a-d8ef21b5e0a7,707b6ccf-c9d9-4c1d-97f4-516b572b2f9d,1697664027258200000
6a69421f-e399-4db8-897a-d8ef21b5e0a7,707b6ccf-c9d9-4c1d-97f4-516b572b2f9d,1697664027294544444
6a69421f-e399-4db8-897a-d8ef21b5e0a7,707b6ccf-c9d9-4c1d-97f4-516b572b2f9d,1697664027324755555
6a69421f-e399-4db8-897a-d8ef21b5e0a7,707b6ccf-c9d9-4c1d-97f4-516b572b2f9d,1697664027356155555
6a69421f-e399-4db8-897a-d8ef21b5e0a7,707b6ccf-c9d9-4c1d-97f4-516b572b2f9d,1697664027395100000
6a69421f-e399-4db8-897a-d8ef21b5e0a7,707b6ccf-c9d9-4c1d-97f4-516b572b2f9d,1697664027421177777
6a69421f-e399-4db8-897a-d8ef21b5e0a7,707b6ccf-c9d9-4c1d-97f4-516b572b2f9d,1697664027456766666
6a69421f-e399-4db8-897a-d8ef21b5e0a7,707b6ccf-c9d9-4c1d-97f4-516b572b2f9d,1697664027498066666
6a69421f-e399-4db8-897a-d8ef21b5e0a7,707b6ccf-c9d9-4c1d-97f4-516b572b2f9d,1697664027523255555
6a69421f-e399-4db8-897a-d8ef21b5e0a7,707b6ccf-c9d9-4c1d-97f4-516b572b2f9d,1697664027553344444
6a69421f-e399-4db8-897a-d8ef21b5e0a7,707b6ccf-c9d9-4c1d-97f4-516b572b2f9d,1697664027593944444
6a69421f-e399-4db8-897a-d8ef21b5e0a7,707b6ccf-c9d9-4c1d-97f4-516b572b2f9d,1697664027623744444
6a69421f-e399-4db8-897a-d8ef21b5e0a7,707b6ccf-c9d9-4c1d-97f4-516b572b2f9d,1697664027653588888
6a69421f-e399-4db8-897a-d8ef21b5e0a7,707b6ccf-c9d9-4c1d-97f4-516b572b2f9d,1697664027692577777
6a69421f-e399-4db8-897a-d8ef21b5e0a7,707b6ccf-c9d9-4c1d-97f4-516b572b2f9d,1697664027717555555
6a69421f-e399-4db8-897a-d8ef21b5e0a7,707b6ccf-c9d9-4c1d-97f4-516b572b2f9d,1697664027750644444
6a69421f-e399-4db8-897a-d8ef21b5e0a7,707b6ccf-c9d9-4c1d-97f4-516b572b2f9d,1697664027778577777
6a69421f-e399-4db8-897a-d8ef21b5e0a7,707b6ccf-c9d9-4c1d-97f4-516b572b2f9d,1697664027819933333
6a69421f-e399-4db8-897a-d8ef21b5e0a7,707b6ccf-c9d9-4c1d-97f4-516b572b2f9d,1697664027859066666
6a69421f-e399-4db8-897a-d8ef21b5e0a7,707b6ccf-c9d9-4c1d-97f4-516b572b2f9d,1697664027885544444
6a69421f-e399-4db8-897a-d8ef21b5e0a7,707b6ccf-c9d9-4c1d-97f4-516b572b2f9d,1697664027927966666
6a69421f-e399-4db8-897a-d8ef21b5e0a7,707b6ccf-c9d9-4c1d-97f4-516b572b2f9d,1697664027954366666
6a69421f-e399-4db8-897a-d8ef21b5e0a7,707b6ccf-c9d9-4c1d-97f4-516b572b2f9d,1697664027986633333
6a69421f-e399-4db8-897a-d8ef21b5e0a7,707b6ccf-c9d9-4c1d-97f4-516b572b2f9d,1697664028022622222
6a69421f-e399-4db8-897a-d8ef21b5e0a7,707b6ccf-c9d9-4c1d-97f4-516b572b2f9d,1697664028053666666
6a69421f-e399-4db8-897a-d8ef21b5e0a7,707b6ccf-c9d9-4c1d-97f4-516b572b2f9d,1697664028086466666
6a69421f-e399-4db8-897a-d8ef21b5e0a7,707b6ccf-c9d9-4c1d-97f4-516b572b2f9d,1697664028121622222
6a69421f-e399-4db8-897a-d8ef21b5e0a7,707b6ccf-c9d9-4c1d-97f4-516b572b2f9d,1697664028155577777
6a69421f-e399-4db8-897a-d8ef21b5e0a7,707b6ccf-c9d9-4c1d-97f4-516b572b2f9d,1697664028186888888
6a69421f-e399-4db8-897a-d8ef21b5e0a7,707b6ccf-c9d9-4c1d-97f4-516b572b2f9d,1697664028227122222
6a69421f-e399-4db8-897a-d8ef21b5e0a7,707b6ccf-c9d9-4c1d-97f4-516b572b2f9d,1697664028256855555
6a69421f-e399-4db8-897a-d8ef21b5e0a7,707b6ccf-c9d9-4c1d-97f4-516b572b2f9d,1697664028284011111
6a69421f-e399-4db8-897a-d8ef21b5e0a7,707b6ccf-c9d9-4c1d-97f4-516b572b2f9d,1697664028322100000
6a69421f-e399-4db8-897a-d8ef21b5e0a7,707b6ccf-c9d9-4c1d-97f4-516b572b2f9d,1697664028363066666
6a69421f-e399-4db8-897a-d8ef21b5e0a7,707b6ccf-c9d9-4c1d-97f4-516b572b2f9d,1697664028379222222
6a69421f-e399-4db8-897a-d8ef21b5e0a7,707b6ccf-c9d9-4c1d-97f4-516b572b2f9d,1697664028412611111
6a69421f-e399-4db8-897a-d8ef21b5e0a7,707b6ccf-c9d9-4c1d-97f4-516b572b2f9d,1697664028444988888
6a69421f-e399-4db8-897a-d8ef21b5e0a7,707b6ccf-c9d9-4c1d-97f4-516b572b2f9d,1697664028480466666
6a69421f-e399-4db8-897a-d8ef21b5e0a7,707b6ccf-c9d9-4c1d-97f4-516b572b2f9d,1697664028522533333
6a69421f-e399-4db8-897a-d8ef21b5e0a7,707b6ccf-c9d9-4c1d-97f4-516b572b2f9d,1697664028554500000
6a69421f-e399-4db8-897a-d8ef21b5e0a7,707b6ccf-c9d9-4c1d-97f4-516b572b2f9d,1697664028588144444
6a69421f-e399-4db8-897a-d8ef21b5e0a7,707b6ccf-c9d9-4c1d-97f4-516b572b2f9d,1697664028624866666
6a69421f-e399-4db8-897a-d8ef21b5e0a7,707b6ccf-c9d9-4c1d-97f4-516b572b2f9d,1697664028653500000
6a69421f-e399-4db8-897a-d8ef21b5e0a7,707b6ccf-c9d9-4c1d-97f4-516b572b2f9d,1697664028686655555
6a69421f-e399-4db8-897a-d8ef21b5e0a7,707b6ccf-c9d9-4c1d-97f4-516b572b2f9d,1697664028727811111
6a69421f-e399-4db8-897a-d8ef21b5e0a7,707b6ccf-c9d9-4c1d-97f4-516b572b2f9d,1697664028757122222
6a69421f-e399-4db8-897a-d8ef21b5e0a7,707b6ccf-c9d9-4c1d-97f4-516b572b2f9d,1697664028779822222
6a69421f-e399-4db8-897a-d8ef21b5e0a7,707b6ccf-c9d9-4c1d-97f4-516b572b2f9d,1697664028823977777
6a69421f-e399-4db8-897a-d8ef21b5e0a7,707b6ccf-c9d9-4c1d-97f4-516b572b2f9d,1697664028855811111
6a69421f-e399-4db8-897a-d8ef21b5e0a7,707b6ccf-c9d9-4c1d-97f4-516b572b2f9d,1697664028886955555
6a69421f-e399-4db8-897a-d8ef21b5e0a7,707b6ccf-c9d9-4c1d-97f4-516b572b2f9d,1697664028922600000
6a69421f-e399-4db8-897a-d8ef21b5e0a7,707b6ccf-c9d9-4c1d-97f4-516b572b2f9d,1697664028953366666
6a69421f-e399-4db8-897a-d8ef21b5e0a7,707b6ccf-c9d9-4c1d-97f4-516b572b2f9d,1697664028990833333
6a69421f-e399-4db8-897a-d8ef21b5e0a7,707b6ccf-c9d9-4c1d-97f4-516b572b2f9d,1697664029021022222
6a69421f-e399-4db8-897a-d8ef21b5e0a7,707b6ccf-c9d9-4c1d-97f4-516b572b2f9d,1697664029046666666
6a69421f-e399-4db8-897a-d8ef21b5e0a7,707b6ccf-c9d9-4c1d-97f4-516b572b2f9d,1697664029088544444
6a69421f-e399-4db8-897a-d8ef21b5e0a7,707b6ccf-c9d9-4c1d-97f4-516b572b2f9d,1697664029116866666
6a69421f-e399-4db8-897a-d8ef21b5e0a7,707b6ccf-c9d9-4c1d-97f4-516b572b2f9d,1697664029146211111
6a69421f-e399-4db8-897a-d8ef21b5e0a7,707b6ccf-c9d9-4c1d-97f4-516b572b2f9d,1697664029186855555
6a69421f-e399-4db8-897a-d8ef21b5e0a7,707b6ccf-c9d9-4c1d-97f4-516b572b2f9d,1697664029224533333
6a69421f-e399-4db8-897a-d8ef21b5e0a7,707b6ccf-c9d9-4c1d-97f4-516b572b2f9d,1697664029252800000
6a69421f-e399-4db8-897a-d8ef21b5e0a7,707b6ccf-c9d9-4c1d-97f4-516b572b2f9d,1697664029289888888
6a69421f-e399-4db8-897a-d8ef21b5e0a7,707b6ccf-c9d9-4c1d-97f4-516b572b2f9d,1697664029325955555
6a69421f-e399-4db8-897a-d8ef21b5e0a7,707b6ccf-c9d9-4c1d-97f4-516b572b2f9d,1697664029354755555
6a69421f-e399-4db8-897a-d8ef21b5e0a7,707b6ccf-c9d9-4c1d-97f4-516b572b2f9d,1697664029387033333
6a69421f-e399-4db8-897a-d8ef21b5e0a7,707b6ccf-c9d9-4c1d-97f4-516b572b2f9d,1697664029425777777
6a69421f-e399-4db8-897a-d8ef21b5e0a7,707b6ccf-c9d9-4c1d-97f4-516b572b2f9d,1697664029456622222
6a69421f-e399-4db8-897a-d8ef21b5e0a7,707b6ccf-c9d9-4c1d-97f4-516b572b2f9d,1697664029488577777
6a69421f-e399-4db8-897a-d8ef21b5e0a7,707b6ccf-c9d9-4c1d-97f4-516b572b2f9d,1697664029526877777
6a69421f-e399-4db8-897a-d8ef21b5e0a7,707b6ccf-c9d9-4c1d-97f4-516b572b2f9d,1697664029554677777
6a69421f-e399-4db8-897a-d8ef21b5e0a7,707b6ccf-c9d9-4c1d-97f4-516b572b2f9d,1697664029590888888
6a69421f-e399-4db8-897a-d8ef21b5e0a7,707b6ccf-c9d9-4c1d-97f4-516b572b2f9d,1697664029628188888
6a69421f-e399-4db8-897a-d8ef21b5e0a7,707b6ccf-c9d9-4c1d-97f4-516b572b2f9d,1697664029656977777
6a69421f-e399-4db8-897a-d8ef21b5e0a7,707b6ccf-c9d9-4c1d-97f4-516b572b2f9d,1697664029679588888
6a69421f-e399-4db8-897a-d8ef21b5e0a7,707b6ccf-c9d9-4c1d-97f4-516b572b2f9d,1697664029714366666
6a69421f-e399-4db8-897a-d8ef21b5e0a7,707b6ccf-c9d9-4c1d-97f4-516b572b2f9d,1697664029748177777
6a69421f-e399-4db8-897a-d8ef21b5e0a7,707b6ccf-c9d9-4c1d-97f4-516b572b2f9d,1697664029780733333
6a69421f-e399-4db8-897a-d8ef21b5e0a7,707b6ccf-c9d9-4c1d-97f4-516b572b2f9d,1697664029825355555
6a69421f-e399-4db8-897a-d8ef21b5e0a7,707b6ccf-c9d9-4c1d-97f4-516b572b2f9d,1697664029854944444
6a69421f-e399-4db8-897a-d8ef21b5e0a7,707b6ccf-c9d9-4c1d-97f4-516b572b2f9d,1697664029885633333
6a69421f-e399-4db8-897a-d8ef21b5e0a7,707b6ccf-c9d9-4c1d-97f4-516b572b2f9d,1697664029922655555
6a69421f-e399-4db8-897a-d8ef21b5e0a7,707b6ccf-c9d9-4c1d-97f4-516b572b2f9d,1697664029952711111
6a69421f-e399-4db8-897a-d8ef21b5e0a7,707b6ccf-c9d9-4c1d-97f4-516b572b2f9d,1697664029987122222
6a69421f-e399-4db8-897a-d8ef21b5e0a7,707b6ccf-c9d9-4c1d-97f4-516b572b2f9d,1697664030025888888
6a69421f-e399-4db8-897a-d8ef21b5e0a7,707b6ccf-c9d9-4c1d-97f4-516b572b2f9d,1697664030054700000
6a69421f-e399-4db8-897a-d8ef21b5e0a7,707b6ccf-c9d9-4c1d-97f4-516b572b2f9d,1697664030087155555
6a69421f-e399-4db8-897a-d8ef21b5e0a7,707b6ccf-c9d9-4c1d-97f4-516b572b2f9d,1697664030127066666
6a69421f-e399-4db8-897a-d8ef21b5e0a7,707b6ccf-c9d9-4c1d-97f4-516b572b2f9d,1697664030155500000
6a69421f-e399-4db8-897a-d8ef21b5e0a7,707b6ccf-c9d9-4c1d-97f4-516b572b2f9d,1697664030187411111
6a69421f-e399-4db8-897a-d8ef21b5e0a7,707b6ccf-c9d9-4c1d-97f4-516b572b2f9d,1697664030223422222
6a69421f-e399-4db8-897a-d8ef21b5e0a7,707b6ccf-c9d9-4c1d-97f4-516b572b2f9d,1697664030254500000
6a69421f-e399-4db8-897a-d8ef21b5e0a7,707b6ccf-c9d9-4c1d-97f4-516b572b2f9d,1697664030289500000
6a69421f-e399-4db8-897a-d8ef21b5e0a7,707b6ccf-c9d9-4c1d-97f4-516b572b2f9d,1697664030325133333
6a69421f-e399-4db8-897a-d8ef21b5e0a7,707b6ccf-c9d9-4c1d-97f4-516b572b2f9d,1697664030352033333
6a69421f-e399-4db8-897a-d8ef21b5e0a7,707b6ccf-c9d9-4c1d-97f4-516b572b2f9d,1697664030380600000
6a69421f-e399-4db8-897a-d8ef21b5e0a7,707b6ccf-c9d9-4c1d-97f4-516b572b2f9d,1697664030430955555
6a69421f-e399-4db8-897a-d8ef21b5e0a7,707b6ccf-c9d9-4c1d-97f4-516b572b2f9d,1697664030464811111
6a69421f-e399-4db8-897a-d8ef21b5e0a7,707b6ccf-c9d9-4c1d-97f4-516b572b2f9d,1697664030478811111
6a69421f-e399-4db8-897a-d8ef21b5e0a7,707b6ccf-c9d9-4c1d-97f4-516b572b2f9d,1697664030514944444
6a69421f-e399-4db8-897a-d8ef21b5e0a7,707b6ccf-c9d9-4c1d-97f4-516b572b2f9d,1697664030558077777
6a69421f-e399-4db8-897a-d8ef21b5e0a7,707b6ccf-c9d9-4c1d-97f4-516b572b2f9d,1697664030585722222
6a69421f-e399-4db8-897a-d8ef21b5e0a7,707b6ccf-c9d9-4c1d-97f4-516b572b2f9d,1697664030624033333
6a69421f-e399-4db8-897a-d8ef21b5e0a7,707b6ccf-c9d9-4c1d-97f4-516b572b2f9d,1697664030663455555
6a69421f-e399-4db8-897a-d8ef21b5e0a7,707b6ccf-c9d9-4c1d-97f4-516b572b2f9d,1697664030685266666
6a69421f-e399-4db8-897a-d8ef21b5e0a7,707b6ccf-c9d9-4c1d-97f4-516b572b2f9d,1697664030721488888
6a69421f-e399-4db8-897a-d8ef21b5e0a7,707b6ccf-c9d9-4c1d-97f4-516b572b2f9d,1697664030754300000
6a69421f-e399-4db8-897a-d8ef21b5e0a7,707b6ccf-c9d9-4c1d-97f4-516b572b2f9d,1697664030786255555
6a69421f-e399-4db8-897a-d8ef21b5e0a7,707b6ccf-c9d9-4c1d-97f4-516b572b2f9d,1697664030827266666
6a69421f-e399-4db8-897a-d8ef21b5e0a7,707b6ccf-c9d9-4c1d-97f4-516b572b2f9d,1697664030854388888
6a69421f-e399-4db8-897a-d8ef21b5e0a7,707b6ccf-c9d9-4c1d-97f4-516b572b2f9d,1697664030884744444
6a69421f-e399-4db8-897a-d8ef21b5e0a7,707b6ccf-c9d9-4c1d-97f4-516b572b2f9d,1697664030915800000
6a69421f-e399-4db8-897a-d8ef21b5e0a7,707b6ccf-c9d9-4c1d-97f4-516b572b2f9d,1697664030955288888
6a69421f-e399-4db8-897a-d8ef21b5e0a7,707b6ccf-c9d9-4c1d-97f4-516b572b2f9d,1697664030988688888
6a69421f-e399-4db8-897a-d8ef21b5e0a7,707b6ccf-c9d9-4c1d-97f4-516b572b2f9d,1697664031015311111
6a69421f-e399-4db8-897a-d8ef21b5e0a7,707b6ccf-c9d9-4c1d-97f4-516b572b2f9d,1697664031045600000
6a69421f-e399-4db8-897a-d8ef21b5e0a7,707b6ccf-c9d9-4c1d-97f4-516b572b2f9d,1697664031078522222
6a69421f-e399-4db8-897a-d8ef21b5e0a7,707b6ccf-c9d9-4c1d-97f4-516b572b2f9d,1697664031111544444
6a69421f-e399-4db8-897a-d8ef21b5e0a7,707b6ccf-c9d9-4c1d-97f4-516b572b2f9d,1697664031146777777
6a69421f-e399-4db8-897a-d8ef21b5e0a7,707b6ccf-c9d9-4c1d-97f4-516b572b2f9d,1697664031188200000
6a69421f-e399-4db8-897a-d8ef21b5e0a7,707b6ccf-c9d9-4c1d-97f4-516b572b2f9d,1697664031219222222
6a69421f-e399-4db8-897a-d8ef21b5e0a7,707b6ccf-c9d9-4c1d-97f4-516b572b2f9d,1697664031253477777
6a69421f-e399-4db8-897a-d8ef21b5e0a7,707b6ccf-c9d9-4c1d-97f4-516b572b2f9d,1697664031284411111
6a69421f-e399-4db8-897a-d8ef21b5e0a7,707b6ccf-c9d9-4c1d-97f4-516b572b2f9d,1697664031319477777
6a69421f-e399-4db8-897a-d8ef21b5e0a7,707b6ccf-c9d9-4c1d-97f4-516b572b2f9d,1697664031358166666
6a69421f-e399-4db8-897a-d8ef21b5e0a7,707b6ccf-c9d9-4c1d-97f4-516b572b2f9d,1697664031389333333
6a69421f-e399-4db8-897a-d8ef21b5e0a7,707b6ccf-c9d9-4c1d-97f4-516b572b2f9d,1697664031418811111
6a69421f-e399-4db8-897a-d8ef21b5e0a7,707b6ccf-c9d9-4c1d-97f4-516b572b2f9d,1697664031454566666
6a69421f-e399-4db8-897a-d8ef21b5e0a7,707b6ccf-c9d9-4c1d-97f4-516b572b2f9d,1697664031487533333
6a69421f-e399-4db8-897a-d8ef21b5e0a7,707b6ccf-c9d9-4c1d-97f4-516b572b2f9d,1697664031518477777
6a69421f-e399-4db8-897a-d8ef21b5e0a7,707b6ccf-c9d9-4c1d-97f4-516b572b2f9d,1697664031554544444
6a69421f-e399-4db8-897a-d8ef21b5e0a7,707b6ccf-c9d9-4c1d-97f4-516b572b2f9d,1697664031586822222
6a69421f-e399-4db8-897a-d8ef21b5e0a7,707b6ccf-c9d9-4c1d-97f4-516b572b2f9d,1697664031622588888
6a69421f-e399-4db8-897a-d8ef21b5e0a7,707b6ccf-c9d9-4c1d-97f4-516b572b2f9d,1697664031662555555
6a69421f-e399-4db8-897a-d8ef21b5e0a7,707b6ccf-c9d9-4c1d-97f4-516b572b2f9d,1697664031678877777
6a69421f-e399-4db8-897a-d8ef21b5e0a7,707b6ccf-c9d9-4c1d-97f4-516b572b2f9d,1697664031724955555
6a69421f-e399-4db8-897a-d8ef21b5e0a7,707b6ccf-c9d9-4c1d-97f4-516b572b2f9d,1697664031748988888
6a69421f-e399-4db8-897a-d8ef21b5e0a7,707b6ccf-c9d9-4c1d-97f4-516b572b2f9d,1697664031798788888
6a69421f-e399-4db8-897a-d8ef21b5e0a7,707b6ccf-c9d9-4c1d-97f4-516b572b2f9d,1697664031811622222
6a69421f-e399-4db8-897a-d8ef21b5e0a7,707b6ccf-c9d9-4c1d-97f4-516b572b2f9d,1697664031854155555
6a69421f-e399-4db8-897a-d8ef21b5e0a7,707b6ccf-c9d9-4c1d-97f4-516b572b2f9d,1697664031885388888
6a69421f-e399-4db8-897a-d8ef21b5e0a7,707b6ccf-c9d9-4c1d-97f4-516b572b2f9d,1697664031916666666
6a69421f-e399-4db8-897a-d8ef21b5e0a7,707b6ccf-c9d9-4c1d-97f4-516b572b2f9d,1697664031955022222
6a69421f-e399-4db8-897a-d8ef21b5e0a7,707b6ccf-c9d9-4c1d-97f4-516b572b2f9d,1697664031985688888
6a69421f-e399-4db8-897a-d8ef21b5e0a7,707b6ccf-c9d9-4c1d-97f4-516b572b2f9d,1697664032017922222
6a69421f-e399-4db8-897a-d8ef21b5e0a7,707b6ccf-c9d9-4c1d-97f4-516b572b2f9d,1697664032054233333
6a69421f-e399-4db8-897a-d8ef21b5e0a7,707b6ccf-c9d9-4c1d-97f4-516b572b2f9d,1697664032085077777
6a69421f-e399-4db8-897a-d8ef21b5e0a7,707b6ccf-c9d9-4c1d-97f4-516b572b2f9d,1697664032117066666
6a69421f-e399-4db8-897a-d8ef21b5e0a7,707b6ccf-c9d9-4c1d-97f4-516b572b2f9d,1697664032154600000
6a69421f-e399-4db8-897a-d8ef21b5e0a7,707b6ccf-c9d9-4c1d-97f4-516b572b2f9d,1697664032184688888
6a69421f-e399-4db8-897a-d8ef21b5e0a7,707b6ccf-c9d9-4c1d-97f4-516b572b2f9d,1697664032219500000
6a69421f-e399-4db8-897a-d8ef21b5e0a7,707b6ccf-c9d9-4c1d-97f4-516b572b2f9d,1697664032255166666
6a69421f-e399-4db8-897a-d8ef21b5e0a7,707b6ccf-c9d9-4c1d-97f4-516b572b2f9d,1697664032286888888
6a69421f-e399-4db8-897a-d8ef21b5e0a7,707b6ccf-c9d9-4c1d-97f4-516b572b2f9d,1697664032319455555
6a69421f-e399-4db8-897a-d8ef21b5e0a7,707b6ccf-c9d9-4c1d-97f4-516b572b2f9d,1697664032343944444
6a69421f-e399-4db8-897a-d8ef21b5e0a7,707b6ccf-c9d9-4c1d-97f4-516b572b2f9d,1697664032385122222
6a69421f-e399-4db8-897a-d8ef21b5e0a7,707b6ccf-c9d9-4c1d-97f4-516b572b2f9d,1697664032425466666
6a69421f-e399-4db8-897a-d8ef21b5e0a7,707b6ccf-c9d9-4c1d-97f4-516b572b2f9d,1697664032450622222
6a69421f-e399-4db8-897a-d8ef21b5e0a7,707b6ccf-c9d9-4c1d-97f4-516b572b2f9d,1697664032485988888
6a69421f-e399-4db8-897a-d8ef21b5e0a7,707b6ccf-c9d9-4c1d-97f4-516b572b2f9d,1697664032521866666
6a69421f-e399-4db8-897a-d8ef21b5e0a7,707b6ccf-c9d9-4c1d-97f4-516b572b2f9d,1697664032548766666
6a69421f-e399-4db8-897a-d8ef21b5e0a7,707b6ccf-c9d9-4c1d-97f4-516b572b2f9d,1697664032590744444
6a69421f-e399-4db8-897a-d8ef21b5e0a7,707b6ccf-c9d9-4c1d-97f4-516b572b2f9d,1697664032619944444
6a69421f-e399-4db8-897a-d8ef21b5e0a7,707b6ccf-c9d9-4c1d-97f4-516b572b2f9d,1697664032652955555
6a69421f-e399-4db8-897a-d8ef21b5e0a7,707b6ccf-c9d9-4c1d-97f4-516b572b2f9d,1697664032686533333
6a69421f-e399-4db8-897a-d8ef21b5e0a7,707b6ccf-c9d9-4c1d-97f4-516b572b2f9d,1697664032717977777
6a69421f-e399-4db8-897a-d8ef21b5e0a7,707b6ccf-c9d9-4c1d-97f4-516b572b2f9d,1697664032760177777
6a69421f-e399-4db8-897a-d8ef21b5e0a7,707b6ccf-c9d9-4c1d-97f4-516b572b2f9d,1697664032786833333
6a69421f-e399-4db8-897a-d8ef21b5e0a7,707b6ccf-c9d9-4c1d-97f4-516b572b2f9d,1697664032820577777
6a69421f-e399-4db8-897a-d8ef21b5e0a7,707b6ccf-c9d9-4c1d-97f4-516b572b2f9d,1697664032857777777
6a69421f-e399-4db8-897a-d8ef21b5e0a7,707b6ccf-c9d9-4c1d-97f4-516b572b2f9d,1697664032887222222
6a69421f-e399-4db8-897a-d8ef21b5e0a7,707b6ccf-c9d9-4c1d-97f4-516b572b2f9d,1697664032920822222
6a69421f-e399-4db8-897a-d8ef21b5e0a7,707b6ccf-c9d9-4c1d-97f4-516b572b2f9d,1697664032956600000
6a69421f-e399-4db8-897a-d8ef21b5e0a7,707b6ccf-c9d9-4c1d-97f4-516b572b2f9d,1697664032984755555
6a69421f-e399-4db8-897a-d8ef21b5e0a7,707b6ccf-c9d9-4c1d-97f4-516b572b2f9d,1697664033028366666
6a69421f-e399-4db8-897a-d8ef21b5e0a7,707b6ccf-c9d9-4c1d-97f4-516b572b2f9d,1697664033048188888
6a69421f-e399-4db8-897a-d8ef21b5e0a7,707b6ccf-c9d9-4c1d-97f4-516b572b2f9d,1697664033084544444
6a69421f-e399-4db8-897a-d8ef21b5e0a7,707b6ccf-c9d9-4c1d-97f4-516b572b2f9d,1697664033126077777
6a69421f-e399-4db8-897a-d8ef21b5e0a7,707b6ccf-c9d9-4c1d-97f4-516b572b2f9d,1697664033148900000
6a69421f-e399-4db8-897a-d8ef21b5e0a7,707b6ccf-c9d9-4c1d-97f4-516b572b2f9d,1697664033189955555
6a69421f-e399-4db8-897a-d8ef21b5e0a7,707b6ccf-c9d9-4c1d-97f4-516b572b2f9d,1697664033220655555
6a69421f-e399-4db8-897a-d8ef21b5e0a7,707b6ccf-c9d9-4c1d-97f4-516b572b2f9d,1697664033249900000
6a69421f-e399-4db8-897a-d8ef21b5e0a7,707b6ccf-c9d9-4c1d-97f4-516b572b2f9d,1697664033288333333
6a69421f-e399-4db8-897a-d8ef21b5e0a7,707b6ccf-c9d9-4c1d-97f4-516b572b2f9d,1697664033317477777
6a69421f-e399-4db8-897a-d8ef21b5e0a7,707b6ccf-c9d9-4c1d-97f4-516b572b2f9d,1697664033354055555
6a69421f-e399-4db8-897a-d8ef21b5e0a7,707b6ccf-c9d9-4c1d-97f4-516b572b2f9d,1697664033387266666
6a69421f-e399-4db8-897a-d8ef21b5e0a7,707b6ccf-c9d9-4c1d-97f4-516b572b2f9d,1697664033417733333
6a69421f-e399-4db8-897a-d8ef21b5e0a7,707b6ccf-c9d9-4c1d-97f4-516b572b2f9d,1697664033458044444
6a69421f-e399-4db8-897a-d8ef21b5e0a7,707b6ccf-c9d9-4c1d-97f4-516b572b2f9d,1697664033484211111
6a69421f-e399-4db8-897a-d8ef21b5e0a7,707b6ccf-c9d9-4c1d-97f4-516b572b2f9d,1697664033517644444
6a69421f-e399-4db8-897a-d8ef21b5e0a7,707b6ccf-c9d9-4c1d-97f4-516b572b2f9d,1697664033552355555
6a69421f-e399-4db8-897a-d8ef21b5e0a7,707b6ccf-c9d9-4c1d-97f4-516b572b2f9d,1697664033590255555
6a69421f-e399-4db8-897a-d8ef21b5e0a7,707b6ccf-c9d9-4c1d-97f4-516b572b2f9d,1697664033622344444
6a69421f-e399-4db8-897a-d8ef21b5e0a7,707b6ccf-c9d9-4c1d-97f4-516b572b2f9d,1697664033662033333
6a69421f-e399-4db8-897a-d8ef21b5e0a7,707b6ccf-c9d9-4c1d-97f4-516b572b2f9d,1697664033678333333
6a69421f-e399-4db8-897a-d8ef21b5e0a7,707b6ccf-c9d9-4c1d-97f4-516b572b2f9d,1697664033721655555
6a69421f-e399-4db8-897a-d8ef21b5e0a7,707b6ccf-c9d9-4c1d-97f4-516b572b2f9d,1697664033750577777
6a69421f-e399-4db8-897a-d8ef21b5e0a7,707b6ccf-c9d9-4c1d-97f4-516b572b2f9d,1697664033795233333
6a69421f-e399-4db8-897a-d8ef21b5e0a7,707b6ccf-c9d9-4c1d-97f4-516b572b2f9d,1697664033823322222
6a69421f-e399-4db8-897a-d8ef21b5e0a7,707b6ccf-c9d9-4c1d-97f4-516b572b2f9d,1697664033848688888
6a69421f-e399-4db8-897a-d8ef21b5e0a7,707b6ccf-c9d9-4c1d-97f4-516b572b2f9d,1697664033891544444
6a69421f-e399-4db8-897a-d8ef21b5e0a7,707b6ccf-c9d9-4c1d-97f4-516b572b2f9d,1697664033918977777
6a69421f-e399-4db8-897a-d8ef21b5e0a7,707b6ccf-c9d9-4c1d-97f4-516b572b2f9d,1697664033956088888
6a69421f-e399-4db8-897a-d8ef21b5e0a7,707b6ccf-c9d9-4c1d-97f4-516b572b2f9d,1697664033985077777
6a69421f-e399-4db8-897a-d8ef21b5e0a7,707b6ccf-c9d9-4c1d-97f4-516b572b2f9d,1697664034019422222
6a69421f-e399-4db8-897a-d8ef21b5e0a7,707b6ccf-c9d9-4c1d-97f4-516b572b2f9d,1697664034054100000
6a69421f-e399-4db8-897a-d8ef21b5e0a7,707b6ccf-c9d9-4c1d-97f4-516b572b2f9d,1697664034084011111
6a69421f-e399-4db8-897a-d8ef21b5e0a7,707b6ccf-c9d9-4c1d-97f4-516b572b2f9d,1697664034116977777
6a69421f-e399-4db8-897a-d8ef21b5e0a7,707b6ccf-c9d9-4c1d-97f4-516b572b2f9d,1697664034147833333
6a69421f-e399-4db8-897a-d8ef21b5e0a7,707b6ccf-c9d9-4c1d-97f4-516b572b2f9d,1697664034188388888
6a69421f-e399-4db8-897a-d8ef21b5e0a7,707b6ccf-c9d9-4c1d-97f4-516b572b2f9d,1697664034218688888
6a69421f-e399-4db8-897a-d8ef21b5e0a7,707b6ccf-c9d9-4c1d-97f4-516b572b2f9d,1697664034254277777
6a69421f-e399-4db8-897a-d8ef21b5e0a7,707b6ccf-c9d9-4c1d-97f4-516b572b2f9d,1697664034290177777
6a69421f-e399-4db8-897a-d8ef21b5e0a7,707b6ccf-c9d9-4c1d-97f4-516b572b2f9d,1697664034328155555
6a69421f-e399-4db8-897a-d8ef21b5e0a7,707b6ccf-c9d9-4c1d-97f4-516b572b2f9d,1697664034369788888
6a69421f-e399-4db8-897a-d8ef21b5e0a7,707b6ccf-c9d9-4c1d-97f4-516b572b2f9d,1697664034377577777
6a69421f-e399-4db8-897a-d8ef21b5e0a7,707b6ccf-c9d9-4c1d-97f4-516b572b2f9d,1697664034410511111
6a69421f-e399-4db8-897a-d8ef21b5e0a7,707b6ccf-c9d9-4c1d-97f4-516b572b2f9d,1697664034453566666
6a69421f-e399-4db8-897a-d8ef21b5e0a7,707b6ccf-c9d9-4c1d-97f4-516b572b2f9d,1697664034477433333
6a69421f-e399-4db8-897a-d8ef21b5e0a7,707b6ccf-c9d9-4c1d-97f4-516b572b2f9d,1697664034526500000
6a69421f-e399-4db8-897a-d8ef21b5e0a7,707b6ccf-c9d9-4c1d-97f4-516b572b2f9d,1697664034541877777
6a69421f-e399-4db8-897a-d8ef21b5e0a7,707b6ccf-c9d9-4c1d-97f4-516b572b2f9d,1697664034587633333
6a69421f-e399-4db8-897a-d8ef21b5e0a7,707b6ccf-c9d9-4c1d-97f4-516b572b2f9d,1697664034617155555
6a69421f-e399-4db8-897a-d8ef21b5e0a7,707b6ccf-c9d9-4c1d-97f4-516b572b2f9d,1697664034652066666
6a69421f-e399-4db8-897a-d8ef21b5e0a7,707b6ccf-c9d9-4c1d-97f4-516b572b2f9d,1697664034688644444
6a69421f-e399-4db8-897a-d8ef21b5e0a7,707b6ccf-c9d9-4c1d-97f4-516b572b2f9d,1697664034719444444
6a69421f-e399-4db8-897a-d8ef21b5e0a7,707b6ccf-c9d9-4c1d-97f4-516b572b2f9d,1697664034749344444
6a69421f-e399-4db8-897a-d8ef21b5e0a7,707b6ccf-c9d9-4c1d-97f4-516b572b2f9d,1697664034787588888
6a69421f-e399-4db8-897a-d8ef21b5e0a7,707b6ccf-c9d9-4c1d-97f4-516b572b2f9d,1697664034821933333
6a69421f-e399-4db8-897a-d8ef21b5e0a7,707b6ccf-c9d9-4c1d-97f4-516b572b2f9d,1697664034842444444
6a69421f-e399-4db8-897a-d8ef21b5e0a7,707b6ccf-c9d9-4c1d-97f4-516b572b2f9d,1697664034887311111
6a69421f-e399-4db8-897a-d8ef21b5e0a7,707b6ccf-c9d9-4c1d-97f4-516b572b2f9d,1697664034918377777
6a69421f-e399-4db8-897a-d8ef21b5e0a7,707b6ccf-c9d9-4c1d-97f4-516b572b2f9d,1697664034952244444
6a69421f-e399-4db8-897a-d8ef21b5e0a7,707b6ccf-c9d9-4c1d-97f4-516b572b2f9d,1697664034993300000
6a69421f-e399-4db8-897a-d8ef21b5e0a7,707b6ccf-c9d9-4c1d-97f4-516b572b2f9d,1697664035038600000
6a69421f-e399-4db8-897a-d8ef21b5e0a7,707b6ccf-c9d9-4c1d-97f4-516b572b2f9d,1697664035042700000
6a69421f-e399-4db8-897a-d8ef21b5e0a7,707b6ccf-c9d9-4c1d-97f4-516b572b2f9d,1697664035098722222
6a69421f-e399-4db8-897a-d8ef21b5e0a7,707b6ccf-c9d9-4c1d-97f4-516b572b2f9d,1697664035110766666
6a69421f-e399-4db8-897a-d8ef21b5e0a7,707b6ccf-c9d9-4c1d-97f4-516b572b2f9d,1697664035143833333
6a69421f-e399-4db8-897a-d8ef21b5e0a7,707b6ccf-c9d9-4c1d-97f4-516b572b2f9d,1697664035191444444
6a69421f-e399-4db8-897a-d8ef21b5e0a7,707b6ccf-c9d9-4c1d-97f4-516b572b2f9d,1697664035219011111
6a69421f-e399-4db8-897a-d8ef21b5e0a7,707b6ccf-c9d9-4c1d-97f4-516b572b2f9d,1697664035254300000
6a69421f-e399-4db8-897a-d8ef21b5e0a7,707b6ccf-c9d9-4c1d-97f4-516b572b2f9d,1697664035286922222
6a69421f-e399-4db8-897a-d8ef21b5e0a7,707b6ccf-c9d9-4c1d-97f4-516b572b2f9d,1697664035318411111
6a69421f-e399-4db8-897a-d8ef21b5e0a7,707b6ccf-c9d9-4c1d-97f4-516b572b2f9d,1697664035349955555
6a69421f-e399-4db8-897a-d8ef21b5e0a7,707b6ccf-c9d9-4c1d-97f4-516b572b2f9d,1697664035386544444
6a69421f-e399-4db8-897a-d8ef21b5e0a7,707b6ccf-c9d9-4c1d-97f4-516b572b2f9d,1697664035418977777
6a69421f-e399-4db8-897a-d8ef21b5e0a7,707b6ccf-c9d9-4c1d-97f4-516b572b2f9d,1697664035450288888
6a69421f-e399-4db8-897a-d8ef21b5e0a7,707b6ccf-c9d9-4c1d-97f4-516b572b2f9d,1697664035489244444
6a69421f-e399-4db8-897a-d8ef21b5e0a7,707b6ccf-c9d9-4c1d-97f4-516b572b2f9d,1697664035519544444
6a69421f-e399-4db8-897a-d8ef21b5e0a7,707b6ccf-c9d9-4c1d-97f4-516b572b2f9d,1697664035549488888
6a69421f-e399-4db8-897a-d8ef21b5e0a7,707b6ccf-c9d9-4c1d-97f4-516b572b2f9d,1697664035586811111
6a69421f-e399-4db8-897a-d8ef21b5e0a7,707b6ccf-c9d9-4c1d-97f4-516b572b2f9d,1697664035617833333
6a69421f-e399-4db8-897a-d8ef21b5e0a7,707b6ccf-c9d9-4c1d-97f4-516b572b2f9d,1697664035652266666
6a69421f-e399-4db8-897a-d8ef21b5e0a7,707b6ccf-c9d9-4c1d-97f4-516b572b2f9d,1697664035709477777
6a69421f-e399-4db8-897a-d8ef21b5e0a7,707b6ccf-c9d9-4c1d-97f4-516b572b2f9d,1697664035719677777
6a69421f-e399-4db8-897a-d8ef21b5e0a7,707b6ccf-c9d9-4c1d-97f4-516b572b2f9d,1697664035743033333
6a69421f-e399-4db8-897a-d8ef21b5e0a7,707b6ccf-c9d9-4c1d-97f4-516b572b2f9d,1697664035777077777
6a69421f-e399-4db8-897a-d8ef21b5e0a7,707b6ccf-c9d9-4c1d-97f4-516b572b2f9d,1697664035817955555
6a69421f-e399-4db8-897a-d8ef21b5e0a7,707b6ccf-c9d9-4c1d-97f4-516b572b2f9d,1697664035851344444
6a69421f-e399-4db8-897a-d8ef21b5e0a7,707b6ccf-c9d9-4c1d-97f4-516b572b2f9d,1697664035887522222
6a69421f-e399-4db8-897a-d8ef21b5e0a7,707b6ccf-c9d9-4c1d-97f4-516b572b2f9d,1697664035921888888
6a69421f-e399-4db8-897a-d8ef21b5e0a7,707b6ccf-c9d9-4c1d-97f4-516b572b2f9d,1697664035943577777
6a69421f-e399-4db8-897a-d8ef21b5e0a7,707b6ccf-c9d9-4c1d-97f4-516b572b2f9d,1697664035987366666
6a69421f-e399-4db8-897a-d8ef21b5e0a7,707b6ccf-c9d9-4c1d-97f4-516b572b2f9d,1697664036018544444
6a69421f-e399-4db8-897a-d8ef21b5e0a7,707b6ccf-c9d9-4c1d-97f4-516b572b2f9d,1697664036049577777
6a69421f-e399-4db8-897a-d8ef21b5e0a7,707b6ccf-c9d9-4c1d-97f4-516b572b2f9d,1697664036086033333
6a69421f-e399-4db8-897a-d8ef21b5e0a7,707b6ccf-c9d9-4c1d-97f4-516b572b2f9d,1697664036115677777
6a69421f-e399-4db8-897a-d8ef21b5e0a7,707b6ccf-c9d9-4c1d-97f4-516b572b2f9d,1697664036151955555
6a69421f-e399-4db8-897a-d8ef21b5e0a7,707b6ccf-c9d9-4c1d-97f4-516b572b2f9d,1697664036186400000
6a69421f-e399-4db8-897a-d8ef21b5e0a7,707b6ccf-c9d9-4c1d-97f4-516b572b2f9d,1697664036220822222
6a69421f-e399-4db8-897a-d8ef21b5e0a7,707b6ccf-c9d9-4c1d-97f4-516b572b2f9d,1697664036242622222
6a69421f-e399-4db8-897a-d8ef21b5e0a7,707b6ccf-c9d9-4c1d-97f4-516b572b2f9d,1697664036294644444
6a69421f-e399-4db8-897a-d8ef21b5e0a7,707b6ccf-c9d9-4c1d-97f4-516b572b2f9d,1697664036317000000
6a69421f-e399-4db8-897a-d8ef21b5e0a7,707b6ccf-c9d9-4c1d-97f4-516b572b2f9d,1697664036344400000
6a69421f-e399-4db8-897a-d8ef21b5e0a7,707b6ccf-c9d9-4c1d-97f4-516b572b2f9d,1697664036385855555
6a69421f-e399-4db8-897a-d8ef21b5e0a7,707b6ccf-c9d9-4c1d-97f4-516b572b2f9d,1697664036416022222
6a69421f-e399-4db8-897a-d8ef21b5e0a7,707b6ccf-c9d9-4c1d-97f4-516b572b2f9d,1697664036442500000
6a69421f-e399-4db8-897a-d8ef21b5e0a7,707b6ccf-c9d9-4c1d-97f4-516b572b2f9d,1697664036485533333
6a69421f-e399-4db8-897a-d8ef21b5e0a7,707b6ccf-c9d9-4c1d-97f4-516b572b2f9d,1697664036516900000
6a69421f-e399-4db8-897a-d8ef21b5e0a7,707b6ccf-c9d9-4c1d-97f4-516b572b2f9d,1697664036549200000
6a69421f-e399-4db8-897a-d8ef21b5e0a7,707b6ccf-c9d9-4c1d-97f4-516b572b2f9d,1697664036585633333
6a69421f-e399-4db8-897a-d8ef21b5e0a7,707b6ccf-c9d9-4c1d-97f4-516b572b2f9d,1697664036619800000
6a69421f-e399-4db8-897a-d8ef21b5e0a7,707b6ccf-c9d9-4c1d-97f4-516b572b2f9d,1697664036650100000
6a69421f-e399-4db8-897a-d8ef21b5e0a7,707b6ccf-c9d9-4c1d-97f4-516b572b2f9d,1697664036686144444
6a69421f-e399-4db8-897a-d8ef21b5e0a7,707b6ccf-c9d9-4c1d-97f4-516b572b2f9d,1697664036718300000
6a69421f-e399-4db8-897a-d8ef21b5e0a7,707b6ccf-c9d9-4c1d-97f4-516b572b2f9d,1697664036753411111
6a69421f-e399-4db8-897a-d8ef21b5e0a7,707b6ccf-c9d9-4c1d-97f4-516b572b2f9d,1697664036788288888
6a69421f-e399-4db8-897a-d8ef21b5e0a7,707b6ccf-c9d9-4c1d-97f4-516b572b2f9d,1697664036819144444
6a69421f-e399-4db8-897a-d8ef21b5e0a7,707b6ccf-c9d9-4c1d-97f4-516b572b2f9d,1697664036850100000
6a69421f-e399-4db8-897a-d8ef21b5e0a7,707b6ccf-c9d9-4c1d-97f4-516b572b2f9d,1697664036892666666
6a69421f-e399-4db8-897a-d8ef21b5e0a7,707b6ccf-c9d9-4c1d-97f4-516b572b2f9d,1697664036921388888
6a69421f-e399-4db8-897a-d8ef21b5e0a7,707b6ccf-c9d9-4c1d-97f4-516b572b2f9d,1697664036947844444
6a69421f-e399-4db8-897a-d8ef21b5e0a7,707b6ccf-c9d9-4c1d-97f4-516b572b2f9d,1697664036987100000
6a69421f-e399-4db8-897a-d8ef21b5e0a7,707b6ccf-c9d9-4c1d-97f4-516b572b2f9d,1697664037009733333
6a69421f-e399-4db8-897a-d8ef21b5e0a7,707b6ccf-c9d9-4c1d-97f4-516b572b2f9d,1697664037051344444
6a69421f-e399-4db8-897a-d8ef21b5e0a7,707b6ccf-c9d9-4c1d-97f4-516b572b2f9d,1697664037079088888
6a69421f-e399-4db8-897a-d8ef21b5e0a7,707b6ccf-c9d9-4c1d-97f4-516b572b2f9d,1697664037111266666
6a69421f-e399-4db8-897a-d8ef21b5e0a7,707b6ccf-c9d9-4c1d-97f4-516b572b2f9d,1697664037149444444
6a69421f-e399-4db8-897a-d8ef21b5e0a7,707b6ccf-c9d9-4c1d-97f4-516b572b2f9d,1697664037188522222
6a69421f-e399-4db8-897a-d8ef21b5e0a7,707b6ccf-c9d9-4c1d-97f4-516b572b2f9d,1697664037220066666
6a69421f-e399-4db8-897a-d8ef21b5e0a7,707b6ccf-c9d9-4c1d-97f4-516b572b2f9d,1697664037250488888
6a69421f-e399-4db8-897a-d8ef21b5e0a7,707b6ccf-c9d9-4c1d-97f4-516b572b2f9d,1697664037287677777
6a69421f-e399-4db8-897a-d8ef21b5e0a7,707b6ccf-c9d9-4c1d-97f4-516b572b2f9d,1697664037317977777
6a69421f-e399-4db8-897a-d8ef21b5e0a7,707b6ccf-c9d9-4c1d-97f4-516b572b2f9d,1697664037350211111
6a69421f-e399-4db8-897a-d8ef21b5e0a7,707b6ccf-c9d9-4c1d-97f4-516b572b2f9d,1697664037383777777
6a69421f-e399-4db8-897a-d8ef21b5e0a7,707b6ccf-c9d9-4c1d-97f4-516b572b2f9d,1697664037418411111
6a69421f-e399-4db8-897a-d8ef21b5e0a7,707b6ccf-c9d9-4c1d-97f4-516b572b2f9d,1697664037449822222
6a69421f-e399-4db8-897a-d8ef21b5e0a7,707b6ccf-c9d9-4c1d-97f4-516b572b2f9d,1697664037483944444
6a69421f-e399-4db8-897a-d8ef21b5e0a7,707b6ccf-c9d9-4c1d-97f4-516b572b2f9d,1697664037517800000
6a69421f-e399-4db8-897a-d8ef21b5e0a7,707b6ccf-c9d9-4c1d-97f4-516b572b2f9d,1697664037549422222
6a69421f-e399-4db8-897a-d8ef21b5e0a7,707b6ccf-c9d9-4c1d-97f4-516b572b2f9d,1697664037581211111
6a69421f-e399-4db8-897a-d8ef21b5e0a7,707b6ccf-c9d9-4c1d-97f4-516b572b2f9d,1697664037625488888
6a69421f-e399-4db8-897a-d8ef21b5e0a7,707b6ccf-c9d9-4c1d-97f4-516b572b2f9d,1697664037640411111
6a69421f-e399-4db8-897a-d8ef21b5e0a7,707b6ccf-c9d9-4c1d-97f4-516b572b2f9d,1697664037680555555
6a69421f-e399-4db8-897a-d8ef21b5e0a7,707b6ccf-c9d9-4c1d-97f4-516b572b2f9d,1697664037714811111
6a69421f-e399-4db8-897a-d8ef21b5e0a7,707b6ccf-c9d9-4c1d-97f4-516b572b2f9d,1697664037746000000
6a69421f-e399-4db8-897a-d8ef21b5e0a7,707b6ccf-c9d9-4c1d-97f4-516b572b2f9d,1697664037784966666
6a69421f-e399-4db8-897a-d8ef21b5e0a7,707b6ccf-c9d9-4c1d-97f4-516b572b2f9d,1697664037818533333
6a69421f-e399-4db8-897a-d8ef21b5e0a7,707b6ccf-c9d9-4c1d-97f4-516b572b2f9d,1697664037847344444
6a69421f-e399-4db8-897a-d8ef21b5e0a7,707b6ccf-c9d9-4c1d-97f4-516b572b2f9d,1697664037880444444
6a69421f-e399-4db8-897a-d8ef21b5e0a7,707b6ccf-c9d9-4c1d-97f4-516b572b2f9d,1697664037919488888
6a69421f-e399-4db8-897a-d8ef21b5e0a7,707b6ccf-c9d9-4c1d-97f4-516b572b2f9d,1697664037950011111
6a69421f-e399-4db8-897a-d8ef21b5e0a7,707b6ccf-c9d9-4c1d-97f4-516b572b2f9d,1697664037982877777
6a69421f-e399-4db8-897a-d8ef21b5e0a7,707b6ccf-c9d9-4c1d-97f4-516b572b2f9d,1697664038018311111
6a69421f-e399-4db8-897a-d8ef21b5e0a7,707b6ccf-c9d9-4c1d-97f4-516b572b2f9d,1697664038058466666
6a69421f-e399-4db8-897a-d8ef21b5e0a7,707b6ccf-c9d9-4c1d-97f4-516b572b2f9d,1697664038082933333
6a69421f-e399-4db8-897a-d8ef21b5e0a7,707b6ccf-c9d9-4c1d-97f4-516b572b2f9d,1697664038118511111
6a69421f-e399-4db8-897a-d8ef21b5e0a7,707b6ccf-c9d9-4c1d-97f4-516b572b2f9d,1697664038150833333
6a69421f-e399-4db8-897a-d8ef21b5e0a7,707b6ccf-c9d9-4c1d-97f4-516b572b2f9d,1697664038182822222
6a69421f-e399-4db8-897a-d8ef21b5e0a7,707b6ccf-c9d9-4c1d-97f4-516b572b2f9d,1697664038216888888
6a69421f-e399-4db8-897a-d8ef21b5e0a7,707b6ccf-c9d9-4c1d-97f4-516b572b2f9d,1697664038249866666
6a69421f-e399-4db8-897a-d8ef21b5e0a7,707b6ccf-c9d9-4c1d-97f4-516b572b2f9d,1697664038290955555
6a69421f-e399-4db8-897a-d8ef21b5e0a7,707b6ccf-c9d9-4c1d-97f4-516b572b2f9d,1697664038311544444
6a69421f-e399-4db8-897a-d8ef21b5e0a7,707b6ccf-c9d9-4c1d-97f4-516b572b2f9d,1697664038343611111
6a69421f-e399-4db8-897a-d8ef21b5e0a7,707b6ccf-c9d9-4c1d-97f4-516b572b2f9d,1697664038391733333
6a69421f-e399-4db8-897a-d8ef21b5e0a7,707b6ccf-c9d9-4c1d-97f4-516b572b2f9d,1697664038421300000
6a69421f-e399-4db8-897a-d8ef21b5e0a7,707b6ccf-c9d9-4c1d-97f4-516b572b2f9d,1697664038441055555
6a69421f-e399-4db8-897a-d8ef21b5e0a7,707b6ccf-c9d9-4c1d-97f4-516b572b2f9d,1697664038484033333
6a69421f-e399-4db8-897a-d8ef21b5e0a7,707b6ccf-c9d9-4c1d-97f4-516b572b2f9d,1697664038518400000
6a69421f-e399-4db8-897a-d8ef21b5e0a7,707b6ccf-c9d9-4c1d-97f4-516b572b2f9d,1697664038549500000
6a69421f-e399-4db8-897a-d8ef21b5e0a7,707b6ccf-c9d9-4c1d-97f4-516b572b2f9d,1697664038582277777
6a69421f-e399-4db8-897a-d8ef21b5e0a7,707b6ccf-c9d9-4c1d-97f4-516b572b2f9d,1697664038621066666
6a69421f-e399-4db8-897a-d8ef21b5e0a7,707b6ccf-c9d9-4c1d-97f4-516b572b2f9d,1697664038649244444
6a69421f-e399-4db8-897a-d8ef21b5e0a7,707b6ccf-c9d9-4c1d-97f4-516b572b2f9d,1697664038680211111
6a69421f-e399-4db8-897a-d8ef21b5e0a7,707b6ccf-c9d9-4c1d-97f4-516b572b2f9d,1697664038719177777
6a69421f-e399-4db8-897a-d8ef21b5e0a7,707b6ccf-c9d9-4c1d-97f4-516b572b2f9d,1697664038749133333
6a69421f-e399-4db8-897a-d8ef21b5e0a7,707b6ccf-c9d9-4c1d-97f4-516b572b2f9d,1697664038781366666
6a69421f-e399-4db8-897a-d8ef21b5e0a7,707b6ccf-c9d9-4c1d-97f4-516b572b2f9d,1697664038817255555
6a69421f-e399-4db8-897a-d8ef21b5e0a7,707b6ccf-c9d9-4c1d-97f4-516b572b2f9d,1697664038852844444
6a69421f-e399-4db8-897a-d8ef21b5e0a7,707b6ccf-c9d9-4c1d-97f4-516b572b2f9d,1697664038882277777
6a69421f-e399-4db8-897a-d8ef21b5e0a7,707b6ccf-c9d9-4c1d-97f4-516b572b2f9d,1697664038918755555
6a69421f-e399-4db8-897a-d8ef21b5e0a7,707b6ccf-c9d9-4c1d-97f4-516b572b2f9d,1697664038962677777
6a69421f-e399-4db8-897a-d8ef21b5e0a7,707b6ccf-c9d9-4c1d-97f4-516b572b2f9d,1697664038973055555
6a69421f-e399-4db8-897a-d8ef21b5e0a7,707b6ccf-c9d9-4c1d-97f4-516b572b2f9d,1697664039026533333
6a69421f-e399-4db8-897a-d8ef21b5e0a7,707b6ccf-c9d9-4c1d-97f4-516b572b2f9d,1697664039043822222
6a69421f-e399-4db8-897a-d8ef21b5e0a7,707b6ccf-c9d9-4c1d-97f4-516b572b2f9d,1697664039077544444
6a69421f-e399-4db8-897a-d8ef21b5e0a7,707b6ccf-c9d9-4c1d-97f4-516b572b2f9d,1697664039115655555
6a69421f-e399-4db8-897a-d8ef21b5e0a7,707b6ccf-c9d9-4c1d-97f4-516b572b2f9d,1697664039149000000
6a69421f-e399-4db8-897a-d8ef21b5e0a7,707b6ccf-c9d9-4c1d-97f4-516b572b2f9d,1697664039189555555
6a69421f-e399-4db8-897a-d8ef21b5e0a7,707b6ccf-c9d9-4c1d-97f4-516b572b2f9d,1697664039219622222
6a69421f-e399-4db8-897a-d8ef21b5e0a7,707b6ccf-c9d9-4c1d-97f4-516b572b2f9d,1697664039249155555
6a69421f-e399-4db8-897a-d8ef21b5e0a7,707b6ccf-c9d9-4c1d-97f4-516b572b2f9d,1697664039280155555
6a69421f-e399-4db8-897a-d8ef21b5e0a7,707b6ccf-c9d9-4c1d-97f4-516b572b2f9d,1697664039322211111
6a69421f-e399-4db8-897a-d8ef21b5e0a7,707b6ccf-c9d9-4c1d-97f4-516b572b2f9d,1697664039342466666
6a69421f-e399-4db8-897a-d8ef21b5e0a7,707b6ccf-c9d9-4c1d-97f4-516b572b2f9d,1697664039383100000
6a69421f-e399-4db8-897a-d8ef21b5e0a7,707b6ccf-c9d9-4c1d-97f4-516b572b2f9d,1697664039422655555
6a69421f-e399-4db8-897a-d8ef21b5e0a7,707b6ccf-c9d9-4c1d-97f4-516b572b2f9d,1697664039451577777
6a69421f-e399-4db8-897a-d8ef21b5e0a7,707b6ccf-c9d9-4c1d-97f4-516b572b2f9d,1697664039484466666
6a69421f-e399-4db8-897a-d8ef21b5e0a7,707b6ccf-c9d9-4c1d-97f4-516b572b2f9d,1697664039521000000
6a69421f-e399-4db8-897a-d8ef21b5e0a7,707b6ccf-c9d9-4c1d-97f4-516b572b2f9d,1697664039543100000
6a69421f-e399-4db8-897a-d8ef21b5e0a7,707b6ccf-c9d9-4c1d-97f4-516b572b2f9d,1697664039587533333
6a69421f-e399-4db8-897a-d8ef21b5e0a7,707b6ccf-c9d9-4c1d-97f4-516b572b2f9d,1697664039629200000
6a69421f-e399-4db8-897a-d8ef21b5e0a7,707b6ccf-c9d9-4c1d-97f4-516b572b2f9d,1697664039642855555
6a69421f-e399-4db8-897a-d8ef21b5e0a7,707b6ccf-c9d9-4c1d-97f4-516b572b2f9d,1697664039690411111
6a69421f-e399-4db8-897a-d8ef21b5e0a7,707b6ccf-c9d9-4c1d-97f4-516b572b2f9d,1697664039710722222
6a69421f-e399-4db8-897a-d8ef21b5e0a7,707b6ccf-c9d9-4c1d-97f4-516b572b2f9d,1697664039742344444
6a69421f-e399-4db8-897a-d8ef21b5e0a7,707b6ccf-c9d9-4c1d-97f4-516b572b2f9d,1697664039782800000
6a69421f-e399-4db8-897a-d8ef21b5e0a7,707b6ccf-c9d9-4c1d-97f4-516b572b2f9d,1697664039820977777
6a69421f-e399-4db8-897a-d8ef21b5e0a7,707b6ccf-c9d9-4c1d-97f4-516b572b2f9d,1697664039842211111
6a69421f-e399-4db8-897a-d8ef21b5e0a7,707b6ccf-c9d9-4c1d-97f4-516b572b2f9d,1697664039881855555
6a69421f-e399-4db8-897a-d8ef21b5e0a7,707b6ccf-c9d9-4c1d-97f4-516b572b2f9d,1697664039916600000
6a69421f-e399-4db8-897a-d8ef21b5e0a7,707b6ccf-c9d9-4c1d-97f4-516b572b2f9d,1697664039951811111
6a69421f-e399-4db8-897a-d8ef21b5e0a7,707b6ccf-c9d9-4c1d-97f4-516b572b2f9d,1697664039980911111
6a69421f-e399-4db8-897a-d8ef21b5e0a7,707b6ccf-c9d9-4c1d-97f4-516b572b2f9d,1697664040017311111
6a69421f-e399-4db8-897a-d8ef21b5e0a7,707b6ccf-c9d9-4c1d-97f4-516b572b2f9d,1697664040050166666
6a69421f-e399-4db8-897a-d8ef21b5e0a7,707b6ccf-c9d9-4c1d-97f4-516b572b2f9d,1697664040084911111
6a69421f-e399-4db8-897a-d8ef21b5e0a7,707b6ccf-c9d9-4c1d-97f4-516b572b2f9d,1697664040118055555
6a69421f-e399-4db8-897a-d8ef21b5e0a7,707b6ccf-c9d9-4c1d-97f4-516b572b2f9d,1697664040151511111
6a69421f-e399-4db8-897a-d8ef21b5e0a7,707b6ccf-c9d9-4c1d-97f4-516b572b2f9d,1697664040183766666
6a69421f-e399-4db8-897a-d8ef21b5e0a7,707b6ccf-c9d9-4c1d-97f4-516b572b2f9d,1697664040221833333
6a69421f-e399-4db8-897a-d8ef21b5e0a7,707b6ccf-c9d9-4c1d-97f4-516b572b2f9d,1697664040253544444
6a69421f-e399-4db8-897a-d8ef21b5e0a7,707b6ccf-c9d9-4c1d-97f4-516b572b2f9d,1697664040275833333
6a69421f-e399-4db8-897a-d8ef21b5e0a7,707b6ccf-c9d9-4c1d-97f4-516b572b2f9d,1697664040311588888
6a69421f-e399-4db8-897a-d8ef21b5e0a7,707b6ccf-c9d9-4c1d-97f4-516b572b2f9d,1697664040347788888
6a69421f-e399-4db8-897a-d8ef21b5e0a7,707b6ccf-c9d9-4c1d-97f4-516b572b2f9d,1697664040375744444
6a69421f-e399-4db8-897a-d8ef21b5e0a7,707b6ccf-c9d9-4c1d-97f4-516b572b2f9d,1697664040409277777
6a69421f-e399-4db8-897a-d8ef21b5e0a7,707b6ccf-c9d9-4c1d-97f4-516b572b2f9d,1697664040449677777
6a69421f-e399-4db8-897a-d8ef21b5e0a7,707b6ccf-c9d9-4c1d-97f4-516b572b2f9d,1697664040482077777
6a69421f-e399-4db8-897a-d8ef21b5e0a7,707b6ccf-c9d9-4c1d-97f4-516b572b2f9d,1697664040519633333
6a69421f-e399-4db8-897a-d8ef21b5e0a7,707b6ccf-c9d9-4c1d-97f4-516b572b2f9d,1697664040551333333
6a69421f-e399-4db8-897a-d8ef21b5e0a7,707b6ccf-c9d9-4c1d-97f4-516b572b2f9d,1697664040587066666
6a69421f-e399-4db8-897a-d8ef21b5e0a7,707b6ccf-c9d9-4c1d-97f4-516b572b2f9d,1697664040615711111
6a69421f-e399-4db8-897a-d8ef21b5e0a7,707b6ccf-c9d9-4c1d-97f4-516b572b2f9d,1697664040650077777
6a69421f-e399-4db8-897a-d8ef21b5e0a7,707b6ccf-c9d9-4c1d-97f4-516b572b2f9d,1697664040680833333
6a69421f-e399-4db8-897a-d8ef21b5e0a7,707b6ccf-c9d9-4c1d-97f4-516b572b2f9d,1697664040713322222
6a69421f-e399-4db8-897a-d8ef21b5e0a7,707b6ccf-c9d9-4c1d-97f4-516b572b2f9d,1697664040750777777
6a69421f-e399-4db8-897a-d8ef21b5e0a7,707b6ccf-c9d9-4c1d-97f4-516b572b2f9d,1697664040780100000
6a69421f-e399-4db8-897a-d8ef21b5e0a7,707b6ccf-c9d9-4c1d-97f4-516b572b2f9d,1697664040815200000
6a69421f-e399-4db8-897a-d8ef21b5e0a7,707b6ccf-c9d9-4c1d-97f4-516b572b2f9d,1697664040848544444
6a69421f-e399-4db8-897a-d8ef21b5e0a7,707b6ccf-c9d9-4c1d-97f4-516b572b2f9d,1697664040881877777
6a69421f-e399-4db8-897a-d8ef21b5e0a7,707b6ccf-c9d9-4c1d-97f4-516b572b2f9d,1697664040907844444
6a69421f-e399-4db8-897a-d8ef21b5e0a7,707b6ccf-c9d9-4c1d-97f4-516b572b2f9d,1697664040941933333
6a69421f-e399-4db8-897a-d8ef21b5e0a7,707b6ccf-c9d9-4c1d-97f4-516b572b2f9d,1697664040993344444
6a69421f-e399-4db8-897a-d8ef21b5e0a7,707b6ccf-c9d9-4c1d-97f4-516b572b2f9d,1697664041018100000
6a69421f-e399-4db8-897a-d8ef21b5e0a7,707b6ccf-c9d9-4c1d-97f4-516b572b2f9d,1697664041055144444
6a69421f-e399-4db8-897a-d8ef21b5e0a7,707b6ccf-c9d9-4c1d-97f4-516b572b2f9d,1697664041082622222
6a69421f-e399-4db8-897a-d8ef21b5e0a7,707b6ccf-c9d9-4c1d-97f4-516b572b2f9d,1697664041115300000
6a69421f-e399-4db8-897a-d8ef21b5e0a7,707b6ccf-c9d9-4c1d-97f4-516b572b2f9d,1697664041151744444
6a69421f-e399-4db8-897a-d8ef21b5e0a7,707b6ccf-c9d9-4c1d-97f4-516b572b2f9d,1697664041181511111
6a69421f-e399-4db8-897a-d8ef21b5e0a7,707b6ccf-c9d9-4c1d-97f4-516b572b2f9d,1697664041215244444
6a69421f-e399-4db8-897a-d8ef21b5e0a7,707b6ccf-c9d9-4c1d-97f4-516b572b2f9d,1697664041250344444
6a69421f-e399-4db8-897a-d8ef21b5e0a7,707b6ccf-c9d9-4c1d-97f4-516b572b2f9d,1697664041283488888
6a69421f-e399-4db8-897a-d8ef21b5e0a7,707b6ccf-c9d9-4c1d-97f4-516b572b2f9d,1697664041317855555
6a69421f-e399-4db8-897a-d8ef21b5e0a7,707b6ccf-c9d9-4c1d-97f4-516b572b2f9d,1697664041353088888
6a69421f-e399-4db8-897a-d8ef21b5e0a7,707b6ccf-c9d9-4c1d-97f4-516b572b2f9d,1697664041381688888
6a69421f-e399-4db8-897a-d8ef21b5e0a7,707b6ccf-c9d9-4c1d-97f4-516b572b2f9d,1697664041417666666
6a69421f-e399-4db8-897a-d8ef21b5e0a7,707b6ccf-c9d9-4c1d-97f4-516b572b2f9d,1697664041449933333
6a69421f-e399-4db8-897a-d8ef21b5e0a7,707b6ccf-c9d9-4c1d-97f4-516b572b2f9d,1697664041485388888
6a69421f-e399-4db8-897a-d8ef21b5e0a7,707b6ccf-c9d9-4c1d-97f4-516b572b2f9d,1697664041514922222
6a69421f-e399-4db8-897a-d8ef21b5e0a7,707b6ccf-c9d9-4c1d-97f4-516b572b2f9d,1697664041550766666
6a69421f-e399-4db8-897a-d8ef21b5e0a7,707b6ccf-c9d9-4c1d-97f4-516b572b2f9d,1697664041581533333
6a69421f-e399-4db8-897a-d8ef21b5e0a7,707b6ccf-c9d9-4c1d-97f4-516b572b2f9d,1697664041609088888
6a69421f-e399-4db8-897a-d8ef21b5e0a7,707b6ccf-c9d9-4c1d-97f4-516b572b2f9d,1697664041642088888
6a69421f-e399-4db8-897a-d8ef21b5e0a7,707b6ccf-c9d9-4c1d-97f4-516b572b2f9d,1697664041694755555
6a69421f-e399-4db8-897a-d8ef21b5e0a7,707b6ccf-c9d9-4c1d-97f4-516b572b2f9d,1697664041707444444
6a69421f-e399-4db8-897a-d8ef21b5e0a7,707b6ccf-c9d9-4c1d-97f4-516b572b2f9d,1697664041740244444
6a69421f-e399-4db8-897a-d8ef21b5e0a7,707b6ccf-c9d9-4c1d-97f4-516b572b2f9d,1697664041785588888
6a69421f-e399-4db8-897a-d8ef21b5e0a7,707b6ccf-c9d9-4c1d-97f4-516b572b2f9d,1697664041816522222
6a69421f-e399-4db8-897a-d8ef21b5e0a7,707b6ccf-c9d9-4c1d-97f4-516b572b2f9d,1697664041850488888
6a69421f-e399-4db8-897a-d8ef21b5e0a7,707b6ccf-c9d9-4c1d-97f4-516b572b2f9d,1697664041880422222
6a69421f-e399-4db8-897a-d8ef21b5e0a7,707b6ccf-c9d9-4c1d-97f4-516b572b2f9d,1697664041915955555
6a69421f-e399-4db8-897a-d8ef21b5e0a7,707b6ccf-c9d9-4c1d-97f4-516b572b2f9d,1697664041950900000
6a69421f-e399-4db8-897a-d8ef21b5e0a7,707b6ccf-c9d9-4c1d-97f4-516b572b2f9d,1697664041986600000
6a69421f-e399-4db8-897a-d8ef21b5e0a7,707b6ccf-c9d9-4c1d-97f4-516b572b2f9d,1697664042014200000
6a69421f-e399-4db8-897a-d8ef21b5e0a7,707b6ccf-c9d9-4c1d-97f4-516b572b2f9d,1697664042049244444
6a69421f-e399-4db8-897a-d8ef21b5e0a7,707b6ccf-c9d9-4c1d-97f4-516b572b2f9d,1697664042086088888
6a69421f-e399-4db8-897a-d8ef21b5e0a7,707b6ccf-c9d9-4c1d-97f4-516b572b2f9d,1697664042117022222
6a69421f-e399-4db8-897a-d8ef21b5e0a7,707b6ccf-c9d9-4c1d-97f4-516b572b2f9d,1697664042151255555
6a69421f-e399-4db8-897a-d8ef21b5e0a7,707b6ccf-c9d9-4c1d-97f4-516b572b2f9d,1697664042183844444
6a69421f-e399-4db8-897a-d8ef21b5e0a7,707b6ccf-c9d9-4c1d-97f4-516b572b2f9d,1697664042214544444
6a69421f-e399-4db8-897a-d8ef21b5e0a7,707b6ccf-c9d9-4c1d-97f4-516b572b2f9d,1697664042266933333
6a69421f-e399-4db8-897a-d8ef21b5e0a7,707b6ccf-c9d9-4c1d-97f4-516b572b2f9d,1697664042280011111
6a69421f-e399-4db8-897a-d8ef21b5e0a7,707b6ccf-c9d9-4c1d-97f4-516b572b2f9d,1697664042315533333
6a69421f-e399-4db8-897a-d8ef21b5e0a7,707b6ccf-c9d9-4c1d-97f4-516b572b2f9d,1697664042342744444
6a69421f-e399-4db8-897a-d8ef21b5e0a7,707b6ccf-c9d9-4c1d-97f4-516b572b2f9d,1697664042378777777
6a69421f-e399-4db8-897a-d8ef21b5e0a7,707b6ccf-c9d9-4c1d-97f4-516b572b2f9d,1697664042406244444
6a69421f-e399-4db8-897a-d8ef21b5e0a7,707b6ccf-c9d9-4c1d-97f4-516b572b2f9d,1697664042455811111
6a69421f-e399-4db8-897a-d8ef21b5e0a7,707b6ccf-c9d9-4c1d-97f4-516b572b2f9d,1697664042487122222
6a69421f-e399-4db8-897a-d8ef21b5e0a7,707b6ccf-c9d9-4c1d-97f4-516b572b2f9d,1697664042513755555
6a69421f-e399-4db8-897a-d8ef21b5e0a7,707b6ccf-c9d9-4c1d-97f4-516b572b2f9d,1697664042549555555
6a69421f-e399-4db8-897a-d8ef21b5e0a7,707b6ccf-c9d9-4c1d-97f4-516b572b2f9d,1697664042591255555
6a69421f-e399-4db8-897a-d8ef21b5e0a7,707b6ccf-c9d9-4c1d-97f4-516b572b2f9d,1697664042620000000
6a69421f-e399-4db8-897a-d8ef21b5e0a7,707b6ccf-c9d9-4c1d-97f4-516b572b2f9d,1697664042649422222
6a69421f-e399-4db8-897a-d8ef21b5e0a7,707b6ccf-c9d9-4c1d-97f4-516b572b2f9d,1697664042681577777
6a69421f-e399-4db8-897a-d8ef21b5e0a7,707b6ccf-c9d9-4c1d-97f4-516b572b2f9d,1697664042714533333
6a69421f-e399-4db8-897a-d8ef21b5e0a7,707b6ccf-c9d9-4c1d-97f4-516b572b2f9d,1697664042749211111
6a69421f-e399-4db8-897a-d8ef21b5e0a7,707b6ccf-c9d9-4c1d-97f4-516b572b2f9d,1697664042781311111
6a69421f-e399-4db8-897a-d8ef21b5e0a7,707b6ccf-c9d9-4c1d-97f4-516b572b2f9d,1697664042819011111
6a69421f-e399-4db8-897a-d8ef21b5e0a7,707b6ccf-c9d9-4c1d-97f4-516b572b2f9d,1697664042852000000
6a69421f-e399-4db8-897a-d8ef21b5e0a7,707b6ccf-c9d9-4c1d-97f4-516b572b2f9d,1697664042884000000
6a69421f-e399-4db8-897a-d8ef21b5e0a7,707b6ccf-c9d9-4c1d-97f4-516b572b2f9d,1697664042923333333
6a69421f-e399-4db8-897a-d8ef21b5e0a7,707b6ccf-c9d9-4c1d-97f4-516b572b2f9d,1697664042945744444
6a69421f-e399-4db8-897a-d8ef21b5e0a7,707b6ccf-c9d9-4c1d-97f4-516b572b2f9d,1697664042975288888
6a69421f-e399-4db8-897a-d8ef21b5e0a7,707b6ccf-c9d9-4c1d-97f4-516b572b2f9d,1697664043008400000
6a69421f-e399-4db8-897a-d8ef21b5e0a7,707b6ccf-c9d9-4c1d-97f4-516b572b2f9d,1697664043042155555
6a69421f-e399-4db8-897a-d8ef21b5e0a7,707b6ccf-c9d9-4c1d-97f4-516b572b2f9d,1697664043084111111
6a69421f-e399-4db8-897a-d8ef21b5e0a7,707b6ccf-c9d9-4c1d-97f4-516b572b2f9d,1697664043114033333
6a69421f-e399-4db8-897a-d8ef21b5e0a7,707b6ccf-c9d9-4c1d-97f4-516b572b2f9d,1697664043149622222
6a69421f-e399-4db8-897a-d8ef21b5e0a7,707b6ccf-c9d9-4c1d-97f4-516b572b2f9d,1697664043182777777
6a69421f-e399-4db8-897a-d8ef21b5e0a7,707b6ccf-c9d9-4c1d-97f4-516b572b2f9d,1697664043215700000
6a69421f-e399-4db8-897a-d8ef21b5e0a7,707b6ccf-c9d9-4c1d-97f4-516b572b2f9d,1697664043250700000
6a69421f-e399-4db8-897a-d8ef21b5e0a7,707b6ccf-c9d9-4c1d-97f4-516b572b2f9d,1697664043282888888
6a69421f-e399-4db8-897a-d8ef21b5e0a7,707b6ccf-c9d9-4c1d-97f4-516b572b2f9d,1697664043313544444
6a69421f-e399-4db8-897a-d8ef21b5e0a7,707b6ccf-c9d9-4c1d-97f4-516b572b2f9d,1697664043350777777
6a69421f-e399-4db8-897a-d8ef21b5e0a7,707b6ccf-c9d9-4c1d-97f4-516b572b2f9d,1697664043381666666
6a69421f-e399-4db8-897a-d8ef21b5e0a7,707b6ccf-c9d9-4c1d-97f4-516b572b2f9d,1697664043416877777
6a69421f-e399-4db8-897a-d8ef21b5e0a7,707b6ccf-c9d9-4c1d-97f4-516b572b2f9d,1697664043448333333
6a69421f-e399-4db8-897a-d8ef21b5e0a7,707b6ccf-c9d9-4c1d-97f4-516b572b2f9d,1697664043483577777
6a69421f-e399-4db8-897a-d8ef21b5e0a7,707b6ccf-c9d9-4c1d-97f4-516b572b2f9d,1697664043514300000
6a69421f-e399-4db8-897a-d8ef21b5e0a7,707b6ccf-c9d9-4c1d-97f4-516b572b2f9d,1697664043551288888
6a69421f-e399-4db8-897a-d8ef21b5e0a7,707b6ccf-c9d9-4c1d-97f4-516b572b2f9d,1697664043575500000
6a69421f-e399-4db8-897a-d8ef21b5e0a7,707b6ccf-c9d9-4c1d-97f4-516b572b2f9d,1697664043618144444
6a69421f-e399-4db8-897a-d8ef21b5e0a7,707b6ccf-c9d9-4c1d-97f4-516b572b2f9d,1697664043651155555
6a69421f-e399-4db8-897a-d8ef21b5e0a7,707b6ccf-c9d9-4c1d-97f4-516b572b2f9d,1697664043690233333
6a69421f-e399-4db8-897a-d8ef21b5e0a7,707b6ccf-c9d9-4c1d-97f4-516b572b2f9d,1697664043720333333
6a69421f-e399-4db8-897a-d8ef21b5e0a7,707b6ccf-c9d9-4c1d-97f4-516b572b2f9d,1697664043739988888
6a69421f-e399-4db8-897a-d8ef21b5e0a7,707b6ccf-c9d9-4c1d-97f4-516b572b2f9d,1697664043780533333
6a69421f-e399-4db8-897a-d8ef21b5e0a7,707b6ccf-c9d9-4c1d-97f4-516b572b2f9d,1697664043815522222
6a69421f-e399-4db8-897a-d8ef21b5e0a7,707b6ccf-c9d9-4c1d-97f4-516b572b2f9d,1697664043847000000
6a69421f-e399-4db8-897a-d8ef21b5e0a7,707b6ccf-c9d9-4c1d-97f4-516b572b2f9d,1697664043883466666
6a69421f-e399-4db8-897a-d8ef21b5e0a7,707b6ccf-c9d9-4c1d-97f4-516b572b2f9d,1697664043915111111
6a69421f-e399-4db8-897a-d8ef21b5e0a7,707b6ccf-c9d9-4c1d-97f4-516b572b2f9d,1697664043945711111
6a69421f-e399-4db8-897a-d8ef21b5e0a7,707b6ccf-c9d9-4c1d-97f4-516b572b2f9d,1697664043981900000
6a69421f-e399-4db8-897a-d8ef21b5e0a7,707b6ccf-c9d9-4c1d-97f4-516b572b2f9d,1697664044013788888
6a69421f-e399-4db8-897a-d8ef21b5e0a7,707b6ccf-c9d9-4c1d-97f4-516b572b2f9d,1697664044049533333
6a69421f-e399-4db8-897a-d8ef21b5e0a7,707b6ccf-c9d9-4c1d-97f4-516b572b2f9d,1697664044087466666
6a69421f-e399-4db8-897a-d8ef21b5e0a7,707b6ccf-c9d9-4c1d-97f4-516b572b2f9d,1697664044114711111
6a69421f-e399-4db8-897a-d8ef21b5e0a7,707b6ccf-c9d9-4c1d-97f4-516b572b2f9d,1697664044146655555
6a69421f-e399-4db8-897a-d8ef21b5e0a7,707b6ccf-c9d9-4c1d-97f4-516b572b2f9d,1697664044183733333
6a69421f-e399-4db8-897a-d8ef21b5e0a7,707b6ccf-c9d9-4c1d-97f4-516b572b2f9d,1697664044216377777
6a69421f-e399-4db8-897a-d8ef21b5e0a7,707b6ccf-c9d9-4c1d-97f4-516b572b2f9d,1697664044252000000
6a69421f-e399-4db8-897a-d8ef21b5e0a7,707b6ccf-c9d9-4c1d-97f4-516b572b2f9d,1697664044274544444
6a69421f-e399-4db8-897a-d8ef21b5e0a7,707b6ccf-c9d9-4c1d-97f4-516b572b2f9d,1697664044316622222
6a69421f-e399-4db8-897a-d8ef21b5e0a7,707b6ccf-c9d9-4c1d-97f4-516b572b2f9d,1697664044340566666
6a69421f-e399-4db8-897a-d8ef21b5e0a7,707b6ccf-c9d9-4c1d-97f4-516b572b2f9d,1697664044375788888
6a69421f-e399-4db8-897a-d8ef21b5e0a7,707b6ccf-c9d9-4c1d-97f4-516b572b2f9d,1697664044404388888
6a69421f-e399-4db8-897a-d8ef21b5e0a7,707b6ccf-c9d9-4c1d-97f4-516b572b2f9d,1697664044449488888
6a69421f-e399-4db8-897a-d8ef21b5e0a7,707b6ccf-c9d9-4c1d-97f4-516b572b2f9d,1697664044483400000
6a69421f-e399-4db8-897a-d8ef21b5e0a7,707b6ccf-c9d9-4c1d-97f4-516b572b2f9d,1697664044513133333
6a69421f-e399-4db8-897a-d8ef21b5e0a7,707b6ccf-c9d9-4c1d-97f4-516b572b2f9d,1697664044547333333
6a69421f-e399-4db8-897a-d8ef21b5e0a7,707b6ccf-c9d9-4c1d-97f4-516b572b2f9d,1697664044583377777
6a69421f-e399-4db8-897a-d8ef21b5e0a7,707b6ccf-c9d9-4c1d-97f4-516b572b2f9d,1697664044615277777
6a69421f-e399-4db8-897a-d8ef21b5e0a7,707b6ccf-c9d9-4c1d-97f4-516b572b2f9d,1697664044646822222
6a69421f-e399-4db8-897a-d8ef21b5e0a7,707b6ccf-c9d9-4c1d-97f4-516b572b2f9d,1697664044682477777
6a69421f-e399-4db8-897a-d8ef21b5e0a7,707b6ccf-c9d9-4c1d-97f4-516b572b2f9d,1697664044712877777
6a69421f-e399-4db8-897a-d8ef21b5e0a7,707b6ccf-c9d9-4c1d-97f4-516b572b2f9d,1697664044749788888
6a69421f-e399-4db8-897a-d8ef21b5e0a7,707b6ccf-c9d9-4c1d-97f4-516b572b2f9d,1697664044785211111
6a69421f-e399-4db8-897a-d8ef21b5e0a7,707b6ccf-c9d9-4c1d-97f4-516b572b2f9d,1697664044814155555
6a69421f-e399-4db8-897a-d8ef21b5e0a7,707b6ccf-c9d9-4c1d-97f4-516b572b2f9d,1697664044846700000
6a69421f-e399-4db8-897a-d8ef21b5e0a7,707b6ccf-c9d9-4c1d-97f4-516b572b2f9d,1697664044882744444
6a69421f-e399-4db8-897a-d8ef21b5e0a7,707b6ccf-c9d9-4c1d-97f4-516b572b2f9d,1697664044928911111
6a69421f-e399-4db8-897a-d8ef21b5e0a7,707b6ccf-c9d9-4c1d-97f4-516b572b2f9d,1697664044938144444
6a69421f-e399-4db8-897a-d8ef21b5e0a7,707b6ccf-c9d9-4c1d-97f4-516b572b2f9d,1697664044973433333
6a69421f-e399-4db8-897a-d8ef21b5e0a7,707b6ccf-c9d9-4c1d-97f4-516b572b2f9d,1697664045006277777
6a69421f-e399-4db8-897a-d8ef21b5e0a7,707b6ccf-c9d9-4c1d-97f4-516b572b2f9d,1697664045043244444
6a69421f-e399-4db8-897a-d8ef21b5e0a7,707b6ccf-c9d9-4c1d-97f4-516b572b2f9d,1697664045086055555
6a69421f-e399-4db8-897a-d8ef21b5e0a7,707b6ccf-c9d9-4c1d-97f4-516b572b2f9d,1697664045111477777
6a69421f-e399-4db8-897a-d8ef21b5e0a7,707b6ccf-c9d9-4c1d-97f4-516b572b2f9d,1697664045146600000
6a69421f-e399-4db8-897a-d8ef21b5e0a7,707b6ccf-c9d9-4c1d-97f4-516b572b2f9d,1697664045187200000
6a69421f-e399-4db8-897a-d8ef21b5e0a7,707b6ccf-c9d9-4c1d-97f4-516b572b2f9d,1697664045219477777
6a69421f-e399-4db8-897a-d8ef21b5e0a7,707b6ccf-c9d9-4c1d-97f4-516b572b2f9d,1697664045246822222
6a69421f-e399-4db8-897a-d8ef21b5e0a7,707b6ccf-c9d9-4c1d-97f4-516b572b2f9d,1697664045281955555
6a69421f-e399-4db8-897a-d8ef21b5e0a7,707b6ccf-c9d9-4c1d-97f4-516b572b2f9d,1697664045314022222
6a69421f-e399-4db8-897a-d8ef21b5e0a7,707b6ccf-c9d9-4c1d-97f4-516b572b2f9d,1697664045348588888
6a69421f-e399-4db8-897a-d8ef21b5e0a7,707b6ccf-c9d9-4c1d-97f4-516b572b2f9d,1697664045384877777
6a69421f-e399-4db8-897a-d8ef21b5e0a7,707b6ccf-c9d9-4c1d-97f4-516b572b2f9d,1697664045417044444
6a69421f-e399-4db8-897a-d8ef21b5e0a7,707b6ccf-c9d9-4c1d-97f4-516b572b2f9d,1697664045446011111
6a69421f-e399-4db8-897a-d8ef21b5e0a7,707b6ccf-c9d9-4c1d-97f4-516b572b2f9d,1697664045480433333
6a69421f-e399-4db8-897a-d8ef21b5e0a7,707b6ccf-c9d9-4c1d-97f4-516b572b2f9d,1697664045515711111
6a69421f-e399-4db8-897a-d8ef21b5e0a7,707b6ccf-c9d9-4c1d-97f4-516b572b2f9d,1697664045546144444
6a69421f-e399-4db8-897a-d8ef21b5e0a7,707b6ccf-c9d9-4c1d-97f4-516b572b2f9d,1697664045581422222
6a69421f-e399-4db8-897a-d8ef21b5e0a7,707b6ccf-c9d9-4c1d-97f4-516b572b2f9d,1697664045613144444
6a69421f-e399-4db8-897a-d8ef21b5e0a7,707b6ccf-c9d9-4c1d-97f4-516b572b2f9d,1697664045637833333
6a69421f-e399-4db8-897a-d8ef21b5e0a7,707b6ccf-c9d9-4c1d-97f4-516b572b2f9d,1697664045674355555
6a69421f-e399-4db8-897a-d8ef21b5e0a7,707b6ccf-c9d9-4c1d-97f4-516b572b2f9d,1697664045718833333
6a69421f-e399-4db8-897a-d8ef21b5e0a7,707b6ccf-c9d9-4c1d-97f4-516b572b2f9d,1697664045738000000
6a69421f-e399-4db8-897a-d8ef21b5e0a7,707b6ccf-c9d9-4c1d-97f4-516b572b2f9d,1697664045786022222
6a69421f-e399-4db8-897a-d8ef21b5e0a7,707b6ccf-c9d9-4c1d-97f4-516b572b2f9d,1697664045813911111
6a69421f-e399-4db8-897a-d8ef21b5e0a7,707b6ccf-c9d9-4c1d-97f4-516b572b2f9d,1697664045847655555
6a69421f-e399-4db8-897a-d8ef21b5e0a7,707b6ccf-c9d9-4c1d-97f4-516b572b2f9d,1697664045889866666
6a69421f-e399-4db8-897a-d8ef21b5e0a7,707b6ccf-c9d9-4c1d-97f4-516b572b2f9d,1697664045915944444
6a69421f-e399-4db8-897a-d8ef21b5e0a7,707b6ccf-c9d9-4c1d-97f4-516b572b2f9d,1697664045944533333
6a69421f-e399-4db8-897a-d8ef21b5e0a7,707b6ccf-c9d9-4c1d-97f4-516b572b2f9d,1697664045983544444
6a69421f-e399-4db8-897a-d8ef21b5e0a7,707b6ccf-c9d9-4c1d-97f4-516b572b2f9d,1697664046014744444
6a69421f-e399-4db8-897a-d8ef21b5e0a7,707b6ccf-c9d9-4c1d-97f4-516b572b2f9d,1697664046048100000
6a69421f-e399-4db8-897a-d8ef21b5e0a7,707b6ccf-c9d9-4c1d-97f4-516b572b2f9d,1697664046081000000
6a69421f-e399-4db8-897a-d8ef21b5e0a7,707b6ccf-c9d9-4c1d-97f4-516b572b2f9d,1697664046114488888
6a69421f-e399-4db8-897a-d8ef21b5e0a7,707b6ccf-c9d9-4c1d-97f4-516b572b2f9d,1697664046148133333
6a69421f-e399-4db8-897a-d8ef21b5e0a7,707b6ccf-c9d9-4c1d-97f4-516b572b2f9d,1697664046183088888
6a69421f-e399-4db8-897a-d8ef21b5e0a7,707b6ccf-c9d9-4c1d-97f4-516b572b2f9d,1697664046215177777
6a69421f-e399-4db8-897a-d8ef21b5e0a7,707b6ccf-c9d9-4c1d-97f4-516b572b2f9d,1697664046241822222
6a69421f-e399-4db8-897a-d8ef21b5e0a7,707b6ccf-c9d9-4c1d-97f4-516b572b2f9d,1697664046289333333
6a69421f-e399-4db8-897a-d8ef21b5e0a7,707b6ccf-c9d9-4c1d-97f4-516b572b2f9d,1697664046322733333
6a69421f-e399-4db8-897a-d8ef21b5e0a7,707b6ccf-c9d9-4c1d-97f4-516b572b2f9d,1697664046347177777
6a69421f-e399-4db8-897a-d8ef21b5e0a7,707b6ccf-c9d9-4c1d-97f4-516b572b2f9d,1697664046375211111
6a69421f-e399-4db8-897a-d8ef21b5e0a7,707b6ccf-c9d9-4c1d-97f4-516b572b2f9d,1697664046406888888
6a69421f-e399-4db8-897a-d8ef21b5e0a7,707b6ccf-c9d9-4c1d-97f4-516b572b2f9d,1697664046445100000
6a69421f-e399-4db8-897a-d8ef21b5e0a7,707b6ccf-c9d9-4c1d-97f4-516b572b2f9d,1697664046491211111
6a69421f-e399-4db8-897a-d8ef21b5e0a7,707b6ccf-c9d9-4c1d-97f4-516b572b2f9d,1697664046522188888
6a69421f-e399-4db8-897a-d8ef21b5e0a7,707b6ccf-c9d9-4c1d-97f4-516b572b2f9d,1697664046536800000
6a69421f-e399-4db8-897a-d8ef21b5e0a7,707b6ccf-c9d9-4c1d-97f4-516b572b2f9d,1697664046581033333
6a69421f-e399-4db8-897a-d8ef21b5e0a7,707b6ccf-c9d9-4c1d-97f4-516b572b2f9d,1697664046614044444
6a69421f-e399-4db8-897a-d8ef21b5e0a7,707b6ccf-c9d9-4c1d-97f4-516b572b2f9d,1697664046644900000
6a69421f-e399-4db8-897a-d8ef21b5e0a7,707b6ccf-c9d9-4c1d-97f4-516b572b2f9d,1697664046683511111
6a69421f-e399-4db8-897a-d8ef21b5e0a7,707b6ccf-c9d9-4c1d-97f4-516b572b2f9d,1697664046714911111
6a69421f-e399-4db8-897a-d8ef21b5e0a7,707b6ccf-c9d9-4c1d-97f4-516b572b2f9d,1697664046745044444
6a69421f-e399-4db8-897a-d8ef21b5e0a7,707b6ccf-c9d9-4c1d-97f4-516b572b2f9d,1697664046784766666
6a69421f-e399-4db8-897a-d8ef21b5e0a7,707b6ccf-c9d9-4c1d-97f4-516b572b2f9d,1697664046814811111
6a69421f-e399-4db8-897a-d8ef21b5e0a7,707b6ccf-c9d9-4c1d-97f4-516b572b2f9d,1697664046844844444
6a69421f-e399-4db8-897a-d8ef21b5e0a7,707b6ccf-c9d9-4c1d-97f4-516b572b2f9d,1697664046883211111
6a69421f-e399-4db8-897a-d8ef21b5e0a7,707b6ccf-c9d9-4c1d-97f4-516b572b2f9d,1697664046918033333
6a69421f-e399-4db8-897a-d8ef21b5e0a7,707b6ccf-c9d9-4c1d-97f4-516b572b2f9d,1697664046938244444
6a69421f-e399-4db8-897a-d8ef21b5e0a7,707b6ccf-c9d9-4c1d-97f4-516b572b2f9d,1697664046975588888
6a69421f-e399-4db8-897a-d8ef21b5e0a7,707b6ccf-c9d9-4c1d-97f4-516b572b2f9d,1697664047019644444
6a69421f-e399-4db8-897a-d8ef21b5e0a7,707b6ccf-c9d9-4c1d-97f4-516b572b2f9d,1697664047041400000
6a69421f-e399-4db8-897a-d8ef21b5e0a7,707b6ccf-c9d9-4c1d-97f4-516b572b2f9d,1697664047076711111
6a69421f-e399-4db8-897a-d8ef21b5e0a7,707b6ccf-c9d9-4c1d-97f4-516b572b2f9d,1697664047119300000
6a69421f-e399-4db8-897a-d8ef21b5e0a7,707b6ccf-c9d9-4c1d-97f4-516b572b2f9d,1697664047145977777
6a69421f-e399-4db8-897a-d8ef21b5e0a7,707b6ccf-c9d9-4c1d-97f4-516b572b2f9d,1697664047178477777
6a69421f-e399-4db8-897a-d8ef21b5e0a7,707b6ccf-c9d9-4c1d-97f4-516b572b2f9d,1697664047215777777
6a69421f-e399-4db8-897a-d8ef21b5e0a7,707b6ccf-c9d9-4c1d-97f4-516b572b2f9d,1697664047244366666
6a69421f-e399-4db8-897a-d8ef21b5e0a7,707b6ccf-c9d9-4c1d-97f4-516b572b2f9d,1697664047281933333
6a69421f-e399-4db8-897a-d8ef21b5e0a7,707b6ccf-c9d9-4c1d-97f4-516b572b2f9d,1697664047310633333
6a69421f-e399-4db8-897a-d8ef21b5e0a7,707b6ccf-c9d9-4c1d-97f4-516b572b2f9d,1697664047350300000
6a69421f-e399-4db8-897a-d8ef21b5e0a7,707b6ccf-c9d9-4c1d-97f4-516b572b2f9d,1697664047380877777
6a69421f-e399-4db8-897a-d8ef21b5e0a7,707b6ccf-c9d9-4c1d-97f4-516b572b2f9d,1697664047414588888
6a69421f-e399-4db8-897a-d8ef21b5e0a7,707b6ccf-c9d9-4c1d-97f4-516b572b2f9d,1697664047446755555
6a69421f-e399-4db8-897a-d8ef21b5e0a7,707b6ccf-c9d9-4c1d-97f4-516b572b2f9d,1697664047479011111
6a69421f-e399-4db8-897a-d8ef21b5e0a7,707b6ccf-c9d9-4c1d-97f4-516b572b2f9d,1697664047515100000
6a69421f-e399-4db8-897a-d8ef21b5e0a7,707b6ccf-c9d9-4c1d-97f4-516b572b2f9d,1697664047545688888
6a69421f-e399-4db8-897a-d8ef21b5e0a7,707b6ccf-c9d9-4c1d-97f4-516b572b2f9d,1697664047594600000
6a69421f-e399-4db8-897a-d8ef21b5e0a7,707b6ccf-c9d9-4c1d-97f4-516b572b2f9d,1697664047607211111
6a69421f-e399-4db8-897a-d8ef21b5e0a7,707b6ccf-c9d9-4c1d-97f4-516b572b2f9d,1697664047641533333
6a69421f-e399-4db8-897a-d8ef21b5e0a7,707b6ccf-c9d9-4c1d-97f4-516b572b2f9d,1697664047670088888
6a69421f-e399-4db8-897a-d8ef21b5e0a7,707b6ccf-c9d9-4c1d-97f4-516b572b2f9d,1697664047705700000
6a69421f-e399-4db8-897a-d8ef21b5e0a7,707b6ccf-c9d9-4c1d-97f4-516b572b2f9d,1697664047750244444
6a69421f-e399-4db8-897a-d8ef21b5e0a7,707b6ccf-c9d9-4c1d-97f4-516b572b2f9d,1697664047780211111
6a69421f-e399-4db8-897a-d8ef21b5e0a7,707b6ccf-c9d9-4c1d-97f4-516b572b2f9d,1697664047813033333
6a69421f-e399-4db8-897a-d8ef21b5e0a7,707b6ccf-c9d9-4c1d-97f4-516b572b2f9d,1697664047847800000
6a69421f-e399-4db8-897a-d8ef21b5e0a7,707b6ccf-c9d9-4c1d-97f4-516b572b2f9d,1697664047882444444
6a69421f-e399-4db8-897a-d8ef21b5e0a7,707b6ccf-c9d9-4c1d-97f4-516b572b2f9d,1697664047910511111
6a69421f-e399-4db8-897a-d8ef21b5e0a7,707b6ccf-c9d9-4c1d-97f4-516b572b2f9d,1697664047948244444
6a69421f-e399-4db8-897a-d8ef21b5e0a7,707b6ccf-c9d9-4c1d-97f4-516b572b2f9d,1697664047977788888
6a69421f-e399-4db8-897a-d8ef21b5e0a7,707b6ccf-c9d9-4c1d-97f4-516b572b2f9d,1697664048019755555
6a69421f-e399-4db8-897a-d8ef21b5e0a7,707b6ccf-c9d9-4c1d-97f4-516b572b2f9d,1697664048046200000
6a69421f-e399-4db8-897a-d8ef21b5e0a7,707b6ccf-c9d9-4c1d-97f4-516b572b2f9d,1697664048079088888
6a69421f-e399-4db8-897a-d8ef21b5e0a7,707b6ccf-c9d9-4c1d-97f4-516b572b2f9d,1697664048115800000
6a69421f-e399-4db8-897a-d8ef21b5e0a7,707b6ccf-c9d9-4c1d-97f4-516b572b2f9d,1697664048150122222
6a69421f-e399-4db8-897a-d8ef21b5e0a7,707b6ccf-c9d9-4c1d-97f4-516b572b2f9d,1697664048181122222
6a69421f-e399-4db8-897a-d8ef21b5e0a7,707b6ccf-c9d9-4c1d-97f4-516b572b2f9d,1697664048216600000
6a69421f-e399-4db8-897a-d8ef21b5e0a7,707b6ccf-c9d9-4c1d-97f4-516b572b2f9d,1697664048264322222
6a69421f-e399-4db8-897a-d8ef21b5e0a7,707b6ccf-c9d9-4c1d-97f4-516b572b2f9d,1697664048274355555
6a69421f-e399-4db8-897a-d8ef21b5e0a7,707b6ccf-c9d9-4c1d-97f4-516b572b2f9d,1697664048324755555
6a69421f-e399-4db8-897a-d8ef21b5e0a7,707b6ccf-c9d9-4c1d-97f4-516b572b2f9d,1697664048336866666
6a69421f-e399-4db8-897a-d8ef21b5e0a7,707b6ccf-c9d9-4c1d-97f4-516b572b2f9d,1697664048371188888
6a69421f-e399-4db8-897a-d8ef21b5e0a7,707b6ccf-c9d9-4c1d-97f4-516b572b2f9d,1697664048413988888
6a69421f-e399-4db8-897a-d8ef21b5e0a7,707b6ccf-c9d9-4c1d-97f4-516b572b2f9d,1697664048444355555
6a69421f-e399-4db8-897a-d8ef21b5e0a7,707b6ccf-c9d9-4c1d-97f4-516b572b2f9d,1697664048476411111
6a69421f-e399-4db8-897a-d8ef21b5e0a7,707b6ccf-c9d9-4c1d-97f4-516b572b2f9d,1697664048513444444
6a69421f-e399-4db8-897a-d8ef21b5e0a7,707b6ccf-c9d9-4c1d-97f4-516b572b2f9d,1697664048550455555
6a69421f-e399-4db8-897a-d8ef21b5e0a7,707b6ccf-c9d9-4c1d-97f4-516b572b2f9d,1697664048581888888
6a69421f-e399-4db8-897a-d8ef21b5e0a7,707b6ccf-c9d9-4c1d-97f4-516b572b2f9d,1697664048616088888
6a69421f-e399-4db8-897a-d8ef21b5e0a7,707b6ccf-c9d9-4c1d-97f4-516b572b2f9d,1697664048649455555
6a69421f-e399-4db8-897a-d8ef21b5e0a7,707b6ccf-c9d9-4c1d-97f4-516b572b2f9d,1697664048677822222
6a69421f-e399-4db8-897a-d8ef21b5e0a7,707b6ccf-c9d9-4c1d-97f4-516b572b2f9d,1697664048714500000
6a69421f-e399-4db8-897a-d8ef21b5e0a7,707b6ccf-c9d9-4c1d-97f4-516b572b2f9d,1697664048745988888
6a69421f-e399-4db8-897a-d8ef21b5e0a7,707b6ccf-c9d9-4c1d-97f4-516b572b2f9d,1697664048777988888
6a69421f-e399-4db8-897a-d8ef21b5e0a7,707b6ccf-c9d9-4c1d-97f4-516b572b2f9d,1697664048814611111
6a69421f-e399-4db8-897a-d8ef21b5e0a7,707b6ccf-c9d9-4c1d-97f4-516b572b2f9d,1697664048844888888
6a69421f-e399-4db8-897a-d8ef21b5e0a7,707b6ccf-c9d9-4c1d-97f4-516b572b2f9d,1697664048879977777
6a69421f-e399-4db8-897a-d8ef21b5e0a7,707b6ccf-c9d9-4c1d-97f4-516b572b2f9d,1697664048907055555
6a69421f-e399-4db8-897a-d8ef21b5e0a7,707b6ccf-c9d9-4c1d-97f4-516b572b2f9d,1697664048941788888
6a69421f-e399-4db8-897a-d8ef21b5e0a7,707b6ccf-c9d9-4c1d-97f4-516b572b2f9d,1697664048971155555
6a69421f-e399-4db8-897a-d8ef21b5e0a7,707b6ccf-c9d9-4c1d-97f4-516b572b2f9d,1697664049006411111
6a69421f-e399-4db8-897a-d8ef21b5e0a7,707b6ccf-c9d9-4c1d-97f4-516b572b2f9d,1697664049042911111
6a69421f-e399-4db8-897a-d8ef21b5e0a7,707b6ccf-c9d9-4c1d-97f4-516b572b2f9d,1697664049075288888
6a69421f-e399-4db8-897a-d8ef21b5e0a7,707b6ccf-c9d9-4c1d-97f4-516b572b2f9d,1697664049117177777
6a69421f-e399-4db8-897a-d8ef21b5e0a7,707b6ccf-c9d9-4c1d-97f4-516b572b2f9d,1697664049148366666
6a69421f-e399-4db8-897a-d8ef21b5e0a7,707b6ccf-c9d9-4c1d-97f4-516b572b2f9d,1697664049178800000
6a69421f-e399-4db8-897a-d8ef21b5e0a7,707b6ccf-c9d9-4c1d-97f4-516b572b2f9d,1697664049216044444
6a69421f-e399-4db8-897a-d8ef21b5e0a7,707b6ccf-c9d9-4c1d-97f4-516b572b2f9d,1697664049247833333
6a69421f-e399-4db8-897a-d8ef21b5e0a7,707b6ccf-c9d9-4c1d-97f4-516b572b2f9d,1697664049278588888
6a69421f-e399-4db8-897a-d8ef21b5e0a7,707b6ccf-c9d9-4c1d-97f4-516b572b2f9d,1697664049314488888
6a69421f-e399-4db8-897a-d8ef21b5e0a7,707b6ccf-c9d9-4c1d-97f4-516b572b2f9d,1697664049348800000
6a69421f-e399-4db8-897a-d8ef21b5e0a7,707b6ccf-c9d9-4c1d-97f4-516b572b2f9d,1697664049377511111
6a69421f-e399-4db8-897a-d8ef21b5e0a7,707b6ccf-c9d9-4c1d-97f4-516b572b2f9d,1697664049414422222
6a69421f-e399-4db8-897a-d8ef21b5e0a7,707b6ccf-c9d9-4c1d-97f4-516b572b2f9d,1697664049449322222
6a69421f-e399-4db8-897a-d8ef21b5e0a7,707b6ccf-c9d9-4c1d-97f4-516b572b2f9d,1697664049479200000
6a69421f-e399-4db8-897a-d8ef21b5e0a7,707b6ccf-c9d9-4c1d-97f4-516b572b2f9d,1697664049515766666
6a69421f-e399-4db8-897a-d8ef21b5e0a7,707b6ccf-c9d9-4c1d-97f4-516b572b2f9d,1697664049548955555
6a69421f-e399-4db8-897a-d8ef21b5e0a7,707b6ccf-c9d9-4c1d-97f4-516b572b2f9d,1697664049575377777
6a69421f-e399-4db8-897a-d8ef21b5e0a7,707b6ccf-c9d9-4c1d-97f4-516b572b2f9d,1697664049611422222
6a69421f-e399-4db8-897a-d8ef21b5e0a7,707b6ccf-c9d9-4c1d-97f4-516b572b2f9d,1697664049645033333
6a69421f-e399-4db8-897a-d8ef21b5e0a7,707b6ccf-c9d9-4c1d-97f4-516b572b2f9d,1697664049675611111
6a69421f-e399-4db8-897a-d8ef21b5e0a7,707b6ccf-c9d9-4c1d-97f4-516b572b2f9d,1697664049707400000
6a69421f-e399-4db8-897a-d8ef21b5e0a7,707b6ccf-c9d9-4c1d-97f4-516b572b2f9d,1697664049747266666
6a69421f-e399-4db8-897a-d8ef21b5e0a7,707b6ccf-c9d9-4c1d-97f4-516b572b2f9d,1697664049784200000
6a69421f-e399-4db8-897a-d8ef21b5e0a7,707b6ccf-c9d9-4c1d-97f4-516b572b2f9d,1697664049809744444
6a69421f-e399-4db8-897a-d8ef21b5e0a7,707b6ccf-c9d9-4c1d-97f4-516b572b2f9d,1697664049846566666
6a69421f-e399-4db8-897a-d8ef21b5e0a7,707b6ccf-c9d9-4c1d-97f4-516b572b2f9d,1697664049881122222
6a69421f-e399-4db8-897a-d8ef21b5e0a7,707b6ccf-c9d9-4c1d-97f4-516b572b2f9d,1697664049914822222
6a69421f-e399-4db8-897a-d8ef21b5e0a7,707b6ccf-c9d9-4c1d-97f4-516b572b2f9d,1697664049949988888
6a69421f-e399-4db8-897a-d8ef21b5e0a7,707b6ccf-c9d9-4c1d-97f4-516b572b2f9d,1697664049978766666
6a69421f-e399-4db8-897a-d8ef21b5e0a7,707b6ccf-c9d9-4c1d-97f4-516b572b2f9d,1697664050018377777
6a69421f-e399-4db8-897a-d8ef21b5e0a7,707b6ccf-c9d9-4c1d-97f4-516b572b2f9d,1697664050048266666
6a69421f-e399-4db8-897a-d8ef21b5e0a7,707b6ccf-c9d9-4c1d-97f4-516b572b2f9d,1697664050079222222
6a69421f-e399-4db8-897a-d8ef21b5e0a7,707b6ccf-c9d9-4c1d-97f4-516b572b2f9d,1697664050114322222
6a69421f-e399-4db8-897a-d8ef21b5e0a7,707b6ccf-c9d9-4c1d-97f4-516b572b2f9d,1697664050145611111
6a69421f-e399-4db8-897a-d8ef21b5e0a7,707b6ccf-c9d9-4c1d-97f4-516b572b2f9d,1697664050178200000
6a69421f-e399-4db8-897a-d8ef21b5e0a7,707b6ccf-c9d9-4c1d-97f4-516b572b2f9d,1697664050214800000
6a69421f-e399-4db8-897a-d8ef21b5e0a7,707b6ccf-c9d9-4c1d-97f4-516b572b2f9d,1697664050237688888
6a69421f-e399-4db8-897a-d8ef21b5e0a7,707b6ccf-c9d9-4c1d-97f4-516b572b2f9d,1697664050278011111
6a69421f-e399-4db8-897a-d8ef21b5e0a7,707b6ccf-c9d9-4c1d-97f4-516b572b2f9d,1697664050300677777
6a69421f-e399-4db8-897a-d8ef21b5e0a7,707b6ccf-c9d9-4c1d-97f4-516b572b2f9d,1697664050356066666
6a69421f-e399-4db8-897a-d8ef21b5e0a7,707b6ccf-c9d9-4c1d-97f4-516b572b2f9d,1697664050375466666
6a69421f-e399-4db8-897a-d8ef21b5e0a7,707b6ccf-c9d9-4c1d-97f4-516b572b2f9d,1697664050400877777
6a69421f-e399-4db8-897a-d8ef21b5e0a7,707b6ccf-c9d9-4c1d-97f4-516b572b2f9d,1697664050447800000
6a69421f-e399-4db8-897a-d8ef21b5e0a7,707b6ccf-c9d9-4c1d-97f4-516b572b2f9d,1697664050479222222
6a69421f-e399-4db8-897a-d8ef21b5e0a7,707b6ccf-c9d9-4c1d-97f4-516b572b2f9d,1697664050509133333
6a69421f-e399-4db8-897a-d8ef21b5e0a7,707b6ccf-c9d9-4c1d-97f4-516b572b2f9d,1697664050549133333
6a69421f-e399-4db8-897a-d8ef21b5e0a7,707b6ccf-c9d9-4c1d-97f4-516b572b2f9d,1697664050579811111
6a69421f-e399-4db8-897a-d8ef21b5e0a7,707b6ccf-c9d9-4c1d-97f4-516b572b2f9d,1697664050611455555
6a69421f-e399-4db8-897a-d8ef21b5e0a7,707b6ccf-c9d9-4c1d-97f4-516b572b2f9d,1697664050645877777
6a69421f-e399-4db8-897a-d8ef21b5e0a7,707b6ccf-c9d9-4c1d-97f4-516b572b2f9d,1697664050677044444
6a69421f-e399-4db8-897a-d8ef21b5e0a7,707b6ccf-c9d9-4c1d-97f4-516b572b2f9d,1697664050711222222
6a69421f-e399-4db8-897a-d8ef21b5e0a7,707b6ccf-c9d9-4c1d-97f4-516b572b2f9d,1697664050751333333
6a69421f-e399-4db8-897a-d8ef21b5e0a7,707b6ccf-c9d9-4c1d-97f4-516b572b2f9d,1697664050778533333
6a69421f-e399-4db8-897a-d8ef21b5e0a7,707b6ccf-c9d9-4c1d-97f4-516b572b2f9d,1697664050809188888
6a69421f-e399-4db8-897a-d8ef21b5e0a7,707b6ccf-c9d9-4c1d-97f4-516b572b2f9d,1697664050849333333
6a69421f-e399-4db8-897a-d8ef21b5e0a7,707b6ccf-c9d9-4c1d-97f4-516b572b2f9d,1697664050886766666
6a69421f-e399-4db8-897a-d8ef21b5e0a7,707b6ccf-c9d9-4c1d-97f4-516b572b2f9d,1697664050905566666
6a69421f-e399-4db8-897a-d8ef21b5e0a7,707b6ccf-c9d9-4c1d-97f4-516b572b2f9d,1697664050943777777
6a69421f-e399-4db8-897a-d8ef21b5e0a7,707b6ccf-c9d9-4c1d-97f4-516b572b2f9d,1697664050977922222
6a69421f-e399-4db8-897a-d8ef21b5e0a7,707b6ccf-c9d9-4c1d-97f4-516b572b2f9d,1697664051010700000
6a69421f-e399-4db8-897a-d8ef21b5e0a7,707b6ccf-c9d9-4c1d-97f4-516b572b2f9d,1697664051040077777
6a69421f-e399-4db8-897a-d8ef21b5e0a7,707b6ccf-c9d9-4c1d-97f4-516b572b2f9d,1697664051079344444
6a69421f-e399-4db8-897a-d8ef21b5e0a7,707b6ccf-c9d9-4c1d-97f4-516b572b2f9d,1697664051113733333
6a69421f-e399-4db8-897a-d8ef21b5e0a7,707b6ccf-c9d9-4c1d-97f4-516b572b2f9d,1697664051149044444
6a69421f-e399-4db8-897a-d8ef21b5e0a7,707b6ccf-c9d9-4c1d-97f4-516b572b2f9d,1697664051178777777
6a69421f-e399-4db8-897a-d8ef21b5e0a7,707b6ccf-c9d9-4c1d-97f4-516b572b2f9d,1697664051210011111
6a69421f-e399-4db8-897a-d8ef21b5e0a7,707b6ccf-c9d9-4c1d-97f4-516b572b2f9d,1697664051248077777
6a69421f-e399-4db8-897a-d8ef21b5e0a7,707b6ccf-c9d9-4c1d-97f4-516b572b2f9d,1697664051278388888
6a69421f-e399-4db8-897a-d8ef21b5e0a7,707b6ccf-c9d9-4c1d-97f4-516b572b2f9d,1697664051311488888
6a69421f-e399-4db8-897a-d8ef21b5e0a7,707b6ccf-c9d9-4c1d-97f4-516b572b2f9d,1697664051344388888
6a69421f-e399-4db8-897a-d8ef21b5e0a7,707b6ccf-c9d9-4c1d-97f4-516b572b2f9d,1697664051379977777
6a69421f-e399-4db8-897a-d8ef21b5e0a7,707b6ccf-c9d9-4c1d-97f4-516b572b2f9d,1697664051408800000
6a69421f-e399-4db8-897a-d8ef21b5e0a7,707b6ccf-c9d9-4c1d-97f4-516b572b2f9d,1697664051446211111
6a69421f-e399-4db8-897a-d8ef21b5e0a7,707b6ccf-c9d9-4c1d-97f4-516b572b2f9d,1697664051481144444
6a69421f-e399-4db8-897a-d8ef21b5e0a7,707b6ccf-c9d9-4c1d-97f4-516b572b2f9d,1697664051502877777
6a69421f-e399-4db8-897a-d8ef21b5e0a7,707b6ccf-c9d9-4c1d-97f4-516b572b2f9d,1697664051550788888
6a69421f-e399-4db8-897a-d8ef21b5e0a7,707b6ccf-c9d9-4c1d-97f4-516b572b2f9d,1697664051573444444
6a69421f-e399-4db8-897a-d8ef21b5e0a7,707b6ccf-c9d9-4c1d-97f4-516b572b2f9d,1697664051601055555
6a69421f-e399-4db8-897a-d8ef21b5e0a7,707b6ccf-c9d9-4c1d-97f4-516b572b2f9d,1697664051642500000
6a69421f-e399-4db8-897a-d8ef21b5e0a7,707b6ccf-c9d9-4c1d-97f4-516b572b2f9d,1697664051673344444
6a69421f-e399-4db8-897a-d8ef21b5e0a7,707b6ccf-c9d9-4c1d-97f4-516b572b2f9d,1697664051702255555
6a69421f-e399-4db8-897a-d8ef21b5e0a7,707b6ccf-c9d9-4c1d-97f4-516b572b2f9d,1697664051747566666
6a69421f-e399-4db8-897a-d8ef21b5e0a7,707b6ccf-c9d9-4c1d-97f4-516b572b2f9d,1697664051779544444
6a69421f-e399-4db8-897a-d8ef21b5e0a7,707b6ccf-c9d9-4c1d-97f4-516b572b2f9d,1697664051810155555
6a69421f-e399-4db8-897a-d8ef21b5e0a7,707b6ccf-c9d9-4c1d-97f4-516b572b2f9d,1697664051848077777
6a69421f-e399-4db8-897a-d8ef21b5e0a7,707b6ccf-c9d9-4c1d-97f4-516b572b2f9d,1697664051878155555
6a69421f-e399-4db8-897a-d8ef21b5e0a7,707b6ccf-c9d9-4c1d-97f4-516b572b2f9d,1697664051910933333
6a69421f-e399-4db8-897a-d8ef21b5e0a7,707b6ccf-c9d9-4c1d-97f4-516b572b2f9d,1697664051947655555
6a69421f-e399-4db8-897a-d8ef21b5e0a7,707b6ccf-c9d9-4c1d-97f4-516b572b2f9d,1697664051977533333
6a69421f-e399-4db8-897a-d8ef21b5e0a7,707b6ccf-c9d9-4c1d-97f4-516b572b2f9d,1697664052009944444
6a69421f-e399-4db8-897a-d8ef21b5e0a7,707b6ccf-c9d9-4c1d-97f4-516b572b2f9d,1697664052045155555
6a69421f-e399-4db8-897a-d8ef21b5e0a7,707b6ccf-c9d9-4c1d-97f4-516b572b2f9d,1697664052079777777
6a69421f-e399-4db8-897a-d8ef21b5e0a7,707b6ccf-c9d9-4c1d-97f4-516b572b2f9d,1697664052110500000
6a69421f-e399-4db8-897a-d8ef21b5e0a7,707b6ccf-c9d9-4c1d-97f4-516b572b2f9d,1697664052146200000
6a69421f-e399-4db8-897a-d8ef21b5e0a7,707b6ccf-c9d9-4c1d-97f4-516b572b2f9d,1697664052177855555
6a69421f-e399-4db8-897a-d8ef21b5e0a7,707b6ccf-c9d9-4c1d-97f4-516b572b2f9d,1697664052209066666
6a69421f-e399-4db8-897a-d8ef21b5e0a7,707b6ccf-c9d9-4c1d-97f4-516b572b2f9d,1697664052237166666
6a69421f-e399-4db8-897a-d8ef21b5e0a7,707b6ccf-c9d9-4c1d-97f4-516b572b2f9d,1697664052272055555
6a69421f-e399-4db8-897a-d8ef21b5e0a7,707b6ccf-c9d9-4c1d-97f4-516b572b2f9d,1697664052316511111
6a69421f-e399-4db8-897a-d8ef21b5e0a7,707b6ccf-c9d9-4c1d-97f4-516b572b2f9d,1697664052355455555
6a69421f-e399-4db8-897a-d8ef21b5e0a7,707b6ccf-c9d9-4c1d-97f4-516b572b2f9d,1697664052370811111
6a69421f-e399-4db8-897a-d8ef21b5e0a7,707b6ccf-c9d9-4c1d-97f4-516b572b2f9d,1697664052409655555
6a69421f-e399-4db8-897a-d8ef21b5e0a7,707b6ccf-c9d9-4c1d-97f4-516b572b2f9d,1697664052445688888
6a69421f-e399-4db8-897a-d8ef21b5e0a7,707b6ccf-c9d9-4c1d-97f4-516b572b2f9d,1697664052478944444
6a69421f-e399-4db8-897a-d8ef21b5e0a7,707b6ccf-c9d9-4c1d-97f4-516b572b2f9d,1697664052510900000
6a69421f-e399-4db8-897a-d8ef21b5e0a7,707b6ccf-c9d9-4c1d-97f4-516b572b2f9d,1697664052550711111
6a69421f-e399-4db8-897a-d8ef21b5e0a7,707b6ccf-c9d9-4c1d-97f4-516b572b2f9d,1697664052578677777
6a69421f-e399-4db8-897a-d8ef21b5e0a7,707b6ccf-c9d9-4c1d-97f4-516b572b2f9d,1697664052610033333
6a69421f-e399-4db8-897a-d8ef21b5e0a7,707b6ccf-c9d9-4c1d-97f4-516b572b2f9d,1697664052651033333
6a69421f-e399-4db8-897a-d8ef21b5e0a7,707b6ccf-c9d9-4c1d-97f4-516b572b2f9d,1697664052678000000
6a69421f-e399-4db8-897a-d8ef21b5e0a7,707b6ccf-c9d9-4c1d-97f4-516b572b2f9d,1697664052709588888
6a69421f-e399-4db8-897a-d8ef21b5e0a7,707b6ccf-c9d9-4c1d-97f4-516b572b2f9d,1697664052745011111
6a69421f-e399-4db8-897a-d8ef21b5e0a7,707b6ccf-c9d9-4c1d-97f4-516b572b2f9d,1697664052778288888
6a69421f-e399-4db8-897a-d8ef21b5e0a7,707b6ccf-c9d9-4c1d-97f4-516b572b2f9d,1697664052810111111
6a69421f-e399-4db8-897a-d8ef21b5e0a7,707b6ccf-c9d9-4c1d-97f4-516b572b2f9d,1697664052846777777
6a69421f-e399-4db8-897a-d8ef21b5e0a7,707b6ccf-c9d9-4c1d-97f4-516b572b2f9d,1697664052889811111
6a69421f-e399-4db8-897a-d8ef21b5e0a7,707b6ccf-c9d9-4c1d-97f4-516b572b2f9d,1697664052904944444
6a69421f-e399-4db8-897a-d8ef21b5e0a7,707b6ccf-c9d9-4c1d-97f4-516b572b2f9d,1697664052938744444
6a69421f-e399-4db8-897a-d8ef21b5e0a7,707b6ccf-c9d9-4c1d-97f4-516b572b2f9d,1697664052974788888
6a69421f-e399-4db8-897a-d8ef21b5e0a7,707b6ccf-c9d9-4c1d-97f4-516b572b2f9d,1697664053003544444
6a69421f-e399-4db8-897a-d8ef21b5e0a7,707b6ccf-c9d9-4c1d-97f4-516b572b2f9d,1697664053051100000
6a69421f-e399-4db8-897a-d8ef21b5e0a7,707b6ccf-c9d9-4c1d-97f4-516b572b2f9d,1697664053077488888
6a69421f-e399-4db8-897a-d8ef21b5e0a7,707b6ccf-c9d9-4c1d-97f4-516b572b2f9d,1697664053111955555
6a69421f-e399-4db8-897a-d8ef21b5e0a7,707b6ccf-c9d9-4c1d-97f4-516b572b2f9d,1697664053146811111
6a69421f-e399-4db8-897a-d8ef21b5e0a7,707b6ccf-c9d9-4c1d-97f4-516b572b2f9d,1697664053179633333
6a69421f-e399-4db8-897a-d8ef21b5e0a7,707b6ccf-c9d9-4c1d-97f4-516b572b2f9d,1697664053210211111
6a69421f-e399-4db8-897a-d8ef21b5e0a7,707b6ccf-c9d9-4c1d-97f4-516b572b2f9d,1697664053248933333
6a69421f-e399-4db8-897a-d8ef21b5e0a7,707b6ccf-c9d9-4c1d-97f4-516b572b2f9d,1697664053278444444
6a69421f-e399-4db8-897a-d8ef21b5e0a7,707b6ccf-c9d9-4c1d-97f4-516b572b2f9d,1697664053309733333
6a69421f-e399-4db8-897a-d8ef21b5e0a7,707b6ccf-c9d9-4c1d-97f4-516b572b2f9d,1697664053347200000
6a69421f-e399-4db8-897a-d8ef21b5e0a7,707b6ccf-c9d9-4c1d-97f4-516b572b2f9d,1697664053378600000
6a69421f-e399-4db8-897a-d8ef21b5e0a7,707b6ccf-c9d9-4c1d-97f4-516b572b2f9d,1697664053408811111
6a69421f-e399-4db8-897a-d8ef21b5e0a7,707b6ccf-c9d9-4c1d-97f4-516b572b2f9d,1697664053446555555
6a69421f-e399-4db8-897a-d8ef21b5e0a7,707b6ccf-c9d9-4c1d-97f4-516b572b2f9d,1697664053478133333
6a69421f-e399-4db8-897a-d8ef21b5e0a7,707b6ccf-c9d9-4c1d-97f4-516b572b2f9d,1697664053510100000
6a69421f-e399-4db8-897a-d8ef21b5e0a7,707b6ccf-c9d9-4c1d-97f4-516b572b2f9d,1697664053542777777
6a69421f-e399-4db8-897a-d8ef21b5e0a7,707b6ccf-c9d9-4c1d-97f4-516b572b2f9d,1697664053574755555
6a69421f-e399-4db8-897a-d8ef21b5e0a7,707b6ccf-c9d9-4c1d-97f4-516b572b2f9d,1697664053621300000
6a69421f-e399-4db8-897a-d8ef21b5e0a7,707b6ccf-c9d9-4c1d-97f4-516b572b2f9d,1697664053645366666
6a69421f-e399-4db8-897a-d8ef21b5e0a7,707b6ccf-c9d9-4c1d-97f4-516b572b2f9d,1697664053673166666
6a69421f-e399-4db8-897a-d8ef21b5e0a7,707b6ccf-c9d9-4c1d-97f4-516b572b2f9d,1697664053702311111
6a69421f-e399-4db8-897a-d8ef21b5e0a7,707b6ccf-c9d9-4c1d-97f4-516b572b2f9d,1697664053742644444
6a69421f-e399-4db8-897a-d8ef21b5e0a7,707b6ccf-c9d9-4c1d-97f4-516b572b2f9d,1697664053777833333
6a69421f-e399-4db8-897a-d8ef21b5e0a7,707b6ccf-c9d9-4c1d-97f4-516b572b2f9d,1697664053810766666
6a69421f-e399-4db8-897a-d8ef21b5e0a7,707b6ccf-c9d9-4c1d-97f4-516b572b2f9d,1697664053842711111
6a69421f-e399-4db8-897a-d8ef21b5e0a7,707b6ccf-c9d9-4c1d-97f4-516b572b2f9d,1697664053877822222
6a69421f-e399-4db8-897a-d8ef21b5e0a7,707b6ccf-c9d9-4c1d-97f4-516b572b2f9d,1697664053910577777
6a69421f-e399-4db8-897a-d8ef21b5e0a7,707b6ccf-c9d9-4c1d-97f4-516b572b2f9d,1697664053945477777
6a69421f-e399-4db8-897a-d8ef21b5e0a7,707b6ccf-c9d9-4c1d-97f4-516b572b2f9d,1697664053982933333
6a69421f-e399-4db8-897a-d8ef21b5e0a7,707b6ccf-c9d9-4c1d-97f4-516b572b2f9d,1697664054009777777
6a69421f-e399-4db8-897a-d8ef21b5e0a7,707b6ccf-c9d9-4c1d-97f4-516b572b2f9d,1697664054049688888
6a69421f-e399-4db8-897a-d8ef21b5e0a7,707b6ccf-c9d9-4c1d-97f4-516b572b2f9d,1697664054079411111
6a69421f-e399-4db8-897a-d8ef21b5e0a7,707b6ccf-c9d9-4c1d-97f4-516b572b2f9d,1697664054112955555
6a69421f-e399-4db8-897a-d8ef21b5e0a7,707b6ccf-c9d9-4c1d-97f4-516b572b2f9d,1697664054144077777
6a69421f-e399-4db8-897a-d8ef21b5e0a7,707b6ccf-c9d9-4c1d-97f4-516b572b2f9d,1697664054180033333
6a69421f-e399-4db8-897a-d8ef21b5e0a7,707b6ccf-c9d9-4c1d-97f4-516b572b2f9d,1697664054211377777
6a69421f-e399-4db8-897a-d8ef21b5e0a7,707b6ccf-c9d9-4c1d-97f4-516b572b2f9d,1697664054235611111
6a69421f-e399-4db8-897a-d8ef21b5e0a7,707b6ccf-c9d9-4c1d-97f4-516b572b2f9d,1697664054280388888
6a69421f-e399-4db8-897a-d8ef21b5e0a7,707b6ccf-c9d9-4c1d-97f4-516b572b2f9d,1697664054306700000
6a69421f-e399-4db8-897a-d8ef21b5e0a7,707b6ccf-c9d9-4c1d-97f4-516b572b2f9d,1697664054334744444
6a69421f-e399-4db8-897a-d8ef21b5e0a7,707b6ccf-c9d9-4c1d-97f4-516b572b2f9d,1697664054369866666
6a69421f-e399-4db8-897a-d8ef21b5e0a7,707b6ccf-c9d9-4c1d-97f4-516b572b2f9d,1697664054409755555
6a69421f-e399-4db8-897a-d8ef21b5e0a7,707b6ccf-c9d9-4c1d-97f4-516b572b2f9d,1697664054442900000
6a69421f-e399-4db8-897a-d8ef21b5e0a7,707b6ccf-c9d9-4c1d-97f4-516b572b2f9d,1697664054480733333
6a69421f-e399-4db8-897a-d8ef21b5e0a7,707b6ccf-c9d9-4c1d-97f4-516b572b2f9d,1697664054511355555
6a69421f-e399-4db8-897a-d8ef21b5e0a7,707b6ccf-c9d9-4c1d-97f4-516b572b2f9d,1697664054544066666
6a69421f-e399-4db8-897a-d8ef21b5e0a7,707b6ccf-c9d9-4c1d-97f4-516b572b2f9d,1697664054581100000
6a69421f-e399-4db8-897a-d8ef21b5e0a7,707b6ccf-c9d9-4c1d-97f4-516b572b2f9d,1697664054603166666
6a69421f-e399-4db8-897a-d8ef21b5e0a7,707b6ccf-c9d9-4c1d-97f4-516b572b2f9d,1697664054642400000
6a69421f-e399-4db8-897a-d8ef21b5e0a7,707b6ccf-c9d9-4c1d-97f4-516b572b2f9d,1697664054678766666
6a69421f-e399-4db8-897a-d8ef21b5e0a7,707b6ccf-c9d9-4c1d-97f4-516b572b2f9d,1697664054710022222
6a69421f-e399-4db8-897a-d8ef21b5e0a7,707b6ccf-c9d9-4c1d-97f4-516b572b2f9d,1697664054743066666
6a69421f-e399-4db8-897a-d8ef21b5e0a7,707b6ccf-c9d9-4c1d-97f4-516b572b2f9d,1697664054781666666
6a69421f-e399-4db8-897a-d8ef21b5e0a7,707b6ccf-c9d9-4c1d-97f4-516b572b2f9d,1697664054814444444
6a69421f-e399-4db8-897a-d8ef21b5e0a7,707b6ccf-c9d9-4c1d-97f4-516b572b2f9d,1697664054843177777
6a69421f-e399-4db8-897a-d8ef21b5e0a7,707b6ccf-c9d9-4c1d-97f4-516b572b2f9d,1697664054890022222
6a69421f-e399-4db8-897a-d8ef21b5e0a7,707b6ccf-c9d9-4c1d-97f4-516b572b2f9d,1697664054903200000
6a69421f-e399-4db8-897a-d8ef21b5e0a7,707b6ccf-c9d9-4c1d-97f4-516b572b2f9d,1697664054933544444
6a69421f-e399-4db8-897a-d8ef21b5e0a7,707b6ccf-c9d9-4c1d-97f4-516b572b2f9d,1697664054970055555
6a69421f-e399-4db8-897a-d8ef21b5e0a7,707b6ccf-c9d9-4c1d-97f4-516b572b2f9d,1697664055006677777
6a69421f-e399-4db8-897a-d8ef21b5e0a7,707b6ccf-c9d9-4c1d-97f4-516b572b2f9d,1697664055033322222
6a69421f-e399-4db8-897a-d8ef21b5e0a7,707b6ccf-c9d9-4c1d-97f4-516b572b2f9d,1697664055082711111
6a69421f-e399-4db8-897a-d8ef21b5e0a7,707b6ccf-c9d9-4c1d-97f4-516b572b2f9d,1697664055110733333
6a69421f-e399-4db8-897a-d8ef21b5e0a7,707b6ccf-c9d9-4c1d-97f4-516b572b2f9d,1697664055142222222
6a69421f-e399-4db8-897a-d8ef21b5e0a7,707b6ccf-c9d9-4c1d-97f4-516b572b2f9d,1697664055178777777
6a69421f-e399-4db8-897a-d8ef21b5e0a7,707b6ccf-c9d9-4c1d-97f4-516b572b2f9d,1697664055210066666
6a69421f-e399-4db8-897a-d8ef21b5e0a7,707b6ccf-c9d9-4c1d-97f4-516b572b2f9d,1697664055262722222
6a69421f-e399-4db8-897a-d8ef21b5e0a7,707b6ccf-c9d9-4c1d-97f4-516b572b2f9d,1697664055278922222
6a69421f-e399-4db8-897a-d8ef21b5e0a7,707b6ccf-c9d9-4c1d-97f4-516b572b2f9d,1697664055313722222
6a69421f-e399-4db8-897a-d8ef21b5e0a7,707b6ccf-c9d9-4c1d-97f4-516b572b2f9d,1697664055345900000
6a69421f-e399-4db8-897a-d8ef21b5e0a7,707b6ccf-c9d9-4c1d-97f4-516b572b2f9d,1697664055379744444
6a69421f-e399-4db8-897a-d8ef21b5e0a7,707b6ccf-c9d9-4c1d-97f4-516b572b2f9d,1697664055404433333
6a69421f-e399-4db8-897a-d8ef21b5e0a7,707b6ccf-c9d9-4c1d-97f4-516b572b2f9d,1697664055446844444
6a69421f-e399-4db8-897a-d8ef21b5e0a7,707b6ccf-c9d9-4c1d-97f4-516b572b2f9d,1697664055478833333
6a69421f-e399-4db8-897a-d8ef21b5e0a7,707b6ccf-c9d9-4c1d-97f4-516b572b2f9d,1697664055511766666
6a69421f-e399-4db8-897a-d8ef21b5e0a7,707b6ccf-c9d9-4c1d-97f4-516b572b2f9d,1697664055549188888
6a69421f-e399-4db8-897a-d8ef21b5e0a7,707b6ccf-c9d9-4c1d-97f4-516b572b2f9d,1697664055571144444
6a69421f-e399-4db8-897a-d8ef21b5e0a7,707b6ccf-c9d9-4c1d-97f4-516b572b2f9d,1697664055607566666
6a69421f-e399-4db8-897a-d8ef21b5e0a7,707b6ccf-c9d9-4c1d-97f4-516b572b2f9d,1697664055640922222
6a69421f-e399-4db8-897a-d8ef21b5e0a7,707b6ccf-c9d9-4c1d-97f4-516b572b2f9d,1697664055690766666
6a69421f-e399-4db8-897a-d8ef21b5e0a7,707b6ccf-c9d9-4c1d-97f4-516b572b2f9d,1697664055701711111
6a69421f-e399-4db8-897a-d8ef21b5e0a7,707b6ccf-c9d9-4c1d-97f4-516b572b2f9d,1697664055742966666
6a69421f-e399-4db8-897a-d8ef21b5e0a7,707b6ccf-c9d9-4c1d-97f4-516b572b2f9d,1697664055778922222
6a69421f-e399-4db8-897a-d8ef21b5e0a7,707b6ccf-c9d9-4c1d-97f4-516b572b2f9d,1697664055813977777
6a69421f-e399-4db8-897a-d8ef21b5e0a7,707b6ccf-c9d9-4c1d-97f4-516b572b2f9d,1697664055843266666
6a69421f-e399-4db8-897a-d8ef21b5e0a7,707b6ccf-c9d9-4c1d-97f4-516b572b2f9d,1697664055881900000
6a69421f-e399-4db8-897a-d8ef21b5e0a7,707b6ccf-c9d9-4c1d-97f4-516b572b2f9d,1697664055911077777
6a69421f-e399-4db8-897a-d8ef21b5e0a7,707b6ccf-c9d9-4c1d-97f4-516b572b2f9d,1697664055942311111
6a69421f-e399-4db8-897a-d8ef21b5e0a7,707b6ccf-c9d9-4c1d-97f4-516b572b2f9d,1697664055981088888
6a69421f-e399-4db8-897a-d8ef21b5e0a7,707b6ccf-c9d9-4c1d-97f4-516b572b2f9d,1697664056012811111
6a69421f-e399-4db8-897a-d8ef21b5e0a7,707b6ccf-c9d9-4c1d-97f4-516b572b2f9d,1697664056042422222
6a69421f-e399-4db8-897a-d8ef21b5e0a7,707b6ccf-c9d9-4c1d-97f4-516b572b2f9d,1697664056078822222
6a69421f-e399-4db8-897a-d8ef21b5e0a7,707b6ccf-c9d9-4c1d-97f4-516b572b2f9d,1697664056112855555
6a69421f-e399-4db8-897a-d8ef21b5e0a7,707b6ccf-c9d9-4c1d-97f4-516b572b2f9d,1697664056145522222
6a69421f-e399-4db8-897a-d8ef21b5e0a7,707b6ccf-c9d9-4c1d-97f4-516b572b2f9d,1697664056178788888
6a69421f-e399-4db8-897a-d8ef21b5e0a7,707b6ccf-c9d9-4c1d-97f4-516b572b2f9d,1697664056213755555
6a69421f-e399-4db8-897a-d8ef21b5e0a7,707b6ccf-c9d9-4c1d-97f4-516b572b2f9d,1697664056243266666
6a69421f-e399-4db8-897a-d8ef21b5e0a7,707b6ccf-c9d9-4c1d-97f4-516b572b2f9d,1697664056273333333
6a69421f-e399-4db8-897a-d8ef21b5e0a7,707b6ccf-c9d9-4c1d-97f4-516b572b2f9d,1697664056314266666
6a69421f-e399-4db8-897a-d8ef21b5e0a7,707b6ccf-c9d9-4c1d-97f4-516b572b2f9d,1697664056334088888
6a69421f-e399-4db8-897a-d8ef21b5e0a7,707b6ccf-c9d9-4c1d-97f4-516b572b2f9d,1697664056378477777
6a69421f-e399-4db8-897a-d8ef21b5e0a7,707b6ccf-c9d9-4c1d-97f4-516b572b2f9d,1697664056410766666
6a69421f-e399-4db8-897a-d8ef21b5e0a7,707b6ccf-c9d9-4c1d-97f4-516b572b2f9d,1697664056442722222
6a69421f-e399-4db8-897a-d8ef21b5e0a7,707b6ccf-c9d9-4c1d-97f4-516b572b2f9d,1697664056479577777
6a69421f-e399-4db8-897a-d8ef21b5e0a7,707b6ccf-c9d9-4c1d-97f4-516b572b2f9d,1697664056507666666
6a69421f-e399-4db8-897a-d8ef21b5e0a7,707b6ccf-c9d9-4c1d-97f4-516b572b2f9d,1697664056550266666
6a69421f-e399-4db8-897a-d8ef21b5e0a7,707b6ccf-c9d9-4c1d-97f4-516b572b2f9d,1697664056579977777
6a69421f-e399-4db8-897a-d8ef21b5e0a7,707b6ccf-c9d9-4c1d-97f4-516b572b2f9d,1697664056609566666
6a69421f-e399-4db8-897a-d8ef21b5e0a7,707b6ccf-c9d9-4c1d-97f4-516b572b2f9d,1697664056641577777
6a69421f-e399-4db8-897a-d8ef21b5e0a7,707b6ccf-c9d9-4c1d-97f4-516b572b2f9d,1697664056677477777
6a69421f-e399-4db8-897a-d8ef21b5e0a7,707b6ccf-c9d9-4c1d-97f4-516b572b2f9d,1697664056710166666
6a69421f-e399-4db8-897a-d8ef21b5e0a7,707b6ccf-c9d9-4c1d-97f4-516b572b2f9d,1697664056743500000
6a69421f-e399-4db8-897a-d8ef21b5e0a7,707b6ccf-c9d9-4c1d-97f4-516b572b2f9d,1697664056774300000
6a69421f-e399-4db8-897a-d8ef21b5e0a7,707b6ccf-c9d9-4c1d-97f4-516b572b2f9d,1697664056810766666
6a69421f-e399-4db8-897a-d8ef21b5e0a7,707b6ccf-c9d9-4c1d-97f4-516b572b2f9d,1697664056843022222
6a69421f-e399-4db8-897a-d8ef21b5e0a7,707b6ccf-c9d9-4c1d-97f4-516b572b2f9d,1697664056873844444
6a69421f-e399-4db8-897a-d8ef21b5e0a7,707b6ccf-c9d9-4c1d-97f4-516b572b2f9d,1697664056918888888
6a69421f-e399-4db8-897a-d8ef21b5e0a7,707b6ccf-c9d9-4c1d-97f4-516b572b2f9d,1697664056941688888
6a69421f-e399-4db8-897a-d8ef21b5e0a7,707b6ccf-c9d9-4c1d-97f4-516b572b2f9d,1697664056971466666
6a69421f-e399-4db8-897a-d8ef21b5e0a7,707b6ccf-c9d9-4c1d-97f4-516b572b2f9d,1697664057003288888
6a69421f-e399-4db8-897a-d8ef21b5e0a7,707b6ccf-c9d9-4c1d-97f4-516b572b2f9d,1697664057041844444
6a69421f-e399-4db8-897a-d8ef21b5e0a7,707b6ccf-c9d9-4c1d-97f4-516b572b2f9d,1697664057073922222
6a69421f-e399-4db8-897a-d8ef21b5e0a7,707b6ccf-c9d9-4c1d-97f4-516b572b2f9d,1697664057112366666
6a69421f-e399-4db8-897a-d8ef21b5e0a7,707b6ccf-c9d9-4c1d-97f4-516b572b2f9d,1697664057143622222
6a69421f-e399-4db8-897a-d8ef21b5e0a7,707b6ccf-c9d9-4c1d-97f4-516b572b2f9d,1697664057177933333
6a69421f-e399-4db8-897a-d8ef21b5e0a7,707b6ccf-c9d9-4c1d-97f4-516b572b2f9d,1697664057212566666
6a69421f-e399-4db8-897a-d8ef21b5e0a7,707b6ccf-c9d9-4c1d-97f4-516b572b2f9d,1697664057242000000
6a69421f-e399-4db8-897a-d8ef21b5e0a7,707b6ccf-c9d9-4c1d-97f4-516b572b2f9d,1697664057274022222
6a69421f-e399-4db8-897a-d8ef21b5e0a7,707b6ccf-c9d9-4c1d-97f4-516b572b2f9d,1697664057312444444
6a69421f-e399-4db8-897a-d8ef21b5e0a7,707b6ccf-c9d9-4c1d-97f4-516b572b2f9d,1697664057346555555
6a69421f-e399-4db8-897a-d8ef21b5e0a7,707b6ccf-c9d9-4c1d-97f4-516b572b2f9d,1697664057374888888
6a69421f-e399-4db8-897a-d8ef21b5e0a7,707b6ccf-c9d9-4c1d-97f4-516b572b2f9d,1697664057409988888
6a69421f-e399-4db8-897a-d8ef21b5e0a7,707b6ccf-c9d9-4c1d-97f4-516b572b2f9d,1697664057441877777
6a69421f-e399-4db8-897a-d8ef21b5e0a7,707b6ccf-c9d9-4c1d-97f4-516b572b2f9d,1697664057474855555
6a69421f-e399-4db8-897a-d8ef21b5e0a7,707b6ccf-c9d9-4c1d-97f4-516b572b2f9d,1697664057511711111
6a69421f-e399-4db8-897a-d8ef21b5e0a7,707b6ccf-c9d9-4c1d-97f4-516b572b2f9d,1697664057549888888
6a69421f-e399-4db8-897a-d8ef21b5e0a7,707b6ccf-c9d9-4c1d-97f4-516b572b2f9d,1697664057571455555
6a69421f-e399-4db8-897a-d8ef21b5e0a7,707b6ccf-c9d9-4c1d-97f4-516b572b2f9d,1697664057602977777
6a69421f-e399-4db8-897a-d8ef21b5e0a7,707b6ccf-c9d9-4c1d-97f4-516b572b2f9d,1697664057650277777
6a69421f-e399-4db8-897a-d8ef21b5e0a7,707b6ccf-c9d9-4c1d-97f4-516b572b2f9d,1697664057665555555
6a69421f-e399-4db8-897a-d8ef21b5e0a7,707b6ccf-c9d9-4c1d-97f4-516b572b2f9d,1697664057710855555
6a69421f-e399-4db8-897a-d8ef21b5e0a7,707b6ccf-c9d9-4c1d-97f4-516b572b2f9d,1697664057742766666
6a69421f-e399-4db8-897a-d8ef21b5e0a7,707b6ccf-c9d9-4c1d-97f4-516b572b2f9d,1697664057774777777
6a69421f-e399-4db8-897a-d8ef21b5e0a7,707b6ccf-c9d9-4c1d-97f4-516b572b2f9d,1697664057810533333
6a69421f-e399-4db8-897a-d8ef21b5e0a7,707b6ccf-c9d9-4c1d-97f4-516b572b2f9d,1697664057845066666
6a69421f-e399-4db8-897a-d8ef21b5e0a7,707b6ccf-c9d9-4c1d-97f4-516b572b2f9d,1697664057873355555
6a69421f-e399-4db8-897a-d8ef21b5e0a7,707b6ccf-c9d9-4c1d-97f4-516b572b2f9d,1697664057911388888
6a69421f-e399-4db8-897a-d8ef21b5e0a7,707b6ccf-c9d9-4c1d-97f4-516b572b2f9d,1697664057944166666
6a69421f-e399-4db8-897a-d8ef21b5e0a7,707b6ccf-c9d9-4c1d-97f4-516b572b2f9d,1697664057977877777
6a69421f-e399-4db8-897a-d8ef21b5e0a7,707b6ccf-c9d9-4c1d-97f4-516b572b2f9d,1697664058013911111
6a69421f-e399-4db8-897a-d8ef21b5e0a7,707b6ccf-c9d9-4c1d-97f4-516b572b2f9d,1697664058044111111
6a69421f-e399-4db8-897a-d8ef21b5e0a7,707b6ccf-c9d9-4c1d-97f4-516b572b2f9d,1697664058076844444
6a69421f-e399-4db8-897a-d8ef21b5e0a7,707b6ccf-c9d9-4c1d-97f4-516b572b2f9d,1697664058109922222
6a69421f-e399-4db8-897a-d8ef21b5e0a7,707b6ccf-c9d9-4c1d-97f4-516b572b2f9d,1697664058147977777
6a69421f-e399-4db8-897a-d8ef21b5e0a7,707b6ccf-c9d9-4c1d-97f4-516b572b2f9d,1697664058174644444
6a69421f-e399-4db8-897a-d8ef21b5e0a7,707b6ccf-c9d9-4c1d-97f4-516b572b2f9d,1697664058215322222
6a69421f-e399-4db8-897a-d8ef21b5e0a7,707b6ccf-c9d9-4c1d-97f4-516b572b2f9d,1697664058249822222
6a69421f-e399-4db8-897a-d8ef21b5e0a7,707b6ccf-c9d9-4c1d-97f4-516b572b2f9d,1697664058268688888
6a69421f-e399-4db8-897a-d8ef21b5e0a7,707b6ccf-c9d9-4c1d-97f4-516b572b2f9d,1697664058301900000
6a69421f-e399-4db8-897a-d8ef21b5e0a7,707b6ccf-c9d9-4c1d-97f4-516b572b2f9d,1697664058339477777
6a69421f-e399-4db8-897a-d8ef21b5e0a7,707b6ccf-c9d9-4c1d-97f4-516b572b2f9d,1697664058381088888
6a69421f-e399-4db8-897a-d8ef21b5e0a7,707b6ccf-c9d9-4c1d-97f4-516b572b2f9d,1697664058400733333
6a69421f-e399-4db8-897a-d8ef21b5e0a7,707b6ccf-c9d9-4c1d-97f4-516b572b2f9d,1697664058444022222
6a69421f-e399-4db8-897a-d8ef21b5e0a7,707b6ccf-c9d9-4c1d-97f4-516b572b2f9d,1697664058475822222
6a69421f-e399-4db8-897a-d8ef21b5e0a7,707b6ccf-c9d9-4c1d-97f4-516b572b2f9d,1697664058510055555
6a69421f-e399-4db8-897a-d8ef21b5e0a7,707b6ccf-c9d9-4c1d-97f4-516b572b2f9d,1697664058543255555
6a69421f-e399-4db8-897a-d8ef21b5e0a7,707b6ccf-c9d9-4c1d-97f4-516b572b2f9d,1697664058574555555
6a69421f-e399-4db8-897a-d8ef21b5e0a7,707b6ccf-c9d9-4c1d-97f4-516b572b2f9d,1697664058612433333
6a69421f-e399-4db8-897a-d8ef21b5e0a7,707b6ccf-c9d9-4c1d-97f4-516b572b2f9d,1697664058641544444
6a69421f-e399-4db8-897a-d8ef21b5e0a7,707b6ccf-c9d9-4c1d-97f4-516b572b2f9d,1697664058673400000
6a69421f-e399-4db8-897a-d8ef21b5e0a7,707b6ccf-c9d9-4c1d-97f4-516b572b2f9d,1697664058711266666
6a69421f-e399-4db8-897a-d8ef21b5e0a7,707b6ccf-c9d9-4c1d-97f4-516b572b2f9d,1697664058744322222
6a69421f-e399-4db8-897a-d8ef21b5e0a7,707b6ccf-c9d9-4c1d-97f4-516b572b2f9d,1697664058774477777
6a69421f-e399-4db8-897a-d8ef21b5e0a7,707b6ccf-c9d9-4c1d-97f4-516b572b2f9d,1697664058810011111
6a69421f-e399-4db8-897a-d8ef21b5e0a7,707b6ccf-c9d9-4c1d-97f4-516b572b2f9d,1697664058845122222
6a69421f-e399-4db8-897a-d8ef21b5e0a7,707b6ccf-c9d9-4c1d-97f4-516b572b2f9d,1697664058876244444
6a69421f-e399-4db8-897a-d8ef21b5e0a7,707b6ccf-c9d9-4c1d-97f4-516b572b2f9d,1697664058901944444
6a69421f-e399-4db8-897a-d8ef21b5e0a7,707b6ccf-c9d9-4c1d-97f4-516b572b2f9d,1697664058938000000
6a69421f-e399-4db8-897a-d8ef21b5e0a7,707b6ccf-c9d9-4c1d-97f4-516b572b2f9d,1697664058968088888
6a69421f-e399-4db8-897a-d8ef21b5e0a7,707b6ccf-c9d9-4c1d-97f4-516b572b2f9d,1697664059001900000
6a69421f-e399-4db8-897a-d8ef21b5e0a7,707b6ccf-c9d9-4c1d-97f4-516b572b2f9d,1697664059038066666
6a69421f-e399-4db8-897a-d8ef21b5e0a7,707b6ccf-c9d9-4c1d-97f4-516b572b2f9d,1697664059067100000
6a69421f-e399-4db8-897a-d8ef21b5e0a7,707b6ccf-c9d9-4c1d-97f4-516b572b2f9d,1697664059114177777
6a69421f-e399-4db8-897a-d8ef21b5e0a7,707b6ccf-c9d9-4c1d-97f4-516b572b2f9d,1697664059143777777
6a69421f-e399-4db8-897a-d8ef21b5e0a7,707b6ccf-c9d9-4c1d-97f4-516b572b2f9d,1697664059175500000
6a69421f-e399-4db8-897a-d8ef21b5e0a7,707b6ccf-c9d9-4c1d-97f4-516b572b2f9d,1697664059211000000
6a69421f-e399-4db8-897a-d8ef21b5e0a7,707b6ccf-c9d9-4c1d-97f4-516b572b2f9d,1697664059241866666
6a69421f-e399-4db8-897a-d8ef21b5e0a7,707b6ccf-c9d9-4c1d-97f4-516b572b2f9d,1697664059274477777
6a69421f-e399-4db8-897a-d8ef21b5e0a7,707b6ccf-c9d9-4c1d-97f4-516b572b2f9d,1697664059310233333
6a69421f-e399-4db8-897a-d8ef21b5e0a7,707b6ccf-c9d9-4c1d-97f4-516b572b2f9d,1697664059343500000
6a69421f-e399-4db8-897a-d8ef21b5e0a7,707b6ccf-c9d9-4c1d-97f4-516b572b2f9d,1697664059377300000
6a69421f-e399-4db8-897a-d8ef21b5e0a7,707b6ccf-c9d9-4c1d-97f4-516b572b2f9d,1697664059412177777
6a69421f-e399-4db8-897a-d8ef21b5e0a7,707b6ccf-c9d9-4c1d-97f4-516b572b2f9d,1697664059442844444
6a69421f-e399-4db8-897a-d8ef21b5e0a7,707b6ccf-c9d9-4c1d-97f4-516b572b2f9d,1697664059478855555
6a69421f-e399-4db8-897a-d8ef21b5e0a7,707b6ccf-c9d9-4c1d-97f4-516b572b2f9d,1697664059510344444
6a69421f-e399-4db8-897a-d8ef21b5e0a7,707b6ccf-c9d9-4c1d-97f4-516b572b2f9d,1697664059542111111
6a69421f-e399-4db8-897a-d8ef21b5e0a7,707b6ccf-c9d9-4c1d-97f4-516b572b2f9d,1697664059572111111
6a69421f-e399-4db8-897a-d8ef21b5e0a7,707b6ccf-c9d9-4c1d-97f4-516b572b2f9d,1697664059614133333
6a69421f-e399-4db8-897a-d8ef21b5e0a7,707b6ccf-c9d9-4c1d-97f4-516b572b2f9d,1697664059633122222
6a69421f-e399-4db8-897a-d8ef21b5e0a7,707b6ccf-c9d9-4c1d-97f4-516b572b2f9d,1697664059681577777
6a69421f-e399-4db8-897a-d8ef21b5e0a7,707b6ccf-c9d9-4c1d-97f4-516b572b2f9d,1697664059705622222
6a69421f-e399-4db8-897a-d8ef21b5e0a7,707b6ccf-c9d9-4c1d-97f4-516b572b2f9d,1697664059742200000
6a69421f-e399-4db8-897a-d8ef21b5e0a7,707b6ccf-c9d9-4c1d-97f4-516b572b2f9d,1697664059774722222
6a69421f-e399-4db8-897a-d8ef21b5e0a7,707b6ccf-c9d9-4c1d-97f4-516b572b2f9d,1697664059811122222
6a69421f-e399-4db8-897a-d8ef21b5e0a7,707b6ccf-c9d9-4c1d-97f4-516b572b2f9d,1697664059844077777
6a69421f-e399-4db8-897a-d8ef21b5e0a7,707b6ccf-c9d9-4c1d-97f4-516b572b2f9d,1697664059874977777
6a69421f-e399-4db8-897a-d8ef21b5e0a7,707b6ccf-c9d9-4c1d-97f4-516b572b2f9d,1697664059910500000
6a69421f-e399-4db8-897a-d8ef21b5e0a7,707b6ccf-c9d9-4c1d-97f4-516b572b2f9d,1697664059944766666
6a69421f-e399-4db8-897a-d8ef21b5e0a7,707b6ccf-c9d9-4c1d-97f4-516b572b2f9d,1697664059977100000
6a69421f-e399-4db8-897a-d8ef21b5e0a7,707b6ccf-c9d9-4c1d-97f4-516b572b2f9d,1697664060010188888
6a69421f-e399-4db8-897a-d8ef21b5e0a7,707b6ccf-c9d9-4c1d-97f4-516b572b2f9d,1697664060042822222
6a69421f-e399-4db8-897a-d8ef21b5e0a7,707b6ccf-c9d9-4c1d-97f4-516b572b2f9d,1697664060076511111
6a69421f-e399-4db8-897a-d8ef21b5e0a7,707b6ccf-c9d9-4c1d-97f4-516b572b2f9d,1697664060108566666
6a69421f-e399-4db8-897a-d8ef21b5e0a7,707b6ccf-c9d9-4c1d-97f4-516b572b2f9d,1697664060141511111
6a69421f-e399-4db8-897a-d8ef21b5e0a7,707b6ccf-c9d9-4c1d-97f4-516b572b2f9d,1697664060175522222
6a69421f-e399-4db8-897a-d8ef21b5e0a7,707b6ccf-c9d9-4c1d-97f4-516b572b2f9d,1697664060209344444
6a69421f-e399-4db8-897a-d8ef21b5e0a7,707b6ccf-c9d9-4c1d-97f4-516b572b2f9d,1697664060250300000
6a69421f-e399-4db8-897a-d8ef21b5e0a7,707b6ccf-c9d9-4c1d-97f4-516b572b2f9d,1697664060267433333
6a69421f-e399-4db8-897a-d8ef21b5e0a7,707b6ccf-c9d9-4c1d-97f4-516b572b2f9d,1697664060311333333
6a69421f-e399-4db8-897a-d8ef21b5e0a7,707b6ccf-c9d9-4c1d-97f4-516b572b2f9d,1697664060349844444
6a69421f-e399-4db8-897a-d8ef21b5e0a7,707b6ccf-c9d9-4c1d-97f4-516b572b2f9d,1697664060379844444
6a69421f-e399-4db8-897a-d8ef21b5e0a7,707b6ccf-c9d9-4c1d-97f4-516b572b2f9d,1697664060397422222
6a69421f-e399-4db8-897a-d8ef21b5e0a7,707b6ccf-c9d9-4c1d-97f4-516b572b2f9d,1697664060445533333
6a69421f-e399-4db8-897a-d8ef21b5e0a7,707b6ccf-c9d9-4c1d-97f4-516b572b2f9d,1697664060473022222
6a69421f-e399-4db8-897a-d8ef21b5e0a7,707b6ccf-c9d9-4c1d-97f4-516b572b2f9d,1697664060505855555
6a69421f-e399-4db8-897a-d8ef21b5e0a7,707b6ccf-c9d9-4c1d-97f4-516b572b2f9d,1697664060542400000
6a69421f-e399-4db8-897a-d8ef21b5e0a7,707b6ccf-c9d9-4c1d-97f4-516b572b2f9d,1697664060576822222
6a69421f-e399-4db8-897a-d8ef21b5e0a7,707b6ccf-c9d9-4c1d-97f4-516b572b2f9d,1697664060608477777
6a69421f-e399-4db8-897a-d8ef21b5e0a7,707b6ccf-c9d9-4c1d-97f4-516b572b2f9d,1697664060645455555
6a69421f-e399-4db8-897a-d8ef21b5e0a7,707b6ccf-c9d9-4c1d-97f4-516b572b2f9d,1697664060673733333
6a69421f-e399-4db8-897a-d8ef21b5e0a7,707b6ccf-c9d9-4c1d-97f4-516b572b2f9d,1697664060706366666
6a69421f-e399-4db8-897a-d8ef21b5e0a7,707b6ccf-c9d9-4c1d-97f4-516b572b2f9d,1697664060744233333
6a69421f-e399-4db8-897a-d8ef21b5e0a7,707b6ccf-c9d9-4c1d-97f4-516b572b2f9d,1697664060774977777
6a69421f-e399-4db8-897a-d8ef21b5e0a7,707b6ccf-c9d9-4c1d-97f4-516b572b2f9d,1697664060803766666
6a69421f-e399-4db8-897a-d8ef21b5e0a7,707b6ccf-c9d9-4c1d-97f4-516b572b2f9d,1697664060842111111
6a69421f-e399-4db8-897a-d8ef21b5e0a7,707b6ccf-c9d9-4c1d-97f4-516b572b2f9d,1697664060891400000
6a69421f-e399-4db8-897a-d8ef21b5e0a7,707b6ccf-c9d9-4c1d-97f4-516b572b2f9d,1697664060906777777
6a69421f-e399-4db8-897a-d8ef21b5e0a7,707b6ccf-c9d9-4c1d-97f4-516b572b2f9d,1697664060936255555
6a69421f-e399-4db8-897a-d8ef21b5e0a7,707b6ccf-c9d9-4c1d-97f4-516b572b2f9d,1697664060972844444
6a69421f-e399-4db8-897a-d8ef21b5e0a7,707b6ccf-c9d9-4c1d-97f4-516b572b2f9d,1697664061001322222
6a69421f-e399-4db8-897a-d8ef21b5e0a7,707b6ccf-c9d9-4c1d-97f4-516b572b2f9d,1697664061037544444
6a69421f-e399-4db8-897a-d8ef21b5e0a7,707b6ccf-c9d9-4c1d-97f4-516b572b2f9d,1697664061070200000
6a69421f-e399-4db8-897a-d8ef21b5e0a7,707b6ccf-c9d9-4c1d-97f4-516b572b2f9d,1697664061108833333
6a69421f-e399-4db8-897a-d8ef21b5e0a7,707b6ccf-c9d9-4c1d-97f4-516b572b2f9d,1697664061143811111
6a69421f-e399-4db8-897a-d8ef21b5e0a7,707b6ccf-c9d9-4c1d-97f4-516b572b2f9d,1697664061173722222
6a69421f-e399-4db8-897a-d8ef21b5e0a7,707b6ccf-c9d9-4c1d-97f4-516b572b2f9d,1697664061207211111
6a69421f-e399-4db8-897a-d8ef21b5e0a7,707b6ccf-c9d9-4c1d-97f4-516b572b2f9d,1697664061247066666
6a69421f-e399-4db8-897a-d8ef21b5e0a7,707b6ccf-c9d9-4c1d-97f4-516b572b2f9d,1697664061279455555
6a69421f-e399-4db8-897a-d8ef21b5e0a7,707b6ccf-c9d9-4c1d-97f4-516b572b2f9d,1697664061309955555
6a69421f-e399-4db8-897a-d8ef21b5e0a7,707b6ccf-c9d9-4c1d-97f4-516b572b2f9d,1697664061344700000
6a69421f-e399-4db8-897a-d8ef21b5e0a7,707b6ccf-c9d9-4c1d-97f4-516b572b2f9d,1697664061377000000
6a69421f-e399-4db8-897a-d8ef21b5e0a7,707b6ccf-c9d9-4c1d-97f4-516b572b2f9d,1697664061409344444
6a69421f-e399-4db8-897a-d8ef21b5e0a7,707b6ccf-c9d9-4c1d-97f4-516b572b2f9d,1697664061445711111
6a69421f-e399-4db8-897a-d8ef21b5e0a7,707b6ccf-c9d9-4c1d-97f4-516b572b2f9d,1697664061475833333
6a69421f-e399-4db8-897a-d8ef21b5e0a7,707b6ccf-c9d9-4c1d-97f4-516b572b2f9d,1697664061506077777
6a69421f-e399-4db8-897a-d8ef21b5e0a7,707b6ccf-c9d9-4c1d-97f4-516b572b2f9d,1697664061544266666
6a69421f-e399-4db8-897a-d8ef21b5e0a7,707b6ccf-c9d9-4c1d-97f4-516b572b2f9d,1697664061566300000
6a69421f-e399-4db8-897a-d8ef21b5e0a7,707b6ccf-c9d9-4c1d-97f4-516b572b2f9d,1697664061615644444
6a69421f-e399-4db8-897a-d8ef21b5e0a7,707b6ccf-c9d9-4c1d-97f4-516b572b2f9d,1697664061633388888
6a69421f-e399-4db8-897a-d8ef21b5e0a7,707b6ccf-c9d9-4c1d-97f4-516b572b2f9d,1697664061666500000
6a69421f-e399-4db8-897a-d8ef21b5e0a7,707b6ccf-c9d9-4c1d-97f4-516b572b2f9d,1697664061699555555
6a69421f-e399-4db8-897a-d8ef21b5e0a7,707b6ccf-c9d9-4c1d-97f4-516b572b2f9d,1697664061744577777
6a69421f-e399-4db8-897a-d8ef21b5e0a7,707b6ccf-c9d9-4c1d-97f4-516b572b2f9d,1697664061773955555
6a69421f-e399-4db8-897a-d8ef21b5e0a7,707b6ccf-c9d9-4c1d-97f4-516b572b2f9d,1697664061806722222
6a69421f-e399-4db8-897a-d8ef21b5e0a7,707b6ccf-c9d9-4c1d-97f4-516b572b2f9d,1697664061843144444
6a69421f-e399-4db8-897a-d8ef21b5e0a7,707b6ccf-c9d9-4c1d-97f4-516b572b2f9d,1697664061873277777
6a69421f-e399-4db8-897a-d8ef21b5e0a7,707b6ccf-c9d9-4c1d-97f4-516b572b2f9d,1697664061905722222
6a69421f-e399-4db8-897a-d8ef21b5e0a7,707b6ccf-c9d9-4c1d-97f4-516b572b2f9d,1697664061940988888
6a69421f-e399-4db8-897a-d8ef21b5e0a7,707b6ccf-c9d9-4c1d-97f4-516b572b2f9d,1697664061973588888
6a69421f-e399-4db8-897a-d8ef21b5e0a7,707b6ccf-c9d9-4c1d-97f4-516b572b2f9d,1697664062008488888
6a69421f-e399-4db8-897a-d8ef21b5e0a7,707b6ccf-c9d9-4c1d-97f4-516b572b2f9d,1697664062049077777
6a69421f-e399-4db8-897a-d8ef21b5e0a7,707b6ccf-c9d9-4c1d-97f4-516b572b2f9d,1697664062078888888
6a69421f-e399-4db8-897a-d8ef21b5e0a7,707b6ccf-c9d9-4c1d-97f4-516b572b2f9d,1697664062108944444
6a69421f-e399-4db8-897a-d8ef21b5e0a7,707b6ccf-c9d9-4c1d-97f4-516b572b2f9d,1697664062143566666
6a69421f-e399-4db8-897a-d8ef21b5e0a7,707b6ccf-c9d9-4c1d-97f4-516b572b2f9d,1697664062174422222
6a69421f-e399-4db8-897a-d8ef21b5e0a7,707b6ccf-c9d9-4c1d-97f4-516b572b2f9d,1697664062207400000
6a69421f-e399-4db8-897a-d8ef21b5e0a7,707b6ccf-c9d9-4c1d-97f4-516b572b2f9d,1697664062235677777
6a69421f-e399-4db8-897a-d8ef21b5e0a7,707b6ccf-c9d9-4c1d-97f4-516b572b2f9d,1697664062269955555
6a69421f-e399-4db8-897a-d8ef21b5e0a7,707b6ccf-c9d9-4c1d-97f4-516b572b2f9d,1697664062310044444
6a69421f-e399-4db8-897a-d8ef21b5e0a7,707b6ccf-c9d9-4c1d-97f4-516b572b2f9d,1697664062335355555
6a69421f-e399-4db8-897a-d8ef21b5e0a7,707b6ccf-c9d9-4c1d-97f4-516b572b2f9d,1697664062364711111
6a69421f-e399-4db8-897a-d8ef21b5e0a7,707b6ccf-c9d9-4c1d-97f4-516b572b2f9d,1697664062406244444
6a69421f-e399-4db8-897a-d8ef21b5e0a7,707b6ccf-c9d9-4c1d-97f4-516b572b2f9d,1697664062443222222
6a69421f-e399-4db8-897a-d8ef21b5e0a7,707b6ccf-c9d9-4c1d-97f4-516b572b2f9d,1697664062474377777
6a69421f-e399-4db8-897a-d8ef21b5e0a7,707b6ccf-c9d9-4c1d-97f4-516b572b2f9d,1697664062506944444
6a69421f-e399-4db8-897a-d8ef21b5e0a7,707b6ccf-c9d9-4c1d-97f4-516b572b2f9d,1697664062545222222
6a69421f-e399-4db8-897a-d8ef21b5e0a7,707b6ccf-c9d9-4c1d-97f4-516b572b2f9d,1697664062577811111
6a69421f-e399-4db8-897a-d8ef21b5e0a7,707b6ccf-c9d9-4c1d-97f4-516b572b2f9d,1697664062606022222
6a69421f-e399-4db8-897a-d8ef21b5e0a7,707b6ccf-c9d9-4c1d-97f4-516b572b2f9d,1697664062647533333
6a69421f-e399-4db8-897a-d8ef21b5e0a7,707b6ccf-c9d9-4c1d-97f4-516b572b2f9d,1697664062675422222
6a69421f-e399-4db8-897a-d8ef21b5e0a7,707b6ccf-c9d9-4c1d-97f4-516b572b2f9d,1697664062706900000
6a69421f-e399-4db8-897a-d8ef21b5e0a7,707b6ccf-c9d9-4c1d-97f4-516b572b2f9d,1697664062741411111
6a69421f-e399-4db8-897a-d8ef21b5e0a7,707b6ccf-c9d9-4c1d-97f4-516b572b2f9d,1697664062774833333
6a69421f-e399-4db8-897a-d8ef21b5e0a7,707b6ccf-c9d9-4c1d-97f4-516b572b2f9d,1697664062806644444
6a69421f-e399-4db8-897a-d8ef21b5e0a7,707b6ccf-c9d9-4c1d-97f4-516b572b2f9d,1697664062846055555
6a69421f-e399-4db8-897a-d8ef21b5e0a7,707b6ccf-c9d9-4c1d-97f4-516b572b2f9d,1697664062874155555
6a69421f-e399-4db8-897a-d8ef21b5e0a7,707b6ccf-c9d9-4c1d-97f4-516b572b2f9d,1697664062897811111
6a69421f-e399-4db8-897a-d8ef21b5e0a7,707b6ccf-c9d9-4c1d-97f4-516b572b2f9d,1697664062954388888
6a69421f-e399-4db8-897a-d8ef21b5e0a7,707b6ccf-c9d9-4c1d-97f4-516b572b2f9d,1697664062966577777
6a69421f-e399-4db8-897a-d8ef21b5e0a7,707b6ccf-c9d9-4c1d-97f4-516b572b2f9d,1697664063008766666
6a69421f-e399-4db8-897a-d8ef21b5e0a7,707b6ccf-c9d9-4c1d-97f4-516b572b2f9d,1697664063033822222
6a69421f-e399-4db8-897a-d8ef21b5e0a7,707b6ccf-c9d9-4c1d-97f4-516b572b2f9d,1697664063075433333
6a69421f-e399-4db8-897a-d8ef21b5e0a7,707b6ccf-c9d9-4c1d-97f4-516b572b2f9d,1697664063107088888
6a69421f-e399-4db8-897a-d8ef21b5e0a7,707b6ccf-c9d9-4c1d-97f4-516b572b2f9d,1697664063147922222
6a69421f-e399-4db8-897a-d8ef21b5e0a7,707b6ccf-c9d9-4c1d-97f4-516b572b2f9d,1697664063174200000
6a69421f-e399-4db8-897a-d8ef21b5e0a7,707b6ccf-c9d9-4c1d-97f4-516b572b2f9d,1697664063209922222
6a69421f-e399-4db8-897a-d8ef21b5e0a7,707b6ccf-c9d9-4c1d-97f4-516b572b2f9d,1697664063239933333
6a69421f-e399-4db8-897a-d8ef21b5e0a7,707b6ccf-c9d9-4c1d-97f4-516b572b2f9d,1697664063278455555
6a69421f-e399-4db8-897a-d8ef21b5e0a7,707b6ccf-c9d9-4c1d-97f4-516b572b2f9d,1697664063307511111
6a69421f-e399-4db8-897a-d8ef21b5e0a7,707b6ccf-c9d9-4c1d-97f4-516b572b2f9d,1697664063338855555
6a69421f-e399-4db8-897a-d8ef21b5e0a7,707b6ccf-c9d9-4c1d-97f4-516b572b2f9d,1697664063377322222
6a69421f-e399-4db8-897a-d8ef21b5e0a7,707b6ccf-c9d9-4c1d-97f4-516b572b2f9d,1697664063406888888
6a69421f-e399-4db8-897a-d8ef21b5e0a7,707b6ccf-c9d9-4c1d-97f4-516b572b2f9d,1697664063440544444
6a69421f-e399-4db8-897a-d8ef21b5e0a7,707b6ccf-c9d9-4c1d-97f4-516b572b2f9d,1697664063478688888
6a69421f-e399-4db8-897a-d8ef21b5e0a7,707b6ccf-c9d9-4c1d-97f4-516b572b2f9d,1697664063508911111
6a69421f-e399-4db8-897a-d8ef21b5e0a7,707b6ccf-c9d9-4c1d-97f4-516b572b2f9d,1697664063551488888
6a69421f-e399-4db8-897a-d8ef21b5e0a7,707b6ccf-c9d9-4c1d-97f4-516b572b2f9d,1697664063574922222
6a69421f-e399-4db8-897a-d8ef21b5e0a7,707b6ccf-c9d9-4c1d-97f4-516b572b2f9d,1697664063600822222
6a69421f-e399-4db8-897a-d8ef21b5e0a7,707b6ccf-c9d9-4c1d-97f4-516b572b2f9d,1697664063643200000
6a69421f-e399-4db8-897a-d8ef21b5e0a7,707b6ccf-c9d9-4c1d-97f4-516b572b2f9d,1697664063666444444
6a69421f-e399-4db8-897a-d8ef21b5e0a7,707b6ccf-c9d9-4c1d-97f4-516b572b2f9d,1697664063707644444
6a69421f-e399-4db8-897a-d8ef21b5e0a7,707b6ccf-c9d9-4c1d-97f4-516b572b2f9d,1697664063736711111
6a69421f-e399-4db8-897a-d8ef21b5e0a7,707b6ccf-c9d9-4c1d-97f4-516b572b2f9d,1697664063775544444
6a69421f-e399-4db8-897a-d8ef21b5e0a7,707b6ccf-c9d9-4c1d-97f4-516b572b2f9d,1697664063808133333
6a69421f-e399-4db8-897a-d8ef21b5e0a7,707b6ccf-c9d9-4c1d-97f4-516b572b2f9d,1697664063839055555
6a69421f-e399-4db8-897a-d8ef21b5e0a7,707b6ccf-c9d9-4c1d-97f4-516b572b2f9d,1697664063874866666
6a69421f-e399-4db8-897a-d8ef21b5e0a7,707b6ccf-c9d9-4c1d-97f4-516b572b2f9d,1697664063909500000
6a69421f-e399-4db8-897a-d8ef21b5e0a7,707b6ccf-c9d9-4c1d-97f4-516b572b2f9d,1697664063938511111
6a69421f-e399-4db8-897a-d8ef21b5e0a7,707b6ccf-c9d9-4c1d-97f4-516b572b2f9d,1697664063976422222
6a69421f-e399-4db8-897a-d8ef21b5e0a7,707b6ccf-c9d9-4c1d-97f4-516b572b2f9d,1697664064009922222
6a69421f-e399-4db8-897a-d8ef21b5e0a7,707b6ccf-c9d9-4c1d-97f4-516b572b2f9d,1697664064039444444
6a69421f-e399-4db8-897a-d8ef21b5e0a7,707b6ccf-c9d9-4c1d-97f4-516b572b2f9d,1697664064075655555
6a69421f-e399-4db8-897a-d8ef21b5e0a7,707b6ccf-c9d9-4c1d-97f4-516b572b2f9d,1697664064105922222
6a69421f-e399-4db8-897a-d8ef21b5e0a7,707b6ccf-c9d9-4c1d-97f4-516b572b2f9d,1697664064140555555
6a69421f-e399-4db8-897a-d8ef21b5e0a7,707b6ccf-c9d9-4c1d-97f4-516b572b2f9d,1697664064175100000
6a69421f-e399-4db8-897a-d8ef21b5e0a7,707b6ccf-c9d9-4c1d-97f4-516b572b2f9d,1697664064213688888
6a69421f-e399-4db8-897a-d8ef21b5e0a7,707b6ccf-c9d9-4c1d-97f4-516b572b2f9d,1697664064252000000
6a69421f-e399-4db8-897a-d8ef21b5e0a7,707b6ccf-c9d9-4c1d-97f4-516b572b2f9d,1697664064267833333
6a69421f-e399-4db8-897a-d8ef21b5e0a7,707b6ccf-c9d9-4c1d-97f4-516b572b2f9d,1697664064297733333
6a69421f-e399-4db8-897a-d8ef21b5e0a7,707b6ccf-c9d9-4c1d-97f4-516b572b2f9d,1697664064340111111
6a69421f-e399-4db8-897a-d8ef21b5e0a7,707b6ccf-c9d9-4c1d-97f4-516b572b2f9d,1697664064364600000
6a69421f-e399-4db8-897a-d8ef21b5e0a7,707b6ccf-c9d9-4c1d-97f4-516b572b2f9d,1697664064404766666
6a69421f-e399-4db8-897a-d8ef21b5e0a7,707b6ccf-c9d9-4c1d-97f4-516b572b2f9d,1697664064438811111
6a69421f-e399-4db8-897a-d8ef21b5e0a7,707b6ccf-c9d9-4c1d-97f4-516b572b2f9d,1697664064474455555
6a69421f-e399-4db8-897a-d8ef21b5e0a7,707b6ccf-c9d9-4c1d-97f4-516b572b2f9d,1697664064508000000
6a69421f-e399-4db8-897a-d8ef21b5e0a7,707b6ccf-c9d9-4c1d-97f4-516b572b2f9d,1697664064539566666
6a69421f-e399-4db8-897a-d8ef21b5e0a7,707b6ccf-c9d9-4c1d-97f4-516b572b2f9d,1697664064575288888
6a69421f-e399-4db8-897a-d8ef21b5e0a7,707b6ccf-c9d9-4c1d-97f4-516b572b2f9d,1697664064604500000
6a69421f-e399-4db8-897a-d8ef21b5e0a7,707b6ccf-c9d9-4c1d-97f4-516b572b2f9d,1697664064640088888
6a69421f-e399-4db8-897a-d8ef21b5e0a7,707b6ccf-c9d9-4c1d-97f4-516b572b2f9d,1697664064675588888
6a69421f-e399-4db8-897a-d8ef21b5e0a7,707b6ccf-c9d9-4c1d-97f4-516b572b2f9d,1697664064708355555
6a69421f-e399-4db8-897a-d8ef21b5e0a7,707b6ccf-c9d9-4c1d-97f4-516b572b2f9d,1697664064736755555
6a69421f-e399-4db8-897a-d8ef21b5e0a7,707b6ccf-c9d9-4c1d-97f4-516b572b2f9d,1697664064774266666
6a69421f-e399-4db8-897a-d8ef21b5e0a7,707b6ccf-c9d9-4c1d-97f4-516b572b2f9d,1697664064815600000
6a69421f-e399-4db8-897a-d8ef21b5e0a7,707b6ccf-c9d9-4c1d-97f4-516b572b2f9d,1697664064842366666
6a69421f-e399-4db8-897a-d8ef21b5e0a7,707b6ccf-c9d9-4c1d-97f4-516b572b2f9d,1697664064869711111
6a69421f-e399-4db8-897a-d8ef21b5e0a7,707b6ccf-c9d9-4c1d-97f4-516b572b2f9d,1697664064913622222
6a69421f-e399-4db8-897a-d8ef21b5e0a7,707b6ccf-c9d9-4c1d-97f4-516b572b2f9d,1697664064937011111
6a69421f-e399-4db8-897a-d8ef21b5e0a7,707b6ccf-c9d9-4c1d-97f4-516b572b2f9d,1697664064968677777
6a69421f-e399-4db8-897a-d8ef21b5e0a7,707b6ccf-c9d9-4c1d-97f4-516b572b2f9d,1697664065013222222
6a69421f-e399-4db8-897a-d8ef21b5e0a7,707b6ccf-c9d9-4c1d-97f4-516b572b2f9d,1697664065036800000
6a69421f-e399-4db8-897a-d8ef21b5e0a7,707b6ccf-c9d9-4c1d-97f4-516b572b2f9d,1697664065076233333
6a69421f-e399-4db8-897a-d8ef21b5e0a7,707b6ccf-c9d9-4c1d-97f4-516b572b2f9d,1697664065114522222
6a69421f-e399-4db8-897a-d8ef21b5e0a7,707b6ccf-c9d9-4c1d-97f4-516b572b2f9d,1697664065140988888
6a69421f-e399-4db8-897a-d8ef21b5e0a7,707b6ccf-c9d9-4c1d-97f4-516b572b2f9d,1697664065172177777
6a69421f-e399-4db8-897a-d8ef21b5e0a7,707b6ccf-c9d9-4c1d-97f4-516b572b2f9d,1697664065210522222
6a69421f-e399-4db8-897a-d8ef21b5e0a7,707b6ccf-c9d9-4c1d-97f4-516b572b2f9d,1697664065242922222
6a69421f-e399-4db8-897a-d8ef21b5e0a7,707b6ccf-c9d9-4c1d-97f4-516b572b2f9d,1697664065273533333
6a69421f-e399-4db8-897a-d8ef21b5e0a7,707b6ccf-c9d9-4c1d-97f4-516b572b2f9d,1697664065317711111
6a69421f-e399-4db8-897a-d8ef21b5e0a7,707b6ccf-c9d9-4c1d-97f4-516b572b2f9d,1697664065343111111
6a69421f-e399-4db8-897a-d8ef21b5e0a7,707b6ccf-c9d9-4c1d-97f4-516b572b2f9d,1697664065372155555
6a69421f-e399-4db8-897a-d8ef21b5e0a7,707b6ccf-c9d9-4c1d-97f4-516b572b2f9d,1697664065413688888
6a69421f-e399-4db8-897a-d8ef21b5e0a7,707b6ccf-c9d9-4c1d-97f4-516b572b2f9d,1697664065441800000
6a69421f-e399-4db8-897a-d8ef21b5e0a7,707b6ccf-c9d9-4c1d-97f4-516b572b2f9d,1697664065473122222
6a69421f-e399-4db8-897a-d8ef21b5e0a7,707b6ccf-c9d9-4c1d-97f4-516b572b2f9d,1697664065510211111
6a69421f-e399-4db8-897a-d8ef21b5e0a7,707b6ccf-c9d9-4c1d-97f4-516b572b2f9d,1697664065542122222
6a69421f-e399-4db8-897a-d8ef21b5e0a7,707b6ccf-c9d9-4c1d-97f4-516b572b2f9d,1697664065565433333
6a69421f-e399-4db8-897a-d8ef21b5e0a7,707b6ccf-c9d9-4c1d-97f4-516b572b2f9d,1697664065621233333
6a69421f-e399-4db8-897a-d8ef21b5e0a7,707b6ccf-c9d9-4c1d-97f4-516b572b2f9d,1697664065644077777
6a69421f-e399-4db8-897a-d8ef21b5e0a7,707b6ccf-c9d9-4c1d-97f4-516b572b2f9d,1697664065669566666
6a69421f-e399-4db8-897a-d8ef21b5e0a7,707b6ccf-c9d9-4c1d-97f4-516b572b2f9d,1697664065706077777
6a69421f-e399-4db8-897a-d8ef21b5e0a7,707b6ccf-c9d9-4c1d-97f4-516b572b2f9d,1697664065743711111
6a69421f-e399-4db8-897a-d8ef21b5e0a7,707b6ccf-c9d9-4c1d-97f4-516b572b2f9d,1697664065778822222
6a69421f-e399-4db8-897a-d8ef21b5e0a7,707b6ccf-c9d9-4c1d-97f4-516b572b2f9d,1697664065810244444
6a69421f-e399-4db8-897a-d8ef21b5e0a7,707b6ccf-c9d9-4c1d-97f4-516b572b2f9d,1697664065841700000
6a69421f-e399-4db8-897a-d8ef21b5e0a7,707b6ccf-c9d9-4c1d-97f4-516b572b2f9d,1697664065872866666
6a69421f-e399-4db8-897a-d8ef21b5e0a7,707b6ccf-c9d9-4c1d-97f4-516b572b2f9d,1697664065911533333
6a69421f-e399-4db8-897a-d8ef21b5e0a7,707b6ccf-c9d9-4c1d-97f4-516b572b2f9d,1697664065944600000
6a69421f-e399-4db8-897a-d8ef21b5e0a7,707b6ccf-c9d9-4c1d-97f4-516b572b2f9d,1697664065975966666
6a69421f-e399-4db8-897a-d8ef21b5e0a7,707b6ccf-c9d9-4c1d-97f4-516b572b2f9d,1697664066008855555
6a69421f-e399-4db8-897a-d8ef21b5e0a7,707b6ccf-c9d9-4c1d-97f4-516b572b2f9d,1697664066043322222
6a69421f-e399-4db8-897a-d8ef21b5e0a7,707b6ccf-c9d9-4c1d-97f4-516b572b2f9d,1697664066073877777
6a69421f-e399-4db8-897a-d8ef21b5e0a7,707b6ccf-c9d9-4c1d-97f4-516b572b2f9d,1697664066111500000
6a69421f-e399-4db8-897a-d8ef21b5e0a7,707b6ccf-c9d9-4c1d-97f4-516b572b2f9d,1697664066153577777
6a69421f-e399-4db8-897a-d8ef21b5e0a7,707b6ccf-c9d9-4c1d-97f4-516b572b2f9d,1697664066177333333
6a69421f-e399-4db8-897a-d8ef21b5e0a7,707b6ccf-c9d9-4c1d-97f4-516b572b2f9d,1697664066203077777
6a69421f-e399-4db8-897a-d8ef21b5e0a7,707b6ccf-c9d9-4c1d-97f4-516b572b2f9d,1697664066232500000
6a69421f-e399-4db8-897a-d8ef21b5e0a7,707b6ccf-c9d9-4c1d-97f4-516b572b2f9d,1697664066267666666
6a69421f-e399-4db8-897a-d8ef21b5e0a7,707b6ccf-c9d9-4c1d-97f4-516b572b2f9d,1697664066317411111
6a69421f-e399-4db8-897a-d8ef21b5e0a7,707b6ccf-c9d9-4c1d-97f4-516b572b2f9d,1697664066332000000
6a69421f-e399-4db8-897a-d8ef21b5e0a7,707b6ccf-c9d9-4c1d-97f4-516b572b2f9d,1697664066375388888
6a69421f-e399-4db8-897a-d8ef21b5e0a7,707b6ccf-c9d9-4c1d-97f4-516b572b2f9d,1697664066409344444
6a69421f-e399-4db8-897a-d8ef21b5e0a7,707b6ccf-c9d9-4c1d-97f4-516b572b2f9d,1697664066440244444
6a69421f-e399-4db8-897a-d8ef21b5e0a7,707b6ccf-c9d9-4c1d-97f4-516b572b2f9d,1697664066474588888
6a69421f-e399-4db8-897a-d8ef21b5e0a7,707b6ccf-c9d9-4c1d-97f4-516b572b2f9d,1697664066511511111
6a69421f-e399-4db8-897a-d8ef21b5e0a7,707b6ccf-c9d9-4c1d-97f4-516b572b2f9d,1697664066541844444
6a69421f-e399-4db8-897a-d8ef21b5e0a7,707b6ccf-c9d9-4c1d-97f4-516b572b2f9d,1697664066573511111
6a69421f-e399-4db8-897a-d8ef21b5e0a7,707b6ccf-c9d9-4c1d-97f4-516b572b2f9d,1697664066612988888
6a69421f-e399-4db8-897a-d8ef21b5e0a7,707b6ccf-c9d9-4c1d-97f4-516b572b2f9d,1697664066642122222
6a69421f-e399-4db8-897a-d8ef21b5e0a7,707b6ccf-c9d9-4c1d-97f4-516b572b2f9d,1697664066672200000
6a69421f-e399-4db8-897a-d8ef21b5e0a7,707b6ccf-c9d9-4c1d-97f4-516b572b2f9d,1697664066710266666
6a69421f-e399-4db8-897a-d8ef21b5e0a7,707b6ccf-c9d9-4c1d-97f4-516b572b2f9d,1697664066741366666
6a69421f-e399-4db8-897a-d8ef21b5e0a7,707b6ccf-c9d9-4c1d-97f4-516b572b2f9d,1697664066774522222
6a69421f-e399-4db8-897a-d8ef21b5e0a7,707b6ccf-c9d9-4c1d-97f4-516b572b2f9d,1697664066808977777
6a69421f-e399-4db8-897a-d8ef21b5e0a7,707b6ccf-c9d9-4c1d-97f4-516b572b2f9d,1697664066851477777
6a69421f-e399-4db8-897a-d8ef21b5e0a7,707b6ccf-c9d9-4c1d-97f4-516b572b2f9d,1697664066889433333
6a69421f-e399-4db8-897a-d8ef21b5e0a7,707b6ccf-c9d9-4c1d-97f4-516b572b2f9d,1697664066902111111
6a69421f-e399-4db8-897a-d8ef21b5e0a7,707b6ccf-c9d9-4c1d-97f4-516b572b2f9d,1697664066932544444
6a69421f-e399-4db8-897a-d8ef21b5e0a7,707b6ccf-c9d9-4c1d-97f4-516b572b2f9d,1697664066963588888
6a69421f-e399-4db8-897a-d8ef21b5e0a7,707b6ccf-c9d9-4c1d-97f4-516b572b2f9d,1697664067000322222
6a69421f-e399-4db8-897a-d8ef21b5e0a7,707b6ccf-c9d9-4c1d-97f4-516b572b2f9d,1697664067030577777
6a69421f-e399-4db8-897a-d8ef21b5e0a7,707b6ccf-c9d9-4c1d-97f4-516b572b2f9d,1697664067075077777
6a69421f-e399-4db8-897a-d8ef21b5e0a7,707b6ccf-c9d9-4c1d-97f4-516b572b2f9d,1697664067111166666
6a69421f-e399-4db8-897a-d8ef21b5e0a7,707b6ccf-c9d9-4c1d-97f4-516b572b2f9d,1697664067140944444
6a69421f-e399-4db8-897a-d8ef21b5e0a7,707b6ccf-c9d9-4c1d-97f4-516b572b2f9d,1697664067171800000
6a69421f-e399-4db8-897a-d8ef21b5e0a7,707b6ccf-c9d9-4c1d-97f4-516b572b2f9d,1697664067213622222
6a69421f-e399-4db8-897a-d8ef21b5e0a7,707b6ccf-c9d9-4c1d-97f4-516b572b2f9d,1697664067243033333
6a69421f-e399-4db8-897a-d8ef21b5e0a7,707b6ccf-c9d9-4c1d-97f4-516b572b2f9d,1697664067266111111
6a69421f-e399-4db8-897a-d8ef21b5e0a7,707b6ccf-c9d9-4c1d-97f4-516b572b2f9d,1697664067310366666
6a69421f-e399-4db8-897a-d8ef21b5e0a7,707b6ccf-c9d9-4c1d-97f4-516b572b2f9d,1697664067343022222
6a69421f-e399-4db8-897a-d8ef21b5e0a7,707b6ccf-c9d9-4c1d-97f4-516b572b2f9d,1697664067367355555
6a69421f-e399-4db8-897a-d8ef21b5e0a7,707b6ccf-c9d9-4c1d-97f4-516b572b2f9d,1697664067411655555
6a69421f-e399-4db8-897a-d8ef21b5e0a7,707b6ccf-c9d9-4c1d-97f4-516b572b2f9d,1697664067442911111
6a69421f-e399-4db8-897a-d8ef21b5e0a7,707b6ccf-c9d9-4c1d-97f4-516b572b2f9d,1697664067464055555
6a69421f-e399-4db8-897a-d8ef21b5e0a7,707b6ccf-c9d9-4c1d-97f4-516b572b2f9d,1697664067516100000
6a69421f-e399-4db8-897a-d8ef21b5e0a7,707b6ccf-c9d9-4c1d-97f4-516b572b2f9d,1697664067550722222
6a69421f-e399-4db8-897a-d8ef21b5e0a7,707b6ccf-c9d9-4c1d-97f4-516b572b2f9d,1697664067561277777
6a69421f-e399-4db8-897a-d8ef21b5e0a7,707b6ccf-c9d9-4c1d-97f4-516b572b2f9d,1697664067619944444
6a69421f-e399-4db8-897a-d8ef21b5e0a7,707b6ccf-c9d9-4c1d-97f4-516b572b2f9d,1697664067635800000
6a69421f-e399-4db8-897a-d8ef21b5e0a7,707b6ccf-c9d9-4c1d-97f4-516b572b2f9d,1697664067667311111
6a69421f-e399-4db8-897a-d8ef21b5e0a7,707b6ccf-c9d9-4c1d-97f4-516b572b2f9d,1697664067716555555
6a69421f-e399-4db8-897a-d8ef21b5e0a7,707b6ccf-c9d9-4c1d-97f4-516b572b2f9d,1697664067742855555
6a69421f-e399-4db8-897a-d8ef21b5e0a7,707b6ccf-c9d9-4c1d-97f4-516b572b2f9d,1697664067766844444
6a69421f-e399-4db8-897a-d8ef21b5e0a7,707b6ccf-c9d9-4c1d-97f4-516b572b2f9d,1697664067814011111
6a69421f-e399-4db8-897a-d8ef21b5e0a7,707b6ccf-c9d9-4c1d-97f4-516b572b2f9d,1697664067841711111
6a69421f-e399-4db8-897a-d8ef21b5e0a7,707b6ccf-c9d9-4c1d-97f4-516b572b2f9d,1697664067874300000
6a69421f-e399-4db8-897a-d8ef21b5e0a7,707b6ccf-c9d9-4c1d-97f4-516b572b2f9d,1697664067911211111
6a69421f-e399-4db8-897a-d8ef21b5e0a7,707b6ccf-c9d9-4c1d-97f4-516b572b2f9d,1697664067941144444
6a69421f-e399-4db8-897a-d8ef21b5e0a7,707b6ccf-c9d9-4c1d-97f4-516b572b2f9d,1697664067971100000
6a69421f-e399-4db8-897a-d8ef21b5e0a7,707b6ccf-c9d9-4c1d-97f4-516b572b2f9d,1697664068009777777
6a69421f-e399-4db8-897a-d8ef21b5e0a7,707b6ccf-c9d9-4c1d-97f4-516b572b2f9d,1697664068041588888
6a69421f-e399-4db8-897a-d8ef21b5e0a7,707b6ccf-c9d9-4c1d-97f4-516b572b2f9d,1697664068072688888
6a69421f-e399-4db8-897a-d8ef21b5e0a7,707b6ccf-c9d9-4c1d-97f4-516b572b2f9d,1697664068111177777
6a69421f-e399-4db8-897a-d8ef21b5e0a7,707b6ccf-c9d9-4c1d-97f4-516b572b2f9d,1697664068142111111
6a69421f-e399-4db8-897a-d8ef21b5e0a7,707b6ccf-c9d9-4c1d-97f4-516b572b2f9d,1697664068174877777
6a69421f-e399-4db8-897a-d8ef21b5e0a7,707b6ccf-c9d9-4c1d-97f4-516b572b2f9d,1697664068212211111
6a69421f-e399-4db8-897a-d8ef21b5e0a7,707b6ccf-c9d9-4c1d-97f4-516b572b2f9d,1697664068238322222
6a69421f-e399-4db8-897a-d8ef21b5e0a7,707b6ccf-c9d9-4c1d-97f4-516b572b2f9d,1697664068261355555
6a69421f-e399-4db8-897a-d8ef21b5e0a7,707b6ccf-c9d9-4c1d-97f4-516b572b2f9d,1697664068302033333
6a69421f-e399-4db8-897a-d8ef21b5e0a7,707b6ccf-c9d9-4c1d-97f4-516b572b2f9d,1697664068329900000
6a69421f-e399-4db8-897a-d8ef21b5e0a7,707b6ccf-c9d9-4c1d-97f4-516b572b2f9d,1697664068364100000
6a69421f-e399-4db8-897a-d8ef21b5e0a7,707b6ccf-c9d9-4c1d-97f4-516b572b2f9d,1697664068408422222
6a69421f-e399-4db8-897a-d8ef21b5e0a7,707b6ccf-c9d9-4c1d-97f4-516b572b2f9d,1697664068445000000
6a69421f-e399-4db8-897a-d8ef21b5e0a7,707b6ccf-c9d9-4c1d-97f4-516b572b2f9d,1697664068473922222
6a69421f-e399-4db8-897a-d8ef21b5e0a7,707b6ccf-c9d9-4c1d-97f4-516b572b2f9d,1697664068513633333
6a69421f-e399-4db8-897a-d8ef21b5e0a7,707b6ccf-c9d9-4c1d-97f4-516b572b2f9d,1697664068540977777
6a69421f-e399-4db8-897a-d8ef21b5e0a7,707b6ccf-c9d9-4c1d-97f4-516b572b2f9d,1697664068563155555
6a69421f-e399-4db8-897a-d8ef21b5e0a7,707b6ccf-c9d9-4c1d-97f4-516b572b2f9d,1697664068617666666
6a69421f-e399-4db8-897a-d8ef21b5e0a7,707b6ccf-c9d9-4c1d-97f4-516b572b2f9d,1697664068643333333
6a69421f-e399-4db8-897a-d8ef21b5e0a7,707b6ccf-c9d9-4c1d-97f4-516b572b2f9d,1697664068673844444
6a69421f-e399-4db8-897a-d8ef21b5e0a7,707b6ccf-c9d9-4c1d-97f4-516b572b2f9d,1697664068709466666
6a69421f-e399-4db8-897a-d8ef21b5e0a7,707b6ccf-c9d9-4c1d-97f4-516b572b2f9d,1697664068739833333
6a69421f-e399-4db8-897a-d8ef21b5e0a7,707b6ccf-c9d9-4c1d-97f4-516b572b2f9d,1697664068775944444
6a69421f-e399-4db8-897a-d8ef21b5e0a7,707b6ccf-c9d9-4c1d-97f4-516b572b2f9d,1697664068810955555
6a69421f-e399-4db8-897a-d8ef21b5e0a7,707b6ccf-c9d9-4c1d-97f4-516b572b2f9d,1697664068845188888
6a69421f-e399-4db8-897a-d8ef21b5e0a7,707b6ccf-c9d9-4c1d-97f4-516b572b2f9d,1697664068876866666
6a69421f-e399-4db8-897a-d8ef21b5e0a7,707b6ccf-c9d9-4c1d-97f4-516b572b2f9d,1697664068901288888
6a69421f-e399-4db8-897a-d8ef21b5e0a7,707b6ccf-c9d9-4c1d-97f4-516b572b2f9d,1697664068949966666
6a69421f-e399-4db8-897a-d8ef21b5e0a7,707b6ccf-c9d9-4c1d-97f4-516b572b2f9d,1697664068964622222
6a69421f-e399-4db8-897a-d8ef21b5e0a7,707b6ccf-c9d9-4c1d-97f4-516b572b2f9d,1697664069024777777
6a69421f-e399-4db8-897a-d8ef21b5e0a7,707b6ccf-c9d9-4c1d-97f4-516b572b2f9d,1697664069036544444
6a69421f-e399-4db8-897a-d8ef21b5e0a7,707b6ccf-c9d9-4c1d-97f4-516b572b2f9d,1697664069061988888
6a69421f-e399-4db8-897a-d8ef21b5e0a7,707b6ccf-c9d9-4c1d-97f4-516b572b2f9d,1697664069114711111
6a69421f-e399-4db8-897a-d8ef21b5e0a7,707b6ccf-c9d9-4c1d-97f4-516b572b2f9d,1697664069144566666
6a69421f-e399-4db8-897a-d8ef21b5e0a7,707b6ccf-c9d9-4c1d-97f4-516b572b2f9d,1697664069172744444
6a69421f-e399-4db8-897a-d8ef21b5e0a7,707b6ccf-c9d9-4c1d-97f4-516b572b2f9d,1697664069210666666
6a69421f-e399-4db8-897a-d8ef21b5e0a7,707b6ccf-c9d9-4c1d-97f4-516b572b2f9d,1697664069240577777
6a69421f-e399-4db8-897a-d8ef21b5e0a7,707b6ccf-c9d9-4c1d-97f4-516b572b2f9d,1697664069265233333
6a69421f-e399-4db8-897a-d8ef21b5e0a7,707b6ccf-c9d9-4c1d-97f4-516b572b2f9d,1697664069321433333
6a69421f-e399-4db8-897a-d8ef21b5e0a7,707b6ccf-c9d9-4c1d-97f4-516b572b2f9d,1697664069341677777
6a69421f-e399-4db8-897a-d8ef21b5e0a7,707b6ccf-c9d9-4c1d-97f4-516b572b2f9d,1697664069365600000
6a69421f-e399-4db8-897a-d8ef21b5e0a7,707b6ccf-c9d9-4c1d-97f4-516b572b2f9d,1697664069419500000
6a69421f-e399-4db8-897a-d8ef21b5e0a7,707b6ccf-c9d9-4c1d-97f4-516b572b2f9d,1697664069447066666
6a69421f-e399-4db8-897a-d8ef21b5e0a7,707b6ccf-c9d9-4c1d-97f4-516b572b2f9d,1697664069478377777
6a69421f-e399-4db8-897a-d8ef21b5e0a7,707b6ccf-c9d9-4c1d-97f4-516b572b2f9d,1697664069515377777
6a69421f-e399-4db8-897a-d8ef21b5e0a7,707b6ccf-c9d9-4c1d-97f4-516b572b2f9d,1697664069544100000
6a69421f-e399-4db8-897a-d8ef21b5e0a7,707b6ccf-c9d9-4c1d-97f4-516b572b2f9d,1697664069562533333
6a69421f-e399-4db8-897a-d8ef21b5e0a7,707b6ccf-c9d9-4c1d-97f4-516b572b2f9d,1697664069598544444
6a69421f-e399-4db8-897a-d8ef21b5e0a7,707b6ccf-c9d9-4c1d-97f4-516b572b2f9d,1697664069652933333
6a69421f-e399-4db8-897a-d8ef21b5e0a7,707b6ccf-c9d9-4c1d-97f4-516b572b2f9d,1697664069667722222
6a69421f-e399-4db8-897a-d8ef21b5e0a7,707b6ccf-c9d9-4c1d-97f4-516b572b2f9d,1697664069694744444
6a69421f-e399-4db8-897a-d8ef21b5e0a7,707b6ccf-c9d9-4c1d-97f4-516b572b2f9d,1697664069742466666
6a69421f-e399-4db8-897a-d8ef21b5e0a7,707b6ccf-c9d9-4c1d-97f4-516b572b2f9d,1697664069761988888
6a69421f-e399-4db8-897a-d8ef21b5e0a7,707b6ccf-c9d9-4c1d-97f4-516b572b2f9d,1697664069810811111
6a69421f-e399-4db8-897a-d8ef21b5e0a7,707b6ccf-c9d9-4c1d-97f4-516b572b2f9d,1697664069842100000
6a69421f-e399-4db8-897a-d8ef21b5e0a7,707b6ccf-c9d9-4c1d-97f4-516b572b2f9d,1697664069874744444
6a69421f-e399-4db8-897a-d8ef21b5e0a7,707b6ccf-c9d9-4c1d-97f4-516b572b2f9d,1697664069910066666
6a69421f-e399-4db8-897a-d8ef21b5e0a7,707b6ccf-c9d9-4c1d-97f4-516b572b2f9d,1697664069943211111
6a69421f-e399-4db8-897a-d8ef21b5e0a7,707b6ccf-c9d9-4c1d-97f4-516b572b2f9d,1697664069967766666
6a69421f-e399-4db8-897a-d8ef21b5e0a7,707b6ccf-c9d9-4c1d-97f4-516b572b2f9d,1697664070007811111
6a69421f-e399-4db8-897a-d8ef21b5e0a7,707b6ccf-c9d9-4c1d-97f4-516b572b2f9d,1697664070042988888
6a69421f-e399-4db8-897a-d8ef21b5e0a7,707b6ccf-c9d9-4c1d-97f4-516b572b2f9d,1697664070066033333
6a69421f-e399-4db8-897a-d8ef21b5e0a7,707b6ccf-c9d9-4c1d-97f4-516b572b2f9d,1697664070110677777
6a69421f-e399-4db8-897a-d8ef21b5e0a7,707b6ccf-c9d9-4c1d-97f4-516b572b2f9d,1697664070141933333
6a69421f-e399-4db8-897a-d8ef21b5e0a7,707b6ccf-c9d9-4c1d-97f4-516b572b2f9d,1697664070172344444
6a69421f-e399-4db8-897a-d8ef21b5e0a7,707b6ccf-c9d9-4c1d-97f4-516b572b2f9d,1697664070205955555
6a69421f-e399-4db8-897a-d8ef21b5e0a7,707b6ccf-c9d9-4c1d-97f4-516b572b2f9d,1697664070236600000
6a69421f-e399-4db8-897a-d8ef21b5e0a7,707b6ccf-c9d9-4c1d-97f4-516b572b2f9d,1697664070265933333
6a69421f-e399-4db8-897a-d8ef21b5e0a7,707b6ccf-c9d9-4c1d-97f4-516b572b2f9d,1697664070294866666
6a69421f-e399-4db8-897a-d8ef21b5e0a7,707b6ccf-c9d9-4c1d-97f4-516b572b2f9d,1697664070332255555
6a69421f-e399-4db8-897a-d8ef21b5e0a7,707b6ccf-c9d9-4c1d-97f4-516b572b2f9d,1697664070370877777
6a69421f-e399-4db8-897a-d8ef21b5e0a7,707b6ccf-c9d9-4c1d-97f4-516b572b2f9d,1697664070405133333
6a69421f-e399-4db8-897a-d8ef21b5e0a7,707b6ccf-c9d9-4c1d-97f4-516b572b2f9d,1697664070450388888
6a69421f-e399-4db8-897a-d8ef21b5e0a7,707b6ccf-c9d9-4c1d-97f4-516b572b2f9d,1697664070478366666
6a69421f-e399-4db8-897a-d8ef21b5e0a7,707b6ccf-c9d9-4c1d-97f4-516b572b2f9d,1697664070509122222
6a69421f-e399-4db8-897a-d8ef21b5e0a7,707b6ccf-c9d9-4c1d-97f4-516b572b2f9d,1697664070548388888
6a69421f-e399-4db8-897a-d8ef21b5e0a7,707b6ccf-c9d9-4c1d-97f4-516b572b2f9d,1697664070563488888
6a69421f-e399-4db8-897a-d8ef21b5e0a7,707b6ccf-c9d9-4c1d-97f4-516b572b2f9d,1697664070611300000
6a69421f-e399-4db8-897a-d8ef21b5e0a7,707b6ccf-c9d9-4c1d-97f4-516b572b2f9d,1697664070642711111
6a69421f-e399-4db8-897a-d8ef21b5e0a7,707b6ccf-c9d9-4c1d-97f4-516b572b2f9d,1697664070673100000
6a69421f-e399-4db8-897a-d8ef21b5e0a7,707b6ccf-c9d9-4c1d-97f4-516b572b2f9d,1697664070704255555
6a69421f-e399-4db8-897a-d8ef21b5e0a7,707b6ccf-c9d9-4c1d-97f4-516b572b2f9d,1697664070742355555
6a69421f-e399-4db8-897a-d8ef21b5e0a7,707b6ccf-c9d9-4c1d-97f4-516b572b2f9d,1697664070773266666
6a69421f-e399-4db8-897a-d8ef21b5e0a7,707b6ccf-c9d9-4c1d-97f4-516b572b2f9d,1697664070806411111
6a69421f-e399-4db8-897a-d8ef21b5e0a7,707b6ccf-c9d9-4c1d-97f4-516b572b2f9d,1697664070842200000
6a69421f-e399-4db8-897a-d8ef21b5e0a7,707b6ccf-c9d9-4c1d-97f4-516b572b2f9d,1697664070876122222
6a69421f-e399-4db8-897a-d8ef21b5e0a7,707b6ccf-c9d9-4c1d-97f4-516b572b2f9d,1697664070895511111
6a69421f-e399-4db8-897a-d8ef21b5e0a7,707b6ccf-c9d9-4c1d-97f4-516b572b2f9d,1697664070940344444
6a69421f-e399-4db8-897a-d8ef21b5e0a7,707b6ccf-c9d9-4c1d-97f4-516b572b2f9d,1697664070962833333
6a69421f-e399-4db8-897a-d8ef21b5e0a7,707b6ccf-c9d9-4c1d-97f4-516b572b2f9d,1697664071018066666
6a69421f-e399-4db8-897a-d8ef21b5e0a7,707b6ccf-c9d9-4c1d-97f4-516b572b2f9d,1697664071042100000
6a69421f-e399-4db8-897a-d8ef21b5e0a7,707b6ccf-c9d9-4c1d-97f4-516b572b2f9d,1697664071063155555
6a69421f-e399-4db8-897a-d8ef21b5e0a7,707b6ccf-c9d9-4c1d-97f4-516b572b2f9d,1697664071109811111
6a69421f-e399-4db8-897a-d8ef21b5e0a7,707b6ccf-c9d9-4c1d-97f4-516b572b2f9d,1697664071143300000
6a69421f-e399-4db8-897a-d8ef21b5e0a7,707b6ccf-c9d9-4c1d-97f4-516b572b2f9d,1697664071171566666
6a69421f-e399-4db8-897a-d8ef21b5e0a7,707b6ccf-c9d9-4c1d-97f4-516b572b2f9d,1697664071203066666
6a69421f-e399-4db8-897a-d8ef21b5e0a7,707b6ccf-c9d9-4c1d-97f4-516b572b2f9d,1697664071245855555
6a69421f-e399-4db8-897a-d8ef21b5e0a7,707b6ccf-c9d9-4c1d-97f4-516b572b2f9d,1697664071274866666
6a69421f-e399-4db8-897a-d8ef21b5e0a7,707b6ccf-c9d9-4c1d-97f4-516b572b2f9d,1697664071303988888
6a69421f-e399-4db8-897a-d8ef21b5e0a7,707b6ccf-c9d9-4c1d-97f4-516b572b2f9d,1697664071348000000
6a69421f-e399-4db8-897a-d8ef21b5e0a7,707b6ccf-c9d9-4c1d-97f4-516b572b2f9d,1697664071374744444
6a69421f-e399-4db8-897a-d8ef21b5e0a7,707b6ccf-c9d9-4c1d-97f4-516b572b2f9d,1697664071403788888
6a69421f-e399-4db8-897a-d8ef21b5e0a7,707b6ccf-c9d9-4c1d-97f4-516b572b2f9d,1697664071443333333
6a69421f-e399-4db8-897a-d8ef21b5e0a7,707b6ccf-c9d9-4c1d-97f4-516b572b2f9d,1697664071472622222
6a69421f-e399-4db8-897a-d8ef21b5e0a7,707b6ccf-c9d9-4c1d-97f4-516b572b2f9d,1697664071504477777
6a69421f-e399-4db8-897a-d8ef21b5e0a7,707b6ccf-c9d9-4c1d-97f4-516b572b2f9d,1697664071546888888
6a69421f-e399-4db8-897a-d8ef21b5e0a7,707b6ccf-c9d9-4c1d-97f4-516b572b2f9d,1697664071574255555
6a69421f-e399-4db8-897a-d8ef21b5e0a7,707b6ccf-c9d9-4c1d-97f4-516b572b2f9d,1697664071596133333
6a69421f-e399-4db8-897a-d8ef21b5e0a7,707b6ccf-c9d9-4c1d-97f4-516b572b2f9d,1697664071629911111
6a69421f-e399-4db8-897a-d8ef21b5e0a7,707b6ccf-c9d9-4c1d-97f4-516b572b2f9d,1697664071662744444
6a69421f-e399-4db8-897a-d8ef21b5e0a7,707b6ccf-c9d9-4c1d-97f4-516b572b2f9d,1697664071708633333
6a69421f-e399-4db8-897a-d8ef21b5e0a7,707b6ccf-c9d9-4c1d-97f4-516b572b2f9d,1697664071738466666
6a69421f-e399-4db8-897a-d8ef21b5e0a7,707b6ccf-c9d9-4c1d-97f4-516b572b2f9d,1697664071772255555
6a69421f-e399-4db8-897a-d8ef21b5e0a7,707b6ccf-c9d9-4c1d-97f4-516b572b2f9d,1697664071803155555
6a69421f-e399-4db8-897a-d8ef21b5e0a7,707b6ccf-c9d9-4c1d-97f4-516b572b2f9d,1697664071839955555
6a69421f-e399-4db8-897a-d8ef21b5e0a7,707b6ccf-c9d9-4c1d-97f4-516b572b2f9d,1697664071873000000
6a69421f-e399-4db8-897a-d8ef21b5e0a7,707b6ccf-c9d9-4c1d-97f4-516b572b2f9d,1697664071907800000
6a69421f-e399-4db8-897a-d8ef21b5e0a7,707b6ccf-c9d9-4c1d-97f4-516b572b2f9d,1697664071941388888
6a69421f-e399-4db8-897a-d8ef21b5e0a7,707b6ccf-c9d9-4c1d-97f4-516b572b2f9d,1697664071973744444
6a69421f-e399-4db8-897a-d8ef21b5e0a7,707b6ccf-c9d9-4c1d-97f4-516b572b2f9d,1697664072004855555
6a69421f-e399-4db8-897a-d8ef21b5e0a7,707b6ccf-c9d9-4c1d-97f4-516b572b2f9d,1697664072040144444
6a69421f-e399-4db8-897a-d8ef21b5e0a7,707b6ccf-c9d9-4c1d-97f4-516b572b2f9d,1697664072070977777
6a69421f-e399-4db8-897a-d8ef21b5e0a7,707b6ccf-c9d9-4c1d-97f4-516b572b2f9d,1697664072106544444
6a69421f-e399-4db8-897a-d8ef21b5e0a7,707b6ccf-c9d9-4c1d-97f4-516b572b2f9d,1697664072144055555
6a69421f-e399-4db8-897a-d8ef21b5e0a7,707b6ccf-c9d9-4c1d-97f4-516b572b2f9d,1697664072174888888
6a69421f-e399-4db8-897a-d8ef21b5e0a7,707b6ccf-c9d9-4c1d-97f4-516b572b2f9d,1697664072210788888
6a69421f-e399-4db8-897a-d8ef21b5e0a7,707b6ccf-c9d9-4c1d-97f4-516b572b2f9d,1697664072229433333
6a69421f-e399-4db8-897a-d8ef21b5e0a7,707b6ccf-c9d9-4c1d-97f4-516b572b2f9d,1697664072271355555
6a69421f-e399-4db8-897a-d8ef21b5e0a7,707b6ccf-c9d9-4c1d-97f4-516b572b2f9d,1697664072298255555
6a69421f-e399-4db8-897a-d8ef21b5e0a7,707b6ccf-c9d9-4c1d-97f4-516b572b2f9d,1697664072335911111
6a69421f-e399-4db8-897a-d8ef21b5e0a7,707b6ccf-c9d9-4c1d-97f4-516b572b2f9d,1697664072363033333
6a69421f-e399-4db8-897a-d8ef21b5e0a7,707b6ccf-c9d9-4c1d-97f4-516b572b2f9d,1697664072405233333
6a69421f-e399-4db8-897a-d8ef21b5e0a7,707b6ccf-c9d9-4c1d-97f4-516b572b2f9d,1697664072449933333
6a69421f-e399-4db8-897a-d8ef21b5e0a7,707b6ccf-c9d9-4c1d-97f4-516b572b2f9d,1697664072477311111
6a69421f-e399-4db8-897a-d8ef21b5e0a7,707b6ccf-c9d9-4c1d-97f4-516b572b2f9d,1697664072509477777
6a69421f-e399-4db8-897a-d8ef21b5e0a7,707b6ccf-c9d9-4c1d-97f4-516b572b2f9d,1697664072549933333
6a69421f-e399-4db8-897a-d8ef21b5e0a7,707b6ccf-c9d9-4c1d-97f4-516b572b2f9d,1697664072573822222
6a69421f-e399-4db8-897a-d8ef21b5e0a7,707b6ccf-c9d9-4c1d-97f4-516b572b2f9d,1697664072605944444
6a69421f-e399-4db8-897a-d8ef21b5e0a7,707b6ccf-c9d9-4c1d-97f4-516b572b2f9d,1697664072641822222
6a69421f-e399-4db8-897a-d8ef21b5e0a7,707b6ccf-c9d9-4c1d-97f4-516b572b2f9d,1697664072673222222
6a69421f-e399-4db8-897a-d8ef21b5e0a7,707b6ccf-c9d9-4c1d-97f4-516b572b2f9d,1697664072706677777
6a69421f-e399-4db8-897a-d8ef21b5e0a7,707b6ccf-c9d9-4c1d-97f4-516b572b2f9d,1697664072742844444
6a69421f-e399-4db8-897a-d8ef21b5e0a7,707b6ccf-c9d9-4c1d-97f4-516b572b2f9d,1697664072773988888
6a69421f-e399-4db8-897a-d8ef21b5e0a7,707b6ccf-c9d9-4c1d-97f4-516b572b2f9d,1697664072810177777
6a69421f-e399-4db8-897a-d8ef21b5e0a7,707b6ccf-c9d9-4c1d-97f4-516b572b2f9d,1697664072843388888
6a69421f-e399-4db8-897a-d8ef21b5e0a7,707b6ccf-c9d9-4c1d-97f4-516b572b2f9d,1697664072868377777
6a69421f-e399-4db8-897a-d8ef21b5e0a7,707b6ccf-c9d9-4c1d-97f4-516b572b2f9d,1697664072902977777
6a69421f-e399-4db8-897a-d8ef21b5e0a7,707b6ccf-c9d9-4c1d-97f4-516b572b2f9d,1697664072927400000
6a69421f-e399-4db8-897a-d8ef21b5e0a7,707b6ccf-c9d9-4c1d-97f4-516b572b2f9d,1697664072978155555
6a69421f-e399-4db8-897a-d8ef21b5e0a7,707b6ccf-c9d9-4c1d-97f4-516b572b2f9d,1697664073014644444
6a69421f-e399-4db8-897a-d8ef21b5e0a7,707b6ccf-c9d9-4c1d-97f4-516b572b2f9d,1697664073033888888
6a69421f-e399-4db8-897a-d8ef21b5e0a7,707b6ccf-c9d9-4c1d-97f4-516b572b2f9d,1697664073070944444
6a69421f-e399-4db8-897a-d8ef21b5e0a7,707b6ccf-c9d9-4c1d-97f4-516b572b2f9d,1697664073104044444
6a69421f-e399-4db8-897a-d8ef21b5e0a7,707b6ccf-c9d9-4c1d-97f4-516b572b2f9d,1697664073136833333
6a69421f-e399-4db8-897a-d8ef21b5e0a7,707b6ccf-c9d9-4c1d-97f4-516b572b2f9d,1697664073174655555
6a69421f-e399-4db8-897a-d8ef21b5e0a7,707b6ccf-c9d9-4c1d-97f4-516b572b2f9d,1697664073206677777
6a69421f-e399-4db8-897a-d8ef21b5e0a7,707b6ccf-c9d9-4c1d-97f4-516b572b2f9d,1697664073239211111
6a69421f-e399-4db8-897a-d8ef21b5e0a7,707b6ccf-c9d9-4c1d-97f4-516b572b2f9d,1697664073274188888
6a69421f-e399-4db8-897a-d8ef21b5e0a7,707b6ccf-c9d9-4c1d-97f4-516b572b2f9d,1697664073310300000
6a69421f-e399-4db8-897a-d8ef21b5e0a7,707b6ccf-c9d9-4c1d-97f4-516b572b2f9d,1697664073335844444
6a69421f-e399-4db8-897a-d8ef21b5e0a7,707b6ccf-c9d9-4c1d-97f4-516b572b2f9d,1697664073373011111
6a69421f-e399-4db8-897a-d8ef21b5e0a7,707b6ccf-c9d9-4c1d-97f4-516b572b2f9d,1697664073411811111
6a69421f-e399-4db8-897a-d8ef21b5e0a7,707b6ccf-c9d9-4c1d-97f4-516b572b2f9d,1697664073443344444
6a69421f-e399-4db8-897a-d8ef21b5e0a7,707b6ccf-c9d9-4c1d-97f4-516b572b2f9d,1697664073467222222
6a69421f-e399-4db8-897a-d8ef21b5e0a7,707b6ccf-c9d9-4c1d-97f4-516b572b2f9d,1697664073512600000
6a69421f-e399-4db8-897a-d8ef21b5e0a7,707b6ccf-c9d9-4c1d-97f4-516b572b2f9d,1697664073537966666
6a69421f-e399-4db8-897a-d8ef21b5e0a7,707b6ccf-c9d9-4c1d-97f4-516b572b2f9d,1697664073570033333
6a69421f-e399-4db8-897a-d8ef21b5e0a7,707b6ccf-c9d9-4c1d-97f4-516b572b2f9d,1697664073596755555
6a69421f-e399-4db8-897a-d8ef21b5e0a7,707b6ccf-c9d9-4c1d-97f4-516b572b2f9d,1697664073628655555
6a69421f-e399-4db8-897a-d8ef21b5e0a7,707b6ccf-c9d9-4c1d-97f4-516b572b2f9d,1697664073663644444
6a69421f-e399-4db8-897a-d8ef21b5e0a7,707b6ccf-c9d9-4c1d-97f4-516b572b2f9d,1697664073697255555
6a69421f-e399-4db8-897a-d8ef21b5e0a7,707b6ccf-c9d9-4c1d-97f4-516b572b2f9d,1697664073725622222
6a69421f-e399-4db8-897a-d8ef21b5e0a7,707b6ccf-c9d9-4c1d-97f4-516b572b2f9d,1697664073783422222
6a69421f-e399-4db8-897a-d8ef21b5e0a7,707b6ccf-c9d9-4c1d-97f4-516b572b2f9d,1697664073810922222
6a69421f-e399-4db8-897a-d8ef21b5e0a7,707b6ccf-c9d9-4c1d-97f4-516b572b2f9d,1697664073841722222
6a69421f-e399-4db8-897a-d8ef21b5e0a7,707b6ccf-c9d9-4c1d-97f4-516b572b2f9d,1697664073866922222
6a69421f-e399-4db8-897a-d8ef21b5e0a7,707b6ccf-c9d9-4c1d-97f4-516b572b2f9d,1697664073904155555
6a69421f-e399-4db8-897a-d8ef21b5e0a7,707b6ccf-c9d9-4c1d-97f4-516b572b2f9d,1697664073936100000
6a69421f-e399-4db8-897a-d8ef21b5e0a7,707b6ccf-c9d9-4c1d-97f4-516b572b2f9d,1697664073974955555
6a69421f-e399-4db8-897a-d8ef21b5e0a7,707b6ccf-c9d9-4c1d-97f4-516b572b2f9d,1697664074010311111
6a69421f-e399-4db8-897a-d8ef21b5e0a7,707b6ccf-c9d9-4c1d-97f4-516b572b2f9d,1697664074037888888
6a69421f-e399-4db8-897a-d8ef21b5e0a7,707b6ccf-c9d9-4c1d-97f4-516b572b2f9d,1697664074073166666
6a69421f-e399-4db8-897a-d8ef21b5e0a7,707b6ccf-c9d9-4c1d-97f4-516b572b2f9d,1697664074104944444
6a69421f-e399-4db8-897a-d8ef21b5e0a7,707b6ccf-c9d9-4c1d-97f4-516b572b2f9d,1697664074139200000
6a69421f-e399-4db8-897a-d8ef21b5e0a7,707b6ccf-c9d9-4c1d-97f4-516b572b2f9d,1697664074175588888
6a69421f-e399-4db8-897a-d8ef21b5e0a7,707b6ccf-c9d9-4c1d-97f4-516b572b2f9d,1697664074203366666
6a69421f-e399-4db8-897a-d8ef21b5e0a7,707b6ccf-c9d9-4c1d-97f4-516b572b2f9d,1697664074252644444
6a69421f-e399-4db8-897a-d8ef21b5e0a7,707b6ccf-c9d9-4c1d-97f4-516b572b2f9d,1697664074268200000
6a69421f-e399-4db8-897a-d8ef21b5e0a7,707b6ccf-c9d9-4c1d-97f4-516b572b2f9d,1697664074297111111
6a69421f-e399-4db8-897a-d8ef21b5e0a7,707b6ccf-c9d9-4c1d-97f4-516b572b2f9d,1697664074326822222
6a69421f-e399-4db8-897a-d8ef21b5e0a7,707b6ccf-c9d9-4c1d-97f4-516b572b2f9d,1697664074366677777
6a69421f-e399-4db8-897a-d8ef21b5e0a7,707b6ccf-c9d9-4c1d-97f4-516b572b2f9d,1697664074398055555
6a69421f-e399-4db8-897a-d8ef21b5e0a7,707b6ccf-c9d9-4c1d-97f4-516b572b2f9d,1697664074434800000
6a69421f-e399-4db8-897a-d8ef21b5e0a7,707b6ccf-c9d9-4c1d-97f4-516b572b2f9d,1697664074480311111
6a69421f-e399-4db8-897a-d8ef21b5e0a7,707b6ccf-c9d9-4c1d-97f4-516b572b2f9d,1697664074512211111
6a69421f-e399-4db8-897a-d8ef21b5e0a7,707b6ccf-c9d9-4c1d-97f4-516b572b2f9d,1697664074542311111
6a69421f-e399-4db8-897a-d8ef21b5e0a7,707b6ccf-c9d9-4c1d-97f4-516b572b2f9d,1697664074563122222
6a69421f-e399-4db8-897a-d8ef21b5e0a7,707b6ccf-c9d9-4c1d-97f4-516b572b2f9d,1697664074614122222
6a69421f-e399-4db8-897a-d8ef21b5e0a7,707b6ccf-c9d9-4c1d-97f4-516b572b2f9d,1697664074641133333
6a69421f-e399-4db8-897a-d8ef21b5e0a7,707b6ccf-c9d9-4c1d-97f4-516b572b2f9d,1697664074668122222
6a69421f-e399-4db8-897a-d8ef21b5e0a7,707b6ccf-c9d9-4c1d-97f4-516b572b2f9d,1697664074704144444
6a69421f-e399-4db8-897a-d8ef21b5e0a7,707b6ccf-c9d9-4c1d-97f4-516b572b2f9d,1697664074742033333
6a69421f-e399-4db8-897a-d8ef21b5e0a7,707b6ccf-c9d9-4c1d-97f4-516b572b2f9d,1697664074772544444
6a69421f-e399-4db8-897a-d8ef21b5e0a7,707b6ccf-c9d9-4c1d-97f4-516b572b2f9d,1697664074812511111
6a69421f-e399-4db8-897a-d8ef21b5e0a7,707b6ccf-c9d9-4c1d-97f4-516b572b2f9d,1697664074839111111
6a69421f-e399-4db8-897a-d8ef21b5e0a7,707b6ccf-c9d9-4c1d-97f4-516b572b2f9d,1697664074876444444
6a69421f-e399-4db8-897a-d8ef21b5e0a7,707b6ccf-c9d9-4c1d-97f4-516b572b2f9d,1697664074911755555
6a69421f-e399-4db8-897a-d8ef21b5e0a7,707b6ccf-c9d9-4c1d-97f4-516b572b2f9d,1697664074933788888
6a69421f-e399-4db8-897a-d8ef21b5e0a7,707b6ccf-c9d9-4c1d-97f4-516b572b2f9d,1697664074966966666
6a69421f-e399-4db8-897a-d8ef21b5e0a7,707b6ccf-c9d9-4c1d-97f4-516b572b2f9d,1697664074999777777
6a69421f-e399-4db8-897a-d8ef21b5e0a7,707b6ccf-c9d9-4c1d-97f4-516b572b2f9d,1697664075026755555
6a69421f-e399-4db8-897a-d8ef21b5e0a7,707b6ccf-c9d9-4c1d-97f4-516b572b2f9d,1697664075079022222
6a69421f-e399-4db8-897a-d8ef21b5e0a7,707b6ccf-c9d9-4c1d-97f4-516b572b2f9d,1697664075106822222
6a69421f-e399-4db8-897a-d8ef21b5e0a7,707b6ccf-c9d9-4c1d-97f4-516b572b2f9d,1697664075138377777
6a69421f-e399-4db8-897a-d8ef21b5e0a7,707b6ccf-c9d9-4c1d-97f4-516b572b2f9d,1697664075178088888
6a69421f-e399-4db8-897a-d8ef21b5e0a7,707b6ccf-c9d9-4c1d-97f4-516b572b2f9d,1697664075212222222
6a69421f-e399-4db8-897a-d8ef21b5e0a7,707b6ccf-c9d9-4c1d-97f4-516b572b2f9d,1697664075243355555
6a69421f-e399-4db8-897a-d8ef21b5e0a7,707b6ccf-c9d9-4c1d-97f4-516b572b2f9d,1697664075272077777
6a69421f-e399-4db8-897a-d8ef21b5e0a7,707b6ccf-c9d9-4c1d-97f4-516b572b2f9d,1697664075313677777
6a69421f-e399-4db8-897a-d8ef21b5e0a7,707b6ccf-c9d9-4c1d-97f4-516b572b2f9d,1697664075342122222
6a69421f-e399-4db8-897a-d8ef21b5e0a7,707b6ccf-c9d9-4c1d-97f4-516b572b2f9d,1697664075377844444
6a69421f-e399-4db8-897a-d8ef21b5e0a7,707b6ccf-c9d9-4c1d-97f4-516b572b2f9d,1697664075408366666
6a69421f-e399-4db8-897a-d8ef21b5e0a7,707b6ccf-c9d9-4c1d-97f4-516b572b2f9d,1697664075441344444
6a69421f-e399-4db8-897a-d8ef21b5e0a7,707b6ccf-c9d9-4c1d-97f4-516b572b2f9d,1697664075465711111
6a69421f-e399-4db8-897a-d8ef21b5e0a7,707b6ccf-c9d9-4c1d-97f4-516b572b2f9d,1697664075509811111
6a69421f-e399-4db8-897a-d8ef21b5e0a7,707b6ccf-c9d9-4c1d-97f4-516b572b2f9d,1697664075538266666
6a69421f-e399-4db8-897a-d8ef21b5e0a7,707b6ccf-c9d9-4c1d-97f4-516b572b2f9d,1697664075579011111
6a69421f-e399-4db8-897a-d8ef21b5e0a7,707b6ccf-c9d9-4c1d-97f4-516b572b2f9d,1697664075597155555
6a69421f-e399-4db8-897a-d8ef21b5e0a7,707b6ccf-c9d9-4c1d-97f4-516b572b2f9d,1697664075629122222
6a69421f-e399-4db8-897a-d8ef21b5e0a7,707b6ccf-c9d9-4c1d-97f4-516b572b2f9d,1697664075678511111
6a69421f-e399-4db8-897a-d8ef21b5e0a7,707b6ccf-c9d9-4c1d-97f4-516b572b2f9d,1697664075698233333
6a69421f-e399-4db8-897a-d8ef21b5e0a7,707b6ccf-c9d9-4c1d-97f4-516b572b2f9d,1697664075736988888
6a69421f-e399-4db8-897a-d8ef21b5e0a7,707b6ccf-c9d9-4c1d-97f4-516b572b2f9d,1697664075771788888
6a69421f-e399-4db8-897a-d8ef21b5e0a7,707b6ccf-c9d9-4c1d-97f4-516b572b2f9d,1697664075807511111
6a69421f-e399-4db8-897a-d8ef21b5e0a7,707b6ccf-c9d9-4c1d-97f4-516b572b2f9d,1697664075839366666
6a69421f-e399-4db8-897a-d8ef21b5e0a7,707b6ccf-c9d9-4c1d-97f4-516b572b2f9d,1697664075874888888
6a69421f-e399-4db8-897a-d8ef21b5e0a7,707b6ccf-c9d9-4c1d-97f4-516b572b2f9d,1697664075903500000
6a69421f-e399-4db8-897a-d8ef21b5e0a7,707b6ccf-c9d9-4c1d-97f4-516b572b2f9d,1697664075938555555
6a69421f-e399-4db8-897a-d8ef21b5e0a7,707b6ccf-c9d9-4c1d-97f4-516b572b2f9d,1697664075974366666
6a69421f-e399-4db8-897a-d8ef21b5e0a7,707b6ccf-c9d9-4c1d-97f4-516b572b2f9d,1697664076006322222
6a69421f-e399-4db8-897a-d8ef21b5e0a7,707b6ccf-c9d9-4c1d-97f4-516b572b2f9d,1697664076036611111
6a69421f-e399-4db8-897a-d8ef21b5e0a7,707b6ccf-c9d9-4c1d-97f4-516b572b2f9d,1697664076073833333
6a69421f-e399-4db8-897a-d8ef21b5e0a7,707b6ccf-c9d9-4c1d-97f4-516b572b2f9d,1697664076104088888
6a69421f-e399-4db8-897a-d8ef21b5e0a7,707b6ccf-c9d9-4c1d-97f4-516b572b2f9d,1697664076139000000
6a69421f-e399-4db8-897a-d8ef21b5e0a7,707b6ccf-c9d9-4c1d-97f4-516b572b2f9d,1697664076178177777
6a69421f-e399-4db8-897a-d8ef21b5e0a7,707b6ccf-c9d9-4c1d-97f4-516b572b2f9d,1697664076211188888
6a69421f-e399-4db8-897a-d8ef21b5e0a7,707b6ccf-c9d9-4c1d-97f4-516b572b2f9d,1697664076242044444
6a69421f-e399-4db8-897a-d8ef21b5e0a7,707b6ccf-c9d9-4c1d-97f4-516b572b2f9d,1697664076258777777
6a69421f-e399-4db8-897a-d8ef21b5e0a7,707b6ccf-c9d9-4c1d-97f4-516b572b2f9d,1697664076307122222
6a69421f-e399-4db8-897a-d8ef21b5e0a7,707b6ccf-c9d9-4c1d-97f4-516b572b2f9d,1697664076329955555
6a69421f-e399-4db8-897a-d8ef21b5e0a7,707b6ccf-c9d9-4c1d-97f4-516b572b2f9d,1697664076359122222
6a69421f-e399-4db8-897a-d8ef21b5e0a7,707b6ccf-c9d9-4c1d-97f4-516b572b2f9d,1697664076394844444
6a69421f-e399-4db8-897a-d8ef21b5e0a7,707b6ccf-c9d9-4c1d-97f4-516b572b2f9d,1697664076437622222
6a69421f-e399-4db8-897a-d8ef21b5e0a7,707b6ccf-c9d9-4c1d-97f4-516b572b2f9d,1697664076470066666
6a69421f-e399-4db8-897a-d8ef21b5e0a7,707b6ccf-c9d9-4c1d-97f4-516b572b2f9d,1697664076504555555
6a69421f-e399-4db8-897a-d8ef21b5e0a7,707b6ccf-c9d9-4c1d-97f4-516b572b2f9d,1697664076538622222
6a69421f-e399-4db8-897a-d8ef21b5e0a7,707b6ccf-c9d9-4c1d-97f4-516b572b2f9d,1697664076569677777
6a69421f-e399-4db8-897a-d8ef21b5e0a7,707b6ccf-c9d9-4c1d-97f4-516b572b2f9d,1697664076606588888
6a69421f-e399-4db8-897a-d8ef21b5e0a7,707b6ccf-c9d9-4c1d-97f4-516b572b2f9d,1697664076638522222
6a69421f-e399-4db8-897a-d8ef21b5e0a7,707b6ccf-c9d9-4c1d-97f4-516b572b2f9d,1697664076673444444
6a69421f-e399-4db8-897a-d8ef21b5e0a7,707b6ccf-c9d9-4c1d-97f4-516b572b2f9d,1697664076709755555
6a69421f-e399-4db8-897a-d8ef21b5e0a7,707b6ccf-c9d9-4c1d-97f4-516b572b2f9d,1697664076738844444
6a69421f-e399-4db8-897a-d8ef21b5e0a7,707b6ccf-c9d9-4c1d-97f4-516b572b2f9d,1697664076775366666
6a69421f-e399-4db8-897a-d8ef21b5e0a7,707b6ccf-c9d9-4c1d-97f4-516b572b2f9d,1697664076807522222
6a69421f-e399-4db8-897a-d8ef21b5e0a7,707b6ccf-c9d9-4c1d-97f4-516b572b2f9d,1697664076842933333
6a69421f-e399-4db8-897a-d8ef21b5e0a7,707b6ccf-c9d9-4c1d-97f4-516b572b2f9d,1697664076873622222
6a69421f-e399-4db8-897a-d8ef21b5e0a7,707b6ccf-c9d9-4c1d-97f4-516b572b2f9d,1697664076912511111
6a69421f-e399-4db8-897a-d8ef21b5e0a7,707b6ccf-c9d9-4c1d-97f4-516b572b2f9d,1697664076949677777
6a69421f-e399-4db8-897a-d8ef21b5e0a7,707b6ccf-c9d9-4c1d-97f4-516b572b2f9d,1697664076961166666
6a69421f-e399-4db8-897a-d8ef21b5e0a7,707b6ccf-c9d9-4c1d-97f4-516b572b2f9d,1697664076995400000
6a69421f-e399-4db8-897a-d8ef21b5e0a7,707b6ccf-c9d9-4c1d-97f4-516b572b2f9d,1697664077027111111
6a69421f-e399-4db8-897a-d8ef21b5e0a7,707b6ccf-c9d9-4c1d-97f4-516b572b2f9d,1697664077062033333
6a69421f-e399-4db8-897a-d8ef21b5e0a7,707b6ccf-c9d9-4c1d-97f4-516b572b2f9d,1697664077103244444
6a69421f-e399-4db8-897a-d8ef21b5e0a7,707b6ccf-c9d9-4c1d-97f4-516b572b2f9d,1697664077138644444
6a69421f-e399-4db8-897a-d8ef21b5e0a7,707b6ccf-c9d9-4c1d-97f4-516b572b2f9d,1697664077171888888
6a69421f-e399-4db8-897a-d8ef21b5e0a7,707b6ccf-c9d9-4c1d-97f4-516b572b2f9d,1697664077205900000
6a69421f-e399-4db8-897a-d8ef21b5e0a7,707b6ccf-c9d9-4c1d-97f4-516b572b2f9d,1697664077238855555
6a69421f-e399-4db8-897a-d8ef21b5e0a7,707b6ccf-c9d9-4c1d-97f4-516b572b2f9d,1697664077272188888
6a69421f-e399-4db8-897a-d8ef21b5e0a7,707b6ccf-c9d9-4c1d-97f4-516b572b2f9d,1697664077304755555
6a69421f-e399-4db8-897a-d8ef21b5e0a7,707b6ccf-c9d9-4c1d-97f4-516b572b2f9d,1697664077338622222
6a69421f-e399-4db8-897a-d8ef21b5e0a7,707b6ccf-c9d9-4c1d-97f4-516b572b2f9d,1697664077370900000
6a69421f-e399-4db8-897a-d8ef21b5e0a7,707b6ccf-c9d9-4c1d-97f4-516b572b2f9d,1697664077404333333
6a69421f-e399-4db8-897a-d8ef21b5e0a7,707b6ccf-c9d9-4c1d-97f4-516b572b2f9d,1697664077439544444
6a69421f-e399-4db8-897a-d8ef21b5e0a7,707b6ccf-c9d9-4c1d-97f4-516b572b2f9d,1697664077473344444
6a69421f-e399-4db8-897a-d8ef21b5e0a7,707b6ccf-c9d9-4c1d-97f4-516b572b2f9d,1697664077509200000
6a69421f-e399-4db8-897a-d8ef21b5e0a7,707b6ccf-c9d9-4c1d-97f4-516b572b2f9d,1697664077539977777
6a69421f-e399-4db8-897a-d8ef21b5e0a7,707b6ccf-c9d9-4c1d-97f4-516b572b2f9d,1697664077571333333
6a69421f-e399-4db8-897a-d8ef21b5e0a7,707b6ccf-c9d9-4c1d-97f4-516b572b2f9d,1697664077596444444
6a69421f-e399-4db8-897a-d8ef21b5e0a7,707b6ccf-c9d9-4c1d-97f4-516b572b2f9d,1697664077629877777
6a69421f-e399-4db8-897a-d8ef21b5e0a7,707b6ccf-c9d9-4c1d-97f4-516b572b2f9d,1697664077658833333
6a69421f-e399-4db8-897a-d8ef21b5e0a7,707b6ccf-c9d9-4c1d-97f4-516b572b2f9d,1697664077697166666
6a69421f-e399-4db8-897a-d8ef21b5e0a7,707b6ccf-c9d9-4c1d-97f4-516b572b2f9d,1697664077739733333
6a69421f-e399-4db8-897a-d8ef21b5e0a7,707b6ccf-c9d9-4c1d-97f4-516b572b2f9d,1697664077758122222
6a69421f-e399-4db8-897a-d8ef21b5e0a7,707b6ccf-c9d9-4c1d-97f4-516b572b2f9d,1697664077809877777
6a69421f-e399-4db8-897a-d8ef21b5e0a7,707b6ccf-c9d9-4c1d-97f4-516b572b2f9d,1697664077837277777
6a69421f-e399-4db8-897a-d8ef21b5e0a7,707b6ccf-c9d9-4c1d-97f4-516b572b2f9d,1697664077870944444
6a69421f-e399-4db8-897a-d8ef21b5e0a7,707b6ccf-c9d9-4c1d-97f4-516b572b2f9d,1697664077905944444
6a69421f-e399-4db8-897a-d8ef21b5e0a7,707b6ccf-c9d9-4c1d-97f4-516b572b2f9d,1697664077938322222
6a69421f-e399-4db8-897a-d8ef21b5e0a7,707b6ccf-c9d9-4c1d-97f4-516b572b2f9d,1697664077970233333
6a69421f-e399-4db8-897a-d8ef21b5e0a7,707b6ccf-c9d9-4c1d-97f4-516b572b2f9d,1697664078004611111
6a69421f-e399-4db8-897a-d8ef21b5e0a7,707b6ccf-c9d9-4c1d-97f4-516b572b2f9d,1697664078040055555
6a69421f-e399-4db8-897a-d8ef21b5e0a7,707b6ccf-c9d9-4c1d-97f4-516b572b2f9d,1697664078072111111
6a69421f-e399-4db8-897a-d8ef21b5e0a7,707b6ccf-c9d9-4c1d-97f4-516b572b2f9d,1697664078105266666
6a69421f-e399-4db8-897a-d8ef21b5e0a7,707b6ccf-c9d9-4c1d-97f4-516b572b2f9d,1697664078139344444
6a69421f-e399-4db8-897a-d8ef21b5e0a7,707b6ccf-c9d9-4c1d-97f4-516b572b2f9d,1697664078171111111
6a69421f-e399-4db8-897a-d8ef21b5e0a7,707b6ccf-c9d9-4c1d-97f4-516b572b2f9d,1697664078205333333
6a69421f-e399-4db8-897a-d8ef21b5e0a7,707b6ccf-c9d9-4c1d-97f4-516b572b2f9d,1697664078237466666
6a69421f-e399-4db8-897a-d8ef21b5e0a7,707b6ccf-c9d9-4c1d-97f4-516b572b2f9d,1697664078265711111
6a69421f-e399-4db8-897a-d8ef21b5e0a7,707b6ccf-c9d9-4c1d-97f4-516b572b2f9d,1697664078298711111
6a69421f-e399-4db8-897a-d8ef21b5e0a7,707b6ccf-c9d9-4c1d-97f4-516b572b2f9d,1697664078326900000
6a69421f-e399-4db8-897a-d8ef21b5e0a7,707b6ccf-c9d9-4c1d-97f4-516b572b2f9d,1697664078366100000
6a69421f-e399-4db8-897a-d8ef21b5e0a7,707b6ccf-c9d9-4c1d-97f4-516b572b2f9d,1697664078394144444
6a69421f-e399-4db8-897a-d8ef21b5e0a7,707b6ccf-c9d9-4c1d-97f4-516b572b2f9d,1697664078435844444
6a69421f-e399-4db8-897a-d8ef21b5e0a7,707b6ccf-c9d9-4c1d-97f4-516b572b2f9d,1697664078469966666
6a69421f-e399-4db8-897a-d8ef21b5e0a7,707b6ccf-c9d9-4c1d-97f4-516b572b2f9d,1697664078507144444
6a69421f-e399-4db8-897a-d8ef21b5e0a7,707b6ccf-c9d9-4c1d-97f4-516b572b2f9d,1697664078536577777
6a69421f-e399-4db8-897a-d8ef21b5e0a7,707b6ccf-c9d9-4c1d-97f4-516b572b2f9d,1697664078568266666
6a69421f-e399-4db8-897a-d8ef21b5e0a7,707b6ccf-c9d9-4c1d-97f4-516b572b2f9d,1697664078611488888
6a69421f-e399-4db8-897a-d8ef21b5e0a7,707b6ccf-c9d9-4c1d-97f4-516b572b2f9d,1697664078638544444
6a69421f-e399-4db8-897a-d8ef21b5e0a7,707b6ccf-c9d9-4c1d-97f4-516b572b2f9d,1697664078672088888
6a69421f-e399-4db8-897a-d8ef21b5e0a7,707b6ccf-c9d9-4c1d-97f4-516b572b2f9d,1697664078706100000
6a69421f-e399-4db8-897a-d8ef21b5e0a7,707b6ccf-c9d9-4c1d-97f4-516b572b2f9d,1697664078737488888
6a69421f-e399-4db8-897a-d8ef21b5e0a7,707b6ccf-c9d9-4c1d-97f4-516b572b2f9d,1697664078767000000
6a69421f-e399-4db8-897a-d8ef21b5e0a7,707b6ccf-c9d9-4c1d-97f4-516b572b2f9d,1697664078807022222
6a69421f-e399-4db8-897a-d8ef21b5e0a7,707b6ccf-c9d9-4c1d-97f4-516b572b2f9d,1697664078838477777
6a69421f-e399-4db8-897a-d8ef21b5e0a7,707b6ccf-c9d9-4c1d-97f4-516b572b2f9d,1697664078874166666
6a69421f-e399-4db8-897a-d8ef21b5e0a7,707b6ccf-c9d9-4c1d-97f4-516b572b2f9d,1697664078913333333
6a69421f-e399-4db8-897a-d8ef21b5e0a7,707b6ccf-c9d9-4c1d-97f4-516b572b2f9d,1697664078944755555
6a69421f-e399-4db8-897a-d8ef21b5e0a7,707b6ccf-c9d9-4c1d-97f4-516b572b2f9d,1697664078970400000
6a69421f-e399-4db8-897a-d8ef21b5e0a7,707b6ccf-c9d9-4c1d-97f4-516b572b2f9d,1697664078994188888
6a69421f-e399-4db8-897a-d8ef21b5e0a7,707b6ccf-c9d9-4c1d-97f4-516b572b2f9d,1697664079036800000
6a69421f-e399-4db8-897a-d8ef21b5e0a7,707b6ccf-c9d9-4c1d-97f4-516b572b2f9d,1697664079056844444
6a69421f-e399-4db8-897a-d8ef21b5e0a7,707b6ccf-c9d9-4c1d-97f4-516b572b2f9d,1697664079092911111
6a69421f-e399-4db8-897a-d8ef21b5e0a7,707b6ccf-c9d9-4c1d-97f4-516b572b2f9d,1697664079140044444
6a69421f-e399-4db8-897a-d8ef21b5e0a7,707b6ccf-c9d9-4c1d-97f4-516b572b2f9d,1697664079168044444
6a69421f-e399-4db8-897a-d8ef21b5e0a7,707b6ccf-c9d9-4c1d-97f4-516b572b2f9d,1697664079214522222
6a69421f-e399-4db8-897a-d8ef21b5e0a7,707b6ccf-c9d9-4c1d-97f4-516b572b2f9d,1697664079242644444
6a69421f-e399-4db8-897a-d8ef21b5e0a7,707b6ccf-c9d9-4c1d-97f4-516b572b2f9d,1697664079259033333
6a69421f-e399-4db8-897a-d8ef21b5e0a7,707b6ccf-c9d9-4c1d-97f4-516b572b2f9d,1697664079311433333
6a69421f-e399-4db8-897a-d8ef21b5e0a7,707b6ccf-c9d9-4c1d-97f4-516b572b2f9d,1697664079343188888
6a69421f-e399-4db8-897a-d8ef21b5e0a7,707b6ccf-c9d9-4c1d-97f4-516b572b2f9d,1697664079359622222
6a69421f-e399-4db8-897a-d8ef21b5e0a7,707b6ccf-c9d9-4c1d-97f4-516b572b2f9d,1697664079409922222
6a69421f-e399-4db8-897a-d8ef21b5e0a7,707b6ccf-c9d9-4c1d-97f4-516b572b2f9d,1697664079438933333
6a69421f-e399-4db8-897a-d8ef21b5e0a7,707b6ccf-c9d9-4c1d-97f4-516b572b2f9d,1697664079471111111
6a69421f-e399-4db8-897a-d8ef21b5e0a7,707b6ccf-c9d9-4c1d-97f4-516b572b2f9d,1697664079503844444
6a69421f-e399-4db8-897a-d8ef21b5e0a7,707b6ccf-c9d9-4c1d-97f4-516b572b2f9d,1697664079542688888
6a69421f-e399-4db8-897a-d8ef21b5e0a7,707b6ccf-c9d9-4c1d-97f4-516b572b2f9d,1697664079568588888
6a69421f-e399-4db8-897a-d8ef21b5e0a7,707b6ccf-c9d9-4c1d-97f4-516b572b2f9d,1697664079601577777
6a69421f-e399-4db8-897a-d8ef21b5e0a7,707b6ccf-c9d9-4c1d-97f4-516b572b2f9d,1697664079628977777
6a69421f-e399-4db8-897a-d8ef21b5e0a7,707b6ccf-c9d9-4c1d-97f4-516b572b2f9d,1697664079681811111
6a69421f-e399-4db8-897a-d8ef21b5e0a7,707b6ccf-c9d9-4c1d-97f4-516b572b2f9d,1697664079692511111
6a69421f-e399-4db8-897a-d8ef21b5e0a7,707b6ccf-c9d9-4c1d-97f4-516b572b2f9d,1697664079726377777
6a69421f-e399-4db8-897a-d8ef21b5e0a7,707b6ccf-c9d9-4c1d-97f4-516b572b2f9d,1697664079768088888
6a69421f-e399-4db8-897a-d8ef21b5e0a7,707b6ccf-c9d9-4c1d-97f4-516b572b2f9d,1697664079801100000
6a69421f-e399-4db8-897a-d8ef21b5e0a7,707b6ccf-c9d9-4c1d-97f4-516b572b2f9d,1697664079839322222
6a69421f-e399-4db8-897a-d8ef21b5e0a7,707b6ccf-c9d9-4c1d-97f4-516b572b2f9d,1697664079872622222
6a69421f-e399-4db8-897a-d8ef21b5e0a7,707b6ccf-c9d9-4c1d-97f4-516b572b2f9d,1697664079902911111
6a69421f-e399-4db8-897a-d8ef21b5e0a7,707b6ccf-c9d9-4c1d-97f4-516b572b2f9d,1697664079937644444
6a69421f-e399-4db8-897a-d8ef21b5e0a7,707b6ccf-c9d9-4c1d-97f4-516b572b2f9d,1697664079972322222
6a69421f-e399-4db8-897a-d8ef21b5e0a7,707b6ccf-c9d9-4c1d-97f4-516b572b2f9d,1697664080006500000
6a69421f-e399-4db8-897a-d8ef21b5e0a7,707b6ccf-c9d9-4c1d-97f4-516b572b2f9d,1697664080037644444
6a69421f-e399-4db8-897a-d8ef21b5e0a7,707b6ccf-c9d9-4c1d-97f4-516b572b2f9d,1697664080071088888
6a69421f-e399-4db8-897a-d8ef21b5e0a7,707b6ccf-c9d9-4c1d-97f4-516b572b2f9d,1697664080103166666
6a69421f-e399-4db8-897a-d8ef21b5e0a7,707b6ccf-c9d9-4c1d-97f4-516b572b2f9d,1697664080137100000
6a69421f-e399-4db8-897a-d8ef21b5e0a7,707b6ccf-c9d9-4c1d-97f4-516b572b2f9d,1697664080171444444
6a69421f-e399-4db8-897a-d8ef21b5e0a7,707b6ccf-c9d9-4c1d-97f4-516b572b2f9d,1697664080203144444
6a69421f-e399-4db8-897a-d8ef21b5e0a7,707b6ccf-c9d9-4c1d-97f4-516b572b2f9d,1697664080230900000
6a69421f-e399-4db8-897a-d8ef21b5e0a7,707b6ccf-c9d9-4c1d-97f4-516b572b2f9d,1697664080274755555
6a69421f-e399-4db8-897a-d8ef21b5e0a7,707b6ccf-c9d9-4c1d-97f4-516b572b2f9d,1697664080311088888
6a69421f-e399-4db8-897a-d8ef21b5e0a7,707b6ccf-c9d9-4c1d-97f4-516b572b2f9d,1697664080329077777
6a69421f-e399-4db8-897a-d8ef21b5e0a7,707b6ccf-c9d9-4c1d-97f4-516b572b2f9d,1697664080377288888
6a69421f-e399-4db8-897a-d8ef21b5e0a7,707b6ccf-c9d9-4c1d-97f4-516b572b2f9d,1697664080393277777
6a69421f-e399-4db8-897a-d8ef21b5e0a7,707b6ccf-c9d9-4c1d-97f4-516b572b2f9d,1697664080426366666
6a69421f-e399-4db8-897a-d8ef21b5e0a7,707b6ccf-c9d9-4c1d-97f4-516b572b2f9d,1697664080468255555
6a69421f-e399-4db8-897a-d8ef21b5e0a7,707b6ccf-c9d9-4c1d-97f4-516b572b2f9d,1697664080501600000
6a69421f-e399-4db8-897a-d8ef21b5e0a7,707b6ccf-c9d9-4c1d-97f4-516b572b2f9d,1697664080541588888
6a69421f-e399-4db8-897a-d8ef21b5e0a7,707b6ccf-c9d9-4c1d-97f4-516b572b2f9d,1697664080574277777
6a69421f-e399-4db8-897a-d8ef21b5e0a7,707b6ccf-c9d9-4c1d-97f4-516b572b2f9d,1697664080602511111
6a69421f-e399-4db8-897a-d8ef21b5e0a7,707b6ccf-c9d9-4c1d-97f4-516b572b2f9d,1697664080632211111
6a69421f-e399-4db8-897a-d8ef21b5e0a7,707b6ccf-c9d9-4c1d-97f4-516b572b2f9d,1697664080669844444
6a69421f-e399-4db8-897a-d8ef21b5e0a7,707b6ccf-c9d9-4c1d-97f4-516b572b2f9d,1697664080702166666
6a69421f-e399-4db8-897a-d8ef21b5e0a7,707b6ccf-c9d9-4c1d-97f4-516b572b2f9d,1697664080741922222
6a69421f-e399-4db8-897a-d8ef21b5e0a7,707b6ccf-c9d9-4c1d-97f4-516b572b2f9d,1697664080772622222
6a69421f-e399-4db8-897a-d8ef21b5e0a7,707b6ccf-c9d9-4c1d-97f4-516b572b2f9d,1697664080803533333
6a69421f-e399-4db8-897a-d8ef21b5e0a7,707b6ccf-c9d9-4c1d-97f4-516b572b2f9d,1697664080833422222
6a69421f-e399-4db8-897a-d8ef21b5e0a7,707b6ccf-c9d9-4c1d-97f4-516b572b2f9d,1697664080872588888
6a69421f-e399-4db8-897a-d8ef21b5e0a7,707b6ccf-c9d9-4c1d-97f4-516b572b2f9d,1697664080909000000
6a69421f-e399-4db8-897a-d8ef21b5e0a7,707b6ccf-c9d9-4c1d-97f4-516b572b2f9d,1697664080945800000
6a69421f-e399-4db8-897a-d8ef21b5e0a7,707b6ccf-c9d9-4c1d-97f4-516b572b2f9d,1697664080960622222
6a69421f-e399-4db8-897a-d8ef21b5e0a7,707b6ccf-c9d9-4c1d-97f4-516b572b2f9d,1697664081012944444
6a69421f-e399-4db8-897a-d8ef21b5e0a7,707b6ccf-c9d9-4c1d-97f4-516b572b2f9d,1697664081028566666
6a69421f-e399-4db8-897a-d8ef21b5e0a7,707b6ccf-c9d9-4c1d-97f4-516b572b2f9d,1697664081059800000
6a69421f-e399-4db8-897a-d8ef21b5e0a7,707b6ccf-c9d9-4c1d-97f4-516b572b2f9d,1697664081090544444
6a69421f-e399-4db8-897a-d8ef21b5e0a7,707b6ccf-c9d9-4c1d-97f4-516b572b2f9d,1697664081143288888
6a69421f-e399-4db8-897a-d8ef21b5e0a7,707b6ccf-c9d9-4c1d-97f4-516b572b2f9d,1697664081174711111
6a69421f-e399-4db8-897a-d8ef21b5e0a7,707b6ccf-c9d9-4c1d-97f4-516b572b2f9d,1697664081203455555
6a69421f-e399-4db8-897a-d8ef21b5e0a7,707b6ccf-c9d9-4c1d-97f4-516b572b2f9d,1697664081232611111
6a69421f-e399-4db8-897a-d8ef21b5e0a7,707b6ccf-c9d9-4c1d-97f4-516b572b2f9d,1697664081271288888
6a69421f-e399-4db8-897a-d8ef21b5e0a7,707b6ccf-c9d9-4c1d-97f4-516b572b2f9d,1697664081302288888
6a69421f-e399-4db8-897a-d8ef21b5e0a7,707b6ccf-c9d9-4c1d-97f4-516b572b2f9d,1697664081337044444
6a69421f-e399-4db8-897a-d8ef21b5e0a7,707b6ccf-c9d9-4c1d-97f4-516b572b2f9d,1697664081370677777
6a69421f-e399-4db8-897a-d8ef21b5e0a7,707b6ccf-c9d9-4c1d-97f4-516b572b2f9d,1697664081405144444
6a69421f-e399-4db8-897a-d8ef21b5e0a7,707b6ccf-c9d9-4c1d-97f4-516b572b2f9d,1697664081443833333
6a69421f-e399-4db8-897a-d8ef21b5e0a7,707b6ccf-c9d9-4c1d-97f4-516b572b2f9d,1697664081470866666
6a69421f-e399-4db8-897a-d8ef21b5e0a7,707b6ccf-c9d9-4c1d-97f4-516b572b2f9d,1697664081502944444
6a69421f-e399-4db8-897a-d8ef21b5e0a7,707b6ccf-c9d9-4c1d-97f4-516b572b2f9d,1697664081539488888
6a69421f-e399-4db8-897a-d8ef21b5e0a7,707b6ccf-c9d9-4c1d-97f4-516b572b2f9d,1697664081570666666
6a69421f-e399-4db8-897a-d8ef21b5e0a7,707b6ccf-c9d9-4c1d-97f4-516b572b2f9d,1697664081608411111
6a69421f-e399-4db8-897a-d8ef21b5e0a7,707b6ccf-c9d9-4c1d-97f4-516b572b2f9d,1697664081630455555
6a69421f-e399-4db8-897a-d8ef21b5e0a7,707b6ccf-c9d9-4c1d-97f4-516b572b2f9d,1697664081665066666
6a69421f-e399-4db8-897a-d8ef21b5e0a7,707b6ccf-c9d9-4c1d-97f4-516b572b2f9d,1697664081705611111
6a69421f-e399-4db8-897a-d8ef21b5e0a7,707b6ccf-c9d9-4c1d-97f4-516b572b2f9d,1697664081729300000
6a69421f-e399-4db8-897a-d8ef21b5e0a7,707b6ccf-c9d9-4c1d-97f4-516b572b2f9d,1697664081758555555
6a69421f-e399-4db8-897a-d8ef21b5e0a7,707b6ccf-c9d9-4c1d-97f4-516b572b2f9d,1697664081790011111
6a69421f-e399-4db8-897a-d8ef21b5e0a7,707b6ccf-c9d9-4c1d-97f4-516b572b2f9d,1697664081845355555
6a69421f-e399-4db8-897a-d8ef21b5e0a7,707b6ccf-c9d9-4c1d-97f4-516b572b2f9d,1697664081870388888
6a69421f-e399-4db8-897a-d8ef21b5e0a7,707b6ccf-c9d9-4c1d-97f4-516b572b2f9d,1697664081901388888
6a69421f-e399-4db8-897a-d8ef21b5e0a7,707b6ccf-c9d9-4c1d-97f4-516b572b2f9d,1697664081935288888
6a69421f-e399-4db8-897a-d8ef21b5e0a7,707b6ccf-c9d9-4c1d-97f4-516b572b2f9d,1697664081971033333
6a69421f-e399-4db8-897a-d8ef21b5e0a7,707b6ccf-c9d9-4c1d-97f4-516b572b2f9d,1697664082003355555
6a69421f-e399-4db8-897a-d8ef21b5e0a7,707b6ccf-c9d9-4c1d-97f4-516b572b2f9d,1697664082038322222
6a69421f-e399-4db8-897a-d8ef21b5e0a7,707b6ccf-c9d9-4c1d-97f4-516b572b2f9d,1697664082068922222
6a69421f-e399-4db8-897a-d8ef21b5e0a7,707b6ccf-c9d9-4c1d-97f4-516b572b2f9d,1697664082100755555
6a69421f-e399-4db8-897a-d8ef21b5e0a7,707b6ccf-c9d9-4c1d-97f4-516b572b2f9d,1697664082133211111
6a69421f-e399-4db8-897a-d8ef21b5e0a7,707b6ccf-c9d9-4c1d-97f4-516b572b2f9d,1697664082170533333
6a69421f-e399-4db8-897a-d8ef21b5e0a7,707b6ccf-c9d9-4c1d-97f4-516b572b2f9d,1697664082199522222
6a69421f-e399-4db8-897a-d8ef21b5e0a7,707b6ccf-c9d9-4c1d-97f4-516b572b2f9d,1697664082245044444
6a69421f-e399-4db8-897a-d8ef21b5e0a7,707b6ccf-c9d9-4c1d-97f4-516b572b2f9d,1697664082275511111
6a69421f-e399-4db8-897a-d8ef21b5e0a7,707b6ccf-c9d9-4c1d-97f4-516b572b2f9d,1697664082292055555
6a69421f-e399-4db8-897a-d8ef21b5e0a7,707b6ccf-c9d9-4c1d-97f4-516b572b2f9d,1697664082334366666
6a69421f-e399-4db8-897a-d8ef21b5e0a7,707b6ccf-c9d9-4c1d-97f4-516b572b2f9d,1697664082384188888
6a69421f-e399-4db8-897a-d8ef21b5e0a7,707b6ccf-c9d9-4c1d-97f4-516b572b2f9d,1697664082396311111
6a69421f-e399-4db8-897a-d8ef21b5e0a7,707b6ccf-c9d9-4c1d-97f4-516b572b2f9d,1697664082441588888
6a69421f-e399-4db8-897a-d8ef21b5e0a7,707b6ccf-c9d9-4c1d-97f4-516b572b2f9d,1697664082457477777
6a69421f-e399-4db8-897a-d8ef21b5e0a7,707b6ccf-c9d9-4c1d-97f4-516b572b2f9d,1697664082508177777
6a69421f-e399-4db8-897a-d8ef21b5e0a7,707b6ccf-c9d9-4c1d-97f4-516b572b2f9d,1697664082538033333
6a69421f-e399-4db8-897a-d8ef21b5e0a7,707b6ccf-c9d9-4c1d-97f4-516b572b2f9d,1697664082575000000
6a69421f-e399-4db8-897a-d8ef21b5e0a7,707b6ccf-c9d9-4c1d-97f4-516b572b2f9d,1697664082602388888
6a69421f-e399-4db8-897a-d8ef21b5e0a7,707b6ccf-c9d9-4c1d-97f4-516b572b2f9d,1697664082632644444
6a69421f-e399-4db8-897a-d8ef21b5e0a7,707b6ccf-c9d9-4c1d-97f4-516b572b2f9d,1697664082675133333
6a69421f-e399-4db8-897a-d8ef21b5e0a7,707b6ccf-c9d9-4c1d-97f4-516b572b2f9d,1697664082698888888
6a69421f-e399-4db8-897a-d8ef21b5e0a7,707b6ccf-c9d9-4c1d-97f4-516b572b2f9d,1697664082736144444
6a69421f-e399-4db8-897a-d8ef21b5e0a7,707b6ccf-c9d9-4c1d-97f4-516b572b2f9d,1697664082770155555
6a69421f-e399-4db8-897a-d8ef21b5e0a7,707b6ccf-c9d9-4c1d-97f4-516b572b2f9d,1697664082800822222
6a69421f-e399-4db8-897a-d8ef21b5e0a7,707b6ccf-c9d9-4c1d-97f4-516b572b2f9d,1697664082826611111
6a69421f-e399-4db8-897a-d8ef21b5e0a7,707b6ccf-c9d9-4c1d-97f4-516b572b2f9d,1697664082872011111
6a69421f-e399-4db8-897a-d8ef21b5e0a7,707b6ccf-c9d9-4c1d-97f4-516b572b2f9d,1697664082902111111
6a69421f-e399-4db8-897a-d8ef21b5e0a7,707b6ccf-c9d9-4c1d-97f4-516b572b2f9d,1697664082941088888
6a69421f-e399-4db8-897a-d8ef21b5e0a7,707b6ccf-c9d9-4c1d-97f4-516b572b2f9d,1697664082959388888
6a69421f-e399-4db8-897a-d8ef21b5e0a7,707b6ccf-c9d9-4c1d-97f4-516b572b2f9d,1697664082990955555
6a69421f-e399-4db8-897a-d8ef21b5e0a7,707b6ccf-c9d9-4c1d-97f4-516b572b2f9d,1697664083027033333
6a69421f-e399-4db8-897a-d8ef21b5e0a7,707b6ccf-c9d9-4c1d-97f4-516b572b2f9d,1697664083066333333
6a69421f-e399-4db8-897a-d8ef21b5e0a7,707b6ccf-c9d9-4c1d-97f4-516b572b2f9d,1697664083103644444
6a69421f-e399-4db8-897a-d8ef21b5e0a7,707b6ccf-c9d9-4c1d-97f4-516b572b2f9d,1697664083121800000
6a69421f-e399-4db8-897a-d8ef21b5e0a7,707b6ccf-c9d9-4c1d-97f4-516b572b2f9d,1697664083171811111
6a69421f-e399-4db8-897a-d8ef21b5e0a7,707b6ccf-c9d9-4c1d-97f4-516b572b2f9d,1697664083201977777
6a69421f-e399-4db8-897a-d8ef21b5e0a7,707b6ccf-c9d9-4c1d-97f4-516b572b2f9d,1697664083225877777
6a69421f-e399-4db8-897a-d8ef21b5e0a7,707b6ccf-c9d9-4c1d-97f4-516b572b2f9d,1697664083281288888
6a69421f-e399-4db8-897a-d8ef21b5e0a7,707b6ccf-c9d9-4c1d-97f4-516b572b2f9d,1697664083302833333
6a69421f-e399-4db8-897a-d8ef21b5e0a7,707b6ccf-c9d9-4c1d-97f4-516b572b2f9d,1697664083334022222
6a69421f-e399-4db8-897a-d8ef21b5e0a7,707b6ccf-c9d9-4c1d-97f4-516b572b2f9d,1697664083371633333
6a69421f-e399-4db8-897a-d8ef21b5e0a7,707b6ccf-c9d9-4c1d-97f4-516b572b2f9d,1697664083400022222
6a69421f-e399-4db8-897a-d8ef21b5e0a7,707b6ccf-c9d9-4c1d-97f4-516b572b2f9d,1697664083433533333
6a69421f-e399-4db8-897a-d8ef21b5e0a7,707b6ccf-c9d9-4c1d-97f4-516b572b2f9d,1697664083470155555
6a69421f-e399-4db8-897a-d8ef21b5e0a7,707b6ccf-c9d9-4c1d-97f4-516b572b2f9d,1697664083502244444
6a69421f-e399-4db8-897a-d8ef21b5e0a7,707b6ccf-c9d9-4c1d-97f4-516b572b2f9d,1697664083535100000
6a69421f-e399-4db8-897a-d8ef21b5e0a7,707b6ccf-c9d9-4c1d-97f4-516b572b2f9d,1697664083571122222
6a69421f-e399-4db8-897a-d8ef21b5e0a7,707b6ccf-c9d9-4c1d-97f4-516b572b2f9d,1697664083603100000
6a69421f-e399-4db8-897a-d8ef21b5e0a7,707b6ccf-c9d9-4c1d-97f4-516b572b2f9d,1697664083623722222
6a69421f-e399-4db8-897a-d8ef21b5e0a7,707b6ccf-c9d9-4c1d-97f4-516b572b2f9d,1697664083658944444
6a69421f-e399-4db8-897a-d8ef21b5e0a7,707b6ccf-c9d9-4c1d-97f4-516b572b2f9d,1697664083697644444
6a69421f-e399-4db8-897a-d8ef21b5e0a7,707b6ccf-c9d9-4c1d-97f4-516b572b2f9d,1697664083722155555
6a69421f-e399-4db8-897a-d8ef21b5e0a7,707b6ccf-c9d9-4c1d-97f4-516b572b2f9d,1697664083774855555
6a69421f-e399-4db8-897a-d8ef21b5e0a7,707b6ccf-c9d9-4c1d-97f4-516b572b2f9d,1697664083802755555
6a69421f-e399-4db8-897a-d8ef21b5e0a7,707b6ccf-c9d9-4c1d-97f4-516b572b2f9d,1697664083822211111
6a69421f-e399-4db8-897a-d8ef21b5e0a7,707b6ccf-c9d9-4c1d-97f4-516b572b2f9d,1697664083878100000
6a69421f-e399-4db8-897a-d8ef21b5e0a7,707b6ccf-c9d9-4c1d-97f4-516b572b2f9d,1697664083902888888
6a69421f-e399-4db8-897a-d8ef21b5e0a7,707b6ccf-c9d9-4c1d-97f4-516b572b2f9d,1697664083925222222
6a69421f-e399-4db8-897a-d8ef21b5e0a7,707b6ccf-c9d9-4c1d-97f4-516b572b2f9d,1697664083973500000
6a69421f-e399-4db8-897a-d8ef21b5e0a7,707b6ccf-c9d9-4c1d-97f4-516b572b2f9d,1697664084010622222
6a69421f-e399-4db8-897a-d8ef21b5e0a7,707b6ccf-c9d9-4c1d-97f4-516b572b2f9d,1697664084035933333
6a69421f-e399-4db8-897a-d8ef21b5e0a7,707b6ccf-c9d9-4c1d-97f4-516b572b2f9d,1697664084073155555
6a69421f-e399-4db8-897a-d8ef21b5e0a7,707b6ccf-c9d9-4c1d-97f4-516b572b2f9d,1697664084102877777
6a69421f-e399-4db8-897a-d8ef21b5e0a7,707b6ccf-c9d9-4c1d-97f4-516b572b2f9d,1697664084124144444
6a69421f-e399-4db8-897a-d8ef21b5e0a7,707b6ccf-c9d9-4c1d-97f4-516b572b2f9d,1697664084172233333
6a69421f-e399-4db8-897a-d8ef21b5e0a7,707b6ccf-c9d9-4c1d-97f4-516b572b2f9d,1697664084202611111
6a69421f-e399-4db8-897a-d8ef21b5e0a7,707b6ccf-c9d9-4c1d-97f4-516b572b2f9d,1697664084227644444
6a69421f-e399-4db8-897a-d8ef21b5e0a7,707b6ccf-c9d9-4c1d-97f4-516b572b2f9d,1697664084277400000
6a69421f-e399-4db8-897a-d8ef21b5e0a7,707b6ccf-c9d9-4c1d-97f4-516b572b2f9d,1697664084319766666
6a69421f-e399-4db8-897a-d8ef21b5e0a7,707b6ccf-c9d9-4c1d-97f4-516b572b2f9d,1697664084334188888
6a69421f-e399-4db8-897a-d8ef21b5e0a7,707b6ccf-c9d9-4c1d-97f4-516b572b2f9d,1697664084358711111
6a69421f-e399-4db8-897a-d8ef21b5e0a7,707b6ccf-c9d9-4c1d-97f4-516b572b2f9d,1697664084389911111
6a69421f-e399-4db8-897a-d8ef21b5e0a7,707b6ccf-c9d9-4c1d-97f4-516b572b2f9d,1697664084428500000
6a69421f-e399-4db8-897a-d8ef21b5e0a7,707b6ccf-c9d9-4c1d-97f4-516b572b2f9d,1697664084468966666
6a69421f-e399-4db8-897a-d8ef21b5e0a7,707b6ccf-c9d9-4c1d-97f4-516b572b2f9d,1697664084499622222
6a69421f-e399-4db8-897a-d8ef21b5e0a7,707b6ccf-c9d9-4c1d-97f4-516b572b2f9d,1697664084533522222
6a69421f-e399-4db8-897a-d8ef21b5e0a7,707b6ccf-c9d9-4c1d-97f4-516b572b2f9d,1697664084570233333
6a69421f-e399-4db8-897a-d8ef21b5e0a7,707b6ccf-c9d9-4c1d-97f4-516b572b2f9d,1697664084600988888
6a69421f-e399-4db8-897a-d8ef21b5e0a7,707b6ccf-c9d9-4c1d-97f4-516b572b2f9d,1697664084624555555
6a69421f-e399-4db8-897a-d8ef21b5e0a7,707b6ccf-c9d9-4c1d-97f4-516b572b2f9d,1697664084670977777
6a69421f-e399-4db8-897a-d8ef21b5e0a7,707b6ccf-c9d9-4c1d-97f4-516b572b2f9d,1697664084704422222
6a69421f-e399-4db8-897a-d8ef21b5e0a7,707b6ccf-c9d9-4c1d-97f4-516b572b2f9d,1697664084732000000
6a69421f-e399-4db8-897a-d8ef21b5e0a7,707b6ccf-c9d9-4c1d-97f4-516b572b2f9d,1697664084770166666
6a69421f-e399-4db8-897a-d8ef21b5e0a7,707b6ccf-c9d9-4c1d-97f4-516b572b2f9d,1697664084803288888
6a69421f-e399-4db8-897a-d8ef21b5e0a7,707b6ccf-c9d9-4c1d-97f4-516b572b2f9d,1697664084834088888
6a69421f-e399-4db8-897a-d8ef21b5e0a7,707b6ccf-c9d9-4c1d-97f4-516b572b2f9d,1697664084870422222
6a69421f-e399-4db8-897a-d8ef21b5e0a7,707b6ccf-c9d9-4c1d-97f4-516b572b2f9d,1697664084903988888
6a69421f-e399-4db8-897a-d8ef21b5e0a7,707b6ccf-c9d9-4c1d-97f4-516b572b2f9d,1697664084933577777
6a69421f-e399-4db8-897a-d8ef21b5e0a7,707b6ccf-c9d9-4c1d-97f4-516b572b2f9d,1697664084964777777
6a69421f-e399-4db8-897a-d8ef21b5e0a7,707b6ccf-c9d9-4c1d-97f4-516b572b2f9d,1697664085000188888
6a69421f-e399-4db8-897a-d8ef21b5e0a7,707b6ccf-c9d9-4c1d-97f4-516b572b2f9d,1697664085021066666
6a69421f-e399-4db8-897a-d8ef21b5e0a7,707b6ccf-c9d9-4c1d-97f4-516b572b2f9d,1697664085067366666
6a69421f-e399-4db8-897a-d8ef21b5e0a7,707b6ccf-c9d9-4c1d-97f4-516b572b2f9d,1697664085094233333
6a69421f-e399-4db8-897a-d8ef21b5e0a7,707b6ccf-c9d9-4c1d-97f4-516b572b2f9d,1697664085132388888
6a69421f-e399-4db8-897a-d8ef21b5e0a7,707b6ccf-c9d9-4c1d-97f4-516b572b2f9d,1697664085167955555
6a69421f-e399-4db8-897a-d8ef21b5e0a7,707b6ccf-c9d9-4c1d-97f4-516b572b2f9d,1697664085206711111
6a69421f-e399-4db8-897a-d8ef21b5e0a7,707b6ccf-c9d9-4c1d-97f4-516b572b2f9d,1697664085235044444
6a69421f-e399-4db8-897a-d8ef21b5e0a7,707b6ccf-c9d9-4c1d-97f4-516b572b2f9d,1697664085265844444
6a69421f-e399-4db8-897a-d8ef21b5e0a7,707b6ccf-c9d9-4c1d-97f4-516b572b2f9d,1697664085302700000
6a69421f-e399-4db8-897a-d8ef21b5e0a7,707b6ccf-c9d9-4c1d-97f4-516b572b2f9d,1697664085331255555
6a69421f-e399-4db8-897a-d8ef21b5e0a7,707b6ccf-c9d9-4c1d-97f4-516b572b2f9d,1697664085371377777
6a69421f-e399-4db8-897a-d8ef21b5e0a7,707b6ccf-c9d9-4c1d-97f4-516b572b2f9d,1697664085403488888
6a69421f-e399-4db8-897a-d8ef21b5e0a7,707b6ccf-c9d9-4c1d-97f4-516b572b2f9d,1697664085431988888
6a69421f-e399-4db8-897a-d8ef21b5e0a7,707b6ccf-c9d9-4c1d-97f4-516b572b2f9d,1697664085471122222
6a69421f-e399-4db8-897a-d8ef21b5e0a7,707b6ccf-c9d9-4c1d-97f4-516b572b2f9d,1697664085509566666
6a69421f-e399-4db8-897a-d8ef21b5e0a7,707b6ccf-c9d9-4c1d-97f4-516b572b2f9d,1697664085535077777
6a69421f-e399-4db8-897a-d8ef21b5e0a7,707b6ccf-c9d9-4c1d-97f4-516b572b2f9d,1697664085569077777
6a69421f-e399-4db8-897a-d8ef21b5e0a7,707b6ccf-c9d9-4c1d-97f4-516b572b2f9d,1697664085602322222
6a69421f-e399-4db8-897a-d8ef21b5e0a7,707b6ccf-c9d9-4c1d-97f4-516b572b2f9d,1697664085627011111
6a69421f-e399-4db8-897a-d8ef21b5e0a7,707b6ccf-c9d9-4c1d-97f4-516b572b2f9d,1697664085682733333
6a69421f-e399-4db8-897a-d8ef21b5e0a7,707b6ccf-c9d9-4c1d-97f4-516b572b2f9d,1697664085698755555
6a69421f-e399-4db8-897a-d8ef21b5e0a7,707b6ccf-c9d9-4c1d-97f4-516b572b2f9d,1697664085721566666
6a69421f-e399-4db8-897a-d8ef21b5e0a7,707b6ccf-c9d9-4c1d-97f4-516b572b2f9d,1697664085761333333
6a69421f-e399-4db8-897a-d8ef21b5e0a7,707b6ccf-c9d9-4c1d-97f4-516b572b2f9d,1697664085790455555
6a69421f-e399-4db8-897a-d8ef21b5e0a7,707b6ccf-c9d9-4c1d-97f4-516b572b2f9d,1697664085836022222
6a69421f-e399-4db8-897a-d8ef21b5e0a7,707b6ccf-c9d9-4c1d-97f4-516b572b2f9d,1697664085864166666
6a69421f-e399-4db8-897a-d8ef21b5e0a7,707b6ccf-c9d9-4c1d-97f4-516b572b2f9d,1697664085907722222
6a69421f-e399-4db8-897a-d8ef21b5e0a7,707b6ccf-c9d9-4c1d-97f4-516b572b2f9d,1697664085934533333
6a69421f-e399-4db8-897a-d8ef21b5e0a7,707b6ccf-c9d9-4c1d-97f4-516b572b2f9d,1697664085965755555
6a69421f-e399-4db8-897a-d8ef21b5e0a7,707b6ccf-c9d9-4c1d-97f4-516b572b2f9d,1697664086001788888
6a69421f-e399-4db8-897a-d8ef21b5e0a7,707b6ccf-c9d9-4c1d-97f4-516b572b2f9d,1697664086034377777
6a69421f-e399-4db8-897a-d8ef21b5e0a7,707b6ccf-c9d9-4c1d-97f4-516b572b2f9d,1697664086065666666
6a69421f-e399-4db8-897a-d8ef21b5e0a7,707b6ccf-c9d9-4c1d-97f4-516b572b2f9d,1697664086104611111
6a69421f-e399-4db8-897a-d8ef21b5e0a7,707b6ccf-c9d9-4c1d-97f4-516b572b2f9d,1697664086134344444
6a69421f-e399-4db8-897a-d8ef21b5e0a7,707b6ccf-c9d9-4c1d-97f4-516b572b2f9d,1697664086163677777
6a69421f-e399-4db8-897a-d8ef21b5e0a7,707b6ccf-c9d9-4c1d-97f4-516b572b2f9d,1697664086207011111
6a69421f-e399-4db8-897a-d8ef21b5e0a7,707b6ccf-c9d9-4c1d-97f4-516b572b2f9d,1697664086233822222
6a69421f-e399-4db8-897a-d8ef21b5e0a7,707b6ccf-c9d9-4c1d-97f4-516b572b2f9d,1697664086268288888
6a69421f-e399-4db8-897a-d8ef21b5e0a7,707b6ccf-c9d9-4c1d-97f4-516b572b2f9d,1697664086299777777
6a69421f-e399-4db8-897a-d8ef21b5e0a7,707b6ccf-c9d9-4c1d-97f4-516b572b2f9d,1697664086323444444
6a69421f-e399-4db8-897a-d8ef21b5e0a7,707b6ccf-c9d9-4c1d-97f4-516b572b2f9d,1697664086365122222
6a69421f-e399-4db8-897a-d8ef21b5e0a7,707b6ccf-c9d9-4c1d-97f4-516b572b2f9d,1697664086405222222
6a69421f-e399-4db8-897a-d8ef21b5e0a7,707b6ccf-c9d9-4c1d-97f4-516b572b2f9d,1697664086423288888
6a69421f-e399-4db8-897a-d8ef21b5e0a7,707b6ccf-c9d9-4c1d-97f4-516b572b2f9d,1697664086462055555
6a69421f-e399-4db8-897a-d8ef21b5e0a7,707b6ccf-c9d9-4c1d-97f4-516b572b2f9d,1697664086504755555
6a69421f-e399-4db8-897a-d8ef21b5e0a7,707b6ccf-c9d9-4c1d-97f4-516b572b2f9d,1697664086541266666
6a69421f-e399-4db8-897a-d8ef21b5e0a7,707b6ccf-c9d9-4c1d-97f4-516b572b2f9d,1697664086555744444
6a69421f-e399-4db8-897a-d8ef21b5e0a7,707b6ccf-c9d9-4c1d-97f4-516b572b2f9d,1697664086606733333
6a69421f-e399-4db8-897a-d8ef21b5e0a7,707b6ccf-c9d9-4c1d-97f4-516b572b2f9d,1697664086634600000
6a69421f-e399-4db8-897a-d8ef21b5e0a7,707b6ccf-c9d9-4c1d-97f4-516b572b2f9d,1697664086671533333
6a69421f-e399-4db8-897a-d8ef21b5e0a7,707b6ccf-c9d9-4c1d-97f4-516b572b2f9d,1697664086701122222
6a69421f-e399-4db8-897a-d8ef21b5e0a7,707b6ccf-c9d9-4c1d-97f4-516b572b2f9d,1697664086724800000
6a69421f-e399-4db8-897a-d8ef21b5e0a7,707b6ccf-c9d9-4c1d-97f4-516b572b2f9d,1697664086769011111
6a69421f-e399-4db8-897a-d8ef21b5e0a7,707b6ccf-c9d9-4c1d-97f4-516b572b2f9d,1697664086804944444
6a69421f-e399-4db8-897a-d8ef21b5e0a7,707b6ccf-c9d9-4c1d-97f4-516b572b2f9d,1697664086834177777
6a69421f-e399-4db8-897a-d8ef21b5e0a7,707b6ccf-c9d9-4c1d-97f4-516b572b2f9d,1697664086863733333
6a69421f-e399-4db8-897a-d8ef21b5e0a7,707b6ccf-c9d9-4c1d-97f4-516b572b2f9d,1697664086906677777
6a69421f-e399-4db8-897a-d8ef21b5e0a7,707b6ccf-c9d9-4c1d-97f4-516b572b2f9d,1697664086934244444
6a69421f-e399-4db8-897a-d8ef21b5e0a7,707b6ccf-c9d9-4c1d-97f4-516b572b2f9d,1697664086980744444
6a69421f-e399-4db8-897a-d8ef21b5e0a7,707b6ccf-c9d9-4c1d-97f4-516b572b2f9d,1697664086994588888
6a69421f-e399-4db8-897a-d8ef21b5e0a7,707b6ccf-c9d9-4c1d-97f4-516b572b2f9d,1697664087021866666
6a69421f-e399-4db8-897a-d8ef21b5e0a7,707b6ccf-c9d9-4c1d-97f4-516b572b2f9d,1697664087053344444
6a69421f-e399-4db8-897a-d8ef21b5e0a7,707b6ccf-c9d9-4c1d-97f4-516b572b2f9d,1697664087095733333
6a69421f-e399-4db8-897a-d8ef21b5e0a7,707b6ccf-c9d9-4c1d-97f4-516b572b2f9d,1697664087121033333
6a69421f-e399-4db8-897a-d8ef21b5e0a7,707b6ccf-c9d9-4c1d-97f4-516b572b2f9d,1697664087168077777
6a69421f-e399-4db8-897a-d8ef21b5e0a7,707b6ccf-c9d9-4c1d-97f4-516b572b2f9d,1697664087202766666
6a69421f-e399-4db8-897a-d8ef21b5e0a7,707b6ccf-c9d9-4c1d-97f4-516b572b2f9d,1697664087224811111
6a69421f-e399-4db8-897a-d8ef21b5e0a7,707b6ccf-c9d9-4c1d-97f4-516b572b2f9d,1697664087274600000
6a69421f-e399-4db8-897a-d8ef21b5e0a7,707b6ccf-c9d9-4c1d-97f4-516b572b2f9d,1697664087302944444
6a69421f-e399-4db8-897a-d8ef21b5e0a7,707b6ccf-c9d9-4c1d-97f4-516b572b2f9d,1697664087328844444
6a69421f-e399-4db8-897a-d8ef21b5e0a7,707b6ccf-c9d9-4c1d-97f4-516b572b2f9d,1697664087371400000
6a69421f-e399-4db8-897a-d8ef21b5e0a7,707b6ccf-c9d9-4c1d-97f4-516b572b2f9d,1697664087404644444
6a69421f-e399-4db8-897a-d8ef21b5e0a7,707b6ccf-c9d9-4c1d-97f4-516b572b2f9d,1697664087425166666
6a69421f-e399-4db8-897a-d8ef21b5e0a7,707b6ccf-c9d9-4c1d-97f4-516b572b2f9d,1697664087478088888
6a69421f-e399-4db8-897a-d8ef21b5e0a7,707b6ccf-c9d9-4c1d-97f4-516b572b2f9d,1697664087503755555
6a69421f-e399-4db8-897a-d8ef21b5e0a7,707b6ccf-c9d9-4c1d-97f4-516b572b2f9d,1697664087529155555
6a69421f-e399-4db8-897a-d8ef21b5e0a7,707b6ccf-c9d9-4c1d-97f4-516b572b2f9d,1697664087569788888
6a69421f-e399-4db8-897a-d8ef21b5e0a7,707b6ccf-c9d9-4c1d-97f4-516b572b2f9d,1697664087600644444
6a69421f-e399-4db8-897a-d8ef21b5e0a7,707b6ccf-c9d9-4c1d-97f4-516b572b2f9d,1697664087645277777
6a69421f-e399-4db8-897a-d8ef21b5e0a7,707b6ccf-c9d9-4c1d-97f4-516b572b2f9d,1697664087658677777
6a69421f-e399-4db8-897a-d8ef21b5e0a7,707b6ccf-c9d9-4c1d-97f4-516b572b2f9d,1697664087694288888
6a69421f-e399-4db8-897a-d8ef21b5e0a7,707b6ccf-c9d9-4c1d-97f4-516b572b2f9d,1697664087737311111
6a69421f-e399-4db8-897a-d8ef21b5e0a7,707b6ccf-c9d9-4c1d-97f4-516b572b2f9d,1697664087754966666
6a69421f-e399-4db8-897a-d8ef21b5e0a7,707b6ccf-c9d9-4c1d-97f4-516b572b2f9d,1697664087801011111
6a69421f-e399-4db8-897a-d8ef21b5e0a7,707b6ccf-c9d9-4c1d-97f4-516b572b2f9d,1697664087824044444
6a69421f-e399-4db8-897a-d8ef21b5e0a7,707b6ccf-c9d9-4c1d-97f4-516b572b2f9d,1697664087877433333
6a69421f-e399-4db8-897a-d8ef21b5e0a7,707b6ccf-c9d9-4c1d-97f4-516b572b2f9d,1697664087903244444
6a69421f-e399-4db8-897a-d8ef21b5e0a7,707b6ccf-c9d9-4c1d-97f4-516b572b2f9d,1697664087925655555
6a69421f-e399-4db8-897a-d8ef21b5e0a7,707b6ccf-c9d9-4c1d-97f4-516b572b2f9d,1697664087969022222
6a69421f-e399-4db8-897a-d8ef21b5e0a7,707b6ccf-c9d9-4c1d-97f4-516b572b2f9d,1697664088000866666
6a69421f-e399-4db8-897a-d8ef21b5e0a7,707b6ccf-c9d9-4c1d-97f4-516b572b2f9d,1697664088035133333
6a69421f-e399-4db8-897a-d8ef21b5e0a7,707b6ccf-c9d9-4c1d-97f4-516b572b2f9d,1697664088063633333
6a69421f-e399-4db8-897a-d8ef21b5e0a7,707b6ccf-c9d9-4c1d-97f4-516b572b2f9d,1697664088105322222
6a69421f-e399-4db8-897a-d8ef21b5e0a7,707b6ccf-c9d9-4c1d-97f4-516b572b2f9d,1697664088133977777
6a69421f-e399-4db8-897a-d8ef21b5e0a7,707b6ccf-c9d9-4c1d-97f4-516b572b2f9d,1697664088164833333
6a69421f-e399-4db8-897a-d8ef21b5e0a7,707b6ccf-c9d9-4c1d-97f4-516b572b2f9d,1697664088206600000
6a69421f-e399-4db8-897a-d8ef21b5e0a7,707b6ccf-c9d9-4c1d-97f4-516b572b2f9d,1697664088234788888
6a69421f-e399-4db8-897a-d8ef21b5e0a7,707b6ccf-c9d9-4c1d-97f4-516b572b2f9d,1697664088264866666
6a69421f-e399-4db8-897a-d8ef21b5e0a7,707b6ccf-c9d9-4c1d-97f4-516b572b2f9d,1697664088301533333
6a69421f-e399-4db8-897a-d8ef21b5e0a7,707b6ccf-c9d9-4c1d-97f4-516b572b2f9d,1697664088348366666
6a69421f-e399-4db8-897a-d8ef21b5e0a7,707b6ccf-c9d9-4c1d-97f4-516b572b2f9d,1697664088365666666
6a69421f-e399-4db8-897a-d8ef21b5e0a7,707b6ccf-c9d9-4c1d-97f4-516b572b2f9d,1697664088394677777
6a69421f-e399-4db8-897a-d8ef21b5e0a7,707b6ccf-c9d9-4c1d-97f4-516b572b2f9d,1697664088423022222
6a69421f-e399-4db8-897a-d8ef21b5e0a7,707b6ccf-c9d9-4c1d-97f4-516b572b2f9d,1697664088455388888
6a69421f-e399-4db8-897a-d8ef21b5e0a7,707b6ccf-c9d9-4c1d-97f4-516b572b2f9d,1697664088497244444
6a69421f-e399-4db8-897a-d8ef21b5e0a7,707b6ccf-c9d9-4c1d-97f4-516b572b2f9d,1697664088540077777
6a69421f-e399-4db8-897a-d8ef21b5e0a7,707b6ccf-c9d9-4c1d-97f4-516b572b2f9d,1697664088564022222
6a69421f-e399-4db8-897a-d8ef21b5e0a7,707b6ccf-c9d9-4c1d-97f4-516b572b2f9d,1697664088601411111
6a69421f-e399-4db8-897a-d8ef21b5e0a7,707b6ccf-c9d9-4c1d-97f4-516b572b2f9d,1697664088629188888
6a69421f-e399-4db8-897a-d8ef21b5e0a7,707b6ccf-c9d9-4c1d-97f4-516b572b2f9d,1697664088670555555
6a69421f-e399-4db8-897a-d8ef21b5e0a7,707b6ccf-c9d9-4c1d-97f4-516b572b2f9d,1697664088703033333
6a69421f-e399-4db8-897a-d8ef21b5e0a7,707b6ccf-c9d9-4c1d-97f4-516b572b2f9d,1697664088725044444
6a69421f-e399-4db8-897a-d8ef21b5e0a7,707b6ccf-c9d9-4c1d-97f4-516b572b2f9d,1697664088775300000
6a69421f-e399-4db8-897a-d8ef21b5e0a7,707b6ccf-c9d9-4c1d-97f4-516b572b2f9d,1697664088798088888
6a69421f-e399-4db8-897a-d8ef21b5e0a7,707b6ccf-c9d9-4c1d-97f4-516b572b2f9d,1697664088830000000
6a69421f-e399-4db8-897a-d8ef21b5e0a7,707b6ccf-c9d9-4c1d-97f4-516b572b2f9d,1697664088868477777
6a69421f-e399-4db8-897a-d8ef21b5e0a7,707b6ccf-c9d9-4c1d-97f4-516b572b2f9d,1697664088902277777
6a69421f-e399-4db8-897a-d8ef21b5e0a7,707b6ccf-c9d9-4c1d-97f4-516b572b2f9d,1697664088932955555
6a69421f-e399-4db8-897a-d8ef21b5e0a7,707b6ccf-c9d9-4c1d-97f4-516b572b2f9d,1697664088976733333
6a69421f-e399-4db8-897a-d8ef21b5e0a7,707b6ccf-c9d9-4c1d-97f4-516b572b2f9d,1697664088994244444
6a69421f-e399-4db8-897a-d8ef21b5e0a7,707b6ccf-c9d9-4c1d-97f4-516b572b2f9d,1697664089029544444
6a69421f-e399-4db8-897a-d8ef21b5e0a7,707b6ccf-c9d9-4c1d-97f4-516b572b2f9d,1697664089055055555
6a69421f-e399-4db8-897a-d8ef21b5e0a7,707b6ccf-c9d9-4c1d-97f4-516b572b2f9d,1697664089090588888
6a69421f-e399-4db8-897a-d8ef21b5e0a7,707b6ccf-c9d9-4c1d-97f4-516b572b2f9d,1697664089138188888
6a69421f-e399-4db8-897a-d8ef21b5e0a7,707b6ccf-c9d9-4c1d-97f4-516b572b2f9d,1697664089165177777
6a69421f-e399-4db8-897a-d8ef21b5e0a7,707b6ccf-c9d9-4c1d-97f4-516b572b2f9d,1697664089184666666
6a69421f-e399-4db8-897a-d8ef21b5e0a7,707b6ccf-c9d9-4c1d-97f4-516b572b2f9d,1697664089232411111
6a69421f-e399-4db8-897a-d8ef21b5e0a7,707b6ccf-c9d9-4c1d-97f4-516b572b2f9d,1697664089270988888
6a69421f-e399-4db8-897a-d8ef21b5e0a7,707b6ccf-c9d9-4c1d-97f4-516b572b2f9d,1697664089299177777
6a69421f-e399-4db8-897a-d8ef21b5e0a7,707b6ccf-c9d9-4c1d-97f4-516b572b2f9d,1697664089338377777
6a69421f-e399-4db8-897a-d8ef21b5e0a7,707b6ccf-c9d9-4c1d-97f4-516b572b2f9d,1697664089364766666
6a69421f-e399-4db8-897a-d8ef21b5e0a7,707b6ccf-c9d9-4c1d-97f4-516b572b2f9d,1697664089397922222
6a69421f-e399-4db8-897a-d8ef21b5e0a7,707b6ccf-c9d9-4c1d-97f4-516b572b2f9d,1697664089434533333
6a69421f-e399-4db8-897a-d8ef21b5e0a7,707b6ccf-c9d9-4c1d-97f4-516b572b2f9d,1697664089465144444
6a69421f-e399-4db8-897a-d8ef21b5e0a7,707b6ccf-c9d9-4c1d-97f4-516b572b2f9d,1697664089501700000
6a69421f-e399-4db8-897a-d8ef21b5e0a7,707b6ccf-c9d9-4c1d-97f4-516b572b2f9d,1697664089527455555
6a69421f-e399-4db8-897a-d8ef21b5e0a7,707b6ccf-c9d9-4c1d-97f4-516b572b2f9d,1697664089569233333
6a69421f-e399-4db8-897a-d8ef21b5e0a7,707b6ccf-c9d9-4c1d-97f4-516b572b2f9d,1697664089598288888
6a69421f-e399-4db8-897a-d8ef21b5e0a7,707b6ccf-c9d9-4c1d-97f4-516b572b2f9d,1697664089635122222
6a69421f-e399-4db8-897a-d8ef21b5e0a7,707b6ccf-c9d9-4c1d-97f4-516b572b2f9d,1697664089667488888
6a69421f-e399-4db8-897a-d8ef21b5e0a7,707b6ccf-c9d9-4c1d-97f4-516b572b2f9d,1697664089709966666
6a69421f-e399-4db8-897a-d8ef21b5e0a7,707b6ccf-c9d9-4c1d-97f4-516b572b2f9d,1697664089724233333
6a69421f-e399-4db8-897a-d8ef21b5e0a7,707b6ccf-c9d9-4c1d-97f4-516b572b2f9d,1697664089753111111
6a69421f-e399-4db8-897a-d8ef21b5e0a7,707b6ccf-c9d9-4c1d-97f4-516b572b2f9d,1697664089788066666
6a69421f-e399-4db8-897a-d8ef21b5e0a7,707b6ccf-c9d9-4c1d-97f4-516b572b2f9d,1697664089823988888
6a69421f-e399-4db8-897a-d8ef21b5e0a7,707b6ccf-c9d9-4c1d-97f4-516b572b2f9d,1697664089864300000
6a69421f-e399-4db8-897a-d8ef21b5e0a7,707b6ccf-c9d9-4c1d-97f4-516b572b2f9d,1697664089901066666
6a69421f-e399-4db8-897a-d8ef21b5e0a7,707b6ccf-c9d9-4c1d-97f4-516b572b2f9d,1697664089926933333
6a69421f-e399-4db8-897a-d8ef21b5e0a7,707b6ccf-c9d9-4c1d-97f4-516b572b2f9d,1697664089972388888
6a69421f-e399-4db8-897a-d8ef21b5e0a7,707b6ccf-c9d9-4c1d-97f4-516b572b2f9d,1697664090000766666
6a69421f-e399-4db8-897a-d8ef21b5e0a7,707b6ccf-c9d9-4c1d-97f4-516b572b2f9d,1697664090025511111
6a69421f-e399-4db8-897a-d8ef21b5e0a7,707b6ccf-c9d9-4c1d-97f4-516b572b2f9d,1697664090064522222
6a69421f-e399-4db8-897a-d8ef21b5e0a7,707b6ccf-c9d9-4c1d-97f4-516b572b2f9d,1697664090096766666
6a69421f-e399-4db8-897a-d8ef21b5e0a7,707b6ccf-c9d9-4c1d-97f4-516b572b2f9d,1697664090134822222
6a69421f-e399-4db8-897a-d8ef21b5e0a7,707b6ccf-c9d9-4c1d-97f4-516b572b2f9d,1697664090163555555
6a69421f-e399-4db8-897a-d8ef21b5e0a7,707b6ccf-c9d9-4c1d-97f4-516b572b2f9d,1697664090199100000
6a69421f-e399-4db8-897a-d8ef21b5e0a7,707b6ccf-c9d9-4c1d-97f4-516b572b2f9d,1697664090233944444
6a69421f-e399-4db8-897a-d8ef21b5e0a7,707b6ccf-c9d9-4c1d-97f4-516b572b2f9d,1697664090272144444
6a69421f-e399-4db8-897a-d8ef21b5e0a7,707b6ccf-c9d9-4c1d-97f4-516b572b2f9d,1697664090303277777
6a69421f-e399-4db8-897a-d8ef21b5e0a7,707b6ccf-c9d9-4c1d-97f4-516b572b2f9d,1697664090326644444
6a69421f-e399-4db8-897a-d8ef21b5e0a7,707b6ccf-c9d9-4c1d-97f4-516b572b2f9d,1697664090363444444
6a69421f-e399-4db8-897a-d8ef21b5e0a7,707b6ccf-c9d9-4c1d-97f4-516b572b2f9d,1697664090413044444
6a69421f-e399-4db8-897a-d8ef21b5e0a7,707b6ccf-c9d9-4c1d-97f4-516b572b2f9d,1697664090427966666
6a69421f-e399-4db8-897a-d8ef21b5e0a7,707b6ccf-c9d9-4c1d-97f4-516b572b2f9d,1697664090455722222
6a69421f-e399-4db8-897a-d8ef21b5e0a7,707b6ccf-c9d9-4c1d-97f4-516b572b2f9d,1697664090490155555
6a69421f-e399-4db8-897a-d8ef21b5e0a7,707b6ccf-c9d9-4c1d-97f4-516b572b2f9d,1697664090532877777
6a69421f-e399-4db8-897a-d8ef21b5e0a7,707b6ccf-c9d9-4c1d-97f4-516b572b2f9d,1697664090569600000
6a69421f-e399-4db8-897a-d8ef21b5e0a7,707b6ccf-c9d9-4c1d-97f4-516b572b2f9d,1697664090592255555
6a69421f-e399-4db8-897a-d8ef21b5e0a7,707b6ccf-c9d9-4c1d-97f4-516b572b2f9d,1697664090641111111
6a69421f-e399-4db8-897a-d8ef21b5e0a7,707b6ccf-c9d9-4c1d-97f4-516b572b2f9d,1697664090671700000
6a69421f-e399-4db8-897a-d8ef21b5e0a7,707b6ccf-c9d9-4c1d-97f4-516b572b2f9d,1697664090700811111
6a69421f-e399-4db8-897a-d8ef21b5e0a7,707b6ccf-c9d9-4c1d-97f4-516b572b2f9d,1697664090728311111
6a69421f-e399-4db8-897a-d8ef21b5e0a7,707b6ccf-c9d9-4c1d-97f4-516b572b2f9d,1697664090766133333
6a69421f-e399-4db8-897a-d8ef21b5e0a7,707b6ccf-c9d9-4c1d-97f4-516b572b2f9d,1697664090799333333
6a69421f-e399-4db8-897a-d8ef21b5e0a7,707b6ccf-c9d9-4c1d-97f4-516b572b2f9d,1697664090834088888
6a69421f-e399-4db8-897a-d8ef21b5e0a7,707b6ccf-c9d9-4c1d-97f4-516b572b2f9d,1697664090865288888
6a69421f-e399-4db8-897a-d8ef21b5e0a7,707b6ccf-c9d9-4c1d-97f4-516b572b2f9d,1697664090902088888
6a69421f-e399-4db8-897a-d8ef21b5e0a7,707b6ccf-c9d9-4c1d-97f4-516b572b2f9d,1697664090935400000
6a69421f-e399-4db8-897a-d8ef21b5e0a7,707b6ccf-c9d9-4c1d-97f4-516b572b2f9d,1697664090966044444
6a69421f-e399-4db8-897a-d8ef21b5e0a7,707b6ccf-c9d9-4c1d-97f4-516b572b2f9d,1697664090999188888
6a69421f-e399-4db8-897a-d8ef21b5e0a7,707b6ccf-c9d9-4c1d-97f4-516b572b2f9d,1697664091047788888
6a69421f-e399-4db8-897a-d8ef21b5e0a7,707b6ccf-c9d9-4c1d-97f4-516b572b2f9d,1697664091059144444
6a69421f-e399-4db8-897a-d8ef21b5e0a7,707b6ccf-c9d9-4c1d-97f4-516b572b2f9d,1697664091107144444
6a69421f-e399-4db8-897a-d8ef21b5e0a7,707b6ccf-c9d9-4c1d-97f4-516b572b2f9d,1697664091125700000
6a69421f-e399-4db8-897a-d8ef21b5e0a7,707b6ccf-c9d9-4c1d-97f4-516b572b2f9d,1697664091156300000
6a69421f-e399-4db8-897a-d8ef21b5e0a7,707b6ccf-c9d9-4c1d-97f4-516b572b2f9d,1697664091187422222
6a69421f-e399-4db8-897a-d8ef21b5e0a7,707b6ccf-c9d9-4c1d-97f4-516b572b2f9d,1697664091230500000
6a69421f-e399-4db8-897a-d8ef21b5e0a7,707b6ccf-c9d9-4c1d-97f4-516b572b2f9d,1697664091269466666
6a69421f-e399-4db8-897a-d8ef21b5e0a7,707b6ccf-c9d9-4c1d-97f4-516b572b2f9d,1697664091298300000
6a69421f-e399-4db8-897a-d8ef21b5e0a7,707b6ccf-c9d9-4c1d-97f4-516b572b2f9d,1697664091336366666
6a69421f-e399-4db8-897a-d8ef21b5e0a7,707b6ccf-c9d9-4c1d-97f4-516b572b2f9d,1697664091371200000
6a69421f-e399-4db8-897a-d8ef21b5e0a7,707b6ccf-c9d9-4c1d-97f4-516b572b2f9d,1697664091398866666
6a69421f-e399-4db8-897a-d8ef21b5e0a7,707b6ccf-c9d9-4c1d-97f4-516b572b2f9d,1697664091433977777
6a69421f-e399-4db8-897a-d8ef21b5e0a7,707b6ccf-c9d9-4c1d-97f4-516b572b2f9d,1697664091465322222
6a69421f-e399-4db8-897a-d8ef21b5e0a7,707b6ccf-c9d9-4c1d-97f4-516b572b2f9d,1697664091498366666
6a69421f-e399-4db8-897a-d8ef21b5e0a7,707b6ccf-c9d9-4c1d-97f4-516b572b2f9d,1697664091533133333
6a69421f-e399-4db8-897a-d8ef21b5e0a7,707b6ccf-c9d9-4c1d-97f4-516b572b2f9d,1697664091563844444
6a69421f-e399-4db8-897a-d8ef21b5e0a7,707b6ccf-c9d9-4c1d-97f4-516b572b2f9d,1697664091597733333
6a69421f-e399-4db8-897a-d8ef21b5e0a7,707b6ccf-c9d9-4c1d-97f4-516b572b2f9d,1697664091634833333
6a69421f-e399-4db8-897a-d8ef21b5e0a7,707b6ccf-c9d9-4c1d-97f4-516b572b2f9d,1697664091664566666
6a69421f-e399-4db8-897a-d8ef21b5e0a7,707b6ccf-c9d9-4c1d-97f4-516b572b2f9d,1697664091698844444
6a69421f-e399-4db8-897a-d8ef21b5e0a7,707b6ccf-c9d9-4c1d-97f4-516b572b2f9d,1697664091746022222
6a69421f-e399-4db8-897a-d8ef21b5e0a7,707b6ccf-c9d9-4c1d-97f4-516b572b2f9d,1697664091760311111
6a69421f-e399-4db8-897a-d8ef21b5e0a7,707b6ccf-c9d9-4c1d-97f4-516b572b2f9d,1697664091784955555
6a69421f-e399-4db8-897a-d8ef21b5e0a7,707b6ccf-c9d9-4c1d-97f4-516b572b2f9d,1697664091823011111
6a69421f-e399-4db8-897a-d8ef21b5e0a7,707b6ccf-c9d9-4c1d-97f4-516b572b2f9d,1697664091858222222
6a69421f-e399-4db8-897a-d8ef21b5e0a7,707b6ccf-c9d9-4c1d-97f4-516b572b2f9d,1697664091886577777
6a69421f-e399-4db8-897a-d8ef21b5e0a7,707b6ccf-c9d9-4c1d-97f4-516b572b2f9d,1697664091934300000
6a69421f-e399-4db8-897a-d8ef21b5e0a7,707b6ccf-c9d9-4c1d-97f4-516b572b2f9d,1697664091973088888
6a69421f-e399-4db8-897a-d8ef21b5e0a7,707b6ccf-c9d9-4c1d-97f4-516b572b2f9d,1697664092001955555
6a69421f-e399-4db8-897a-d8ef21b5e0a7,707b6ccf-c9d9-4c1d-97f4-516b572b2f9d,1697664092024877777
6a69421f-e399-4db8-897a-d8ef21b5e0a7,707b6ccf-c9d9-4c1d-97f4-516b572b2f9d,1697664092070811111
6a69421f-e399-4db8-897a-d8ef21b5e0a7,707b6ccf-c9d9-4c1d-97f4-516b572b2f9d,1697664092100866666
6a69421f-e399-4db8-897a-d8ef21b5e0a7,707b6ccf-c9d9-4c1d-97f4-516b572b2f9d,1697664092126366666
6a69421f-e399-4db8-897a-d8ef21b5e0a7,707b6ccf-c9d9-4c1d-97f4-516b572b2f9d,1697664092170088888
6a69421f-e399-4db8-897a-d8ef21b5e0a7,707b6ccf-c9d9-4c1d-97f4-516b572b2f9d,1697664092199300000
6a69421f-e399-4db8-897a-d8ef21b5e0a7,707b6ccf-c9d9-4c1d-97f4-516b572b2f9d,1697664092235511111
6a69421f-e399-4db8-897a-d8ef21b5e0a7,707b6ccf-c9d9-4c1d-97f4-516b572b2f9d,1697664092266333333
6a69421f-e399-4db8-897a-d8ef21b5e0a7,707b6ccf-c9d9-4c1d-97f4-516b572b2f9d,1697664092298988888
6a69421f-e399-4db8-897a-d8ef21b5e0a7,707b6ccf-c9d9-4c1d-97f4-516b572b2f9d,1697664092333544444
6a69421f-e399-4db8-897a-d8ef21b5e0a7,707b6ccf-c9d9-4c1d-97f4-516b572b2f9d,1697664092364944444
6a69421f-e399-4db8-897a-d8ef21b5e0a7,707b6ccf-c9d9-4c1d-97f4-516b572b2f9d,1697664092395244444
6a69421f-e399-4db8-897a-d8ef21b5e0a7,707b6ccf-c9d9-4c1d-97f4-516b572b2f9d,1697664092417500000
6a69421f-e399-4db8-897a-d8ef21b5e0a7,707b6ccf-c9d9-4c1d-97f4-516b572b2f9d,1697664092469444444
6a69421f-e399-4db8-897a-d8ef21b5e0a7,707b6ccf-c9d9-4c1d-97f4-516b572b2f9d,1697664092490522222
6a69421f-e399-4db8-897a-d8ef21b5e0a7,707b6ccf-c9d9-4c1d-97f4-516b572b2f9d,1697664092518377777
6a69421f-e399-4db8-897a-d8ef21b5e0a7,707b6ccf-c9d9-4c1d-97f4-516b572b2f9d,1697664092554466666
6a69421f-e399-4db8-897a-d8ef21b5e0a7,707b6ccf-c9d9-4c1d-97f4-516b572b2f9d,1697664092604933333
6a69421f-e399-4db8-897a-d8ef21b5e0a7,707b6ccf-c9d9-4c1d-97f4-516b572b2f9d,1697664092623655555
6a69421f-e399-4db8-897a-d8ef21b5e0a7,707b6ccf-c9d9-4c1d-97f4-516b572b2f9d,1697664092672555555
6a69421f-e399-4db8-897a-d8ef21b5e0a7,707b6ccf-c9d9-4c1d-97f4-516b572b2f9d,1697664092699644444
6a69421f-e399-4db8-897a-d8ef21b5e0a7,707b6ccf-c9d9-4c1d-97f4-516b572b2f9d,1697664092732444444
6a69421f-e399-4db8-897a-d8ef21b5e0a7,707b6ccf-c9d9-4c1d-97f4-516b572b2f9d,1697664092770122222
6a69421f-e399-4db8-897a-d8ef21b5e0a7,707b6ccf-c9d9-4c1d-97f4-516b572b2f9d,1697664092803155555
6a69421f-e399-4db8-897a-d8ef21b5e0a7,707b6ccf-c9d9-4c1d-97f4-516b572b2f9d,1697664092821677777
6a69421f-e399-4db8-897a-d8ef21b5e0a7,707b6ccf-c9d9-4c1d-97f4-516b572b2f9d,1697664092869211111
6a69421f-e399-4db8-897a-d8ef21b5e0a7,707b6ccf-c9d9-4c1d-97f4-516b572b2f9d,1697664092899722222
6a69421f-e399-4db8-897a-d8ef21b5e0a7,707b6ccf-c9d9-4c1d-97f4-516b572b2f9d,1697664092930155555
6a69421f-e399-4db8-897a-d8ef21b5e0a7,707b6ccf-c9d9-4c1d-97f4-516b572b2f9d,1697664092966733333
6a69421f-e399-4db8-897a-d8ef21b5e0a7,707b6ccf-c9d9-4c1d-97f4-516b572b2f9d,1697664093005688888
6a69421f-e399-4db8-897a-d8ef21b5e0a7,707b6ccf-c9d9-4c1d-97f4-516b572b2f9d,1697664093020077777
6a69421f-e399-4db8-897a-d8ef21b5e0a7,707b6ccf-c9d9-4c1d-97f4-516b572b2f9d,1697664093071455555
6a69421f-e399-4db8-897a-d8ef21b5e0a7,707b6ccf-c9d9-4c1d-97f4-516b572b2f9d,1697664093106300000
6a69421f-e399-4db8-897a-d8ef21b5e0a7,707b6ccf-c9d9-4c1d-97f4-516b572b2f9d,1697664093127666666
6a69421f-e399-4db8-897a-d8ef21b5e0a7,707b6ccf-c9d9-4c1d-97f4-516b572b2f9d,1697664093168800000
6a69421f-e399-4db8-897a-d8ef21b5e0a7,707b6ccf-c9d9-4c1d-97f4-516b572b2f9d,1697664093209177777
6a69421f-e399-4db8-897a-d8ef21b5e0a7,707b6ccf-c9d9-4c1d-97f4-516b572b2f9d,1697664093222888888
6a69421f-e399-4db8-897a-d8ef21b5e0a7,707b6ccf-c9d9-4c1d-97f4-516b572b2f9d,1697664093264733333
6a69421f-e399-4db8-897a-d8ef21b5e0a7,707b6ccf-c9d9-4c1d-97f4-516b572b2f9d,1697664093299688888
6a69421f-e399-4db8-897a-d8ef21b5e0a7,707b6ccf-c9d9-4c1d-97f4-516b572b2f9d,1697664093333000000
6a69421f-e399-4db8-897a-d8ef21b5e0a7,707b6ccf-c9d9-4c1d-97f4-516b572b2f9d,1697664093368166666
6a69421f-e399-4db8-897a-d8ef21b5e0a7,707b6ccf-c9d9-4c1d-97f4-516b572b2f9d,1697664093401711111
6a69421f-e399-4db8-897a-d8ef21b5e0a7,707b6ccf-c9d9-4c1d-97f4-516b572b2f9d,1697664093420888888
6a69421f-e399-4db8-897a-d8ef21b5e0a7,707b6ccf-c9d9-4c1d-97f4-516b572b2f9d,1697664093464300000
6a69421f-e399-4db8-897a-d8ef21b5e0a7,707b6ccf-c9d9-4c1d-97f4-516b572b2f9d,1697664093498855555
6a69421f-e399-4db8-897a-d8ef21b5e0a7,707b6ccf-c9d9-4c1d-97f4-516b572b2f9d,1697664093530566666
6a69421f-e399-4db8-897a-d8ef21b5e0a7,707b6ccf-c9d9-4c1d-97f4-516b572b2f9d,1697664093567066666
6a69421f-e399-4db8-897a-d8ef21b5e0a7,707b6ccf-c9d9-4c1d-97f4-516b572b2f9d,1697664093599577777
6a69421f-e399-4db8-897a-d8ef21b5e0a7,707b6ccf-c9d9-4c1d-97f4-516b572b2f9d,1697664093631566666
6a69421f-e399-4db8-897a-d8ef21b5e0a7,707b6ccf-c9d9-4c1d-97f4-516b572b2f9d,1697664093669066666
6a69421f-e399-4db8-897a-d8ef21b5e0a7,707b6ccf-c9d9-4c1d-97f4-516b572b2f9d,1697664093697000000
6a69421f-e399-4db8-897a-d8ef21b5e0a7,707b6ccf-c9d9-4c1d-97f4-516b572b2f9d,1697664093737288888
6a69421f-e399-4db8-897a-d8ef21b5e0a7,707b6ccf-c9d9-4c1d-97f4-516b572b2f9d,1697664093758111111
6a69421f-e399-4db8-897a-d8ef21b5e0a7,707b6ccf-c9d9-4c1d-97f4-516b572b2f9d,1697664093787977777
6a69421f-e399-4db8-897a-d8ef21b5e0a7,707b6ccf-c9d9-4c1d-97f4-516b572b2f9d,1697664093819122222
6a69421f-e399-4db8-897a-d8ef21b5e0a7,707b6ccf-c9d9-4c1d-97f4-516b572b2f9d,1697664093856677777
6a69421f-e399-4db8-897a-d8ef21b5e0a7,707b6ccf-c9d9-4c1d-97f4-516b572b2f9d,1697664093886066666
6a69421f-e399-4db8-897a-d8ef21b5e0a7,707b6ccf-c9d9-4c1d-97f4-516b572b2f9d,1697664093930611111
6a69421f-e399-4db8-897a-d8ef21b5e0a7,707b6ccf-c9d9-4c1d-97f4-516b572b2f9d,1697664093971166666
6a69421f-e399-4db8-897a-d8ef21b5e0a7,707b6ccf-c9d9-4c1d-97f4-516b572b2f9d,1697664094003722222
6a69421f-e399-4db8-897a-d8ef21b5e0a7,707b6ccf-c9d9-4c1d-97f4-516b572b2f9d,1697664094032255555
6a69421f-e399-4db8-897a-d8ef21b5e0a7,707b6ccf-c9d9-4c1d-97f4-516b572b2f9d,1697664094070311111
6a69421f-e399-4db8-897a-d8ef21b5e0a7,707b6ccf-c9d9-4c1d-97f4-516b572b2f9d,1697664094103511111
6a69421f-e399-4db8-897a-d8ef21b5e0a7,707b6ccf-c9d9-4c1d-97f4-516b572b2f9d,1697664094119766666
6a69421f-e399-4db8-897a-d8ef21b5e0a7,707b6ccf-c9d9-4c1d-97f4-516b572b2f9d,1697664094171011111
6a69421f-e399-4db8-897a-d8ef21b5e0a7,707b6ccf-c9d9-4c1d-97f4-516b572b2f9d,1697664094201122222
6a69421f-e399-4db8-897a-d8ef21b5e0a7,707b6ccf-c9d9-4c1d-97f4-516b572b2f9d,1697664094222522222
6a69421f-e399-4db8-897a-d8ef21b5e0a7,707b6ccf-c9d9-4c1d-97f4-516b572b2f9d,1697664094266500000
6a69421f-e399-4db8-897a-d8ef21b5e0a7,707b6ccf-c9d9-4c1d-97f4-516b572b2f9d,1697664094298055555
6a69421f-e399-4db8-897a-d8ef21b5e0a7,707b6ccf-c9d9-4c1d-97f4-516b572b2f9d,1697664094330866666
6a69421f-e399-4db8-897a-d8ef21b5e0a7,707b6ccf-c9d9-4c1d-97f4-516b572b2f9d,1697664094370111111
6a69421f-e399-4db8-897a-d8ef21b5e0a7,707b6ccf-c9d9-4c1d-97f4-516b572b2f9d,1697664094397711111
6a69421f-e399-4db8-897a-d8ef21b5e0a7,707b6ccf-c9d9-4c1d-97f4-516b572b2f9d,1697664094423522222
6a69421f-e399-4db8-897a-d8ef21b5e0a7,707b6ccf-c9d9-4c1d-97f4-516b572b2f9d,1697664094482755555
6a69421f-e399-4db8-897a-d8ef21b5e0a7,707b6ccf-c9d9-4c1d-97f4-516b572b2f9d,1697664094496088888
6a69421f-e399-4db8-897a-d8ef21b5e0a7,707b6ccf-c9d9-4c1d-97f4-516b572b2f9d,1697664094518400000
6a69421f-e399-4db8-897a-d8ef21b5e0a7,707b6ccf-c9d9-4c1d-97f4-516b572b2f9d,1697664094555388888
6a69421f-e399-4db8-897a-d8ef21b5e0a7,707b6ccf-c9d9-4c1d-97f4-516b572b2f9d,1697664094588966666
6a69421f-e399-4db8-897a-d8ef21b5e0a7,707b6ccf-c9d9-4c1d-97f4-516b572b2f9d,1697664094632533333
6a69421f-e399-4db8-897a-d8ef21b5e0a7,707b6ccf-c9d9-4c1d-97f4-516b572b2f9d,1697664094665166666
6a69421f-e399-4db8-897a-d8ef21b5e0a7,707b6ccf-c9d9-4c1d-97f4-516b572b2f9d,1697664094701633333
6a69421f-e399-4db8-897a-d8ef21b5e0a7,707b6ccf-c9d9-4c1d-97f4-516b572b2f9d,1697664094723455555
6a69421f-e399-4db8-897a-d8ef21b5e0a7,707b6ccf-c9d9-4c1d-97f4-516b572b2f9d,1697664094769644444
6a69421f-e399-4db8-897a-d8ef21b5e0a7,707b6ccf-c9d9-4c1d-97f4-516b572b2f9d,1697664094796266666
6a69421f-e399-4db8-897a-d8ef21b5e0a7,707b6ccf-c9d9-4c1d-97f4-516b572b2f9d,1697664094828922222
6a69421f-e399-4db8-897a-d8ef21b5e0a7,707b6ccf-c9d9-4c1d-97f4-516b572b2f9d,1697664094864622222
6a69421f-e399-4db8-897a-d8ef21b5e0a7,707b6ccf-c9d9-4c1d-97f4-516b572b2f9d,1697664094897588888
6a69421f-e399-4db8-897a-d8ef21b5e0a7,707b6ccf-c9d9-4c1d-97f4-516b572b2f9d,1697664094932777777
6a69421f-e399-4db8-897a-d8ef21b5e0a7,707b6ccf-c9d9-4c1d-97f4-516b572b2f9d,1697664094970044444
6a69421f-e399-4db8-897a-d8ef21b5e0a7,707b6ccf-c9d9-4c1d-97f4-516b572b2f9d,1697664095003222222
6a69421f-e399-4db8-897a-d8ef21b5e0a7,707b6ccf-c9d9-4c1d-97f4-516b572b2f9d,1697664095019722222
6a69421f-e399-4db8-897a-d8ef21b5e0a7,707b6ccf-c9d9-4c1d-97f4-516b572b2f9d,1697664095077077777
6a69421f-e399-4db8-897a-d8ef21b5e0a7,707b6ccf-c9d9-4c1d-97f4-516b572b2f9d,1697664095091555555
6a69421f-e399-4db8-897a-d8ef21b5e0a7,707b6ccf-c9d9-4c1d-97f4-516b572b2f9d,1697664095117377777
6a69421f-e399-4db8-897a-d8ef21b5e0a7,707b6ccf-c9d9-4c1d-97f4-516b572b2f9d,1697664095164811111
6a69421f-e399-4db8-897a-d8ef21b5e0a7,707b6ccf-c9d9-4c1d-97f4-516b572b2f9d,1697664095188022222
6a69421f-e399-4db8-897a-d8ef21b5e0a7,707b6ccf-c9d9-4c1d-97f4-516b572b2f9d,1697664095233444444
6a69421f-e399-4db8-897a-d8ef21b5e0a7,707b6ccf-c9d9-4c1d-97f4-516b572b2f9d,1697664095264588888
6a69421f-e399-4db8-897a-d8ef21b5e0a7,707b6ccf-c9d9-4c1d-97f4-516b572b2f9d,1697664095297455555
6a69421f-e399-4db8-897a-d8ef21b5e0a7,707b6ccf-c9d9-4c1d-97f4-516b572b2f9d,1697664095329700000
6a69421f-e399-4db8-897a-d8ef21b5e0a7,707b6ccf-c9d9-4c1d-97f4-516b572b2f9d,1697664095366644444
6a69421f-e399-4db8-897a-d8ef21b5e0a7,707b6ccf-c9d9-4c1d-97f4-516b572b2f9d,1697664095398011111
6a69421f-e399-4db8-897a-d8ef21b5e0a7,707b6ccf-c9d9-4c1d-97f4-516b572b2f9d,1697664095434611111
6a69421f-e399-4db8-897a-d8ef21b5e0a7,707b6ccf-c9d9-4c1d-97f4-516b572b2f9d,1697664095465966666
6a69421f-e399-4db8-897a-d8ef21b5e0a7,707b6ccf-c9d9-4c1d-97f4-516b572b2f9d,1697664095497622222
6a69421f-e399-4db8-897a-d8ef21b5e0a7,707b6ccf-c9d9-4c1d-97f4-516b572b2f9d,1697664095531500000
6a69421f-e399-4db8-897a-d8ef21b5e0a7,707b6ccf-c9d9-4c1d-97f4-516b572b2f9d,1697664095568322222
6a69421f-e399-4db8-897a-d8ef21b5e0a7,707b6ccf-c9d9-4c1d-97f4-516b572b2f9d,1697664095600233333
6a69421f-e399-4db8-897a-d8ef21b5e0a7,707b6ccf-c9d9-4c1d-97f4-516b572b2f9d,1697664095621900000
6a69421f-e399-4db8-897a-d8ef21b5e0a7,707b6ccf-c9d9-4c1d-97f4-516b572b2f9d,1697664095668588888
6a69421f-e399-4db8-897a-d8ef21b5e0a7,707b6ccf-c9d9-4c1d-97f4-516b572b2f9d,1697664095698822222
6a69421f-e399-4db8-897a-d8ef21b5e0a7,707b6ccf-c9d9-4c1d-97f4-516b572b2f9d,1697664095730988888
6a69421f-e399-4db8-897a-d8ef21b5e0a7,707b6ccf-c9d9-4c1d-97f4-516b572b2f9d,1697664095759766666
6a69421f-e399-4db8-897a-d8ef21b5e0a7,707b6ccf-c9d9-4c1d-97f4-516b572b2f9d,1697664095802255555
6a69421f-e399-4db8-897a-d8ef21b5e0a7,707b6ccf-c9d9-4c1d-97f4-516b572b2f9d,1697664095820200000
6a69421f-e399-4db8-897a-d8ef21b5e0a7,707b6ccf-c9d9-4c1d-97f4-516b572b2f9d,1697664095867411111
6a69421f-e399-4db8-897a-d8ef21b5e0a7,707b6ccf-c9d9-4c1d-97f4-516b572b2f9d,1697664095886722222
6a69421f-e399-4db8-897a-d8ef21b5e0a7,707b6ccf-c9d9-4c1d-97f4-516b572b2f9d,1697664095918033333
6a69421f-e399-4db8-897a-d8ef21b5e0a7,707b6ccf-c9d9-4c1d-97f4-516b572b2f9d,1697664095973311111
6a69421f-e399-4db8-897a-d8ef21b5e0a7,707b6ccf-c9d9-4c1d-97f4-516b572b2f9d,1697664096003211111
6a69421f-e399-4db8-897a-d8ef21b5e0a7,707b6ccf-c9d9-4c1d-97f4-516b572b2f9d,1697664096020244444
6a69421f-e399-4db8-897a-d8ef21b5e0a7,707b6ccf-c9d9-4c1d-97f4-516b572b2f9d,1697664096069911111
6a69421f-e399-4db8-897a-d8ef21b5e0a7,707b6ccf-c9d9-4c1d-97f4-516b572b2f9d,1697664096099111111
6a69421f-e399-4db8-897a-d8ef21b5e0a7,707b6ccf-c9d9-4c1d-97f4-516b572b2f9d,1697664096134666666
6a69421f-e399-4db8-897a-d8ef21b5e0a7,707b6ccf-c9d9-4c1d-97f4-516b572b2f9d,1697664096190388888
6a69421f-e399-4db8-897a-d8ef21b5e0a7,707b6ccf-c9d9-4c1d-97f4-516b572b2f9d,1697664096205988888
6a69421f-e399-4db8-897a-d8ef21b5e0a7,707b6ccf-c9d9-4c1d-97f4-516b572b2f9d,1697664096220622222
6a69421f-e399-4db8-897a-d8ef21b5e0a7,707b6ccf-c9d9-4c1d-97f4-516b572b2f9d,1697664096261477777
6a69421f-e399-4db8-897a-d8ef21b5e0a7,707b6ccf-c9d9-4c1d-97f4-516b572b2f9d,1697664096302644444
6a69421f-e399-4db8-897a-d8ef21b5e0a7,707b6ccf-c9d9-4c1d-97f4-516b572b2f9d,1697664096324133333
6a69421f-e399-4db8-897a-d8ef21b5e0a7,707b6ccf-c9d9-4c1d-97f4-516b572b2f9d,1697664096369177777
6a69421f-e399-4db8-897a-d8ef21b5e0a7,707b6ccf-c9d9-4c1d-97f4-516b572b2f9d,1697664096398811111
6a69421f-e399-4db8-897a-d8ef21b5e0a7,707b6ccf-c9d9-4c1d-97f4-516b572b2f9d,1697664096431655555
6a69421f-e399-4db8-897a-d8ef21b5e0a7,707b6ccf-c9d9-4c1d-97f4-516b572b2f9d,1697664096464366666
6a69421f-e399-4db8-897a-d8ef21b5e0a7,707b6ccf-c9d9-4c1d-97f4-516b572b2f9d,1697664096490966666
6a69421f-e399-4db8-897a-d8ef21b5e0a7,707b6ccf-c9d9-4c1d-97f4-516b572b2f9d,1697664096523144444
6a69421f-e399-4db8-897a-d8ef21b5e0a7,707b6ccf-c9d9-4c1d-97f4-516b572b2f9d,1697664096553255555
6a69421f-e399-4db8-897a-d8ef21b5e0a7,707b6ccf-c9d9-4c1d-97f4-516b572b2f9d,1697664096596055555
6a69421f-e399-4db8-897a-d8ef21b5e0a7,707b6ccf-c9d9-4c1d-97f4-516b572b2f9d,1697664096631122222
6a69421f-e399-4db8-897a-d8ef21b5e0a7,707b6ccf-c9d9-4c1d-97f4-516b572b2f9d,1697664096662900000
6a69421f-e399-4db8-897a-d8ef21b5e0a7,707b6ccf-c9d9-4c1d-97f4-516b572b2f9d,1697664096696800000
6a69421f-e399-4db8-897a-d8ef21b5e0a7,707b6ccf-c9d9-4c1d-97f4-516b572b2f9d,1697664096734188888
6a69421f-e399-4db8-897a-d8ef21b5e0a7,707b6ccf-c9d9-4c1d-97f4-516b572b2f9d,1697664096761455555
6a69421f-e399-4db8-897a-d8ef21b5e0a7,707b6ccf-c9d9-4c1d-97f4-516b572b2f9d,1697664096793577777
6a69421f-e399-4db8-897a-d8ef21b5e0a7,707b6ccf-c9d9-4c1d-97f4-516b572b2f9d,1697664096830177777
6a69421f-e399-4db8-897a-d8ef21b5e0a7,707b6ccf-c9d9-4c1d-97f4-516b572b2f9d,1697664096863433333
6a69421f-e399-4db8-897a-d8ef21b5e0a7,707b6ccf-c9d9-4c1d-97f4-516b572b2f9d,1697664096901011111
6a69421f-e399-4db8-897a-d8ef21b5e0a7,707b6ccf-c9d9-4c1d-97f4-516b572b2f9d,1697664096933322222
6a69421f-e399-4db8-897a-d8ef21b5e0a7,707b6ccf-c9d9-4c1d-97f4-516b572b2f9d,1697664096962800000
6a69421f-e399-4db8-897a-d8ef21b5e0a7,707b6ccf-c9d9-4c1d-97f4-516b572b2f9d,1697664096993666666
6a69421f-e399-4db8-897a-d8ef21b5e0a7,707b6ccf-c9d9-4c1d-97f4-516b572b2f9d,1697664097032200000
6a69421f-e399-4db8-897a-d8ef21b5e0a7,707b6ccf-c9d9-4c1d-97f4-516b572b2f9d,1697664097063244444
6a69421f-e399-4db8-897a-d8ef21b5e0a7,707b6ccf-c9d9-4c1d-97f4-516b572b2f9d,1697664097095655555
6a69421f-e399-4db8-897a-d8ef21b5e0a7,707b6ccf-c9d9-4c1d-97f4-516b572b2f9d,1697664097123466666
6a69421f-e399-4db8-897a-d8ef21b5e0a7,707b6ccf-c9d9-4c1d-97f4-516b572b2f9d,1697664097157277777
6a69421f-e399-4db8-897a-d8ef21b5e0a7,707b6ccf-c9d9-4c1d-97f4-516b572b2f9d,1697664097191344444
6a69421f-e399-4db8-897a-d8ef21b5e0a7,707b6ccf-c9d9-4c1d-97f4-516b572b2f9d,1697664097231333333
6a69421f-e399-4db8-897a-d8ef21b5e0a7,707b6ccf-c9d9-4c1d-97f4-516b572b2f9d,1697664097250211111
6a69421f-e399-4db8-897a-d8ef21b5e0a7,707b6ccf-c9d9-4c1d-97f4-516b572b2f9d,1697664097296700000
6a69421f-e399-4db8-897a-d8ef21b5e0a7,707b6ccf-c9d9-4c1d-97f4-516b572b2f9d,1697664097333966666
6a69421f-e399-4db8-897a-d8ef21b5e0a7,707b6ccf-c9d9-4c1d-97f4-516b572b2f9d,1697664097362788888
6a69421f-e399-4db8-897a-d8ef21b5e0a7,707b6ccf-c9d9-4c1d-97f4-516b572b2f9d,1697664097394466666
6a69421f-e399-4db8-897a-d8ef21b5e0a7,707b6ccf-c9d9-4c1d-97f4-516b572b2f9d,1697664097431044444
6a69421f-e399-4db8-897a-d8ef21b5e0a7,707b6ccf-c9d9-4c1d-97f4-516b572b2f9d,1697664097464044444
6a69421f-e399-4db8-897a-d8ef21b5e0a7,707b6ccf-c9d9-4c1d-97f4-516b572b2f9d,1697664097499733333
6a69421f-e399-4db8-897a-d8ef21b5e0a7,707b6ccf-c9d9-4c1d-97f4-516b572b2f9d,1697664097532655555
6a69421f-e399-4db8-897a-d8ef21b5e0a7,707b6ccf-c9d9-4c1d-97f4-516b572b2f9d,1697664097561877777
6a69421f-e399-4db8-897a-d8ef21b5e0a7,707b6ccf-c9d9-4c1d-97f4-516b572b2f9d,1697664097598600000
6a69421f-e399-4db8-897a-d8ef21b5e0a7,707b6ccf-c9d9-4c1d-97f4-516b572b2f9d,1697664097638066666
6a69421f-e399-4db8-897a-d8ef21b5e0a7,707b6ccf-c9d9-4c1d-97f4-516b572b2f9d,1697664097663100000
6a69421f-e399-4db8-897a-d8ef21b5e0a7,707b6ccf-c9d9-4c1d-97f4-516b572b2f9d,1697664097693455555
6a69421f-e399-4db8-897a-d8ef21b5e0a7,707b6ccf-c9d9-4c1d-97f4-516b572b2f9d,1697664097729611111
6a69421f-e399-4db8-897a-d8ef21b5e0a7,707b6ccf-c9d9-4c1d-97f4-516b572b2f9d,1697664097767688888
6a69421f-e399-4db8-897a-d8ef21b5e0a7,707b6ccf-c9d9-4c1d-97f4-516b572b2f9d,1697664097788566666
6a69421f-e399-4db8-897a-d8ef21b5e0a7,707b6ccf-c9d9-4c1d-97f4-516b572b2f9d,1697664097817900000
6a69421f-e399-4db8-897a-d8ef21b5e0a7,707b6ccf-c9d9-4c1d-97f4-516b572b2f9d,1697664097852522222
6a69421f-e399-4db8-897a-d8ef21b5e0a7,707b6ccf-c9d9-4c1d-97f4-516b572b2f9d,1697664097888844444
6a69421f-e399-4db8-897a-d8ef21b5e0a7,707b6ccf-c9d9-4c1d-97f4-516b572b2f9d,1697664097919255555
6a69421f-e399-4db8-897a-d8ef21b5e0a7,707b6ccf-c9d9-4c1d-97f4-516b572b2f9d,1697664097962511111
6a69421f-e399-4db8-897a-d8ef21b5e0a7,707b6ccf-c9d9-4c1d-97f4-516b572b2f9d,1697664097992177777
6a69421f-e399-4db8-897a-d8ef21b5e0a7,707b6ccf-c9d9-4c1d-97f4-516b572b2f9d,1697664098031211111
6a69421f-e399-4db8-897a-d8ef21b5e0a7,707b6ccf-c9d9-4c1d-97f4-516b572b2f9d,1697664098062722222
6a69421f-e399-4db8-897a-d8ef21b5e0a7,707b6ccf-c9d9-4c1d-97f4-516b572b2f9d,1697664098098122222
6a69421f-e399-4db8-897a-d8ef21b5e0a7,707b6ccf-c9d9-4c1d-97f4-516b572b2f9d,1697664098130800000
6a69421f-e399-4db8-897a-d8ef21b5e0a7,707b6ccf-c9d9-4c1d-97f4-516b572b2f9d,1697664098162244444
6a69421f-e399-4db8-897a-d8ef21b5e0a7,707b6ccf-c9d9-4c1d-97f4-516b572b2f9d,1697664098209666666
6a69421f-e399-4db8-897a-d8ef21b5e0a7,707b6ccf-c9d9-4c1d-97f4-516b572b2f9d,1697664098234844444
6a69421f-e399-4db8-897a-d8ef21b5e0a7,707b6ccf-c9d9-4c1d-97f4-516b572b2f9d,1697664098262855555
6a69421f-e399-4db8-897a-d8ef21b5e0a7,707b6ccf-c9d9-4c1d-97f4-516b572b2f9d,1697664098293877777
6a69421f-e399-4db8-897a-d8ef21b5e0a7,707b6ccf-c9d9-4c1d-97f4-516b572b2f9d,1697664098331066666
6a69421f-e399-4db8-897a-d8ef21b5e0a7,707b6ccf-c9d9-4c1d-97f4-516b572b2f9d,1697664098360677777
6a69421f-e399-4db8-897a-d8ef21b5e0a7,707b6ccf-c9d9-4c1d-97f4-516b572b2f9d,1697664098393833333
6a69421f-e399-4db8-897a-d8ef21b5e0a7,707b6ccf-c9d9-4c1d-97f4-516b572b2f9d,1697664098431800000
6a69421f-e399-4db8-897a-d8ef21b5e0a7,707b6ccf-c9d9-4c1d-97f4-516b572b2f9d,1697664098459244444
6a69421f-e399-4db8-897a-d8ef21b5e0a7,707b6ccf-c9d9-4c1d-97f4-516b572b2f9d,1697664098510066666
6a69421f-e399-4db8-897a-d8ef21b5e0a7,707b6ccf-c9d9-4c1d-97f4-516b572b2f9d,1697664098521466666
6a69421f-e399-4db8-897a-d8ef21b5e0a7,707b6ccf-c9d9-4c1d-97f4-516b572b2f9d,1697664098559811111
6a69421f-e399-4db8-897a-d8ef21b5e0a7,707b6ccf-c9d9-4c1d-97f4-516b572b2f9d,1697664098587700000
6a69421f-e399-4db8-897a-d8ef21b5e0a7,707b6ccf-c9d9-4c1d-97f4-516b572b2f9d,1697664098617700000
6a69421f-e399-4db8-897a-d8ef21b5e0a7,707b6ccf-c9d9-4c1d-97f4-516b572b2f9d,1697664098676111111
6a69421f-e399-4db8-897a-d8ef21b5e0a7,707b6ccf-c9d9-4c1d-97f4-516b572b2f9d,1697664098690166666
6a69421f-e399-4db8-897a-d8ef21b5e0a7,707b6ccf-c9d9-4c1d-97f4-516b572b2f9d,1697664098731466666
6a69421f-e399-4db8-897a-d8ef21b5e0a7,707b6ccf-c9d9-4c1d-97f4-516b572b2f9d,1697664098763144444
6a69421f-e399-4db8-897a-d8ef21b5e0a7,707b6ccf-c9d9-4c1d-97f4-516b572b2f9d,1697664098794433333
6a69421f-e399-4db8-897a-d8ef21b5e0a7,707b6ccf-c9d9-4c1d-97f4-516b572b2f9d,1697664098832411111
6a69421f-e399-4db8-897a-d8ef21b5e0a7,707b6ccf-c9d9-4c1d-97f4-516b572b2f9d,1697664098860444444
6a69421f-e399-4db8-897a-d8ef21b5e0a7,707b6ccf-c9d9-4c1d-97f4-516b572b2f9d,1697664098893222222
6a69421f-e399-4db8-897a-d8ef21b5e0a7,707b6ccf-c9d9-4c1d-97f4-516b572b2f9d,1697664098929522222
6a69421f-e399-4db8-897a-d8ef21b5e0a7,707b6ccf-c9d9-4c1d-97f4-516b572b2f9d,1697664098959688888
6a69421f-e399-4db8-897a-d8ef21b5e0a7,707b6ccf-c9d9-4c1d-97f4-516b572b2f9d,1697664098995433333
6a69421f-e399-4db8-897a-d8ef21b5e0a7,707b6ccf-c9d9-4c1d-97f4-516b572b2f9d,1697664099035666666
6a69421f-e399-4db8-897a-d8ef21b5e0a7,707b6ccf-c9d9-4c1d-97f4-516b572b2f9d,1697664099063466666
6a69421f-e399-4db8-897a-d8ef21b5e0a7,707b6ccf-c9d9-4c1d-97f4-516b572b2f9d,1697664099087988888
6a69421f-e399-4db8-897a-d8ef21b5e0a7,707b6ccf-c9d9-4c1d-97f4-516b572b2f9d,1697664099148833333
6a69421f-e399-4db8-897a-d8ef21b5e0a7,707b6ccf-c9d9-4c1d-97f4-516b572b2f9d,1697664099162022222
6a69421f-e399-4db8-897a-d8ef21b5e0a7,707b6ccf-c9d9-4c1d-97f4-516b572b2f9d,1697664099183533333
6a69421f-e399-4db8-897a-d8ef21b5e0a7,707b6ccf-c9d9-4c1d-97f4-516b572b2f9d,1697664099219822222
6a69421f-e399-4db8-897a-d8ef21b5e0a7,707b6ccf-c9d9-4c1d-97f4-516b572b2f9d,1697664099252244444
6a69421f-e399-4db8-897a-d8ef21b5e0a7,707b6ccf-c9d9-4c1d-97f4-516b572b2f9d,1697664099294500000
6a69421f-e399-4db8-897a-d8ef21b5e0a7,707b6ccf-c9d9-4c1d-97f4-516b572b2f9d,1697664099329811111
6a69421f-e399-4db8-897a-d8ef21b5e0a7,707b6ccf-c9d9-4c1d-97f4-516b572b2f9d,1697664099363988888
6a69421f-e399-4db8-897a-d8ef21b5e0a7,707b6ccf-c9d9-4c1d-97f4-516b572b2f9d,1697664099392066666
6a69421f-e399-4db8-897a-d8ef21b5e0a7,707b6ccf-c9d9-4c1d-97f4-516b572b2f9d,1697664099431533333
6a69421f-e399-4db8-897a-d8ef21b5e0a7,707b6ccf-c9d9-4c1d-97f4-516b572b2f9d,1697664099462977777
6a69421f-e399-4db8-897a-d8ef21b5e0a7,707b6ccf-c9d9-4c1d-97f4-516b572b2f9d,1697664099495777777
6a69421f-e399-4db8-897a-d8ef21b5e0a7,707b6ccf-c9d9-4c1d-97f4-516b572b2f9d,1697664099531566666
6a69421f-e399-4db8-897a-d8ef21b5e0a7,707b6ccf-c9d9-4c1d-97f4-516b572b2f9d,1697664099564966666
6a69421f-e399-4db8-897a-d8ef21b5e0a7,707b6ccf-c9d9-4c1d-97f4-516b572b2f9d,1697664099593444444
6a69421f-e399-4db8-897a-d8ef21b5e0a7,707b6ccf-c9d9-4c1d-97f4-516b572b2f9d,1697664099630877777
6a69421f-e399-4db8-897a-d8ef21b5e0a7,707b6ccf-c9d9-4c1d-97f4-516b572b2f9d,1697664099666000000
6a69421f-e399-4db8-897a-d8ef21b5e0a7,707b6ccf-c9d9-4c1d-97f4-516b572b2f9d,1697664099686822222
6a69421f-e399-4db8-897a-d8ef21b5e0a7,707b6ccf-c9d9-4c1d-97f4-516b572b2f9d,1697664099729488888
6a69421f-e399-4db8-897a-d8ef21b5e0a7,707b6ccf-c9d9-4c1d-97f4-516b572b2f9d,1697664099764566666
6a69421f-e399-4db8-897a-d8ef21b5e0a7,707b6ccf-c9d9-4c1d-97f4-516b572b2f9d,1697664099791322222
6a69421f-e399-4db8-897a-d8ef21b5e0a7,707b6ccf-c9d9-4c1d-97f4-516b572b2f9d,1697664099824111111
6a69421f-e399-4db8-897a-d8ef21b5e0a7,707b6ccf-c9d9-4c1d-97f4-516b572b2f9d,1697664099865855555
6a69421f-e399-4db8-897a-d8ef21b5e0a7,707b6ccf-c9d9-4c1d-97f4-516b572b2f9d,1697664099887344444
6a69421f-e399-4db8-897a-d8ef21b5e0a7,707b6ccf-c9d9-4c1d-97f4-516b572b2f9d,1697664099932277777
6a69421f-e399-4db8-897a-d8ef21b5e0a7,707b6ccf-c9d9-4c1d-97f4-516b572b2f9d,1697664099961333333
6a69421f-e399-4db8-897a-d8ef21b5e0a7,707b6ccf-c9d9-4c1d-97f4-516b572b2f9d,1697664099982433333
6a69421f-e399-4db8-897a-d8ef21b5e0a7,707b6ccf-c9d9-4c1d-97f4-516b572b2f9d,1697664100037688888
6a69421f-e399-4db8-897a-d8ef21b5e0a7,707b6ccf-c9d9-4c1d-97f4-516b572b2f9d,1697664100063733333
6a69421f-e399-4db8-897a-d8ef21b5e0a7,707b6ccf-c9d9-4c1d-97f4-516b572b2f9d,1697664100090288888
6a69421f-e399-4db8-897a-d8ef21b5e0a7,707b6ccf-c9d9-4c1d-97f4-516b572b2f9d,1697664100136577777
6a69421f-e399-4db8-897a-d8ef21b5e0a7,707b6ccf-c9d9-4c1d-97f4-516b572b2f9d,1697664100164055555
6a69421f-e399-4db8-897a-d8ef21b5e0a7,707b6ccf-c9d9-4c1d-97f4-516b572b2f9d,1697664100192122222
6a69421f-e399-4db8-897a-d8ef21b5e0a7,707b6ccf-c9d9-4c1d-97f4-516b572b2f9d,1697664100230088888
6a69421f-e399-4db8-897a-d8ef21b5e0a7,707b6ccf-c9d9-4c1d-97f4-516b572b2f9d,1697664100260166666
6a69421f-e399-4db8-897a-d8ef21b5e0a7,707b6ccf-c9d9-4c1d-97f4-516b572b2f9d,1697664100293622222
6a69421f-e399-4db8-897a-d8ef21b5e0a7,707b6ccf-c9d9-4c1d-97f4-516b572b2f9d,1697664100331088888
6a69421f-e399-4db8-897a-d8ef21b5e0a7,707b6ccf-c9d9-4c1d-97f4-516b572b2f9d,1697664100361344444
6a69421f-e399-4db8-897a-d8ef21b5e0a7,707b6ccf-c9d9-4c1d-97f4-516b572b2f9d,1697664100394066666
6a69421f-e399-4db8-897a-d8ef21b5e0a7,707b6ccf-c9d9-4c1d-97f4-516b572b2f9d,1697664100432288888
6a69421f-e399-4db8-897a-d8ef21b5e0a7,707b6ccf-c9d9-4c1d-97f4-516b572b2f9d,1697664100461444444
6a69421f-e399-4db8-897a-d8ef21b5e0a7,707b6ccf-c9d9-4c1d-97f4-516b572b2f9d,1697664100487066666
6a69421f-e399-4db8-897a-d8ef21b5e0a7,707b6ccf-c9d9-4c1d-97f4-516b572b2f9d,1697664100520733333
6a69421f-e399-4db8-897a-d8ef21b5e0a7,707b6ccf-c9d9-4c1d-97f4-516b572b2f9d,1697664100569266666
6a69421f-e399-4db8-897a-d8ef21b5e0a7,707b6ccf-c9d9-4c1d-97f4-516b572b2f9d,1697664100584944444
6a69421f-e399-4db8-897a-d8ef21b5e0a7,707b6ccf-c9d9-4c1d-97f4-516b572b2f9d,1697664100627544444
6a69421f-e399-4db8-897a-d8ef21b5e0a7,707b6ccf-c9d9-4c1d-97f4-516b572b2f9d,1697664100657966666
6a69421f-e399-4db8-897a-d8ef21b5e0a7,707b6ccf-c9d9-4c1d-97f4-516b572b2f9d,1697664100692611111
6a69421f-e399-4db8-897a-d8ef21b5e0a7,707b6ccf-c9d9-4c1d-97f4-516b572b2f9d,1697664100729566666
6a69421f-e399-4db8-897a-d8ef21b5e0a7,707b6ccf-c9d9-4c1d-97f4-516b572b2f9d,1697664100769188888
6a69421f-e399-4db8-897a-d8ef21b5e0a7,707b6ccf-c9d9-4c1d-97f4-516b572b2f9d,1697664100794388888
6a69421f-e399-4db8-897a-d8ef21b5e0a7,707b6ccf-c9d9-4c1d-97f4-516b572b2f9d,1697664100831300000
6a69421f-e399-4db8-897a-d8ef21b5e0a7,707b6ccf-c9d9-4c1d-97f4-516b572b2f9d,1697664100863211111
6a69421f-e399-4db8-897a-d8ef21b5e0a7,707b6ccf-c9d9-4c1d-97f4-516b572b2f9d,1697664100893644444
6a69421f-e399-4db8-897a-d8ef21b5e0a7,707b6ccf-c9d9-4c1d-97f4-516b572b2f9d,1697664100929788888
6a69421f-e399-4db8-897a-d8ef21b5e0a7,707b6ccf-c9d9-4c1d-97f4-516b572b2f9d,1697664100961633333
6a69421f-e399-4db8-897a-d8ef21b5e0a7,707b6ccf-c9d9-4c1d-97f4-516b572b2f9d,1697664100992966666
6a69421f-e399-4db8-897a-d8ef21b5e0a7,707b6ccf-c9d9-4c1d-97f4-516b572b2f9d,1697664101034300000
6a69421f-e399-4db8-897a-d8ef21b5e0a7,707b6ccf-c9d9-4c1d-97f4-516b572b2f9d,1697664101060111111
6a69421f-e399-4db8-897a-d8ef21b5e0a7,707b6ccf-c9d9-4c1d-97f4-516b572b2f9d,1697664101093144444
6a69421f-e399-4db8-897a-d8ef21b5e0a7,707b6ccf-c9d9-4c1d-97f4-516b572b2f9d,1697664101135777777
6a69421f-e399-4db8-897a-d8ef21b5e0a7,707b6ccf-c9d9-4c1d-97f4-516b572b2f9d,1697664101167400000
6a69421f-e399-4db8-897a-d8ef21b5e0a7,707b6ccf-c9d9-4c1d-97f4-516b572b2f9d,1697664101186111111
6a69421f-e399-4db8-897a-d8ef21b5e0a7,707b6ccf-c9d9-4c1d-97f4-516b572b2f9d,1697664101236377777
6a69421f-e399-4db8-897a-d8ef21b5e0a7,707b6ccf-c9d9-4c1d-97f4-516b572b2f9d,1697664101253611111
6a69421f-e399-4db8-897a-d8ef21b5e0a7,707b6ccf-c9d9-4c1d-97f4-516b572b2f9d,1697664101285111111
6a69421f-e399-4db8-897a-d8ef21b5e0a7,707b6ccf-c9d9-4c1d-97f4-516b572b2f9d,1697664101317277777
6a69421f-e399-4db8-897a-d8ef21b5e0a7,707b6ccf-c9d9-4c1d-97f4-516b572b2f9d,1697664101364766666
6a69421f-e399-4db8-897a-d8ef21b5e0a7,707b6ccf-c9d9-4c1d-97f4-516b572b2f9d,1697664101392577777
6a69421f-e399-4db8-897a-d8ef21b5e0a7,707b6ccf-c9d9-4c1d-97f4-516b572b2f9d,1697664101440733333
6a69421f-e399-4db8-897a-d8ef21b5e0a7,707b6ccf-c9d9-4c1d-97f4-516b572b2f9d,1697664101463300000
6a69421f-e399-4db8-897a-d8ef21b5e0a7,707b6ccf-c9d9-4c1d-97f4-516b572b2f9d,1697664101484655555
6a69421f-e399-4db8-897a-d8ef21b5e0a7,707b6ccf-c9d9-4c1d-97f4-516b572b2f9d,1697664101534522222
6a69421f-e399-4db8-897a-d8ef21b5e0a7,707b6ccf-c9d9-4c1d-97f4-516b572b2f9d,1697664101561300000
6a69421f-e399-4db8-897a-d8ef21b5e0a7,707b6ccf-c9d9-4c1d-97f4-516b572b2f9d,1697664101583522222
6a69421f-e399-4db8-897a-d8ef21b5e0a7,707b6ccf-c9d9-4c1d-97f4-516b572b2f9d,1697664101633433333
6a69421f-e399-4db8-897a-d8ef21b5e0a7,707b6ccf-c9d9-4c1d-97f4-516b572b2f9d,1697664101662277777
6a69421f-e399-4db8-897a-d8ef21b5e0a7,707b6ccf-c9d9-4c1d-97f4-516b572b2f9d,1697664101684733333
6a69421f-e399-4db8-897a-d8ef21b5e0a7,707b6ccf-c9d9-4c1d-97f4-516b572b2f9d,1697664101738066666
6a69421f-e399-4db8-897a-d8ef21b5e0a7,707b6ccf-c9d9-4c1d-97f4-516b572b2f9d,1697664101762822222
6a69421f-e399-4db8-897a-d8ef21b5e0a7,707b6ccf-c9d9-4c1d-97f4-516b572b2f9d,1697664101782944444
6a69421f-e399-4db8-897a-d8ef21b5e0a7,707b6ccf-c9d9-4c1d-97f4-516b572b2f9d,1697664101841822222
6a69421f-e399-4db8-897a-d8ef21b5e0a7,707b6ccf-c9d9-4c1d-97f4-516b572b2f9d,1697664101855488888
6a69421f-e399-4db8-897a-d8ef21b5e0a7,707b6ccf-c9d9-4c1d-97f4-516b572b2f9d,1697664101883300000
6a69421f-e399-4db8-897a-d8ef21b5e0a7,707b6ccf-c9d9-4c1d-97f4-516b572b2f9d,1697664101921766666
6a69421f-e399-4db8-897a-d8ef21b5e0a7,707b6ccf-c9d9-4c1d-97f4-516b572b2f9d,1697664101954288888
6a69421f-e399-4db8-897a-d8ef21b5e0a7,707b6ccf-c9d9-4c1d-97f4-516b572b2f9d,1697664101995155555
6a69421f-e399-4db8-897a-d8ef21b5e0a7,707b6ccf-c9d9-4c1d-97f4-516b572b2f9d,1697664102030477777
6a69421f-e399-4db8-897a-d8ef21b5e0a7,707b6ccf-c9d9-4c1d-97f4-516b572b2f9d,1697664102060355555
6a69421f-e399-4db8-897a-d8ef21b5e0a7,707b6ccf-c9d9-4c1d-97f4-516b572b2f9d,1697664102086300000
6a69421f-e399-4db8-897a-d8ef21b5e0a7,707b6ccf-c9d9-4c1d-97f4-516b572b2f9d,1697664102125122222
6a69421f-e399-4db8-897a-d8ef21b5e0a7,707b6ccf-c9d9-4c1d-97f4-516b572b2f9d,1697664102162488888
6a69421f-e399-4db8-897a-d8ef21b5e0a7,707b6ccf-c9d9-4c1d-97f4-516b572b2f9d,1697664102189711111
6a69421f-e399-4db8-897a-d8ef21b5e0a7,707b6ccf-c9d9-4c1d-97f4-516b572b2f9d,1697664102236277777
6a69421f-e399-4db8-897a-d8ef21b5e0a7,707b6ccf-c9d9-4c1d-97f4-516b572b2f9d,1697664102262255555
6a69421f-e399-4db8-897a-d8ef21b5e0a7,707b6ccf-c9d9-4c1d-97f4-516b572b2f9d,1697664102285800000
6a69421f-e399-4db8-897a-d8ef21b5e0a7,707b6ccf-c9d9-4c1d-97f4-516b572b2f9d,1697664102327400000
6a69421f-e399-4db8-897a-d8ef21b5e0a7,707b6ccf-c9d9-4c1d-97f4-516b572b2f9d,1697664102367388888
6a69421f-e399-4db8-897a-d8ef21b5e0a7,707b6ccf-c9d9-4c1d-97f4-516b572b2f9d,1697664102394877777
6a69421f-e399-4db8-897a-d8ef21b5e0a7,707b6ccf-c9d9-4c1d-97f4-516b572b2f9d,1697664102423822222
6a69421f-e399-4db8-897a-d8ef21b5e0a7,707b6ccf-c9d9-4c1d-97f4-516b572b2f9d,1697664102462422222
6a69421f-e399-4db8-897a-d8ef21b5e0a7,707b6ccf-c9d9-4c1d-97f4-516b572b2f9d,1697664102492533333
6a69421f-e399-4db8-897a-d8ef21b5e0a7,707b6ccf-c9d9-4c1d-97f4-516b572b2f9d,1697664102524144444
6a69421f-e399-4db8-897a-d8ef21b5e0a7,707b6ccf-c9d9-4c1d-97f4-516b572b2f9d,1697664102552000000
6a69421f-e399-4db8-897a-d8ef21b5e0a7,707b6ccf-c9d9-4c1d-97f4-516b572b2f9d,1697664102589477777
6a69421f-e399-4db8-897a-d8ef21b5e0a7,707b6ccf-c9d9-4c1d-97f4-516b572b2f9d,1697664102637255555
6a69421f-e399-4db8-897a-d8ef21b5e0a7,707b6ccf-c9d9-4c1d-97f4-516b572b2f9d,1697664102662433333
6a69421f-e399-4db8-897a-d8ef21b5e0a7,707b6ccf-c9d9-4c1d-97f4-516b572b2f9d,1697664102686733333
6a69421f-e399-4db8-897a-d8ef21b5e0a7,707b6ccf-c9d9-4c1d-97f4-516b572b2f9d,1697664102730922222
6a69421f-e399-4db8-897a-d8ef21b5e0a7,707b6ccf-c9d9-4c1d-97f4-516b572b2f9d,1697664102763488888
6a69421f-e399-4db8-897a-d8ef21b5e0a7,707b6ccf-c9d9-4c1d-97f4-516b572b2f9d,1697664102787011111
6a69421f-e399-4db8-897a-d8ef21b5e0a7,707b6ccf-c9d9-4c1d-97f4-516b572b2f9d,1697664102831800000
6a69421f-e399-4db8-897a-d8ef21b5e0a7,707b6ccf-c9d9-4c1d-97f4-516b572b2f9d,1697664102862744444
6a69421f-e399-4db8-897a-d8ef21b5e0a7,707b6ccf-c9d9-4c1d-97f4-516b572b2f9d,1697664102887633333
6a69421f-e399-4db8-897a-d8ef21b5e0a7,707b6ccf-c9d9-4c1d-97f4-516b572b2f9d,1697664102930011111
6a69421f-e399-4db8-897a-d8ef21b5e0a7,707b6ccf-c9d9-4c1d-97f4-516b572b2f9d,1697664102963044444
6a69421f-e399-4db8-897a-d8ef21b5e0a7,707b6ccf-c9d9-4c1d-97f4-516b572b2f9d,1697664102987855555
6a69421f-e399-4db8-897a-d8ef21b5e0a7,707b6ccf-c9d9-4c1d-97f4-516b572b2f9d,1697664103030555555
6a69421f-e399-4db8-897a-d8ef21b5e0a7,707b6ccf-c9d9-4c1d-97f4-516b572b2f9d,1697664103060977777
6a69421f-e399-4db8-897a-d8ef21b5e0a7,707b6ccf-c9d9-4c1d-97f4-516b572b2f9d,1697664103087200000
6a69421f-e399-4db8-897a-d8ef21b5e0a7,707b6ccf-c9d9-4c1d-97f4-516b572b2f9d,1697664103125400000
6a69421f-e399-4db8-897a-d8ef21b5e0a7,707b6ccf-c9d9-4c1d-97f4-516b572b2f9d,1697664103173566666
6a69421f-e399-4db8-897a-d8ef21b5e0a7,707b6ccf-c9d9-4c1d-97f4-516b572b2f9d,1697664103194188888
6a69421f-e399-4db8-897a-d8ef21b5e0a7,707b6ccf-c9d9-4c1d-97f4-516b572b2f9d,1697664103216122222
6a69421f-e399-4db8-897a-d8ef21b5e0a7,707b6ccf-c9d9-4c1d-97f4-516b572b2f9d,1697664103255088888
6a69421f-e399-4db8-897a-d8ef21b5e0a7,707b6ccf-c9d9-4c1d-97f4-516b572b2f9d,1697664103284588888
6a69421f-e399-4db8-897a-d8ef21b5e0a7,707b6ccf-c9d9-4c1d-97f4-516b572b2f9d,1697664103328444444
6a69421f-e399-4db8-897a-d8ef21b5e0a7,707b6ccf-c9d9-4c1d-97f4-516b572b2f9d,1697664103352522222
6a69421f-e399-4db8-897a-d8ef21b5e0a7,707b6ccf-c9d9-4c1d-97f4-516b572b2f9d,1697664103392644444
6a69421f-e399-4db8-897a-d8ef21b5e0a7,707b6ccf-c9d9-4c1d-97f4-516b572b2f9d,1697664103425355555
6a69421f-e399-4db8-897a-d8ef21b5e0a7,707b6ccf-c9d9-4c1d-97f4-516b572b2f9d,1697664103462622222
6a69421f-e399-4db8-897a-d8ef21b5e0a7,707b6ccf-c9d9-4c1d-97f4-516b572b2f9d,1697664103485377777
6a69421f-e399-4db8-897a-d8ef21b5e0a7,707b6ccf-c9d9-4c1d-97f4-516b572b2f9d,1697664103532966666
6a69421f-e399-4db8-897a-d8ef21b5e0a7,707b6ccf-c9d9-4c1d-97f4-516b572b2f9d,1697664103552744444
6a69421f-e399-4db8-897a-d8ef21b5e0a7,707b6ccf-c9d9-4c1d-97f4-516b572b2f9d,1697664103593055555
6a69421f-e399-4db8-897a-d8ef21b5e0a7,707b6ccf-c9d9-4c1d-97f4-516b572b2f9d,1697664103628377777
6a69421f-e399-4db8-897a-d8ef21b5e0a7,707b6ccf-c9d9-4c1d-97f4-516b572b2f9d,1697664103663022222
6a69421f-e399-4db8-897a-d8ef21b5e0a7,707b6ccf-c9d9-4c1d-97f4-516b572b2f9d,1697664103688388888
6a69421f-e399-4db8-897a-d8ef21b5e0a7,707b6ccf-c9d9-4c1d-97f4-516b572b2f9d,1697664103726566666
6a69421f-e399-4db8-897a-d8ef21b5e0a7,707b6ccf-c9d9-4c1d-97f4-516b572b2f9d,1697664103762100000
6a69421f-e399-4db8-897a-d8ef21b5e0a7,707b6ccf-c9d9-4c1d-97f4-516b572b2f9d,1697664103794466666
6a69421f-e399-4db8-897a-d8ef21b5e0a7,707b6ccf-c9d9-4c1d-97f4-516b572b2f9d,1697664103825655555
6a69421f-e399-4db8-897a-d8ef21b5e0a7,707b6ccf-c9d9-4c1d-97f4-516b572b2f9d,1697664103858033333
6a69421f-e399-4db8-897a-d8ef21b5e0a7,707b6ccf-c9d9-4c1d-97f4-516b572b2f9d,1697664103898400000
6a69421f-e399-4db8-897a-d8ef21b5e0a7,707b6ccf-c9d9-4c1d-97f4-516b572b2f9d,1697664103913144444
6a69421f-e399-4db8-897a-d8ef21b5e0a7,707b6ccf-c9d9-4c1d-97f4-516b572b2f9d,1697664103957300000
6a69421f-e399-4db8-897a-d8ef21b5e0a7,707b6ccf-c9d9-4c1d-97f4-516b572b2f9d,1697664103999122222
6a69421f-e399-4db8-897a-d8ef21b5e0a7,707b6ccf-c9d9-4c1d-97f4-516b572b2f9d,1697664104016311111
6a69421f-e399-4db8-897a-d8ef21b5e0a7,707b6ccf-c9d9-4c1d-97f4-516b572b2f9d,1697664104055677777
6a69421f-e399-4db8-897a-d8ef21b5e0a7,707b6ccf-c9d9-4c1d-97f4-516b572b2f9d,1697664104095288888
6a69421f-e399-4db8-897a-d8ef21b5e0a7,707b6ccf-c9d9-4c1d-97f4-516b572b2f9d,1697664104129788888
6a69421f-e399-4db8-897a-d8ef21b5e0a7,707b6ccf-c9d9-4c1d-97f4-516b572b2f9d,1697664104166855555
6a69421f-e399-4db8-897a-d8ef21b5e0a7,707b6ccf-c9d9-4c1d-97f4-516b572b2f9d,1697664104193300000
6a69421f-e399-4db8-897a-d8ef21b5e0a7,707b6ccf-c9d9-4c1d-97f4-516b572b2f9d,1697664104225100000
6a69421f-e399-4db8-897a-d8ef21b5e0a7,707b6ccf-c9d9-4c1d-97f4-516b572b2f9d,1697664104262244444
6a69421f-e399-4db8-897a-d8ef21b5e0a7,707b6ccf-c9d9-4c1d-97f4-516b572b2f9d,1697664104293488888
6a69421f-e399-4db8-897a-d8ef21b5e0a7,707b6ccf-c9d9-4c1d-97f4-516b572b2f9d,1697664104326500000
6a69421f-e399-4db8-897a-d8ef21b5e0a7,707b6ccf-c9d9-4c1d-97f4-516b572b2f9d,1697664104363600000
6a69421f-e399-4db8-897a-d8ef21b5e0a7,707b6ccf-c9d9-4c1d-97f4-516b572b2f9d,1697664104385544444
6a69421f-e399-4db8-897a-d8ef21b5e0a7,707b6ccf-c9d9-4c1d-97f4-516b572b2f9d,1697664104428433333
6a69421f-e399-4db8-897a-d8ef21b5e0a7,707b6ccf-c9d9-4c1d-97f4-516b572b2f9d,1697664104464788888
6a69421f-e399-4db8-897a-d8ef21b5e0a7,707b6ccf-c9d9-4c1d-97f4-516b572b2f9d,1697664104495322222
6a69421f-e399-4db8-897a-d8ef21b5e0a7,707b6ccf-c9d9-4c1d-97f4-516b572b2f9d,1697664104526066666
6a69421f-e399-4db8-897a-d8ef21b5e0a7,707b6ccf-c9d9-4c1d-97f4-516b572b2f9d,1697664104551155555
6a69421f-e399-4db8-897a-d8ef21b5e0a7,707b6ccf-c9d9-4c1d-97f4-516b572b2f9d,1697664104587977777
6a69421f-e399-4db8-897a-d8ef21b5e0a7,707b6ccf-c9d9-4c1d-97f4-516b572b2f9d,1697664104641822222
6a69421f-e399-4db8-897a-d8ef21b5e0a7,707b6ccf-c9d9-4c1d-97f4-516b572b2f9d,1697664104655544444
6a69421f-e399-4db8-897a-d8ef21b5e0a7,707b6ccf-c9d9-4c1d-97f4-516b572b2f9d,1697664104700066666
6a69421f-e399-4db8-897a-d8ef21b5e0a7,707b6ccf-c9d9-4c1d-97f4-516b572b2f9d,1697664104712766666
6a69421f-e399-4db8-897a-d8ef21b5e0a7,707b6ccf-c9d9-4c1d-97f4-516b572b2f9d,1697664104776455555
6a69421f-e399-4db8-897a-d8ef21b5e0a7,707b6ccf-c9d9-4c1d-97f4-516b572b2f9d,1697664104801200000
6a69421f-e399-4db8-897a-d8ef21b5e0a7,707b6ccf-c9d9-4c1d-97f4-516b572b2f9d,1697664104815433333
6a69421f-e399-4db8-897a-d8ef21b5e0a7,707b6ccf-c9d9-4c1d-97f4-516b572b2f9d,1697664104866422222
6a69421f-e399-4db8-897a-d8ef21b5e0a7,707b6ccf-c9d9-4c1d-97f4-516b572b2f9d,1697664104895577777
6a69421f-e399-4db8-897a-d8ef21b5e0a7,707b6ccf-c9d9-4c1d-97f4-516b572b2f9d,1697664104929233333
6a69421f-e399-4db8-897a-d8ef21b5e0a7,707b6ccf-c9d9-4c1d-97f4-516b572b2f9d,1697664104962933333
6a69421f-e399-4db8-897a-d8ef21b5e0a7,707b6ccf-c9d9-4c1d-97f4-516b572b2f9d,1697664104988155555
6a69421f-e399-4db8-897a-d8ef21b5e0a7,707b6ccf-c9d9-4c1d-97f4-516b572b2f9d,1697664105029344444
6a69421f-e399-4db8-897a-d8ef21b5e0a7,707b6ccf-c9d9-4c1d-97f4-516b572b2f9d,1697664105060833333
6a69421f-e399-4db8-897a-d8ef21b5e0a7,707b6ccf-c9d9-4c1d-97f4-516b572b2f9d,1697664105084844444
6a69421f-e399-4db8-897a-d8ef21b5e0a7,707b6ccf-c9d9-4c1d-97f4-516b572b2f9d,1697664105134644444
6a69421f-e399-4db8-897a-d8ef21b5e0a7,707b6ccf-c9d9-4c1d-97f4-516b572b2f9d,1697664105162766666
6a69421f-e399-4db8-897a-d8ef21b5e0a7,707b6ccf-c9d9-4c1d-97f4-516b572b2f9d,1697664105196822222
6a69421f-e399-4db8-897a-d8ef21b5e0a7,707b6ccf-c9d9-4c1d-97f4-516b572b2f9d,1697664105220744444
6a69421f-e399-4db8-897a-d8ef21b5e0a7,707b6ccf-c9d9-4c1d-97f4-516b572b2f9d,1697664105253122222
6a69421f-e399-4db8-897a-d8ef21b5e0a7,707b6ccf-c9d9-4c1d-97f4-516b572b2f9d,1697664105282211111
6a69421f-e399-4db8-897a-d8ef21b5e0a7,707b6ccf-c9d9-4c1d-97f4-516b572b2f9d,1697664105316400000
6a69421f-e399-4db8-897a-d8ef21b5e0a7,707b6ccf-c9d9-4c1d-97f4-516b572b2f9d,1697664105349777777
6a69421f-e399-4db8-897a-d8ef21b5e0a7,707b6ccf-c9d9-4c1d-97f4-516b572b2f9d,1697664105391600000
6a69421f-e399-4db8-897a-d8ef21b5e0a7,707b6ccf-c9d9-4c1d-97f4-516b572b2f9d,1697664105426388888
6a69421f-e399-4db8-897a-d8ef21b5e0a7,707b6ccf-c9d9-4c1d-97f4-516b572b2f9d,1697664105458133333
6a69421f-e399-4db8-897a-d8ef21b5e0a7,707b6ccf-c9d9-4c1d-97f4-516b572b2f9d,1697664105494377777
6a69421f-e399-4db8-897a-d8ef21b5e0a7,707b6ccf-c9d9-4c1d-97f4-516b572b2f9d,1697664105525944444
6a69421f-e399-4db8-897a-d8ef21b5e0a7,707b6ccf-c9d9-4c1d-97f4-516b572b2f9d,1697664105557611111
6a69421f-e399-4db8-897a-d8ef21b5e0a7,707b6ccf-c9d9-4c1d-97f4-516b572b2f9d,1697664105595211111
6a69421f-e399-4db8-897a-d8ef21b5e0a7,707b6ccf-c9d9-4c1d-97f4-516b572b2f9d,1697664105624100000
6a69421f-e399-4db8-897a-d8ef21b5e0a7,707b6ccf-c9d9-4c1d-97f4-516b572b2f9d,1697664105662077777
6a69421f-e399-4db8-897a-d8ef21b5e0a7,707b6ccf-c9d9-4c1d-97f4-516b572b2f9d,1697664105695066666
6a69421f-e399-4db8-897a-d8ef21b5e0a7,707b6ccf-c9d9-4c1d-97f4-516b572b2f9d,1697664105726966666
6a69421f-e399-4db8-897a-d8ef21b5e0a7,707b6ccf-c9d9-4c1d-97f4-516b572b2f9d,1697664105757822222
6a69421f-e399-4db8-897a-d8ef21b5e0a7,707b6ccf-c9d9-4c1d-97f4-516b572b2f9d,1697664105794166666
6a69421f-e399-4db8-897a-d8ef21b5e0a7,707b6ccf-c9d9-4c1d-97f4-516b572b2f9d,1697664105822800000
6a69421f-e399-4db8-897a-d8ef21b5e0a7,707b6ccf-c9d9-4c1d-97f4-516b572b2f9d,1697664105857700000
6a69421f-e399-4db8-897a-d8ef21b5e0a7,707b6ccf-c9d9-4c1d-97f4-516b572b2f9d,1697664105911588888
6a69421f-e399-4db8-897a-d8ef21b5e0a7,707b6ccf-c9d9-4c1d-97f4-516b572b2f9d,1697664105920988888
6a69421f-e399-4db8-897a-d8ef21b5e0a7,707b6ccf-c9d9-4c1d-97f4-516b572b2f9d,1697664105948022222
6a69421f-e399-4db8-897a-d8ef21b5e0a7,707b6ccf-c9d9-4c1d-97f4-516b572b2f9d,1697664105980477777
6a69421f-e399-4db8-897a-d8ef21b5e0a7,707b6ccf-c9d9-4c1d-97f4-516b572b2f9d,1697664106025011111
6a69421f-e399-4db8-897a-d8ef21b5e0a7,707b6ccf-c9d9-4c1d-97f4-516b572b2f9d,1697664106046800000
6a69421f-e399-4db8-897a-d8ef21b5e0a7,707b6ccf-c9d9-4c1d-97f4-516b572b2f9d,1697664106095111111
6a69421f-e399-4db8-897a-d8ef21b5e0a7,707b6ccf-c9d9-4c1d-97f4-516b572b2f9d,1697664106125255555
6a69421f-e399-4db8-897a-d8ef21b5e0a7,707b6ccf-c9d9-4c1d-97f4-516b572b2f9d,1697664106157622222
6a69421f-e399-4db8-897a-d8ef21b5e0a7,707b6ccf-c9d9-4c1d-97f4-516b572b2f9d,1697664106198700000
6a69421f-e399-4db8-897a-d8ef21b5e0a7,707b6ccf-c9d9-4c1d-97f4-516b572b2f9d,1697664106227077777
6a69421f-e399-4db8-897a-d8ef21b5e0a7,707b6ccf-c9d9-4c1d-97f4-516b572b2f9d,1697664106260800000
6a69421f-e399-4db8-897a-d8ef21b5e0a7,707b6ccf-c9d9-4c1d-97f4-516b572b2f9d,1697664106289977777
6a69421f-e399-4db8-897a-d8ef21b5e0a7,707b6ccf-c9d9-4c1d-97f4-516b572b2f9d,1697664106329411111
6a69421f-e399-4db8-897a-d8ef21b5e0a7,707b6ccf-c9d9-4c1d-97f4-516b572b2f9d,1697664106362333333
6a69421f-e399-4db8-897a-d8ef21b5e0a7,707b6ccf-c9d9-4c1d-97f4-516b572b2f9d,1697664106393855555
6a69421f-e399-4db8-897a-d8ef21b5e0a7,707b6ccf-c9d9-4c1d-97f4-516b572b2f9d,1697664106428255555
6a69421f-e399-4db8-897a-d8ef21b5e0a7,707b6ccf-c9d9-4c1d-97f4-516b572b2f9d,1697664106463366666
6a69421f-e399-4db8-897a-d8ef21b5e0a7,707b6ccf-c9d9-4c1d-97f4-516b572b2f9d,1697664106491088888
6a69421f-e399-4db8-897a-d8ef21b5e0a7,707b6ccf-c9d9-4c1d-97f4-516b572b2f9d,1697664106529633333
6a69421f-e399-4db8-897a-d8ef21b5e0a7,707b6ccf-c9d9-4c1d-97f4-516b572b2f9d,1697664106571366666
6a69421f-e399-4db8-897a-d8ef21b5e0a7,707b6ccf-c9d9-4c1d-97f4-516b572b2f9d,1697664106584777777
6a69421f-e399-4db8-897a-d8ef21b5e0a7,707b6ccf-c9d9-4c1d-97f4-516b572b2f9d,1697664106619000000
6a69421f-e399-4db8-897a-d8ef21b5e0a7,707b6ccf-c9d9-4c1d-97f4-516b572b2f9d,1697664106646833333
6a69421f-e399-4db8-897a-d8ef21b5e0a7,707b6ccf-c9d9-4c1d-97f4-516b572b2f9d,1697664106692966666
6a69421f-e399-4db8-897a-d8ef21b5e0a7,707b6ccf-c9d9-4c1d-97f4-516b572b2f9d,1697664106729133333
6a69421f-e399-4db8-897a-d8ef21b5e0a7,707b6ccf-c9d9-4c1d-97f4-516b572b2f9d,1697664106757933333
6a69421f-e399-4db8-897a-d8ef21b5e0a7,707b6ccf-c9d9-4c1d-97f4-516b572b2f9d,1697664106793988888
6a69421f-e399-4db8-897a-d8ef21b5e0a7,707b6ccf-c9d9-4c1d-97f4-516b572b2f9d,1697664106829677777
6a69421f-e399-4db8-897a-d8ef21b5e0a7,707b6ccf-c9d9-4c1d-97f4-516b572b2f9d,1697664106865711111
6a69421f-e399-4db8-897a-d8ef21b5e0a7,707b6ccf-c9d9-4c1d-97f4-516b572b2f9d,1697664106898644444
6a69421f-e399-4db8-897a-d8ef21b5e0a7,707b6ccf-c9d9-4c1d-97f4-516b572b2f9d,1697664106931811111
6a69421f-e399-4db8-897a-d8ef21b5e0a7,707b6ccf-c9d9-4c1d-97f4-516b572b2f9d,1697664106963244444
6a69421f-e399-4db8-897a-d8ef21b5e0a7,707b6ccf-c9d9-4c1d-97f4-516b572b2f9d,1697664106988222222
6a69421f-e399-4db8-897a-d8ef21b5e0a7,707b6ccf-c9d9-4c1d-97f4-516b572b2f9d,1697664107029611111
6a69421f-e399-4db8-897a-d8ef21b5e0a7,707b6ccf-c9d9-4c1d-97f4-516b572b2f9d,1697664107057522222
6a69421f-e399-4db8-897a-d8ef21b5e0a7,707b6ccf-c9d9-4c1d-97f4-516b572b2f9d,1697664107098555555
6a69421f-e399-4db8-897a-d8ef21b5e0a7,707b6ccf-c9d9-4c1d-97f4-516b572b2f9d,1697664107130111111
6a69421f-e399-4db8-897a-d8ef21b5e0a7,707b6ccf-c9d9-4c1d-97f4-516b572b2f9d,1697664107156900000
6a69421f-e399-4db8-897a-d8ef21b5e0a7,707b6ccf-c9d9-4c1d-97f4-516b572b2f9d,1697664107193477777
6a69421f-e399-4db8-897a-d8ef21b5e0a7,707b6ccf-c9d9-4c1d-97f4-516b572b2f9d,1697664107230122222
6a69421f-e399-4db8-897a-d8ef21b5e0a7,707b6ccf-c9d9-4c1d-97f4-516b572b2f9d,1697664107246688888
6a69421f-e399-4db8-897a-d8ef21b5e0a7,707b6ccf-c9d9-4c1d-97f4-516b572b2f9d,1697664107284900000
6a69421f-e399-4db8-897a-d8ef21b5e0a7,707b6ccf-c9d9-4c1d-97f4-516b572b2f9d,1697664107322711111
6a69421f-e399-4db8-897a-d8ef21b5e0a7,707b6ccf-c9d9-4c1d-97f4-516b572b2f9d,1697664107352200000
6a69421f-e399-4db8-897a-d8ef21b5e0a7,707b6ccf-c9d9-4c1d-97f4-516b572b2f9d,1697664107394511111
6a69421f-e399-4db8-897a-d8ef21b5e0a7,707b6ccf-c9d9-4c1d-97f4-516b572b2f9d,1697664107424922222
6a69421f-e399-4db8-897a-d8ef21b5e0a7,707b6ccf-c9d9-4c1d-97f4-516b572b2f9d,1697664107460711111
6a69421f-e399-4db8-897a-d8ef21b5e0a7,707b6ccf-c9d9-4c1d-97f4-516b572b2f9d,1697664107493322222
6a69421f-e399-4db8-897a-d8ef21b5e0a7,707b6ccf-c9d9-4c1d-97f4-516b572b2f9d,1697664107525288888
6a69421f-e399-4db8-897a-d8ef21b5e0a7,707b6ccf-c9d9-4c1d-97f4-516b572b2f9d,1697664107558022222
6a69421f-e399-4db8-897a-d8ef21b5e0a7,707b6ccf-c9d9-4c1d-97f4-516b572b2f9d,1697664107595755555
6a69421f-e399-4db8-897a-d8ef21b5e0a7,707b6ccf-c9d9-4c1d-97f4-516b572b2f9d,1697664107626988888
6a69421f-e399-4db8-897a-d8ef21b5e0a7,707b6ccf-c9d9-4c1d-97f4-516b572b2f9d,1697664107658355555
6a69421f-e399-4db8-897a-d8ef21b5e0a7,707b6ccf-c9d9-4c1d-97f4-516b572b2f9d,1697664107695288888
6a69421f-e399-4db8-897a-d8ef21b5e0a7,707b6ccf-c9d9-4c1d-97f4-516b572b2f9d,1697664107726277777
6a69421f-e399-4db8-897a-d8ef21b5e0a7,707b6ccf-c9d9-4c1d-97f4-516b572b2f9d,1697664107758044444
6a69421f-e399-4db8-897a-d8ef21b5e0a7,707b6ccf-c9d9-4c1d-97f4-516b572b2f9d,1697664107794322222
6a69421f-e399-4db8-897a-d8ef21b5e0a7,707b6ccf-c9d9-4c1d-97f4-516b572b2f9d,1697664107827277777
6a69421f-e399-4db8-897a-d8ef21b5e0a7,707b6ccf-c9d9-4c1d-97f4-516b572b2f9d,1697664107858733333
6a69421f-e399-4db8-897a-d8ef21b5e0a7,707b6ccf-c9d9-4c1d-97f4-516b572b2f9d,1697664107907622222
6a69421f-e399-4db8-897a-d8ef21b5e0a7,707b6ccf-c9d9-4c1d-97f4-516b572b2f9d,1697664107920800000
6a69421f-e399-4db8-897a-d8ef21b5e0a7,707b6ccf-c9d9-4c1d-97f4-516b572b2f9d,1697664107948266666
6a69421f-e399-4db8-897a-d8ef21b5e0a7,707b6ccf-c9d9-4c1d-97f4-516b572b2f9d,1697664107982566666
6a69421f-e399-4db8-897a-d8ef21b5e0a7,707b6ccf-c9d9-4c1d-97f4-516b572b2f9d,1697664108017000000
6a69421f-e399-4db8-897a-d8ef21b5e0a7,707b6ccf-c9d9-4c1d-97f4-516b572b2f9d,1697664108051033333
6a69421f-e399-4db8-897a-d8ef21b5e0a7,707b6ccf-c9d9-4c1d-97f4-516b572b2f9d,1697664108092055555
6a69421f-e399-4db8-897a-d8ef21b5e0a7,707b6ccf-c9d9-4c1d-97f4-516b572b2f9d,1697664108126200000
6a69421f-e399-4db8-897a-d8ef21b5e0a7,707b6ccf-c9d9-4c1d-97f4-516b572b2f9d,1697664108157488888
6a69421f-e399-4db8-897a-d8ef21b5e0a7,707b6ccf-c9d9-4c1d-97f4-516b572b2f9d,1697664108193855555
6a69421f-e399-4db8-897a-d8ef21b5e0a7,707b6ccf-c9d9-4c1d-97f4-516b572b2f9d,1697664108227533333
6a69421f-e399-4db8-897a-d8ef21b5e0a7,707b6ccf-c9d9-4c1d-97f4-516b572b2f9d,1697664108256866666
6a69421f-e399-4db8-897a-d8ef21b5e0a7,707b6ccf-c9d9-4c1d-97f4-516b572b2f9d,1697664108293800000
6a69421f-e399-4db8-897a-d8ef21b5e0a7,707b6ccf-c9d9-4c1d-97f4-516b572b2f9d,1697664108331088888
6a69421f-e399-4db8-897a-d8ef21b5e0a7,707b6ccf-c9d9-4c1d-97f4-516b572b2f9d,1697664108356188888
6a69421f-e399-4db8-897a-d8ef21b5e0a7,707b6ccf-c9d9-4c1d-97f4-516b572b2f9d,1697664108392855555
6a69421f-e399-4db8-897a-d8ef21b5e0a7,707b6ccf-c9d9-4c1d-97f4-516b572b2f9d,1697664108425800000
6a69421f-e399-4db8-897a-d8ef21b5e0a7,707b6ccf-c9d9-4c1d-97f4-516b572b2f9d,1697664108457811111
6a69421f-e399-4db8-897a-d8ef21b5e0a7,707b6ccf-c9d9-4c1d-97f4-516b572b2f9d,1697664108494833333
6a69421f-e399-4db8-897a-d8ef21b5e0a7,707b6ccf-c9d9-4c1d-97f4-516b572b2f9d,1697664108529422222
6a69421f-e399-4db8-897a-d8ef21b5e0a7,707b6ccf-c9d9-4c1d-97f4-516b572b2f9d,1697664108557511111
6a69421f-e399-4db8-897a-d8ef21b5e0a7,707b6ccf-c9d9-4c1d-97f4-516b572b2f9d,1697664108582211111
6a69421f-e399-4db8-897a-d8ef21b5e0a7,707b6ccf-c9d9-4c1d-97f4-516b572b2f9d,1697664108633966666
6a69421f-e399-4db8-897a-d8ef21b5e0a7,707b6ccf-c9d9-4c1d-97f4-516b572b2f9d,1697664108659511111
6a69421f-e399-4db8-897a-d8ef21b5e0a7,707b6ccf-c9d9-4c1d-97f4-516b572b2f9d,1697664108678800000
6a69421f-e399-4db8-897a-d8ef21b5e0a7,707b6ccf-c9d9-4c1d-97f4-516b572b2f9d,1697664108714733333
6a69421f-e399-4db8-897a-d8ef21b5e0a7,707b6ccf-c9d9-4c1d-97f4-516b572b2f9d,1697664108757011111
6a69421f-e399-4db8-897a-d8ef21b5e0a7,707b6ccf-c9d9-4c1d-97f4-516b572b2f9d,1697664108789388888
6a69421f-e399-4db8-897a-d8ef21b5e0a7,707b6ccf-c9d9-4c1d-97f4-516b572b2f9d,1697664108827100000
6a69421f-e399-4db8-897a-d8ef21b5e0a7,707b6ccf-c9d9-4c1d-97f4-516b572b2f9d,1697664108860733333
6a69421f-e399-4db8-897a-d8ef21b5e0a7,707b6ccf-c9d9-4c1d-97f4-516b572b2f9d,1697664108888488888
6a69421f-e399-4db8-897a-d8ef21b5e0a7,707b6ccf-c9d9-4c1d-97f4-516b572b2f9d,1697664108924722222
6a69421f-e399-4db8-897a-d8ef21b5e0a7,707b6ccf-c9d9-4c1d-97f4-516b572b2f9d,1697664108957644444
6a69421f-e399-4db8-897a-d8ef21b5e0a7,707b6ccf-c9d9-4c1d-97f4-516b572b2f9d,1697664108994055555
6a69421f-e399-4db8-897a-d8ef21b5e0a7,707b6ccf-c9d9-4c1d-97f4-516b572b2f9d,1697664109025533333
6a69421f-e399-4db8-897a-d8ef21b5e0a7,707b6ccf-c9d9-4c1d-97f4-516b572b2f9d,1697664109057255555
6a69421f-e399-4db8-897a-d8ef21b5e0a7,707b6ccf-c9d9-4c1d-97f4-516b572b2f9d,1697664109092500000
6a69421f-e399-4db8-897a-d8ef21b5e0a7,707b6ccf-c9d9-4c1d-97f4-516b572b2f9d,1697664109130144444
6a69421f-e399-4db8-897a-d8ef21b5e0a7,707b6ccf-c9d9-4c1d-97f4-516b572b2f9d,1697664109158900000
6a69421f-e399-4db8-897a-d8ef21b5e0a7,707b6ccf-c9d9-4c1d-97f4-516b572b2f9d,1697664109189511111
6a69421f-e399-4db8-897a-d8ef21b5e0a7,707b6ccf-c9d9-4c1d-97f4-516b572b2f9d,1697664109231833333
6a69421f-e399-4db8-897a-d8ef21b5e0a7,707b6ccf-c9d9-4c1d-97f4-516b572b2f9d,1697664109248988888
6a69421f-e399-4db8-897a-d8ef21b5e0a7,707b6ccf-c9d9-4c1d-97f4-516b572b2f9d,1697664109279455555
6a69421f-e399-4db8-897a-d8ef21b5e0a7,707b6ccf-c9d9-4c1d-97f4-516b572b2f9d,1697664109314988888
6a69421f-e399-4db8-897a-d8ef21b5e0a7,707b6ccf-c9d9-4c1d-97f4-516b572b2f9d,1697664109349166666
6a69421f-e399-4db8-897a-d8ef21b5e0a7,707b6ccf-c9d9-4c1d-97f4-516b572b2f9d,1697664109390733333
6a69421f-e399-4db8-897a-d8ef21b5e0a7,707b6ccf-c9d9-4c1d-97f4-516b572b2f9d,1697664109423255555
6a69421f-e399-4db8-897a-d8ef21b5e0a7,707b6ccf-c9d9-4c1d-97f4-516b572b2f9d,1697664109456733333
6a69421f-e399-4db8-897a-d8ef21b5e0a7,707b6ccf-c9d9-4c1d-97f4-516b572b2f9d,1697664109491322222
6a69421f-e399-4db8-897a-d8ef21b5e0a7,707b6ccf-c9d9-4c1d-97f4-516b572b2f9d,1697664109527744444
6a69421f-e399-4db8-897a-d8ef21b5e0a7,707b6ccf-c9d9-4c1d-97f4-516b572b2f9d,1697664109561288888
6a69421f-e399-4db8-897a-d8ef21b5e0a7,707b6ccf-c9d9-4c1d-97f4-516b572b2f9d,1697664109580322222
6a69421f-e399-4db8-897a-d8ef21b5e0a7,707b6ccf-c9d9-4c1d-97f4-516b572b2f9d,1697664109626933333
6a69421f-e399-4db8-897a-d8ef21b5e0a7,707b6ccf-c9d9-4c1d-97f4-516b572b2f9d,1697664109659800000
6a69421f-e399-4db8-897a-d8ef21b5e0a7,707b6ccf-c9d9-4c1d-97f4-516b572b2f9d,1697664109696944444
6a69421f-e399-4db8-897a-d8ef21b5e0a7,707b6ccf-c9d9-4c1d-97f4-516b572b2f9d,1697664109727411111
6a69421f-e399-4db8-897a-d8ef21b5e0a7,707b6ccf-c9d9-4c1d-97f4-516b572b2f9d,1697664109759433333
6a69421f-e399-4db8-897a-d8ef21b5e0a7,707b6ccf-c9d9-4c1d-97f4-516b572b2f9d,1697664109791188888
6a69421f-e399-4db8-897a-d8ef21b5e0a7,707b6ccf-c9d9-4c1d-97f4-516b572b2f9d,1697664109825722222
6a69421f-e399-4db8-897a-d8ef21b5e0a7,707b6ccf-c9d9-4c1d-97f4-516b572b2f9d,1697664109856922222
6a69421f-e399-4db8-897a-d8ef21b5e0a7,707b6ccf-c9d9-4c1d-97f4-516b572b2f9d,1697664109880788888
6a69421f-e399-4db8-897a-d8ef21b5e0a7,707b6ccf-c9d9-4c1d-97f4-516b572b2f9d,1697664109916488888
6a69421f-e399-4db8-897a-d8ef21b5e0a7,707b6ccf-c9d9-4c1d-97f4-516b572b2f9d,1697664109957822222
6a69421f-e399-4db8-897a-d8ef21b5e0a7,707b6ccf-c9d9-4c1d-97f4-516b572b2f9d,1697664109995188888
6a69421f-e399-4db8-897a-d8ef21b5e0a7,707b6ccf-c9d9-4c1d-97f4-516b572b2f9d,1697664110030400000
6a69421f-e399-4db8-897a-d8ef21b5e0a7,707b6ccf-c9d9-4c1d-97f4-516b572b2f9d,1697664110046355555
6a69421f-e399-4db8-897a-d8ef21b5e0a7,707b6ccf-c9d9-4c1d-97f4-516b572b2f9d,1697664110086655555
6a69421f-e399-4db8-897a-d8ef21b5e0a7,707b6ccf-c9d9-4c1d-97f4-516b572b2f9d,1697664110129888888
6a69421f-e399-4db8-897a-d8ef21b5e0a7,707b6ccf-c9d9-4c1d-97f4-516b572b2f9d,1697664110158088888
6a69421f-e399-4db8-897a-d8ef21b5e0a7,707b6ccf-c9d9-4c1d-97f4-516b572b2f9d,1697664110193666666
6a69421f-e399-4db8-897a-d8ef21b5e0a7,707b6ccf-c9d9-4c1d-97f4-516b572b2f9d,1697664110227611111
6a69421f-e399-4db8-897a-d8ef21b5e0a7,707b6ccf-c9d9-4c1d-97f4-516b572b2f9d,1697664110262766666
6a69421f-e399-4db8-897a-d8ef21b5e0a7,707b6ccf-c9d9-4c1d-97f4-516b572b2f9d,1697664110279000000
6a69421f-e399-4db8-897a-d8ef21b5e0a7,707b6ccf-c9d9-4c1d-97f4-516b572b2f9d,1697664110326355555
6a69421f-e399-4db8-897a-d8ef21b5e0a7,707b6ccf-c9d9-4c1d-97f4-516b572b2f9d,1697664110362977777
6a69421f-e399-4db8-897a-d8ef21b5e0a7,707b6ccf-c9d9-4c1d-97f4-516b572b2f9d,1697664110379588888
6a69421f-e399-4db8-897a-d8ef21b5e0a7,707b6ccf-c9d9-4c1d-97f4-516b572b2f9d,1697664110429566666
6a69421f-e399-4db8-897a-d8ef21b5e0a7,707b6ccf-c9d9-4c1d-97f4-516b572b2f9d,1697664110458144444
6a69421f-e399-4db8-897a-d8ef21b5e0a7,707b6ccf-c9d9-4c1d-97f4-516b572b2f9d,1697664110489711111
6a69421f-e399-4db8-897a-d8ef21b5e0a7,707b6ccf-c9d9-4c1d-97f4-516b572b2f9d,1697664110531555555
6a69421f-e399-4db8-897a-d8ef21b5e0a7,707b6ccf-c9d9-4c1d-97f4-516b572b2f9d,1697664110556700000
6a69421f-e399-4db8-897a-d8ef21b5e0a7,707b6ccf-c9d9-4c1d-97f4-516b572b2f9d,1697664110582611111
6a69421f-e399-4db8-897a-d8ef21b5e0a7,707b6ccf-c9d9-4c1d-97f4-516b572b2f9d,1697664110617522222
6a69421f-e399-4db8-897a-d8ef21b5e0a7,707b6ccf-c9d9-4c1d-97f4-516b572b2f9d,1697664110649388888
6a69421f-e399-4db8-897a-d8ef21b5e0a7,707b6ccf-c9d9-4c1d-97f4-516b572b2f9d,1697664110682155555
6a69421f-e399-4db8-897a-d8ef21b5e0a7,707b6ccf-c9d9-4c1d-97f4-516b572b2f9d,1697664110727200000
6a69421f-e399-4db8-897a-d8ef21b5e0a7,707b6ccf-c9d9-4c1d-97f4-516b572b2f9d,1697664110756077777
6a69421f-e399-4db8-897a-d8ef21b5e0a7,707b6ccf-c9d9-4c1d-97f4-516b572b2f9d,1697664110791744444
6a69421f-e399-4db8-897a-d8ef21b5e0a7,707b6ccf-c9d9-4c1d-97f4-516b572b2f9d,1697664110832588888
6a69421f-e399-4db8-897a-d8ef21b5e0a7,707b6ccf-c9d9-4c1d-97f4-516b572b2f9d,1697664110862533333
6a69421f-e399-4db8-897a-d8ef21b5e0a7,707b6ccf-c9d9-4c1d-97f4-516b572b2f9d,1697664110879155555
6a69421f-e399-4db8-897a-d8ef21b5e0a7,707b6ccf-c9d9-4c1d-97f4-516b572b2f9d,1697664110926100000
6a69421f-e399-4db8-897a-d8ef21b5e0a7,707b6ccf-c9d9-4c1d-97f4-516b572b2f9d,1697664110961900000
6a69421f-e399-4db8-897a-d8ef21b5e0a7,707b6ccf-c9d9-4c1d-97f4-516b572b2f9d,1697664110996444444
6a69421f-e399-4db8-897a-d8ef21b5e0a7,707b6ccf-c9d9-4c1d-97f4-516b572b2f9d,1697664111031055555
6a69421f-e399-4db8-897a-d8ef21b5e0a7,707b6ccf-c9d9-4c1d-97f4-516b572b2f9d,1697664111063111111
6a69421f-e399-4db8-897a-d8ef21b5e0a7,707b6ccf-c9d9-4c1d-97f4-516b572b2f9d,1697664111084022222
6a69421f-e399-4db8-897a-d8ef21b5e0a7,707b6ccf-c9d9-4c1d-97f4-516b572b2f9d,1697664111130777777
6a69421f-e399-4db8-897a-d8ef21b5e0a7,707b6ccf-c9d9-4c1d-97f4-516b572b2f9d,1697664111158966666
6a69421f-e399-4db8-897a-d8ef21b5e0a7,707b6ccf-c9d9-4c1d-97f4-516b572b2f9d,1697664111190111111
6a69421f-e399-4db8-897a-d8ef21b5e0a7,707b6ccf-c9d9-4c1d-97f4-516b572b2f9d,1697664111226955555
6a69421f-e399-4db8-897a-d8ef21b5e0a7,707b6ccf-c9d9-4c1d-97f4-516b572b2f9d,1697664111251522222
6a69421f-e399-4db8-897a-d8ef21b5e0a7,707b6ccf-c9d9-4c1d-97f4-516b572b2f9d,1697664111297833333
6a69421f-e399-4db8-897a-d8ef21b5e0a7,707b6ccf-c9d9-4c1d-97f4-516b572b2f9d,1697664111340677777
6a69421f-e399-4db8-897a-d8ef21b5e0a7,707b6ccf-c9d9-4c1d-97f4-516b572b2f9d,1697664111356777777
6a69421f-e399-4db8-897a-d8ef21b5e0a7,707b6ccf-c9d9-4c1d-97f4-516b572b2f9d,1697664111381022222
6a69421f-e399-4db8-897a-d8ef21b5e0a7,707b6ccf-c9d9-4c1d-97f4-516b572b2f9d,1697664111415844444
6a69421f-e399-4db8-897a-d8ef21b5e0a7,707b6ccf-c9d9-4c1d-97f4-516b572b2f9d,1697664111456022222
6a69421f-e399-4db8-897a-d8ef21b5e0a7,707b6ccf-c9d9-4c1d-97f4-516b572b2f9d,1697664111489555555
6a69421f-e399-4db8-897a-d8ef21b5e0a7,707b6ccf-c9d9-4c1d-97f4-516b572b2f9d,1697664111528211111
6a69421f-e399-4db8-897a-d8ef21b5e0a7,707b6ccf-c9d9-4c1d-97f4-516b572b2f9d,1697664111557477777
6a69421f-e399-4db8-897a-d8ef21b5e0a7,707b6ccf-c9d9-4c1d-97f4-516b572b2f9d,1697664111593711111
6a69421f-e399-4db8-897a-d8ef21b5e0a7,707b6ccf-c9d9-4c1d-97f4-516b572b2f9d,1697664111627011111
6a69421f-e399-4db8-897a-d8ef21b5e0a7,707b6ccf-c9d9-4c1d-97f4-516b572b2f9d,1697664111659111111
6a69421f-e399-4db8-897a-d8ef21b5e0a7,707b6ccf-c9d9-4c1d-97f4-516b572b2f9d,1697664111690566666
6a69421f-e399-4db8-897a-d8ef21b5e0a7,707b6ccf-c9d9-4c1d-97f4-516b572b2f9d,1697664111731622222
6a69421f-e399-4db8-897a-d8ef21b5e0a7,707b6ccf-c9d9-4c1d-97f4-516b572b2f9d,1697664111763344444
6a69421f-e399-4db8-897a-d8ef21b5e0a7,707b6ccf-c9d9-4c1d-97f4-516b572b2f9d,1697664111781444444
6a69421f-e399-4db8-897a-d8ef21b5e0a7,707b6ccf-c9d9-4c1d-97f4-516b572b2f9d,1697664111822877777
6a69421f-e399-4db8-897a-d8ef21b5e0a7,707b6ccf-c9d9-4c1d-97f4-516b572b2f9d,1697664111851811111
6a69421f-e399-4db8-897a-d8ef21b5e0a7,707b6ccf-c9d9-4c1d-97f4-516b572b2f9d,1697664111888266666
6a69421f-e399-4db8-897a-d8ef21b5e0a7,707b6ccf-c9d9-4c1d-97f4-516b572b2f9d,1697664111932711111
6a69421f-e399-4db8-897a-d8ef21b5e0a7,707b6ccf-c9d9-4c1d-97f4-516b572b2f9d,1697664111946822222
6a69421f-e399-4db8-897a-d8ef21b5e0a7,707b6ccf-c9d9-4c1d-97f4-516b572b2f9d,1697664111981966666
6a69421f-e399-4db8-897a-d8ef21b5e0a7,707b6ccf-c9d9-4c1d-97f4-516b572b2f9d,1697664112011200000
6a69421f-e399-4db8-897a-d8ef21b5e0a7,707b6ccf-c9d9-4c1d-97f4-516b572b2f9d,1697664112049911111
6a69421f-e399-4db8-897a-d8ef21b5e0a7,707b6ccf-c9d9-4c1d-97f4-516b572b2f9d,1697664112088988888
6a69421f-e399-4db8-897a-d8ef21b5e0a7,707b6ccf-c9d9-4c1d-97f4-516b572b2f9d,1697664112123333333
6a69421f-e399-4db8-897a-d8ef21b5e0a7,707b6ccf-c9d9-4c1d-97f4-516b572b2f9d,1697664112153688888
6a69421f-e399-4db8-897a-d8ef21b5e0a7,707b6ccf-c9d9-4c1d-97f4-516b572b2f9d,1697664112189866666
6a69421f-e399-4db8-897a-d8ef21b5e0a7,707b6ccf-c9d9-4c1d-97f4-516b572b2f9d,1697664112224300000
6a69421f-e399-4db8-897a-d8ef21b5e0a7,707b6ccf-c9d9-4c1d-97f4-516b572b2f9d,1697664112258511111
6a69421f-e399-4db8-897a-d8ef21b5e0a7,707b6ccf-c9d9-4c1d-97f4-516b572b2f9d,1697664112289811111
6a69421f-e399-4db8-897a-d8ef21b5e0a7,707b6ccf-c9d9-4c1d-97f4-516b572b2f9d,1697664112322177777
6a69421f-e399-4db8-897a-d8ef21b5e0a7,707b6ccf-c9d9-4c1d-97f4-516b572b2f9d,1697664112353755555
6a69421f-e399-4db8-897a-d8ef21b5e0a7,707b6ccf-c9d9-4c1d-97f4-516b572b2f9d,1697664112390911111
6a69421f-e399-4db8-897a-d8ef21b5e0a7,707b6ccf-c9d9-4c1d-97f4-516b572b2f9d,1697664112421977777
6a69421f-e399-4db8-897a-d8ef21b5e0a7,707b6ccf-c9d9-4c1d-97f4-516b572b2f9d,1697664112462255555
6a69421f-e399-4db8-897a-d8ef21b5e0a7,707b6ccf-c9d9-4c1d-97f4-516b572b2f9d,1697664112481111111
6a69421f-e399-4db8-897a-d8ef21b5e0a7,707b6ccf-c9d9-4c1d-97f4-516b572b2f9d,1697664112523122222
6a69421f-e399-4db8-897a-d8ef21b5e0a7,707b6ccf-c9d9-4c1d-97f4-516b572b2f9d,1697664112557677777
6a69421f-e399-4db8-897a-d8ef21b5e0a7,707b6ccf-c9d9-4c1d-97f4-516b572b2f9d,1697664112608000000
6a69421f-e399-4db8-897a-d8ef21b5e0a7,707b6ccf-c9d9-4c1d-97f4-516b572b2f9d,1697664112627144444
6a69421f-e399-4db8-897a-d8ef21b5e0a7,707b6ccf-c9d9-4c1d-97f4-516b572b2f9d,1697664112653044444
6a69421f-e399-4db8-897a-d8ef21b5e0a7,707b6ccf-c9d9-4c1d-97f4-516b572b2f9d,1697664112691255555
6a69421f-e399-4db8-897a-d8ef21b5e0a7,707b6ccf-c9d9-4c1d-97f4-516b572b2f9d,1697664112709766666
6a69421f-e399-4db8-897a-d8ef21b5e0a7,707b6ccf-c9d9-4c1d-97f4-516b572b2f9d,1697664112757522222
6a69421f-e399-4db8-897a-d8ef21b5e0a7,707b6ccf-c9d9-4c1d-97f4-516b572b2f9d,1697664112789200000
6a69421f-e399-4db8-897a-d8ef21b5e0a7,707b6ccf-c9d9-4c1d-97f4-516b572b2f9d,1697664112830244444
6a69421f-e399-4db8-897a-d8ef21b5e0a7,707b6ccf-c9d9-4c1d-97f4-516b572b2f9d,1697664112858800000
6a69421f-e399-4db8-897a-d8ef21b5e0a7,707b6ccf-c9d9-4c1d-97f4-516b572b2f9d,1697664112890466666
6a69421f-e399-4db8-897a-d8ef21b5e0a7,707b6ccf-c9d9-4c1d-97f4-516b572b2f9d,1697664112921411111
6a69421f-e399-4db8-897a-d8ef21b5e0a7,707b6ccf-c9d9-4c1d-97f4-516b572b2f9d,1697664112955355555
6a69421f-e399-4db8-897a-d8ef21b5e0a7,707b6ccf-c9d9-4c1d-97f4-516b572b2f9d,1697664112990800000
6a69421f-e399-4db8-897a-d8ef21b5e0a7,707b6ccf-c9d9-4c1d-97f4-516b572b2f9d,1697664113020111111
6a69421f-e399-4db8-897a-d8ef21b5e0a7,707b6ccf-c9d9-4c1d-97f4-516b572b2f9d,1697664113052788888
6a69421f-e399-4db8-897a-d8ef21b5e0a7,707b6ccf-c9d9-4c1d-97f4-516b572b2f9d,1697664113090688888
6a69421f-e399-4db8-897a-d8ef21b5e0a7,707b6ccf-c9d9-4c1d-97f4-516b572b2f9d,1697664113123233333
6a69421f-e399-4db8-897a-d8ef21b5e0a7,707b6ccf-c9d9-4c1d-97f4-516b572b2f9d,1697664113154933333
6a69421f-e399-4db8-897a-d8ef21b5e0a7,707b6ccf-c9d9-4c1d-97f4-516b572b2f9d,1697664113196766666
6a69421f-e399-4db8-897a-d8ef21b5e0a7,707b6ccf-c9d9-4c1d-97f4-516b572b2f9d,1697664113222911111
6a69421f-e399-4db8-897a-d8ef21b5e0a7,707b6ccf-c9d9-4c1d-97f4-516b572b2f9d,1697664113249933333
6a69421f-e399-4db8-897a-d8ef21b5e0a7,707b6ccf-c9d9-4c1d-97f4-516b572b2f9d,1697664113278711111
6a69421f-e399-4db8-897a-d8ef21b5e0a7,707b6ccf-c9d9-4c1d-97f4-516b572b2f9d,1697664113332977777
6a69421f-e399-4db8-897a-d8ef21b5e0a7,707b6ccf-c9d9-4c1d-97f4-516b572b2f9d,1697664113347633333
6a69421f-e399-4db8-897a-d8ef21b5e0a7,707b6ccf-c9d9-4c1d-97f4-516b572b2f9d,1697664113397377777
6a69421f-e399-4db8-897a-d8ef21b5e0a7,707b6ccf-c9d9-4c1d-97f4-516b572b2f9d,1697664113422944444
6a69421f-e399-4db8-897a-d8ef21b5e0a7,707b6ccf-c9d9-4c1d-97f4-516b572b2f9d,1697664113445644444
6a69421f-e399-4db8-897a-d8ef21b5e0a7,707b6ccf-c9d9-4c1d-97f4-516b572b2f9d,1697664113486577777
6a69421f-e399-4db8-897a-d8ef21b5e0a7,707b6ccf-c9d9-4c1d-97f4-516b572b2f9d,1697664113528288888
6a69421f-e399-4db8-897a-d8ef21b5e0a7,707b6ccf-c9d9-4c1d-97f4-516b572b2f9d,1697664113561877777
6a69421f-e399-4db8-897a-d8ef21b5e0a7,707b6ccf-c9d9-4c1d-97f4-516b572b2f9d,1697664113589344444
6a69421f-e399-4db8-897a-d8ef21b5e0a7,707b6ccf-c9d9-4c1d-97f4-516b572b2f9d,1697664113629322222
6a69421f-e399-4db8-897a-d8ef21b5e0a7,707b6ccf-c9d9-4c1d-97f4-516b572b2f9d,1697664113658733333
6a69421f-e399-4db8-897a-d8ef21b5e0a7,707b6ccf-c9d9-4c1d-97f4-516b572b2f9d,1697664113690722222
6a69421f-e399-4db8-897a-d8ef21b5e0a7,707b6ccf-c9d9-4c1d-97f4-516b572b2f9d,1697664113720944444
6a69421f-e399-4db8-897a-d8ef21b5e0a7,707b6ccf-c9d9-4c1d-97f4-516b572b2f9d,1697664113752322222
6a69421f-e399-4db8-897a-d8ef21b5e0a7,707b6ccf-c9d9-4c1d-97f4-516b572b2f9d,1697664113793511111
6a69421f-e399-4db8-897a-d8ef21b5e0a7,707b6ccf-c9d9-4c1d-97f4-516b572b2f9d,1697664113824222222
6a69421f-e399-4db8-897a-d8ef21b5e0a7,707b6ccf-c9d9-4c1d-97f4-516b572b2f9d,1697664113858611111
6a69421f-e399-4db8-897a-d8ef21b5e0a7,707b6ccf-c9d9-4c1d-97f4-516b572b2f9d,1697664113894977777
6a69421f-e399-4db8-897a-d8ef21b5e0a7,707b6ccf-c9d9-4c1d-97f4-516b572b2f9d,1697664113923311111
6a69421f-e399-4db8-897a-d8ef21b5e0a7,707b6ccf-c9d9-4c1d-97f4-516b572b2f9d,1697664113952277777
6a69421f-e399-4db8-897a-d8ef21b5e0a7,707b6ccf-c9d9-4c1d-97f4-516b572b2f9d,1697664113990900000
6a69421f-e399-4db8-897a-d8ef21b5e0a7,707b6ccf-c9d9-4c1d-97f4-516b572b2f9d,1697664114011133333
6a69421f-e399-4db8-897a-d8ef21b5e0a7,707b6ccf-c9d9-4c1d-97f4-516b572b2f9d,1697664114066022222
6a69421f-e399-4db8-897a-d8ef21b5e0a7,707b6ccf-c9d9-4c1d-97f4-516b572b2f9d,1697664114080800000
6a69421f-e399-4db8-897a-d8ef21b5e0a7,707b6ccf-c9d9-4c1d-97f4-516b572b2f9d,1697664114123977777
6a69421f-e399-4db8-897a-d8ef21b5e0a7,707b6ccf-c9d9-4c1d-97f4-516b572b2f9d,1697664114152266666
6a69421f-e399-4db8-897a-d8ef21b5e0a7,707b6ccf-c9d9-4c1d-97f4-516b572b2f9d,1697664114191300000
6a69421f-e399-4db8-897a-d8ef21b5e0a7,707b6ccf-c9d9-4c1d-97f4-516b572b2f9d,1697664114221855555
6a69421f-e399-4db8-897a-d8ef21b5e0a7,707b6ccf-c9d9-4c1d-97f4-516b572b2f9d,1697664114257688888
6a69421f-e399-4db8-897a-d8ef21b5e0a7,707b6ccf-c9d9-4c1d-97f4-516b572b2f9d,1697664114287788888
6a69421f-e399-4db8-897a-d8ef21b5e0a7,707b6ccf-c9d9-4c1d-97f4-516b572b2f9d,1697664114318588888
6a69421f-e399-4db8-897a-d8ef21b5e0a7,707b6ccf-c9d9-4c1d-97f4-516b572b2f9d,1697664114361411111
6a69421f-e399-4db8-897a-d8ef21b5e0a7,707b6ccf-c9d9-4c1d-97f4-516b572b2f9d,1697664114390844444
6a69421f-e399-4db8-897a-d8ef21b5e0a7,707b6ccf-c9d9-4c1d-97f4-516b572b2f9d,1697664114429088888
6a69421f-e399-4db8-897a-d8ef21b5e0a7,707b6ccf-c9d9-4c1d-97f4-516b572b2f9d,1697664114459666666
6a69421f-e399-4db8-897a-d8ef21b5e0a7,707b6ccf-c9d9-4c1d-97f4-516b572b2f9d,1697664114480788888
6a69421f-e399-4db8-897a-d8ef21b5e0a7,707b6ccf-c9d9-4c1d-97f4-516b572b2f9d,1697664114529866666
6a69421f-e399-4db8-897a-d8ef21b5e0a7,707b6ccf-c9d9-4c1d-97f4-516b572b2f9d,1697664114558211111
6a69421f-e399-4db8-897a-d8ef21b5e0a7,707b6ccf-c9d9-4c1d-97f4-516b572b2f9d,1697664114593477777
6a69421f-e399-4db8-897a-d8ef21b5e0a7,707b6ccf-c9d9-4c1d-97f4-516b572b2f9d,1697664114625988888
6a69421f-e399-4db8-897a-d8ef21b5e0a7,707b6ccf-c9d9-4c1d-97f4-516b572b2f9d,1697664114648766666
6a69421f-e399-4db8-897a-d8ef21b5e0a7,707b6ccf-c9d9-4c1d-97f4-516b572b2f9d,1697664114684733333
6a69421f-e399-4db8-897a-d8ef21b5e0a7,707b6ccf-c9d9-4c1d-97f4-516b572b2f9d,1697664114729822222
6a69421f-e399-4db8-897a-d8ef21b5e0a7,707b6ccf-c9d9-4c1d-97f4-516b572b2f9d,1697664114750144444
6a69421f-e399-4db8-897a-d8ef21b5e0a7,707b6ccf-c9d9-4c1d-97f4-516b572b2f9d,1697664114778844444
6a69421f-e399-4db8-897a-d8ef21b5e0a7,707b6ccf-c9d9-4c1d-97f4-516b572b2f9d,1697664114820377777
6a69421f-e399-4db8-897a-d8ef21b5e0a7,707b6ccf-c9d9-4c1d-97f4-516b572b2f9d,1697664114852400000
6a69421f-e399-4db8-897a-d8ef21b5e0a7,707b6ccf-c9d9-4c1d-97f4-516b572b2f9d,1697664114890711111
6a69421f-e399-4db8-897a-d8ef21b5e0a7,707b6ccf-c9d9-4c1d-97f4-516b572b2f9d,1697664114927233333
6a69421f-e399-4db8-897a-d8ef21b5e0a7,707b6ccf-c9d9-4c1d-97f4-516b572b2f9d,1697664114958388888
6a69421f-e399-4db8-897a-d8ef21b5e0a7,707b6ccf-c9d9-4c1d-97f4-516b572b2f9d,1697664114991244444
6a69421f-e399-4db8-897a-d8ef21b5e0a7,707b6ccf-c9d9-4c1d-97f4-516b572b2f9d,1697664115022177777
6a69421f-e399-4db8-897a-d8ef21b5e0a7,707b6ccf-c9d9-4c1d-97f4-516b572b2f9d,1697664115053800000
6a69421f-e399-4db8-897a-d8ef21b5e0a7,707b6ccf-c9d9-4c1d-97f4-516b572b2f9d,1697664115095311111
6a69421f-e399-4db8-897a-d8ef21b5e0a7,707b6ccf-c9d9-4c1d-97f4-516b572b2f9d,1697664115122511111
6a69421f-e399-4db8-897a-d8ef21b5e0a7,707b6ccf-c9d9-4c1d-97f4-516b572b2f9d,1697664115148011111
6a69421f-e399-4db8-897a-d8ef21b5e0a7,707b6ccf-c9d9-4c1d-97f4-516b572b2f9d,1697664115196588888
6a69421f-e399-4db8-897a-d8ef21b5e0a7,707b6ccf-c9d9-4c1d-97f4-516b572b2f9d,1697664115220144444
6a69421f-e399-4db8-897a-d8ef21b5e0a7,707b6ccf-c9d9-4c1d-97f4-516b572b2f9d,1697664115252066666
6a69421f-e399-4db8-897a-d8ef21b5e0a7,707b6ccf-c9d9-4c1d-97f4-516b572b2f9d,1697664115296955555
6a69421f-e399-4db8-897a-d8ef21b5e0a7,707b6ccf-c9d9-4c1d-97f4-516b572b2f9d,1697664115330244444
6a69421f-e399-4db8-897a-d8ef21b5e0a7,707b6ccf-c9d9-4c1d-97f4-516b572b2f9d,1697664115348011111
6a69421f-e399-4db8-897a-d8ef21b5e0a7,707b6ccf-c9d9-4c1d-97f4-516b572b2f9d,1697664115409166666
6a69421f-e399-4db8-897a-d8ef21b5e0a7,707b6ccf-c9d9-4c1d-97f4-516b572b2f9d,1697664115416477777
6a69421f-e399-4db8-897a-d8ef21b5e0a7,707b6ccf-c9d9-4c1d-97f4-516b572b2f9d,1697664115448433333
6a69421f-e399-4db8-897a-d8ef21b5e0a7,707b6ccf-c9d9-4c1d-97f4-516b572b2f9d,1697664115485900000
6a69421f-e399-4db8-897a-d8ef21b5e0a7,707b6ccf-c9d9-4c1d-97f4-516b572b2f9d,1697664115520133333
6a69421f-e399-4db8-897a-d8ef21b5e0a7,707b6ccf-c9d9-4c1d-97f4-516b572b2f9d,1697664115553122222
6a69421f-e399-4db8-897a-d8ef21b5e0a7,707b6ccf-c9d9-4c1d-97f4-516b572b2f9d,1697664115589644444
6a69421f-e399-4db8-897a-d8ef21b5e0a7,707b6ccf-c9d9-4c1d-97f4-516b572b2f9d,1697664115621955555
6a69421f-e399-4db8-897a-d8ef21b5e0a7,707b6ccf-c9d9-4c1d-97f4-516b572b2f9d,1697664115652944444
6a69421f-e399-4db8-897a-d8ef21b5e0a7,707b6ccf-c9d9-4c1d-97f4-516b572b2f9d,1697664115692177777
6a69421f-e399-4db8-897a-d8ef21b5e0a7,707b6ccf-c9d9-4c1d-97f4-516b572b2f9d,1697664115720133333
6a69421f-e399-4db8-897a-d8ef21b5e0a7,707b6ccf-c9d9-4c1d-97f4-516b572b2f9d,1697664115753744444
6a69421f-e399-4db8-897a-d8ef21b5e0a7,707b6ccf-c9d9-4c1d-97f4-516b572b2f9d,1697664115788577777
6a69421f-e399-4db8-897a-d8ef21b5e0a7,707b6ccf-c9d9-4c1d-97f4-516b572b2f9d,1697664115822766666
6a69421f-e399-4db8-897a-d8ef21b5e0a7,707b6ccf-c9d9-4c1d-97f4-516b572b2f9d,1697664115853044444
6a69421f-e399-4db8-897a-d8ef21b5e0a7,707b6ccf-c9d9-4c1d-97f4-516b572b2f9d,1697664115890655555
6a69421f-e399-4db8-897a-d8ef21b5e0a7,707b6ccf-c9d9-4c1d-97f4-516b572b2f9d,1697664115923644444
6a69421f-e399-4db8-897a-d8ef21b5e0a7,707b6ccf-c9d9-4c1d-97f4-516b572b2f9d,1697664115962877777
6a69421f-e399-4db8-897a-d8ef21b5e0a7,707b6ccf-c9d9-4c1d-97f4-516b572b2f9d,1697664115981800000
6a69421f-e399-4db8-897a-d8ef21b5e0a7,707b6ccf-c9d9-4c1d-97f4-516b572b2f9d,1697664116013122222
6a69421f-e399-4db8-897a-d8ef21b5e0a7,707b6ccf-c9d9-4c1d-97f4-516b572b2f9d,1697664116051077777
6a69421f-e399-4db8-897a-d8ef21b5e0a7,707b6ccf-c9d9-4c1d-97f4-516b572b2f9d,1697664116081188888
6a69421f-e399-4db8-897a-d8ef21b5e0a7,707b6ccf-c9d9-4c1d-97f4-516b572b2f9d,1697664116121833333
6a69421f-e399-4db8-897a-d8ef21b5e0a7,707b6ccf-c9d9-4c1d-97f4-516b572b2f9d,1697664116141533333
6a69421f-e399-4db8-897a-d8ef21b5e0a7,707b6ccf-c9d9-4c1d-97f4-516b572b2f9d,1697664116190666666
6a69421f-e399-4db8-897a-d8ef21b5e0a7,707b6ccf-c9d9-4c1d-97f4-516b572b2f9d,1697664116225833333
6a69421f-e399-4db8-897a-d8ef21b5e0a7,707b6ccf-c9d9-4c1d-97f4-516b572b2f9d,1697664116247522222
6a69421f-e399-4db8-897a-d8ef21b5e0a7,707b6ccf-c9d9-4c1d-97f4-516b572b2f9d,1697664116290788888
6a69421f-e399-4db8-897a-d8ef21b5e0a7,707b6ccf-c9d9-4c1d-97f4-516b572b2f9d,1697664116325311111
6a69421f-e399-4db8-897a-d8ef21b5e0a7,707b6ccf-c9d9-4c1d-97f4-516b572b2f9d,1697664116353788888
6a69421f-e399-4db8-897a-d8ef21b5e0a7,707b6ccf-c9d9-4c1d-97f4-516b572b2f9d,1697664116390888888
6a69421f-e399-4db8-897a-d8ef21b5e0a7,707b6ccf-c9d9-4c1d-97f4-516b572b2f9d,1697664116420122222
6a69421f-e399-4db8-897a-d8ef21b5e0a7,707b6ccf-c9d9-4c1d-97f4-516b572b2f9d,1697664116452111111
6a69421f-e399-4db8-897a-d8ef21b5e0a7,707b6ccf-c9d9-4c1d-97f4-516b572b2f9d,1697664116499111111
6a69421f-e399-4db8-897a-d8ef21b5e0a7,707b6ccf-c9d9-4c1d-97f4-516b572b2f9d,1697664116522733333
6a69421f-e399-4db8-897a-d8ef21b5e0a7,707b6ccf-c9d9-4c1d-97f4-516b572b2f9d,1697664116548855555
6a69421f-e399-4db8-897a-d8ef21b5e0a7,707b6ccf-c9d9-4c1d-97f4-516b572b2f9d,1697664116591488888
6a69421f-e399-4db8-897a-d8ef21b5e0a7,707b6ccf-c9d9-4c1d-97f4-516b572b2f9d,1697664116623166666
6a69421f-e399-4db8-897a-d8ef21b5e0a7,707b6ccf-c9d9-4c1d-97f4-516b572b2f9d,1697664116649788888
6a69421f-e399-4db8-897a-d8ef21b5e0a7,707b6ccf-c9d9-4c1d-97f4-516b572b2f9d,1697664116684722222
6a69421f-e399-4db8-897a-d8ef21b5e0a7,707b6ccf-c9d9-4c1d-97f4-516b572b2f9d,1697664116709400000
6a69421f-e399-4db8-897a-d8ef21b5e0a7,707b6ccf-c9d9-4c1d-97f4-516b572b2f9d,1697664116761566666
6a69421f-e399-4db8-897a-d8ef21b5e0a7,707b6ccf-c9d9-4c1d-97f4-516b572b2f9d,1697664116782066666
6a69421f-e399-4db8-897a-d8ef21b5e0a7,707b6ccf-c9d9-4c1d-97f4-516b572b2f9d,1697664116821533333
6a69421f-e399-4db8-897a-d8ef21b5e0a7,707b6ccf-c9d9-4c1d-97f4-516b572b2f9d,1697664116844211111
6a69421f-e399-4db8-897a-d8ef21b5e0a7,707b6ccf-c9d9-4c1d-97f4-516b572b2f9d,1697664116896477777
6a69421f-e399-4db8-897a-d8ef21b5e0a7,707b6ccf-c9d9-4c1d-97f4-516b572b2f9d,1697664116922855555
6a69421f-e399-4db8-897a-d8ef21b5e0a7,707b6ccf-c9d9-4c1d-97f4-516b572b2f9d,1697664116943977777
6a69421f-e399-4db8-897a-d8ef21b5e0a7,707b6ccf-c9d9-4c1d-97f4-516b572b2f9d,1697664116990188888
6a69421f-e399-4db8-897a-d8ef21b5e0a7,707b6ccf-c9d9-4c1d-97f4-516b572b2f9d,1697664117026222222
6a69421f-e399-4db8-897a-d8ef21b5e0a7,707b6ccf-c9d9-4c1d-97f4-516b572b2f9d,1697664117053877777
6a69421f-e399-4db8-897a-d8ef21b5e0a7,707b6ccf-c9d9-4c1d-97f4-516b572b2f9d,1697664117095355555
6a69421f-e399-4db8-897a-d8ef21b5e0a7,707b6ccf-c9d9-4c1d-97f4-516b572b2f9d,1697664117124688888
6a69421f-e399-4db8-897a-d8ef21b5e0a7,707b6ccf-c9d9-4c1d-97f4-516b572b2f9d,1697664117153633333
6a69421f-e399-4db8-897a-d8ef21b5e0a7,707b6ccf-c9d9-4c1d-97f4-516b572b2f9d,1697664117194700000
6a69421f-e399-4db8-897a-d8ef21b5e0a7,707b6ccf-c9d9-4c1d-97f4-516b572b2f9d,1697664117220122222
6a69421f-e399-4db8-897a-d8ef21b5e0a7,707b6ccf-c9d9-4c1d-97f4-516b572b2f9d,1697664117252388888
6a69421f-e399-4db8-897a-d8ef21b5e0a7,707b6ccf-c9d9-4c1d-97f4-516b572b2f9d,1697664117290122222
6a69421f-e399-4db8-897a-d8ef21b5e0a7,707b6ccf-c9d9-4c1d-97f4-516b572b2f9d,1697664117324577777
6a69421f-e399-4db8-897a-d8ef21b5e0a7,707b6ccf-c9d9-4c1d-97f4-516b572b2f9d,1697664117347066666
6a69421f-e399-4db8-897a-d8ef21b5e0a7,707b6ccf-c9d9-4c1d-97f4-516b572b2f9d,1697664117383911111
6a69421f-e399-4db8-897a-d8ef21b5e0a7,707b6ccf-c9d9-4c1d-97f4-516b572b2f9d,1697664117422555555
6a69421f-e399-4db8-897a-d8ef21b5e0a7,707b6ccf-c9d9-4c1d-97f4-516b572b2f9d,1697664117458866666
6a69421f-e399-4db8-897a-d8ef21b5e0a7,707b6ccf-c9d9-4c1d-97f4-516b572b2f9d,1697664117488877777
6a69421f-e399-4db8-897a-d8ef21b5e0a7,707b6ccf-c9d9-4c1d-97f4-516b572b2f9d,1697664117523822222
6a69421f-e399-4db8-897a-d8ef21b5e0a7,707b6ccf-c9d9-4c1d-97f4-516b572b2f9d,1697664117553988888
6a69421f-e399-4db8-897a-d8ef21b5e0a7,707b6ccf-c9d9-4c1d-97f4-516b572b2f9d,1697664117590833333
6a69421f-e399-4db8-897a-d8ef21b5e0a7,707b6ccf-c9d9-4c1d-97f4-516b572b2f9d,1697664117622644444
6a69421f-e399-4db8-897a-d8ef21b5e0a7,707b6ccf-c9d9-4c1d-97f4-516b572b2f9d,1697664117650222222
6a69421f-e399-4db8-897a-d8ef21b5e0a7,707b6ccf-c9d9-4c1d-97f4-516b572b2f9d,1697664117690655555
6a69421f-e399-4db8-897a-d8ef21b5e0a7,707b6ccf-c9d9-4c1d-97f4-516b572b2f9d,1697664117722800000
6a69421f-e399-4db8-897a-d8ef21b5e0a7,707b6ccf-c9d9-4c1d-97f4-516b572b2f9d,1697664117744055555
6a69421f-e399-4db8-897a-d8ef21b5e0a7,707b6ccf-c9d9-4c1d-97f4-516b572b2f9d,1697664117789522222
6a69421f-e399-4db8-897a-d8ef21b5e0a7,707b6ccf-c9d9-4c1d-97f4-516b572b2f9d,1697664117824077777
6a69421f-e399-4db8-897a-d8ef21b5e0a7,707b6ccf-c9d9-4c1d-97f4-516b572b2f9d,1697664117845255555
6a69421f-e399-4db8-897a-d8ef21b5e0a7,707b6ccf-c9d9-4c1d-97f4-516b572b2f9d,1697664117900866666
6a69421f-e399-4db8-897a-d8ef21b5e0a7,707b6ccf-c9d9-4c1d-97f4-516b572b2f9d,1697664117927077777
6a69421f-e399-4db8-897a-d8ef21b5e0a7,707b6ccf-c9d9-4c1d-97f4-516b572b2f9d,1697664117944088888
6a69421f-e399-4db8-897a-d8ef21b5e0a7,707b6ccf-c9d9-4c1d-97f4-516b572b2f9d,1697664117984511111
6a69421f-e399-4db8-897a-d8ef21b5e0a7,707b6ccf-c9d9-4c1d-97f4-516b572b2f9d,1697664118013855555
6a69421f-e399-4db8-897a-d8ef21b5e0a7,707b6ccf-c9d9-4c1d-97f4-516b572b2f9d,1697664118070566666
6a69421f-e399-4db8-897a-d8ef21b5e0a7,707b6ccf-c9d9-4c1d-97f4-516b572b2f9d,1697664118082288888
6a69421f-e399-4db8-897a-d8ef21b5e0a7,707b6ccf-c9d9-4c1d-97f4-516b572b2f9d,1697664118109322222
6a69421f-e399-4db8-897a-d8ef21b5e0a7,707b6ccf-c9d9-4c1d-97f4-516b572b2f9d,1697664118153688888
6a69421f-e399-4db8-897a-d8ef21b5e0a7,707b6ccf-c9d9-4c1d-97f4-516b572b2f9d,1697664118189822222
6a69421f-e399-4db8-897a-d8ef21b5e0a7,707b6ccf-c9d9-4c1d-97f4-516b572b2f9d,1697664118229366666
6a69421f-e399-4db8-897a-d8ef21b5e0a7,707b6ccf-c9d9-4c1d-97f4-516b572b2f9d,1697664118257700000
6a69421f-e399-4db8-897a-d8ef21b5e0a7,707b6ccf-c9d9-4c1d-97f4-516b572b2f9d,1697664118295977777
6a69421f-e399-4db8-897a-d8ef21b5e0a7,707b6ccf-c9d9-4c1d-97f4-516b572b2f9d,1697664118323200000
6a69421f-e399-4db8-897a-d8ef21b5e0a7,707b6ccf-c9d9-4c1d-97f4-516b572b2f9d,1697664118351344444
6a69421f-e399-4db8-897a-d8ef21b5e0a7,707b6ccf-c9d9-4c1d-97f4-516b572b2f9d,1697664118389866666
6a69421f-e399-4db8-897a-d8ef21b5e0a7,707b6ccf-c9d9-4c1d-97f4-516b572b2f9d,1697664118425022222
6a69421f-e399-4db8-897a-d8ef21b5e0a7,707b6ccf-c9d9-4c1d-97f4-516b572b2f9d,1697664118454477777
6a69421f-e399-4db8-897a-d8ef21b5e0a7,707b6ccf-c9d9-4c1d-97f4-516b572b2f9d,1697664118489222222
6a69421f-e399-4db8-897a-d8ef21b5e0a7,707b6ccf-c9d9-4c1d-97f4-516b572b2f9d,1697664118529733333
6a69421f-e399-4db8-897a-d8ef21b5e0a7,707b6ccf-c9d9-4c1d-97f4-516b572b2f9d,1697664118557766666
6a69421f-e399-4db8-897a-d8ef21b5e0a7,707b6ccf-c9d9-4c1d-97f4-516b572b2f9d,1697664118590077777
6a69421f-e399-4db8-897a-d8ef21b5e0a7,707b6ccf-c9d9-4c1d-97f4-516b572b2f9d,1697664118624077777
6a69421f-e399-4db8-897a-d8ef21b5e0a7,707b6ccf-c9d9-4c1d-97f4-516b572b2f9d,1697664118642255555
6a69421f-e399-4db8-897a-d8ef21b5e0a7,707b6ccf-c9d9-4c1d-97f4-516b572b2f9d,1697664118697077777
6a69421f-e399-4db8-897a-d8ef21b5e0a7,707b6ccf-c9d9-4c1d-97f4-516b572b2f9d,1697664118711733333
6a69421f-e399-4db8-897a-d8ef21b5e0a7,707b6ccf-c9d9-4c1d-97f4-516b572b2f9d,1697664118742111111
6a69421f-e399-4db8-897a-d8ef21b5e0a7,707b6ccf-c9d9-4c1d-97f4-516b572b2f9d,1697664118779477777
6a69421f-e399-4db8-897a-d8ef21b5e0a7,707b6ccf-c9d9-4c1d-97f4-516b572b2f9d,1697664118812622222
6a69421f-e399-4db8-897a-d8ef21b5e0a7,707b6ccf-c9d9-4c1d-97f4-516b572b2f9d,1697664118851266666
6a69421f-e399-4db8-897a-d8ef21b5e0a7,707b6ccf-c9d9-4c1d-97f4-516b572b2f9d,1697664118889766666
6a69421f-e399-4db8-897a-d8ef21b5e0a7,707b6ccf-c9d9-4c1d-97f4-516b572b2f9d,1697664118928588888
6a69421f-e399-4db8-897a-d8ef21b5e0a7,707b6ccf-c9d9-4c1d-97f4-516b572b2f9d,1697664118959677777
6a69421f-e399-4db8-897a-d8ef21b5e0a7,707b6ccf-c9d9-4c1d-97f4-516b572b2f9d,1697664118990122222
6a69421f-e399-4db8-897a-d8ef21b5e0a7,707b6ccf-c9d9-4c1d-97f4-516b572b2f9d,1697664119021311111
6a69421f-e399-4db8-897a-d8ef21b5e0a7,707b6ccf-c9d9-4c1d-97f4-516b572b2f9d,1697664119049777777
6a69421f-e399-4db8-897a-d8ef21b5e0a7,707b6ccf-c9d9-4c1d-97f4-516b572b2f9d,1697664119089611111
6a69421f-e399-4db8-897a-d8ef21b5e0a7,707b6ccf-c9d9-4c1d-97f4-516b572b2f9d,1697664119122577777
6a69421f-e399-4db8-897a-d8ef21b5e0a7,707b6ccf-c9d9-4c1d-97f4-516b572b2f9d,1697664119146200000
6a69421f-e399-4db8-897a-d8ef21b5e0a7,707b6ccf-c9d9-4c1d-97f4-516b572b2f9d,1697664119184344444
6a69421f-e399-4db8-897a-d8ef21b5e0a7,707b6ccf-c9d9-4c1d-97f4-516b572b2f9d,1697664119227844444
6a69421f-e399-4db8-897a-d8ef21b5e0a7,707b6ccf-c9d9-4c1d-97f4-516b572b2f9d,1697664119260622222
6a69421f-e399-4db8-897a-d8ef21b5e0a7,707b6ccf-c9d9-4c1d-97f4-516b572b2f9d,1697664119275566666
6a69421f-e399-4db8-897a-d8ef21b5e0a7,707b6ccf-c9d9-4c1d-97f4-516b572b2f9d,1697664119323455555
6a69421f-e399-4db8-897a-d8ef21b5e0a7,707b6ccf-c9d9-4c1d-97f4-516b572b2f9d,1697664119346644444
6a69421f-e399-4db8-897a-d8ef21b5e0a7,707b6ccf-c9d9-4c1d-97f4-516b572b2f9d,1697664119373155555
6a69421f-e399-4db8-897a-d8ef21b5e0a7,707b6ccf-c9d9-4c1d-97f4-516b572b2f9d,1697664119414733333
6a69421f-e399-4db8-897a-d8ef21b5e0a7,707b6ccf-c9d9-4c1d-97f4-516b572b2f9d,1697664119443322222
6a69421f-e399-4db8-897a-d8ef21b5e0a7,707b6ccf-c9d9-4c1d-97f4-516b572b2f9d,1697664119474822222
6a69421f-e399-4db8-897a-d8ef21b5e0a7,707b6ccf-c9d9-4c1d-97f4-516b572b2f9d,1697664119522566666
6a69421f-e399-4db8-897a-d8ef21b5e0a7,707b6ccf-c9d9-4c1d-97f4-516b572b2f9d,1697664119553955555
6a69421f-e399-4db8-897a-d8ef21b5e0a7,707b6ccf-c9d9-4c1d-97f4-516b572b2f9d,1697664119585688888
6a69421f-e399-4db8-897a-d8ef21b5e0a7,707b6ccf-c9d9-4c1d-97f4-516b572b2f9d,1697664119625322222
6a69421f-e399-4db8-897a-d8ef21b5e0a7,707b6ccf-c9d9-4c1d-97f4-516b572b2f9d,1697664119655800000
6a69421f-e399-4db8-897a-d8ef21b5e0a7,707b6ccf-c9d9-4c1d-97f4-516b572b2f9d,1697664119682488888
6a69421f-e399-4db8-897a-d8ef21b5e0a7,707b6ccf-c9d9-4c1d-97f4-516b572b2f9d,1697664119726633333
6a69421f-e399-4db8-897a-d8ef21b5e0a7,707b6ccf-c9d9-4c1d-97f4-516b572b2f9d,1697664119754444444
6a69421f-e399-4db8-897a-d8ef21b5e0a7,707b6ccf-c9d9-4c1d-97f4-516b572b2f9d,1697664119784677777
6a69421f-e399-4db8-897a-d8ef21b5e0a7,707b6ccf-c9d9-4c1d-97f4-516b572b2f9d,1697664119823155555
6a69421f-e399-4db8-897a-d8ef21b5e0a7,707b6ccf-c9d9-4c1d-97f4-516b572b2f9d,1697664119851355555
6a69421f-e399-4db8-897a-d8ef21b5e0a7,707b6ccf-c9d9-4c1d-97f4-516b572b2f9d,1697664119887400000
6a69421f-e399-4db8-897a-d8ef21b5e0a7,707b6ccf-c9d9-4c1d-97f4-516b572b2f9d,1697664119925755555
6a69421f-e399-4db8-897a-d8ef21b5e0a7,707b6ccf-c9d9-4c1d-97f4-516b572b2f9d,1697664119955188888
6a69421f-e399-4db8-897a-d8ef21b5e0a7,707b6ccf-c9d9-4c1d-97f4-516b572b2f9d,1697664119987777777
6a69421f-e399-4db8-897a-d8ef21b5e0a7,707b6ccf-c9d9-4c1d-97f4-516b572b2f9d,1697664120030377777
6a69421f-e399-4db8-897a-d8ef21b5e0a7,707b6ccf-c9d9-4c1d-97f4-516b572b2f9d,1697664120045577777
6a69421f-e399-4db8-897a-d8ef21b5e0a7,707b6ccf-c9d9-4c1d-97f4-516b572b2f9d,1697664120073844444
6a69421f-e399-4db8-897a-d8ef21b5e0a7,707b6ccf-c9d9-4c1d-97f4-516b572b2f9d,1697664120111688888
6a69421f-e399-4db8-897a-d8ef21b5e0a7,707b6ccf-c9d9-4c1d-97f4-516b572b2f9d,1697664120147066666
6a69421f-e399-4db8-897a-d8ef21b5e0a7,707b6ccf-c9d9-4c1d-97f4-516b572b2f9d,1697664120186277777
6a69421f-e399-4db8-897a-d8ef21b5e0a7,707b6ccf-c9d9-4c1d-97f4-516b572b2f9d,1697664120223366666
6a69421f-e399-4db8-897a-d8ef21b5e0a7,707b6ccf-c9d9-4c1d-97f4-516b572b2f9d,1697664120254266666
6a69421f-e399-4db8-897a-d8ef21b5e0a7,707b6ccf-c9d9-4c1d-97f4-516b572b2f9d,1697664120284355555
6a69421f-e399-4db8-897a-d8ef21b5e0a7,707b6ccf-c9d9-4c1d-97f4-516b572b2f9d,1697664120322233333
6a69421f-e399-4db8-897a-d8ef21b5e0a7,707b6ccf-c9d9-4c1d-97f4-516b572b2f9d,1697664120351511111
6a69421f-e399-4db8-897a-d8ef21b5e0a7,707b6ccf-c9d9-4c1d-97f4-516b572b2f9d,1697664120389044444
6a69421f-e399-4db8-897a-d8ef21b5e0a7,707b6ccf-c9d9-4c1d-97f4-516b572b2f9d,1697664120422966666
6a69421f-e399-4db8-897a-d8ef21b5e0a7,707b6ccf-c9d9-4c1d-97f4-516b572b2f9d,1697664120460722222
6a69421f-e399-4db8-897a-d8ef21b5e0a7,707b6ccf-c9d9-4c1d-97f4-516b572b2f9d,1697664120475844444
6a69421f-e399-4db8-897a-d8ef21b5e0a7,707b6ccf-c9d9-4c1d-97f4-516b572b2f9d,1697664120526355555
6a69421f-e399-4db8-897a-d8ef21b5e0a7,707b6ccf-c9d9-4c1d-97f4-516b572b2f9d,1697664120558966666
6a69421f-e399-4db8-897a-d8ef21b5e0a7,707b6ccf-c9d9-4c1d-97f4-516b572b2f9d,1697664120588455555
6a69421f-e399-4db8-897a-d8ef21b5e0a7,707b6ccf-c9d9-4c1d-97f4-516b572b2f9d,1697664120622900000
6a69421f-e399-4db8-897a-d8ef21b5e0a7,707b6ccf-c9d9-4c1d-97f4-516b572b2f9d,1697664120651111111
6a69421f-e399-4db8-897a-d8ef21b5e0a7,707b6ccf-c9d9-4c1d-97f4-516b572b2f9d,1697664120680177777
6a69421f-e399-4db8-897a-d8ef21b5e0a7,707b6ccf-c9d9-4c1d-97f4-516b572b2f9d,1697664120708744444
6a69421f-e399-4db8-897a-d8ef21b5e0a7,707b6ccf-c9d9-4c1d-97f4-516b572b2f9d,1697664120742722222
6a69421f-e399-4db8-897a-d8ef21b5e0a7,707b6ccf-c9d9-4c1d-97f4-516b572b2f9d,1697664120774344444
6a69421f-e399-4db8-897a-d8ef21b5e0a7,707b6ccf-c9d9-4c1d-97f4-516b572b2f9d,1697664120819433333
6a69421f-e399-4db8-897a-d8ef21b5e0a7,707b6ccf-c9d9-4c1d-97f4-516b572b2f9d,1697664120843011111
6a69421f-e399-4db8-897a-d8ef21b5e0a7,707b6ccf-c9d9-4c1d-97f4-516b572b2f9d,1697664120891333333
6a69421f-e399-4db8-897a-d8ef21b5e0a7,707b6ccf-c9d9-4c1d-97f4-516b572b2f9d,1697664120921111111
6a69421f-e399-4db8-897a-d8ef21b5e0a7,707b6ccf-c9d9-4c1d-97f4-516b572b2f9d,1697664120944044444
6a69421f-e399-4db8-897a-d8ef21b5e0a7,707b6ccf-c9d9-4c1d-97f4-516b572b2f9d,1697664120988422222
6a69421f-e399-4db8-897a-d8ef21b5e0a7,707b6ccf-c9d9-4c1d-97f4-516b572b2f9d,1697664121022788888
6a69421f-e399-4db8-897a-d8ef21b5e0a7,707b6ccf-c9d9-4c1d-97f4-516b572b2f9d,1697664121052766666
6a69421f-e399-4db8-897a-d8ef21b5e0a7,707b6ccf-c9d9-4c1d-97f4-516b572b2f9d,1697664121085277777
6a69421f-e399-4db8-897a-d8ef21b5e0a7,707b6ccf-c9d9-4c1d-97f4-516b572b2f9d,1697664121123311111
6a69421f-e399-4db8-897a-d8ef21b5e0a7,707b6ccf-c9d9-4c1d-97f4-516b572b2f9d,1697664121147055555
6a69421f-e399-4db8-897a-d8ef21b5e0a7,707b6ccf-c9d9-4c1d-97f4-516b572b2f9d,1697664121186611111
6a69421f-e399-4db8-897a-d8ef21b5e0a7,707b6ccf-c9d9-4c1d-97f4-516b572b2f9d,1697664121222377777
6a69421f-e399-4db8-897a-d8ef21b5e0a7,707b6ccf-c9d9-4c1d-97f4-516b572b2f9d,1697664121255777777
6a69421f-e399-4db8-897a-d8ef21b5e0a7,707b6ccf-c9d9-4c1d-97f4-516b572b2f9d,1697664121284377777
6a69421f-e399-4db8-897a-d8ef21b5e0a7,707b6ccf-c9d9-4c1d-97f4-516b572b2f9d,1697664121319188888
6a69421f-e399-4db8-897a-d8ef21b5e0a7,707b6ccf-c9d9-4c1d-97f4-516b572b2f9d,1697664121347244444
6a69421f-e399-4db8-897a-d8ef21b5e0a7,707b6ccf-c9d9-4c1d-97f4-516b572b2f9d,1697664121384933333
6a69421f-e399-4db8-897a-d8ef21b5e0a7,707b6ccf-c9d9-4c1d-97f4-516b572b2f9d,1697664121417033333
6a69421f-e399-4db8-897a-d8ef21b5e0a7,707b6ccf-c9d9-4c1d-97f4-516b572b2f9d,1697664121443455555
6a69421f-e399-4db8-897a-d8ef21b5e0a7,707b6ccf-c9d9-4c1d-97f4-516b572b2f9d,1697664121486977777
6a69421f-e399-4db8-897a-d8ef21b5e0a7,707b6ccf-c9d9-4c1d-97f4-516b572b2f9d,1697664121516811111
6a69421f-e399-4db8-897a-d8ef21b5e0a7,707b6ccf-c9d9-4c1d-97f4-516b572b2f9d,1697664121555288888
6a69421f-e399-4db8-897a-d8ef21b5e0a7,707b6ccf-c9d9-4c1d-97f4-516b572b2f9d,1697664121587377777
6a69421f-e399-4db8-897a-d8ef21b5e0a7,707b6ccf-c9d9-4c1d-97f4-516b572b2f9d,1697664121617288888
6a69421f-e399-4db8-897a-d8ef21b5e0a7,707b6ccf-c9d9-4c1d-97f4-516b572b2f9d,1697664121654311111
6a69421f-e399-4db8-897a-d8ef21b5e0a7,707b6ccf-c9d9-4c1d-97f4-516b572b2f9d,1697664121683944444
6a69421f-e399-4db8-897a-d8ef21b5e0a7,707b6ccf-c9d9-4c1d-97f4-516b572b2f9d,1697664121720222222
6a69421f-e399-4db8-897a-d8ef21b5e0a7,707b6ccf-c9d9-4c1d-97f4-516b572b2f9d,1697664121753622222
6a69421f-e399-4db8-897a-d8ef21b5e0a7,707b6ccf-c9d9-4c1d-97f4-516b572b2f9d,1697664121782266666
6a69421f-e399-4db8-897a-d8ef21b5e0a7,707b6ccf-c9d9-4c1d-97f4-516b572b2f9d,1697664121824111111
6a69421f-e399-4db8-897a-d8ef21b5e0a7,707b6ccf-c9d9-4c1d-97f4-516b572b2f9d,1697664121846733333
6a69421f-e399-4db8-897a-d8ef21b5e0a7,707b6ccf-c9d9-4c1d-97f4-516b572b2f9d,1697664121890744444
6a69421f-e399-4db8-897a-d8ef21b5e0a7,707b6ccf-c9d9-4c1d-97f4-516b572b2f9d,1697664121921444444
6a69421f-e399-4db8-897a-d8ef21b5e0a7,707b6ccf-c9d9-4c1d-97f4-516b572b2f9d,1697664121948944444
6a69421f-e399-4db8-897a-d8ef21b5e0a7,707b6ccf-c9d9-4c1d-97f4-516b572b2f9d,1697664122003400000
6a69421f-e399-4db8-897a-d8ef21b5e0a7,707b6ccf-c9d9-4c1d-97f4-516b572b2f9d,1697664122015100000
6a69421f-e399-4db8-897a-d8ef21b5e0a7,707b6ccf-c9d9-4c1d-97f4-516b572b2f9d,1697664122041588888
6a69421f-e399-4db8-897a-d8ef21b5e0a7,707b6ccf-c9d9-4c1d-97f4-516b572b2f9d,1697664122074122222
6a69421f-e399-4db8-897a-d8ef21b5e0a7,707b6ccf-c9d9-4c1d-97f4-516b572b2f9d,1697664122112766666
6a69421f-e399-4db8-897a-d8ef21b5e0a7,707b6ccf-c9d9-4c1d-97f4-516b572b2f9d,1697664122149188888
6a69421f-e399-4db8-897a-d8ef21b5e0a7,707b6ccf-c9d9-4c1d-97f4-516b572b2f9d,1697664122183255555
6a69421f-e399-4db8-897a-d8ef21b5e0a7,707b6ccf-c9d9-4c1d-97f4-516b572b2f9d,1697664122217277777
6a69421f-e399-4db8-897a-d8ef21b5e0a7,707b6ccf-c9d9-4c1d-97f4-516b572b2f9d,1697664122257588888
6a69421f-e399-4db8-897a-d8ef21b5e0a7,707b6ccf-c9d9-4c1d-97f4-516b572b2f9d,1697664122291588888
6a69421f-e399-4db8-897a-d8ef21b5e0a7,707b6ccf-c9d9-4c1d-97f4-516b572b2f9d,1697664122321244444
6a69421f-e399-4db8-897a-d8ef21b5e0a7,707b6ccf-c9d9-4c1d-97f4-516b572b2f9d,1697664122346200000
6a69421f-e399-4db8-897a-d8ef21b5e0a7,707b6ccf-c9d9-4c1d-97f4-516b572b2f9d,1697664122392566666
6a69421f-e399-4db8-897a-d8ef21b5e0a7,707b6ccf-c9d9-4c1d-97f4-516b572b2f9d,1697664122416833333
6a69421f-e399-4db8-897a-d8ef21b5e0a7,707b6ccf-c9d9-4c1d-97f4-516b572b2f9d,1697664122456677777
6a69421f-e399-4db8-897a-d8ef21b5e0a7,707b6ccf-c9d9-4c1d-97f4-516b572b2f9d,1697664122487044444
6a69421f-e399-4db8-897a-d8ef21b5e0a7,707b6ccf-c9d9-4c1d-97f4-516b572b2f9d,1697664122516644444
6a69421f-e399-4db8-897a-d8ef21b5e0a7,707b6ccf-c9d9-4c1d-97f4-516b572b2f9d,1697664122554255555
6a69421f-e399-4db8-897a-d8ef21b5e0a7,707b6ccf-c9d9-4c1d-97f4-516b572b2f9d,1697664122590522222
6a69421f-e399-4db8-897a-d8ef21b5e0a7,707b6ccf-c9d9-4c1d-97f4-516b572b2f9d,1697664122618855555
6a69421f-e399-4db8-897a-d8ef21b5e0a7,707b6ccf-c9d9-4c1d-97f4-516b572b2f9d,1697664122663255555
6a69421f-e399-4db8-897a-d8ef21b5e0a7,707b6ccf-c9d9-4c1d-97f4-516b572b2f9d,1697664122675188888
6a69421f-e399-4db8-897a-d8ef21b5e0a7,707b6ccf-c9d9-4c1d-97f4-516b572b2f9d,1697664122730144444
6a69421f-e399-4db8-897a-d8ef21b5e0a7,707b6ccf-c9d9-4c1d-97f4-516b572b2f9d,1697664122744411111
6a69421f-e399-4db8-897a-d8ef21b5e0a7,707b6ccf-c9d9-4c1d-97f4-516b572b2f9d,1697664122799166666
6a69421f-e399-4db8-897a-d8ef21b5e0a7,707b6ccf-c9d9-4c1d-97f4-516b572b2f9d,1697664122814144444
6a69421f-e399-4db8-897a-d8ef21b5e0a7,707b6ccf-c9d9-4c1d-97f4-516b572b2f9d,1697664122851255555
6a69421f-e399-4db8-897a-d8ef21b5e0a7,707b6ccf-c9d9-4c1d-97f4-516b572b2f9d,1697664122884166666
6a69421f-e399-4db8-897a-d8ef21b5e0a7,707b6ccf-c9d9-4c1d-97f4-516b572b2f9d,1697664122918233333
6a69421f-e399-4db8-897a-d8ef21b5e0a7,707b6ccf-c9d9-4c1d-97f4-516b572b2f9d,1697664122956355555
6a69421f-e399-4db8-897a-d8ef21b5e0a7,707b6ccf-c9d9-4c1d-97f4-516b572b2f9d,1697664122989533333
6a69421f-e399-4db8-897a-d8ef21b5e0a7,707b6ccf-c9d9-4c1d-97f4-516b572b2f9d,1697664123017933333
6a69421f-e399-4db8-897a-d8ef21b5e0a7,707b6ccf-c9d9-4c1d-97f4-516b572b2f9d,1697664123052488888
6a69421f-e399-4db8-897a-d8ef21b5e0a7,707b6ccf-c9d9-4c1d-97f4-516b572b2f9d,1697664123083544444
6a69421f-e399-4db8-897a-d8ef21b5e0a7,707b6ccf-c9d9-4c1d-97f4-516b572b2f9d,1697664123122711111
6a69421f-e399-4db8-897a-d8ef21b5e0a7,707b6ccf-c9d9-4c1d-97f4-516b572b2f9d,1697664123154688888
6a69421f-e399-4db8-897a-d8ef21b5e0a7,707b6ccf-c9d9-4c1d-97f4-516b572b2f9d,1697664123190577777
6a69421f-e399-4db8-897a-d8ef21b5e0a7,707b6ccf-c9d9-4c1d-97f4-516b572b2f9d,1697664123223111111
6a69421f-e399-4db8-897a-d8ef21b5e0a7,707b6ccf-c9d9-4c1d-97f4-516b572b2f9d,1697664123246788888
6a69421f-e399-4db8-897a-d8ef21b5e0a7,707b6ccf-c9d9-4c1d-97f4-516b572b2f9d,1697664123291933333
6a69421f-e399-4db8-897a-d8ef21b5e0a7,707b6ccf-c9d9-4c1d-97f4-516b572b2f9d,1697664123321277777
6a69421f-e399-4db8-897a-d8ef21b5e0a7,707b6ccf-c9d9-4c1d-97f4-516b572b2f9d,1697664123345211111
6a69421f-e399-4db8-897a-d8ef21b5e0a7,707b6ccf-c9d9-4c1d-97f4-516b572b2f9d,1697664123377766666
6a69421f-e399-4db8-897a-d8ef21b5e0a7,707b6ccf-c9d9-4c1d-97f4-516b572b2f9d,1697664123410711111
6a69421f-e399-4db8-897a-d8ef21b5e0a7,707b6ccf-c9d9-4c1d-97f4-516b572b2f9d,1697664123449888888
6a69421f-e399-4db8-897a-d8ef21b5e0a7,707b6ccf-c9d9-4c1d-97f4-516b572b2f9d,1697664123478677777
6a69421f-e399-4db8-897a-d8ef21b5e0a7,707b6ccf-c9d9-4c1d-97f4-516b572b2f9d,1697664123505511111
6a69421f-e399-4db8-897a-d8ef21b5e0a7,707b6ccf-c9d9-4c1d-97f4-516b572b2f9d,1697664123556500000
6a69421f-e399-4db8-897a-d8ef21b5e0a7,707b6ccf-c9d9-4c1d-97f4-516b572b2f9d,1697664123591455555
6a69421f-e399-4db8-897a-d8ef21b5e0a7,707b6ccf-c9d9-4c1d-97f4-516b572b2f9d,1697664123617977777
6a69421f-e399-4db8-897a-d8ef21b5e0a7,707b6ccf-c9d9-4c1d-97f4-516b572b2f9d,1697664123654766666
6a69421f-e399-4db8-897a-d8ef21b5e0a7,707b6ccf-c9d9-4c1d-97f4-516b572b2f9d,1697664123685711111
6a69421f-e399-4db8-897a-d8ef21b5e0a7,707b6ccf-c9d9-4c1d-97f4-516b572b2f9d,1697664123718822222
6a69421f-e399-4db8-897a-d8ef21b5e0a7,707b6ccf-c9d9-4c1d-97f4-516b572b2f9d,1697664123753355555
6a69421f-e399-4db8-897a-d8ef21b5e0a7,707b6ccf-c9d9-4c1d-97f4-516b572b2f9d,1697664123790033333
6a69421f-e399-4db8-897a-d8ef21b5e0a7,707b6ccf-c9d9-4c1d-97f4-516b572b2f9d,1697664123816633333
6a69421f-e399-4db8-897a-d8ef21b5e0a7,707b6ccf-c9d9-4c1d-97f4-516b572b2f9d,1697664123857200000
6a69421f-e399-4db8-897a-d8ef21b5e0a7,707b6ccf-c9d9-4c1d-97f4-516b572b2f9d,1697664123885955555
6a69421f-e399-4db8-897a-d8ef21b5e0a7,707b6ccf-c9d9-4c1d-97f4-516b572b2f9d,1697664123917244444
6a69421f-e399-4db8-897a-d8ef21b5e0a7,707b6ccf-c9d9-4c1d-97f4-516b572b2f9d,1697664123953733333
6a69421f-e399-4db8-897a-d8ef21b5e0a7,707b6ccf-c9d9-4c1d-97f4-516b572b2f9d,1697664123984000000
6a69421f-e399-4db8-897a-d8ef21b5e0a7,707b6ccf-c9d9-4c1d-97f4-516b572b2f9d,1697664124030533333
6a69421f-e399-4db8-897a-d8ef21b5e0a7,707b6ccf-c9d9-4c1d-97f4-516b572b2f9d,1697664124044077777
6a69421f-e399-4db8-897a-d8ef21b5e0a7,707b6ccf-c9d9-4c1d-97f4-516b572b2f9d,1697664124074277777
6a69421f-e399-4db8-897a-d8ef21b5e0a7,707b6ccf-c9d9-4c1d-97f4-516b572b2f9d,1697664124114600000
6a69421f-e399-4db8-897a-d8ef21b5e0a7,707b6ccf-c9d9-4c1d-97f4-516b572b2f9d,1697664124141300000
6a69421f-e399-4db8-897a-d8ef21b5e0a7,707b6ccf-c9d9-4c1d-97f4-516b572b2f9d,1697664124188277777
6a69421f-e399-4db8-897a-d8ef21b5e0a7,707b6ccf-c9d9-4c1d-97f4-516b572b2f9d,1697664124220377777
6a69421f-e399-4db8-897a-d8ef21b5e0a7,707b6ccf-c9d9-4c1d-97f4-516b572b2f9d,1697664124258600000
6a69421f-e399-4db8-897a-d8ef21b5e0a7,707b6ccf-c9d9-4c1d-97f4-516b572b2f9d,1697664124290444444
6a69421f-e399-4db8-897a-d8ef21b5e0a7,707b6ccf-c9d9-4c1d-97f4-516b572b2f9d,1697664124321766666
6a69421f-e399-4db8-897a-d8ef21b5e0a7,707b6ccf-c9d9-4c1d-97f4-516b572b2f9d,1697664124352188888
6a69421f-e399-4db8-897a-d8ef21b5e0a7,707b6ccf-c9d9-4c1d-97f4-516b572b2f9d,1697664124387122222
6a69421f-e399-4db8-897a-d8ef21b5e0a7,707b6ccf-c9d9-4c1d-97f4-516b572b2f9d,1697664124417977777
6a69421f-e399-4db8-897a-d8ef21b5e0a7,707b6ccf-c9d9-4c1d-97f4-516b572b2f9d,1697664124455122222
6a69421f-e399-4db8-897a-d8ef21b5e0a7,707b6ccf-c9d9-4c1d-97f4-516b572b2f9d,1697664124484566666
6a69421f-e399-4db8-897a-d8ef21b5e0a7,707b6ccf-c9d9-4c1d-97f4-516b572b2f9d,1697664124517433333
6a69421f-e399-4db8-897a-d8ef21b5e0a7,707b6ccf-c9d9-4c1d-97f4-516b572b2f9d,1697664124551433333
6a69421f-e399-4db8-897a-d8ef21b5e0a7,707b6ccf-c9d9-4c1d-97f4-516b572b2f9d,1697664124591033333
6a69421f-e399-4db8-897a-d8ef21b5e0a7,707b6ccf-c9d9-4c1d-97f4-516b572b2f9d,1697664124620244444
6a69421f-e399-4db8-897a-d8ef21b5e0a7,707b6ccf-c9d9-4c1d-97f4-516b572b2f9d,1697664124648066666
6a69421f-e399-4db8-897a-d8ef21b5e0a7,707b6ccf-c9d9-4c1d-97f4-516b572b2f9d,1697664124692311111
6a69421f-e399-4db8-897a-d8ef21b5e0a7,707b6ccf-c9d9-4c1d-97f4-516b572b2f9d,1697664124708088888
6a69421f-e399-4db8-897a-d8ef21b5e0a7,707b6ccf-c9d9-4c1d-97f4-516b572b2f9d,1697664124738800000
6a69421f-e399-4db8-897a-d8ef21b5e0a7,707b6ccf-c9d9-4c1d-97f4-516b572b2f9d,1697664124775333333
6a69421f-e399-4db8-897a-d8ef21b5e0a7,707b6ccf-c9d9-4c1d-97f4-516b572b2f9d,1697664124806477777
6a69421f-e399-4db8-897a-d8ef21b5e0a7,707b6ccf-c9d9-4c1d-97f4-516b572b2f9d,1697664124851188888
6a69421f-e399-4db8-897a-d8ef21b5e0a7,707b6ccf-c9d9-4c1d-97f4-516b572b2f9d,1697664124883500000
6a69421f-e399-4db8-897a-d8ef21b5e0a7,707b6ccf-c9d9-4c1d-97f4-516b572b2f9d,1697664124917955555
6a69421f-e399-4db8-897a-d8ef21b5e0a7,707b6ccf-c9d9-4c1d-97f4-516b572b2f9d,1697664124952844444
6a69421f-e399-4db8-897a-d8ef21b5e0a7,707b6ccf-c9d9-4c1d-97f4-516b572b2f9d,1697664124986688888
6a69421f-e399-4db8-897a-d8ef21b5e0a7,707b6ccf-c9d9-4c1d-97f4-516b572b2f9d,1697664125018622222
6a69421f-e399-4db8-897a-d8ef21b5e0a7,707b6ccf-c9d9-4c1d-97f4-516b572b2f9d,1697664125050900000
6a69421f-e399-4db8-897a-d8ef21b5e0a7,707b6ccf-c9d9-4c1d-97f4-516b572b2f9d,1697664125083788888
6a69421f-e399-4db8-897a-d8ef21b5e0a7,707b6ccf-c9d9-4c1d-97f4-516b572b2f9d,1697664125117188888
6a69421f-e399-4db8-897a-d8ef21b5e0a7,707b6ccf-c9d9-4c1d-97f4-516b572b2f9d,1697664125148288888
6a69421f-e399-4db8-897a-d8ef21b5e0a7,707b6ccf-c9d9-4c1d-97f4-516b572b2f9d,1697664125183033333
6a69421f-e399-4db8-897a-d8ef21b5e0a7,707b6ccf-c9d9-4c1d-97f4-516b572b2f9d,1697664125218144444
6a69421f-e399-4db8-897a-d8ef21b5e0a7,707b6ccf-c9d9-4c1d-97f4-516b572b2f9d,1697664125254233333
6a69421f-e399-4db8-897a-d8ef21b5e0a7,707b6ccf-c9d9-4c1d-97f4-516b572b2f9d,1697664125285166666
6a69421f-e399-4db8-897a-d8ef21b5e0a7,707b6ccf-c9d9-4c1d-97f4-516b572b2f9d,1697664125317600000
6a69421f-e399-4db8-897a-d8ef21b5e0a7,707b6ccf-c9d9-4c1d-97f4-516b572b2f9d,1697664125351822222
6a69421f-e399-4db8-897a-d8ef21b5e0a7,707b6ccf-c9d9-4c1d-97f4-516b572b2f9d,1697664125379811111
6a69421f-e399-4db8-897a-d8ef21b5e0a7,707b6ccf-c9d9-4c1d-97f4-516b572b2f9d,1697664125410966666
6a69421f-e399-4db8-897a-d8ef21b5e0a7,707b6ccf-c9d9-4c1d-97f4-516b572b2f9d,1697664125455966666
6a69421f-e399-4db8-897a-d8ef21b5e0a7,707b6ccf-c9d9-4c1d-97f4-516b572b2f9d,1697664125476388888
6a69421f-e399-4db8-897a-d8ef21b5e0a7,707b6ccf-c9d9-4c1d-97f4-516b572b2f9d,1697664125507344444
6a69421f-e399-4db8-897a-d8ef21b5e0a7,707b6ccf-c9d9-4c1d-97f4-516b572b2f9d,1697664125551255555
6a69421f-e399-4db8-897a-d8ef21b5e0a7,707b6ccf-c9d9-4c1d-97f4-516b572b2f9d,1697664125589533333
6a69421f-e399-4db8-897a-d8ef21b5e0a7,707b6ccf-c9d9-4c1d-97f4-516b572b2f9d,1697664125622800000
6a69421f-e399-4db8-897a-d8ef21b5e0a7,707b6ccf-c9d9-4c1d-97f4-516b572b2f9d,1697664125641500000
6a69421f-e399-4db8-897a-d8ef21b5e0a7,707b6ccf-c9d9-4c1d-97f4-516b572b2f9d,1697664125691011111
6a69421f-e399-4db8-897a-d8ef21b5e0a7,707b6ccf-c9d9-4c1d-97f4-516b572b2f9d,1697664125720866666
6a69421f-e399-4db8-897a-d8ef21b5e0a7,707b6ccf-c9d9-4c1d-97f4-516b572b2f9d,1697664125740088888
6a69421f-e399-4db8-897a-d8ef21b5e0a7,707b6ccf-c9d9-4c1d-97f4-516b572b2f9d,1697664125796144444
6a69421f-e399-4db8-897a-d8ef21b5e0a7,707b6ccf-c9d9-4c1d-97f4-516b572b2f9d,1697664125808900000
6a69421f-e399-4db8-897a-d8ef21b5e0a7,707b6ccf-c9d9-4c1d-97f4-516b572b2f9d,1697664125853266666
6a69421f-e399-4db8-897a-d8ef21b5e0a7,707b6ccf-c9d9-4c1d-97f4-516b572b2f9d,1697664125884711111
6a69421f-e399-4db8-897a-d8ef21b5e0a7,707b6ccf-c9d9-4c1d-97f4-516b572b2f9d,1697664125919166666
6a69421f-e399-4db8-897a-d8ef21b5e0a7,707b6ccf-c9d9-4c1d-97f4-516b572b2f9d,1697664125951500000
6a69421f-e399-4db8-897a-d8ef21b5e0a7,707b6ccf-c9d9-4c1d-97f4-516b572b2f9d,1697664125989344444
6a69421f-e399-4db8-897a-d8ef21b5e0a7,707b6ccf-c9d9-4c1d-97f4-516b572b2f9d,1697664126016644444
6a69421f-e399-4db8-897a-d8ef21b5e0a7,707b6ccf-c9d9-4c1d-97f4-516b572b2f9d,1697664126055155555
6a69421f-e399-4db8-897a-d8ef21b5e0a7,707b6ccf-c9d9-4c1d-97f4-516b572b2f9d,1697664126087433333
6a69421f-e399-4db8-897a-d8ef21b5e0a7,707b6ccf-c9d9-4c1d-97f4-516b572b2f9d,1697664126108000000
6a69421f-e399-4db8-897a-d8ef21b5e0a7,707b6ccf-c9d9-4c1d-97f4-516b572b2f9d,1697664126139633333
6a69421f-e399-4db8-897a-d8ef21b5e0a7,707b6ccf-c9d9-4c1d-97f4-516b572b2f9d,1697664126185844444
6a69421f-e399-4db8-897a-d8ef21b5e0a7,707b6ccf-c9d9-4c1d-97f4-516b572b2f9d,1697664126215722222
6a69421f-e399-4db8-897a-d8ef21b5e0a7,707b6ccf-c9d9-4c1d-97f4-516b572b2f9d,1697664126251722222
6a69421f-e399-4db8-897a-d8ef21b5e0a7,707b6ccf-c9d9-4c1d-97f4-516b572b2f9d,1697664126290944444
6a69421f-e399-4db8-897a-d8ef21b5e0a7,707b6ccf-c9d9-4c1d-97f4-516b572b2f9d,1697664126320744444
6a69421f-e399-4db8-897a-d8ef21b5e0a7,707b6ccf-c9d9-4c1d-97f4-516b572b2f9d,1697664126339077777
6a69421f-e399-4db8-897a-d8ef21b5e0a7,707b6ccf-c9d9-4c1d-97f4-516b572b2f9d,1697664126390533333
6a69421f-e399-4db8-897a-d8ef21b5e0a7,707b6ccf-c9d9-4c1d-97f4-516b572b2f9d,1697664126423355555
6a69421f-e399-4db8-897a-d8ef21b5e0a7,707b6ccf-c9d9-4c1d-97f4-516b572b2f9d,1697664126440166666
6a69421f-e399-4db8-897a-d8ef21b5e0a7,707b6ccf-c9d9-4c1d-97f4-516b572b2f9d,1697664126493100000
6a69421f-e399-4db8-897a-d8ef21b5e0a7,707b6ccf-c9d9-4c1d-97f4-516b572b2f9d,1697664126522911111
6a69421f-e399-4db8-897a-d8ef21b5e0a7,707b6ccf-c9d9-4c1d-97f4-516b572b2f9d,1697664126540922222
6a69421f-e399-4db8-897a-d8ef21b5e0a7,707b6ccf-c9d9-4c1d-97f4-516b572b2f9d,1697664126592666666
6a69421f-e399-4db8-897a-d8ef21b5e0a7,707b6ccf-c9d9-4c1d-97f4-516b572b2f9d,1697664126622311111
6a69421f-e399-4db8-897a-d8ef21b5e0a7,707b6ccf-c9d9-4c1d-97f4-516b572b2f9d,1697664126640377777
6a69421f-e399-4db8-897a-d8ef21b5e0a7,707b6ccf-c9d9-4c1d-97f4-516b572b2f9d,1697664126689866666
6a69421f-e399-4db8-897a-d8ef21b5e0a7,707b6ccf-c9d9-4c1d-97f4-516b572b2f9d,1697664126730055555
6a69421f-e399-4db8-897a-d8ef21b5e0a7,707b6ccf-c9d9-4c1d-97f4-516b572b2f9d,1697664126740800000
6a69421f-e399-4db8-897a-d8ef21b5e0a7,707b6ccf-c9d9-4c1d-97f4-516b572b2f9d,1697664126786788888
6a69421f-e399-4db8-897a-d8ef21b5e0a7,707b6ccf-c9d9-4c1d-97f4-516b572b2f9d,1697664126805222222
6a69421f-e399-4db8-897a-d8ef21b5e0a7,707b6ccf-c9d9-4c1d-97f4-516b572b2f9d,1697664126842544444
6a69421f-e399-4db8-897a-d8ef21b5e0a7,707b6ccf-c9d9-4c1d-97f4-516b572b2f9d,1697664126885166666
6a69421f-e399-4db8-897a-d8ef21b5e0a7,707b6ccf-c9d9-4c1d-97f4-516b572b2f9d,1697664126916411111
6a69421f-e399-4db8-897a-d8ef21b5e0a7,707b6ccf-c9d9-4c1d-97f4-516b572b2f9d,1697664126950900000
6a69421f-e399-4db8-897a-d8ef21b5e0a7,707b6ccf-c9d9-4c1d-97f4-516b572b2f9d,1697664126985200000
6a69421f-e399-4db8-897a-d8ef21b5e0a7,707b6ccf-c9d9-4c1d-97f4-516b572b2f9d,1697664127025188888
6a69421f-e399-4db8-897a-d8ef21b5e0a7,707b6ccf-c9d9-4c1d-97f4-516b572b2f9d,1697664127053477777
6a69421f-e399-4db8-897a-d8ef21b5e0a7,707b6ccf-c9d9-4c1d-97f4-516b572b2f9d,1697664127085800000
6a69421f-e399-4db8-897a-d8ef21b5e0a7,707b6ccf-c9d9-4c1d-97f4-516b572b2f9d,1697664127117322222
6a69421f-e399-4db8-897a-d8ef21b5e0a7,707b6ccf-c9d9-4c1d-97f4-516b572b2f9d,1697664127151055555
6a69421f-e399-4db8-897a-d8ef21b5e0a7,707b6ccf-c9d9-4c1d-97f4-516b572b2f9d,1697664127184622222
6a69421f-e399-4db8-897a-d8ef21b5e0a7,707b6ccf-c9d9-4c1d-97f4-516b572b2f9d,1697664127218277777
6a69421f-e399-4db8-897a-d8ef21b5e0a7,707b6ccf-c9d9-4c1d-97f4-516b572b2f9d,1697664127252400000
6a69421f-e399-4db8-897a-d8ef21b5e0a7,707b6ccf-c9d9-4c1d-97f4-516b572b2f9d,1697664127289388888
6a69421f-e399-4db8-897a-d8ef21b5e0a7,707b6ccf-c9d9-4c1d-97f4-516b572b2f9d,1697664127317944444
6a69421f-e399-4db8-897a-d8ef21b5e0a7,707b6ccf-c9d9-4c1d-97f4-516b572b2f9d,1697664127351022222
6a69421f-e399-4db8-897a-d8ef21b5e0a7,707b6ccf-c9d9-4c1d-97f4-516b572b2f9d,1697664127383600000
6a69421f-e399-4db8-897a-d8ef21b5e0a7,707b6ccf-c9d9-4c1d-97f4-516b572b2f9d,1697664127409222222
6a69421f-e399-4db8-897a-d8ef21b5e0a7,707b6ccf-c9d9-4c1d-97f4-516b572b2f9d,1697664127440855555
6a69421f-e399-4db8-897a-d8ef21b5e0a7,707b6ccf-c9d9-4c1d-97f4-516b572b2f9d,1697664127476222222
6a69421f-e399-4db8-897a-d8ef21b5e0a7,707b6ccf-c9d9-4c1d-97f4-516b572b2f9d,1697664127510511111
6a69421f-e399-4db8-897a-d8ef21b5e0a7,707b6ccf-c9d9-4c1d-97f4-516b572b2f9d,1697664127537011111
6a69421f-e399-4db8-897a-d8ef21b5e0a7,707b6ccf-c9d9-4c1d-97f4-516b572b2f9d,1697664127588655555
6a69421f-e399-4db8-897a-d8ef21b5e0a7,707b6ccf-c9d9-4c1d-97f4-516b572b2f9d,1697664127622644444
6a69421f-e399-4db8-897a-d8ef21b5e0a7,707b6ccf-c9d9-4c1d-97f4-516b572b2f9d,1697664127655133333
6a69421f-e399-4db8-897a-d8ef21b5e0a7,707b6ccf-c9d9-4c1d-97f4-516b572b2f9d,1697664127689000000
6a69421f-e399-4db8-897a-d8ef21b5e0a7,707b6ccf-c9d9-4c1d-97f4-516b572b2f9d,1697664127720622222
6a69421f-e399-4db8-897a-d8ef21b5e0a7,707b6ccf-c9d9-4c1d-97f4-516b572b2f9d,1697664127741244444
6a69421f-e399-4db8-897a-d8ef21b5e0a7,707b6ccf-c9d9-4c1d-97f4-516b572b2f9d,1697664127786644444
6a69421f-e399-4db8-897a-d8ef21b5e0a7,707b6ccf-c9d9-4c1d-97f4-516b572b2f9d,1697664127817466666
6a69421f-e399-4db8-897a-d8ef21b5e0a7,707b6ccf-c9d9-4c1d-97f4-516b572b2f9d,1697664127851600000
6a69421f-e399-4db8-897a-d8ef21b5e0a7,707b6ccf-c9d9-4c1d-97f4-516b572b2f9d,1697664127884666666
6a69421f-e399-4db8-897a-d8ef21b5e0a7,707b6ccf-c9d9-4c1d-97f4-516b572b2f9d,1697664127917366666
6a69421f-e399-4db8-897a-d8ef21b5e0a7,707b6ccf-c9d9-4c1d-97f4-516b572b2f9d,1697664127953744444
6a69421f-e399-4db8-897a-d8ef21b5e0a7,707b6ccf-c9d9-4c1d-97f4-516b572b2f9d,1697664127980777777
6a69421f-e399-4db8-897a-d8ef21b5e0a7,707b6ccf-c9d9-4c1d-97f4-516b572b2f9d,1697664128019300000
6a69421f-e399-4db8-897a-d8ef21b5e0a7,707b6ccf-c9d9-4c1d-97f4-516b572b2f9d,1697664128050244444
6a69421f-e399-4db8-897a-d8ef21b5e0a7,707b6ccf-c9d9-4c1d-97f4-516b572b2f9d,1697664128073700000
6a69421f-e399-4db8-897a-d8ef21b5e0a7,707b6ccf-c9d9-4c1d-97f4-516b572b2f9d,1697664128110222222
6a69421f-e399-4db8-897a-d8ef21b5e0a7,707b6ccf-c9d9-4c1d-97f4-516b572b2f9d,1697664128139966666
6a69421f-e399-4db8-897a-d8ef21b5e0a7,707b6ccf-c9d9-4c1d-97f4-516b572b2f9d,1697664128173044444
6a69421f-e399-4db8-897a-d8ef21b5e0a7,707b6ccf-c9d9-4c1d-97f4-516b572b2f9d,1697664128205433333
6a69421f-e399-4db8-897a-d8ef21b5e0a7,707b6ccf-c9d9-4c1d-97f4-516b572b2f9d,1697664128249100000
6a69421f-e399-4db8-897a-d8ef21b5e0a7,707b6ccf-c9d9-4c1d-97f4-516b572b2f9d,1697664128287044444
6a69421f-e399-4db8-897a-d8ef21b5e0a7,707b6ccf-c9d9-4c1d-97f4-516b572b2f9d,1697664128318055555
6a69421f-e399-4db8-897a-d8ef21b5e0a7,707b6ccf-c9d9-4c1d-97f4-516b572b2f9d,1697664128352533333
6a69421f-e399-4db8-897a-d8ef21b5e0a7,707b6ccf-c9d9-4c1d-97f4-516b572b2f9d,1697664128380988888
6a69421f-e399-4db8-897a-d8ef21b5e0a7,707b6ccf-c9d9-4c1d-97f4-516b572b2f9d,1697664128412444444
6a69421f-e399-4db8-897a-d8ef21b5e0a7,707b6ccf-c9d9-4c1d-97f4-516b572b2f9d,1697664128455311111
6a69421f-e399-4db8-897a-d8ef21b5e0a7,707b6ccf-c9d9-4c1d-97f4-516b572b2f9d,1697664128483555555
6a69421f-e399-4db8-897a-d8ef21b5e0a7,707b6ccf-c9d9-4c1d-97f4-516b572b2f9d,1697664128511744444
6a69421f-e399-4db8-897a-d8ef21b5e0a7,707b6ccf-c9d9-4c1d-97f4-516b572b2f9d,1697664128550355555
6a69421f-e399-4db8-897a-d8ef21b5e0a7,707b6ccf-c9d9-4c1d-97f4-516b572b2f9d,1697664128587022222
6a69421f-e399-4db8-897a-d8ef21b5e0a7,707b6ccf-c9d9-4c1d-97f4-516b572b2f9d,1697664128617666666
6a69421f-e399-4db8-897a-d8ef21b5e0a7,707b6ccf-c9d9-4c1d-97f4-516b572b2f9d,1697664128650766666
6a69421f-e399-4db8-897a-d8ef21b5e0a7,707b6ccf-c9d9-4c1d-97f4-516b572b2f9d,1697664128680100000
6a69421f-e399-4db8-897a-d8ef21b5e0a7,707b6ccf-c9d9-4c1d-97f4-516b572b2f9d,1697664128723933333
6a69421f-e399-4db8-897a-d8ef21b5e0a7,707b6ccf-c9d9-4c1d-97f4-516b572b2f9d,1697664128740400000
6a69421f-e399-4db8-897a-d8ef21b5e0a7,707b6ccf-c9d9-4c1d-97f4-516b572b2f9d,1697664128771222222
6a69421f-e399-4db8-897a-d8ef21b5e0a7,707b6ccf-c9d9-4c1d-97f4-516b572b2f9d,1697664128812022222
6a69421f-e399-4db8-897a-d8ef21b5e0a7,707b6ccf-c9d9-4c1d-97f4-516b572b2f9d,1697664128852133333
6a69421f-e399-4db8-897a-d8ef21b5e0a7,707b6ccf-c9d9-4c1d-97f4-516b572b2f9d,1697664128873844444
6a69421f-e399-4db8-897a-d8ef21b5e0a7,707b6ccf-c9d9-4c1d-97f4-516b572b2f9d,1697664128910277777
6a69421f-e399-4db8-897a-d8ef21b5e0a7,707b6ccf-c9d9-4c1d-97f4-516b572b2f9d,1697664128952177777
6a69421f-e399-4db8-897a-d8ef21b5e0a7,707b6ccf-c9d9-4c1d-97f4-516b572b2f9d,1697664128982966666
6a69421f-e399-4db8-897a-d8ef21b5e0a7,707b6ccf-c9d9-4c1d-97f4-516b572b2f9d,1697664129013766666
6a69421f-e399-4db8-897a-d8ef21b5e0a7,707b6ccf-c9d9-4c1d-97f4-516b572b2f9d,1697664129053511111
6a69421f-e399-4db8-897a-d8ef21b5e0a7,707b6ccf-c9d9-4c1d-97f4-516b572b2f9d,1697664129080744444
6a69421f-e399-4db8-897a-d8ef21b5e0a7,707b6ccf-c9d9-4c1d-97f4-516b572b2f9d,1697664129112533333
6a69421f-e399-4db8-897a-d8ef21b5e0a7,707b6ccf-c9d9-4c1d-97f4-516b572b2f9d,1697664129156077777
6a69421f-e399-4db8-897a-d8ef21b5e0a7,707b6ccf-c9d9-4c1d-97f4-516b572b2f9d,1697664129183088888
6a69421f-e399-4db8-897a-d8ef21b5e0a7,707b6ccf-c9d9-4c1d-97f4-516b572b2f9d,1697664129215688888
6a69421f-e399-4db8-897a-d8ef21b5e0a7,707b6ccf-c9d9-4c1d-97f4-516b572b2f9d,1697664129250677777
6a69421f-e399-4db8-897a-d8ef21b5e0a7,707b6ccf-c9d9-4c1d-97f4-516b572b2f9d,1697664129290244444
6a69421f-e399-4db8-897a-d8ef21b5e0a7,707b6ccf-c9d9-4c1d-97f4-516b572b2f9d,1697664129319222222
6a69421f-e399-4db8-897a-d8ef21b5e0a7,707b6ccf-c9d9-4c1d-97f4-516b572b2f9d,1697664129348088888
6a69421f-e399-4db8-897a-d8ef21b5e0a7,707b6ccf-c9d9-4c1d-97f4-516b572b2f9d,1697664129393933333
6a69421f-e399-4db8-897a-d8ef21b5e0a7,707b6ccf-c9d9-4c1d-97f4-516b572b2f9d,1697664129432644444
6a69421f-e399-4db8-897a-d8ef21b5e0a7,707b6ccf-c9d9-4c1d-97f4-516b572b2f9d,1697664129452244444
6a69421f-e399-4db8-897a-d8ef21b5e0a7,707b6ccf-c9d9-4c1d-97f4-516b572b2f9d,1697664129470400000
6a69421f-e399-4db8-897a-d8ef21b5e0a7,707b6ccf-c9d9-4c1d-97f4-516b572b2f9d,1697664129519033333
6a69421f-e399-4db8-897a-d8ef21b5e0a7,707b6ccf-c9d9-4c1d-97f4-516b572b2f9d,1697664129539666666
6a69421f-e399-4db8-897a-d8ef21b5e0a7,707b6ccf-c9d9-4c1d-97f4-516b572b2f9d,1697664129582377777
6a69421f-e399-4db8-897a-d8ef21b5e0a7,707b6ccf-c9d9-4c1d-97f4-516b572b2f9d,1697664129611477777
6a69421f-e399-4db8-897a-d8ef21b5e0a7,707b6ccf-c9d9-4c1d-97f4-516b572b2f9d,1697664129653177777
6a69421f-e399-4db8-897a-d8ef21b5e0a7,707b6ccf-c9d9-4c1d-97f4-516b572b2f9d,1697664129682811111
6a69421f-e399-4db8-897a-d8ef21b5e0a7,707b6ccf-c9d9-4c1d-97f4-516b572b2f9d,1697664129708533333
6a69421f-e399-4db8-897a-d8ef21b5e0a7,707b6ccf-c9d9-4c1d-97f4-516b572b2f9d,1697664129749433333
6a69421f-e399-4db8-897a-d8ef21b5e0a7,707b6ccf-c9d9-4c1d-97f4-516b572b2f9d,1697664129780822222
6a69421f-e399-4db8-897a-d8ef21b5e0a7,707b6ccf-c9d9-4c1d-97f4-516b572b2f9d,1697664129820033333
6a69421f-e399-4db8-897a-d8ef21b5e0a7,707b6ccf-c9d9-4c1d-97f4-516b572b2f9d,1697664129849511111
6a69421f-e399-4db8-897a-d8ef21b5e0a7,707b6ccf-c9d9-4c1d-97f4-516b572b2f9d,1697664129883633333
6a69421f-e399-4db8-897a-d8ef21b5e0a7,707b6ccf-c9d9-4c1d-97f4-516b572b2f9d,1697664129918211111
6a69421f-e399-4db8-897a-d8ef21b5e0a7,707b6ccf-c9d9-4c1d-97f4-516b572b2f9d,1697664129952611111
6a69421f-e399-4db8-897a-d8ef21b5e0a7,707b6ccf-c9d9-4c1d-97f4-516b572b2f9d,1697664129981733333
6a69421f-e399-4db8-897a-d8ef21b5e0a7,707b6ccf-c9d9-4c1d-97f4-516b572b2f9d,1697664130018455555
6a69421f-e399-4db8-897a-d8ef21b5e0a7,707b6ccf-c9d9-4c1d-97f4-516b572b2f9d,1697664130050055555
6a69421f-e399-4db8-897a-d8ef21b5e0a7,707b6ccf-c9d9-4c1d-97f4-516b572b2f9d,1697664130095600000
6a69421f-e399-4db8-897a-d8ef21b5e0a7,707b6ccf-c9d9-4c1d-97f4-516b572b2f9d,1697664130108611111
6a69421f-e399-4db8-897a-d8ef21b5e0a7,707b6ccf-c9d9-4c1d-97f4-516b572b2f9d,1697664130141922222
6a69421f-e399-4db8-897a-d8ef21b5e0a7,707b6ccf-c9d9-4c1d-97f4-516b572b2f9d,1697664130174044444
6a69421f-e399-4db8-897a-d8ef21b5e0a7,707b6ccf-c9d9-4c1d-97f4-516b572b2f9d,1697664130225777777
6a69421f-e399-4db8-897a-d8ef21b5e0a7,707b6ccf-c9d9-4c1d-97f4-516b572b2f9d,1697664130238122222
6a69421f-e399-4db8-897a-d8ef21b5e0a7,707b6ccf-c9d9-4c1d-97f4-516b572b2f9d,1697664130279366666
6a69421f-e399-4db8-897a-d8ef21b5e0a7,707b6ccf-c9d9-4c1d-97f4-516b572b2f9d,1697664130322477777
6a69421f-e399-4db8-897a-d8ef21b5e0a7,707b6ccf-c9d9-4c1d-97f4-516b572b2f9d,1697664130351311111
6a69421f-e399-4db8-897a-d8ef21b5e0a7,707b6ccf-c9d9-4c1d-97f4-516b572b2f9d,1697664130382255555
6a69421f-e399-4db8-897a-d8ef21b5e0a7,707b6ccf-c9d9-4c1d-97f4-516b572b2f9d,1697664130417066666
6a69421f-e399-4db8-897a-d8ef21b5e0a7,707b6ccf-c9d9-4c1d-97f4-516b572b2f9d,1697664130450722222
6a69421f-e399-4db8-897a-d8ef21b5e0a7,707b6ccf-c9d9-4c1d-97f4-516b572b2f9d,1697664130480988888
6a69421f-e399-4db8-897a-d8ef21b5e0a7,707b6ccf-c9d9-4c1d-97f4-516b572b2f9d,1697664130518888888
6a69421f-e399-4db8-897a-d8ef21b5e0a7,707b6ccf-c9d9-4c1d-97f4-516b572b2f9d,1697664130551755555
6a69421f-e399-4db8-897a-d8ef21b5e0a7,707b6ccf-c9d9-4c1d-97f4-516b572b2f9d,1697664130582988888
6a69421f-e399-4db8-897a-d8ef21b5e0a7,707b6ccf-c9d9-4c1d-97f4-516b572b2f9d,1697664130617555555
6a69421f-e399-4db8-897a-d8ef21b5e0a7,707b6ccf-c9d9-4c1d-97f4-516b572b2f9d,1697664130651688888
6a69421f-e399-4db8-897a-d8ef21b5e0a7,707b6ccf-c9d9-4c1d-97f4-516b572b2f9d,1697664130680400000
6a69421f-e399-4db8-897a-d8ef21b5e0a7,707b6ccf-c9d9-4c1d-97f4-516b572b2f9d,1697664130721611111
6a69421f-e399-4db8-897a-d8ef21b5e0a7,707b6ccf-c9d9-4c1d-97f4-516b572b2f9d,1697664130757944444
6a69421f-e399-4db8-897a-d8ef21b5e0a7,707b6ccf-c9d9-4c1d-97f4-516b572b2f9d,1697664130776355555
6a69421f-e399-4db8-897a-d8ef21b5e0a7,707b6ccf-c9d9-4c1d-97f4-516b572b2f9d,1697664130807411111
6a69421f-e399-4db8-897a-d8ef21b5e0a7,707b6ccf-c9d9-4c1d-97f4-516b572b2f9d,1697664130840844444
6a69421f-e399-4db8-897a-d8ef21b5e0a7,707b6ccf-c9d9-4c1d-97f4-516b572b2f9d,1697664130876600000
6a69421f-e399-4db8-897a-d8ef21b5e0a7,707b6ccf-c9d9-4c1d-97f4-516b572b2f9d,1697664130910133333
6a69421f-e399-4db8-897a-d8ef21b5e0a7,707b6ccf-c9d9-4c1d-97f4-516b572b2f9d,1697664130948000000
6a69421f-e399-4db8-897a-d8ef21b5e0a7,707b6ccf-c9d9-4c1d-97f4-516b572b2f9d,1697664130982800000
6a69421f-e399-4db8-897a-d8ef21b5e0a7,707b6ccf-c9d9-4c1d-97f4-516b572b2f9d,1697664131014322222
6a69421f-e399-4db8-897a-d8ef21b5e0a7,707b6ccf-c9d9-4c1d-97f4-516b572b2f9d,1697664131052733333
6a69421f-e399-4db8-897a-d8ef21b5e0a7,707b6ccf-c9d9-4c1d-97f4-516b572b2f9d,1697664131082988888
6a69421f-e399-4db8-897a-d8ef21b5e0a7,707b6ccf-c9d9-4c1d-97f4-516b572b2f9d,1697664131113411111
6a69421f-e399-4db8-897a-d8ef21b5e0a7,707b6ccf-c9d9-4c1d-97f4-516b572b2f9d,1697664131152000000
6a69421f-e399-4db8-897a-d8ef21b5e0a7,707b6ccf-c9d9-4c1d-97f4-516b572b2f9d,1697664131183733333
6a69421f-e399-4db8-897a-d8ef21b5e0a7,707b6ccf-c9d9-4c1d-97f4-516b572b2f9d,1697664131212955555
6a69421f-e399-4db8-897a-d8ef21b5e0a7,707b6ccf-c9d9-4c1d-97f4-516b572b2f9d,1697664131249188888
6a69421f-e399-4db8-897a-d8ef21b5e0a7,707b6ccf-c9d9-4c1d-97f4-516b572b2f9d,1697664131281788888
6a69421f-e399-4db8-897a-d8ef21b5e0a7,707b6ccf-c9d9-4c1d-97f4-516b572b2f9d,1697664131314388888
6a69421f-e399-4db8-897a-d8ef21b5e0a7,707b6ccf-c9d9-4c1d-97f4-516b572b2f9d,1697664131353522222
6a69421f-e399-4db8-897a-d8ef21b5e0a7,707b6ccf-c9d9-4c1d-97f4-516b572b2f9d,1697664131383055555
6a69421f-e399-4db8-897a-d8ef21b5e0a7,707b6ccf-c9d9-4c1d-97f4-516b572b2f9d,1697664131405622222
6a69421f-e399-4db8-897a-d8ef21b5e0a7,707b6ccf-c9d9-4c1d-97f4-516b572b2f9d,1697664131467977777
6a69421f-e399-4db8-897a-d8ef21b5e0a7,707b6ccf-c9d9-4c1d-97f4-516b572b2f9d,1697664131480611111
6a69421f-e399-4db8-897a-d8ef21b5e0a7,707b6ccf-c9d9-4c1d-97f4-516b572b2f9d,1697664131503622222
6a69421f-e399-4db8-897a-d8ef21b5e0a7,707b6ccf-c9d9-4c1d-97f4-516b572b2f9d,1697664131559422222
6a69421f-e399-4db8-897a-d8ef21b5e0a7,707b6ccf-c9d9-4c1d-97f4-516b572b2f9d,1697664131575811111
6a69421f-e399-4db8-897a-d8ef21b5e0a7,707b6ccf-c9d9-4c1d-97f4-516b572b2f9d,1697664131604422222
6a69421f-e399-4db8-897a-d8ef21b5e0a7,707b6ccf-c9d9-4c1d-97f4-516b572b2f9d,1697664131659400000
6a69421f-e399-4db8-897a-d8ef21b5e0a7,707b6ccf-c9d9-4c1d-97f4-516b572b2f9d,1697664131682755555
6a69421f-e399-4db8-897a-d8ef21b5e0a7,707b6ccf-c9d9-4c1d-97f4-516b572b2f9d,1697664131705911111
6a69421f-e399-4db8-897a-d8ef21b5e0a7,707b6ccf-c9d9-4c1d-97f4-516b572b2f9d,1697664131751911111
6a69421f-e399-4db8-897a-d8ef21b5e0a7,707b6ccf-c9d9-4c1d-97f4-516b572b2f9d,1697664131782433333
6a69421f-e399-4db8-897a-d8ef21b5e0a7,707b6ccf-c9d9-4c1d-97f4-516b572b2f9d,1697664131803166666
6a69421f-e399-4db8-897a-d8ef21b5e0a7,707b6ccf-c9d9-4c1d-97f4-516b572b2f9d,1697664131849655555
6a69421f-e399-4db8-897a-d8ef21b5e0a7,707b6ccf-c9d9-4c1d-97f4-516b572b2f9d,1697664131883955555
6a69421f-e399-4db8-897a-d8ef21b5e0a7,707b6ccf-c9d9-4c1d-97f4-516b572b2f9d,1697664131915477777
6a69421f-e399-4db8-897a-d8ef21b5e0a7,707b6ccf-c9d9-4c1d-97f4-516b572b2f9d,1697664131950488888
6a69421f-e399-4db8-897a-d8ef21b5e0a7,707b6ccf-c9d9-4c1d-97f4-516b572b2f9d,1697664131983233333
6a69421f-e399-4db8-897a-d8ef21b5e0a7,707b6ccf-c9d9-4c1d-97f4-516b572b2f9d,1697664132012033333
6a69421f-e399-4db8-897a-d8ef21b5e0a7,707b6ccf-c9d9-4c1d-97f4-516b572b2f9d,1697664132051588888
6a69421f-e399-4db8-897a-d8ef21b5e0a7,707b6ccf-c9d9-4c1d-97f4-516b572b2f9d,1697664132080977777
6a69421f-e399-4db8-897a-d8ef21b5e0a7,707b6ccf-c9d9-4c1d-97f4-516b572b2f9d,1697664132111444444
6a69421f-e399-4db8-897a-d8ef21b5e0a7,707b6ccf-c9d9-4c1d-97f4-516b572b2f9d,1697664132141888888
6a69421f-e399-4db8-897a-d8ef21b5e0a7,707b6ccf-c9d9-4c1d-97f4-516b572b2f9d,1697664132180766666
6a69421f-e399-4db8-897a-d8ef21b5e0a7,707b6ccf-c9d9-4c1d-97f4-516b572b2f9d,1697664132215200000
6a69421f-e399-4db8-897a-d8ef21b5e0a7,707b6ccf-c9d9-4c1d-97f4-516b572b2f9d,1697664132246044444
6a69421f-e399-4db8-897a-d8ef21b5e0a7,707b6ccf-c9d9-4c1d-97f4-516b572b2f9d,1697664132272944444
6a69421f-e399-4db8-897a-d8ef21b5e0a7,707b6ccf-c9d9-4c1d-97f4-516b572b2f9d,1697664132315411111
6a69421f-e399-4db8-897a-d8ef21b5e0a7,707b6ccf-c9d9-4c1d-97f4-516b572b2f9d,1697664132352000000
6a69421f-e399-4db8-897a-d8ef21b5e0a7,707b6ccf-c9d9-4c1d-97f4-516b572b2f9d,1697664132383200000
6a69421f-e399-4db8-897a-d8ef21b5e0a7,707b6ccf-c9d9-4c1d-97f4-516b572b2f9d,1697664132407333333
6a69421f-e399-4db8-897a-d8ef21b5e0a7,707b6ccf-c9d9-4c1d-97f4-516b572b2f9d,1697664132456333333
6a69421f-e399-4db8-897a-d8ef21b5e0a7,707b6ccf-c9d9-4c1d-97f4-516b572b2f9d,1697664132483044444
6a69421f-e399-4db8-897a-d8ef21b5e0a7,707b6ccf-c9d9-4c1d-97f4-516b572b2f9d,1697664132507255555
6a69421f-e399-4db8-897a-d8ef21b5e0a7,707b6ccf-c9d9-4c1d-97f4-516b572b2f9d,1697664132549900000
6a69421f-e399-4db8-897a-d8ef21b5e0a7,707b6ccf-c9d9-4c1d-97f4-516b572b2f9d,1697664132581144444
6a69421f-e399-4db8-897a-d8ef21b5e0a7,707b6ccf-c9d9-4c1d-97f4-516b572b2f9d,1697664132608333333
6a69421f-e399-4db8-897a-d8ef21b5e0a7,707b6ccf-c9d9-4c1d-97f4-516b572b2f9d,1697664132647611111
6a69421f-e399-4db8-897a-d8ef21b5e0a7,707b6ccf-c9d9-4c1d-97f4-516b572b2f9d,1697664132676466666
6a69421f-e399-4db8-897a-d8ef21b5e0a7,707b6ccf-c9d9-4c1d-97f4-516b572b2f9d,1697664132717066666
6a69421f-e399-4db8-897a-d8ef21b5e0a7,707b6ccf-c9d9-4c1d-97f4-516b572b2f9d,1697664132750244444
6a69421f-e399-4db8-897a-d8ef21b5e0a7,707b6ccf-c9d9-4c1d-97f4-516b572b2f9d,1697664132793566666
6a69421f-e399-4db8-897a-d8ef21b5e0a7,707b6ccf-c9d9-4c1d-97f4-516b572b2f9d,1697664132803266666
6a69421f-e399-4db8-897a-d8ef21b5e0a7,707b6ccf-c9d9-4c1d-97f4-516b572b2f9d,1697664132850255555
6a69421f-e399-4db8-897a-d8ef21b5e0a7,707b6ccf-c9d9-4c1d-97f4-516b572b2f9d,1697664132872988888
6a69421f-e399-4db8-897a-d8ef21b5e0a7,707b6ccf-c9d9-4c1d-97f4-516b572b2f9d,1697664132902922222
6a69421f-e399-4db8-897a-d8ef21b5e0a7,707b6ccf-c9d9-4c1d-97f4-516b572b2f9d,1697664132955333333
6a69421f-e399-4db8-897a-d8ef21b5e0a7,707b6ccf-c9d9-4c1d-97f4-516b572b2f9d,1697664132981222222
6a69421f-e399-4db8-897a-d8ef21b5e0a7,707b6ccf-c9d9-4c1d-97f4-516b572b2f9d,1697664133002077777
6a69421f-e399-4db8-897a-d8ef21b5e0a7,707b6ccf-c9d9-4c1d-97f4-516b572b2f9d,1697664133054133333
6a69421f-e399-4db8-897a-d8ef21b5e0a7,707b6ccf-c9d9-4c1d-97f4-516b572b2f9d,1697664133079477777
6a69421f-e399-4db8-897a-d8ef21b5e0a7,707b6ccf-c9d9-4c1d-97f4-516b572b2f9d,1697664133114522222
6a69421f-e399-4db8-897a-d8ef21b5e0a7,707b6ccf-c9d9-4c1d-97f4-516b572b2f9d,1697664133151633333
6a69421f-e399-4db8-897a-d8ef21b5e0a7,707b6ccf-c9d9-4c1d-97f4-516b572b2f9d,1697664133181344444
6a69421f-e399-4db8-897a-d8ef21b5e0a7,707b6ccf-c9d9-4c1d-97f4-516b572b2f9d,1697664133205222222
6a69421f-e399-4db8-897a-d8ef21b5e0a7,707b6ccf-c9d9-4c1d-97f4-516b572b2f9d,1697664133263400000
6a69421f-e399-4db8-897a-d8ef21b5e0a7,707b6ccf-c9d9-4c1d-97f4-516b572b2f9d,1697664133282511111
6a69421f-e399-4db8-897a-d8ef21b5e0a7,707b6ccf-c9d9-4c1d-97f4-516b572b2f9d,1697664133303700000
6a69421f-e399-4db8-897a-d8ef21b5e0a7,707b6ccf-c9d9-4c1d-97f4-516b572b2f9d,1697664133354688888
6a69421f-e399-4db8-897a-d8ef21b5e0a7,707b6ccf-c9d9-4c1d-97f4-516b572b2f9d,1697664133380677777
6a69421f-e399-4db8-897a-d8ef21b5e0a7,707b6ccf-c9d9-4c1d-97f4-516b572b2f9d,1697664133405444444
6a69421f-e399-4db8-897a-d8ef21b5e0a7,707b6ccf-c9d9-4c1d-97f4-516b572b2f9d,1697664133464577777
6a69421f-e399-4db8-897a-d8ef21b5e0a7,707b6ccf-c9d9-4c1d-97f4-516b572b2f9d,1697664133474144444
6a69421f-e399-4db8-897a-d8ef21b5e0a7,707b6ccf-c9d9-4c1d-97f4-516b572b2f9d,1697664133502933333
6a69421f-e399-4db8-897a-d8ef21b5e0a7,707b6ccf-c9d9-4c1d-97f4-516b572b2f9d,1697664133550433333
6a69421f-e399-4db8-897a-d8ef21b5e0a7,707b6ccf-c9d9-4c1d-97f4-516b572b2f9d,1697664133572288888
6a69421f-e399-4db8-897a-d8ef21b5e0a7,707b6ccf-c9d9-4c1d-97f4-516b572b2f9d,1697664133602233333
6a69421f-e399-4db8-897a-d8ef21b5e0a7,707b6ccf-c9d9-4c1d-97f4-516b572b2f9d,1697664133651788888
6a69421f-e399-4db8-897a-d8ef21b5e0a7,707b6ccf-c9d9-4c1d-97f4-516b572b2f9d,1697664133682555555
6a69421f-e399-4db8-897a-d8ef21b5e0a7,707b6ccf-c9d9-4c1d-97f4-516b572b2f9d,1697664133705422222
6a69421f-e399-4db8-897a-d8ef21b5e0a7,707b6ccf-c9d9-4c1d-97f4-516b572b2f9d,1697664133751300000
6a69421f-e399-4db8-897a-d8ef21b5e0a7,707b6ccf-c9d9-4c1d-97f4-516b572b2f9d,1697664133783322222
6a69421f-e399-4db8-897a-d8ef21b5e0a7,707b6ccf-c9d9-4c1d-97f4-516b572b2f9d,1697664133806144444
6a69421f-e399-4db8-897a-d8ef21b5e0a7,707b6ccf-c9d9-4c1d-97f4-516b572b2f9d,1697664133853577777
6a69421f-e399-4db8-897a-d8ef21b5e0a7,707b6ccf-c9d9-4c1d-97f4-516b572b2f9d,1697664133883544444
6a69421f-e399-4db8-897a-d8ef21b5e0a7,707b6ccf-c9d9-4c1d-97f4-516b572b2f9d,1697664133913722222
6a69421f-e399-4db8-897a-d8ef21b5e0a7,707b6ccf-c9d9-4c1d-97f4-516b572b2f9d,1697664133950255555
6a69421f-e399-4db8-897a-d8ef21b5e0a7,707b6ccf-c9d9-4c1d-97f4-516b572b2f9d,1697664133980111111
6a69421f-e399-4db8-897a-d8ef21b5e0a7,707b6ccf-c9d9-4c1d-97f4-516b572b2f9d,1697664134019222222
6a69421f-e399-4db8-897a-d8ef21b5e0a7,707b6ccf-c9d9-4c1d-97f4-516b572b2f9d,1697664134053233333
6a69421f-e399-4db8-897a-d8ef21b5e0a7,707b6ccf-c9d9-4c1d-97f4-516b572b2f9d,1697664134083222222
6a69421f-e399-4db8-897a-d8ef21b5e0a7,707b6ccf-c9d9-4c1d-97f4-516b572b2f9d,1697664134105033333
6a69421f-e399-4db8-897a-d8ef21b5e0a7,707b6ccf-c9d9-4c1d-97f4-516b572b2f9d,1697664134140622222
6a69421f-e399-4db8-897a-d8ef21b5e0a7,707b6ccf-c9d9-4c1d-97f4-516b572b2f9d,1697664134175244444
6a69421f-e399-4db8-897a-d8ef21b5e0a7,707b6ccf-c9d9-4c1d-97f4-516b572b2f9d,1697664134209244444
6a69421f-e399-4db8-897a-d8ef21b5e0a7,707b6ccf-c9d9-4c1d-97f4-516b572b2f9d,1697664134241155555
6a69421f-e399-4db8-897a-d8ef21b5e0a7,707b6ccf-c9d9-4c1d-97f4-516b572b2f9d,1697664134270144444
6a69421f-e399-4db8-897a-d8ef21b5e0a7,707b6ccf-c9d9-4c1d-97f4-516b572b2f9d,1697664134313311111
6a69421f-e399-4db8-897a-d8ef21b5e0a7,707b6ccf-c9d9-4c1d-97f4-516b572b2f9d,1697664134354844444
6a69421f-e399-4db8-897a-d8ef21b5e0a7,707b6ccf-c9d9-4c1d-97f4-516b572b2f9d,1697664134382322222
6a69421f-e399-4db8-897a-d8ef21b5e0a7,707b6ccf-c9d9-4c1d-97f4-516b572b2f9d,1697664134402255555
6a69421f-e399-4db8-897a-d8ef21b5e0a7,707b6ccf-c9d9-4c1d-97f4-516b572b2f9d,1697664134448733333
6a69421f-e399-4db8-897a-d8ef21b5e0a7,707b6ccf-c9d9-4c1d-97f4-516b572b2f9d,1697664134482866666
6a69421f-e399-4db8-897a-d8ef21b5e0a7,707b6ccf-c9d9-4c1d-97f4-516b572b2f9d,1697664134506600000
6a69421f-e399-4db8-897a-d8ef21b5e0a7,707b6ccf-c9d9-4c1d-97f4-516b572b2f9d,1697664134553122222
6a69421f-e399-4db8-897a-d8ef21b5e0a7,707b6ccf-c9d9-4c1d-97f4-516b572b2f9d,1697664134583055555
6a69421f-e399-4db8-897a-d8ef21b5e0a7,707b6ccf-c9d9-4c1d-97f4-516b572b2f9d,1697664134607566666
6a69421f-e399-4db8-897a-d8ef21b5e0a7,707b6ccf-c9d9-4c1d-97f4-516b572b2f9d,1697664134653933333
6a69421f-e399-4db8-897a-d8ef21b5e0a7,707b6ccf-c9d9-4c1d-97f4-516b572b2f9d,1697664134682822222
6a69421f-e399-4db8-897a-d8ef21b5e0a7,707b6ccf-c9d9-4c1d-97f4-516b572b2f9d,1697664134710155555
6a69421f-e399-4db8-897a-d8ef21b5e0a7,707b6ccf-c9d9-4c1d-97f4-516b572b2f9d,1697664134751600000
6a69421f-e399-4db8-897a-d8ef21b5e0a7,707b6ccf-c9d9-4c1d-97f4-516b572b2f9d,1697664134782277777
6a69421f-e399-4db8-897a-d8ef21b5e0a7,707b6ccf-c9d9-4c1d-97f4-516b572b2f9d,1697664134816600000
6a69421f-e399-4db8-897a-d8ef21b5e0a7,707b6ccf-c9d9-4c1d-97f4-516b572b2f9d,1697664134839644444
6a69421f-e399-4db8-897a-d8ef21b5e0a7,707b6ccf-c9d9-4c1d-97f4-516b572b2f9d,1697664134873244444
6a69421f-e399-4db8-897a-d8ef21b5e0a7,707b6ccf-c9d9-4c1d-97f4-516b572b2f9d,1697664134906800000
6a69421f-e399-4db8-897a-d8ef21b5e0a7,707b6ccf-c9d9-4c1d-97f4-516b572b2f9d,1697664134938722222
6a69421f-e399-4db8-897a-d8ef21b5e0a7,707b6ccf-c9d9-4c1d-97f4-516b572b2f9d,1697664134977988888
6a69421f-e399-4db8-897a-d8ef21b5e0a7,707b6ccf-c9d9-4c1d-97f4-516b572b2f9d,1697664135014788888
6a69421f-e399-4db8-897a-d8ef21b5e0a7,707b6ccf-c9d9-4c1d-97f4-516b572b2f9d,1697664135043011111
6a69421f-e399-4db8-897a-d8ef21b5e0a7,707b6ccf-c9d9-4c1d-97f4-516b572b2f9d,1697664135082066666
6a69421f-e399-4db8-897a-d8ef21b5e0a7,707b6ccf-c9d9-4c1d-97f4-516b572b2f9d,1697664135116566666
6a69421f-e399-4db8-897a-d8ef21b5e0a7,707b6ccf-c9d9-4c1d-97f4-516b572b2f9d,1697664135145922222
6a69421f-e399-4db8-897a-d8ef21b5e0a7,707b6ccf-c9d9-4c1d-97f4-516b572b2f9d,1697664135184477777
6a69421f-e399-4db8-897a-d8ef21b5e0a7,707b6ccf-c9d9-4c1d-97f4-516b572b2f9d,1697664135211700000
6a69421f-e399-4db8-897a-d8ef21b5e0a7,707b6ccf-c9d9-4c1d-97f4-516b572b2f9d,1697664135244588888
6a69421f-e399-4db8-897a-d8ef21b5e0a7,707b6ccf-c9d9-4c1d-97f4-516b572b2f9d,1697664135286811111
6a69421f-e399-4db8-897a-d8ef21b5e0a7,707b6ccf-c9d9-4c1d-97f4-516b572b2f9d,1697664135312211111
6a69421f-e399-4db8-897a-d8ef21b5e0a7,707b6ccf-c9d9-4c1d-97f4-516b572b2f9d,1697664135346066666
6a69421f-e399-4db8-897a-d8ef21b5e0a7,707b6ccf-c9d9-4c1d-97f4-516b572b2f9d,1697664135386233333
6a69421f-e399-4db8-897a-d8ef21b5e0a7,707b6ccf-c9d9-4c1d-97f4-516b572b2f9d,1697664135415544444
6a69421f-e399-4db8-897a-d8ef21b5e0a7,707b6ccf-c9d9-4c1d-97f4-516b572b2f9d,1697664135445955555
6a69421f-e399-4db8-897a-d8ef21b5e0a7,707b6ccf-c9d9-4c1d-97f4-516b572b2f9d,1697664135472744444
6a69421f-e399-4db8-897a-d8ef21b5e0a7,707b6ccf-c9d9-4c1d-97f4-516b572b2f9d,1697664135506555555
6a69421f-e399-4db8-897a-d8ef21b5e0a7,707b6ccf-c9d9-4c1d-97f4-516b572b2f9d,1697664135552100000
6a69421f-e399-4db8-897a-d8ef21b5e0a7,707b6ccf-c9d9-4c1d-97f4-516b572b2f9d,1697664135589866666
6a69421f-e399-4db8-897a-d8ef21b5e0a7,707b6ccf-c9d9-4c1d-97f4-516b572b2f9d,1697664135607600000
6a69421f-e399-4db8-897a-d8ef21b5e0a7,707b6ccf-c9d9-4c1d-97f4-516b572b2f9d,1697664135644277777
6a69421f-e399-4db8-897a-d8ef21b5e0a7,707b6ccf-c9d9-4c1d-97f4-516b572b2f9d,1697664135685044444
6a69421f-e399-4db8-897a-d8ef21b5e0a7,707b6ccf-c9d9-4c1d-97f4-516b572b2f9d,1697664135720566666
6a69421f-e399-4db8-897a-d8ef21b5e0a7,707b6ccf-c9d9-4c1d-97f4-516b572b2f9d,1697664135737155555
6a69421f-e399-4db8-897a-d8ef21b5e0a7,707b6ccf-c9d9-4c1d-97f4-516b572b2f9d,1697664135786622222
6a69421f-e399-4db8-897a-d8ef21b5e0a7,707b6ccf-c9d9-4c1d-97f4-516b572b2f9d,1697664135814366666
6a69421f-e399-4db8-897a-d8ef21b5e0a7,707b6ccf-c9d9-4c1d-97f4-516b572b2f9d,1697664135842933333
6a69421f-e399-4db8-897a-d8ef21b5e0a7,707b6ccf-c9d9-4c1d-97f4-516b572b2f9d,1697664135881377777
6a69421f-e399-4db8-897a-d8ef21b5e0a7,707b6ccf-c9d9-4c1d-97f4-516b572b2f9d,1697664135907355555
6a69421f-e399-4db8-897a-d8ef21b5e0a7,707b6ccf-c9d9-4c1d-97f4-516b572b2f9d,1697664135951033333
6a69421f-e399-4db8-897a-d8ef21b5e0a7,707b6ccf-c9d9-4c1d-97f4-516b572b2f9d,1697664135984233333
6a69421f-e399-4db8-897a-d8ef21b5e0a7,707b6ccf-c9d9-4c1d-97f4-516b572b2f9d,1697664136014866666
6a69421f-e399-4db8-897a-d8ef21b5e0a7,707b6ccf-c9d9-4c1d-97f4-516b572b2f9d,1697664136044400000
6a69421f-e399-4db8-897a-d8ef21b5e0a7,707b6ccf-c9d9-4c1d-97f4-516b572b2f9d,1697664136081944444
6a69421f-e399-4db8-897a-d8ef21b5e0a7,707b6ccf-c9d9-4c1d-97f4-516b572b2f9d,1697664136112577777
6a69421f-e399-4db8-897a-d8ef21b5e0a7,707b6ccf-c9d9-4c1d-97f4-516b572b2f9d,1697664136158911111
6a69421f-e399-4db8-897a-d8ef21b5e0a7,707b6ccf-c9d9-4c1d-97f4-516b572b2f9d,1697664136175622222
6a69421f-e399-4db8-897a-d8ef21b5e0a7,707b6ccf-c9d9-4c1d-97f4-516b572b2f9d,1697664136209522222
6a69421f-e399-4db8-897a-d8ef21b5e0a7,707b6ccf-c9d9-4c1d-97f4-516b572b2f9d,1697664136252577777
6a69421f-e399-4db8-897a-d8ef21b5e0a7,707b6ccf-c9d9-4c1d-97f4-516b572b2f9d,1697664136274933333
6a69421f-e399-4db8-897a-d8ef21b5e0a7,707b6ccf-c9d9-4c1d-97f4-516b572b2f9d,1697664136303333333
6a69421f-e399-4db8-897a-d8ef21b5e0a7,707b6ccf-c9d9-4c1d-97f4-516b572b2f9d,1697664136342333333
6a69421f-e399-4db8-897a-d8ef21b5e0a7,707b6ccf-c9d9-4c1d-97f4-516b572b2f9d,1697664136383388888
6a69421f-e399-4db8-897a-d8ef21b5e0a7,707b6ccf-c9d9-4c1d-97f4-516b572b2f9d,1697664136414033333
6a69421f-e399-4db8-897a-d8ef21b5e0a7,707b6ccf-c9d9-4c1d-97f4-516b572b2f9d,1697664136445011111
6a69421f-e399-4db8-897a-d8ef21b5e0a7,707b6ccf-c9d9-4c1d-97f4-516b572b2f9d,1697664136484488888
6a69421f-e399-4db8-897a-d8ef21b5e0a7,707b6ccf-c9d9-4c1d-97f4-516b572b2f9d,1697664136513900000
6a69421f-e399-4db8-897a-d8ef21b5e0a7,707b6ccf-c9d9-4c1d-97f4-516b572b2f9d,1697664136547833333
6a69421f-e399-4db8-897a-d8ef21b5e0a7,707b6ccf-c9d9-4c1d-97f4-516b572b2f9d,1697664136582811111
6a69421f-e399-4db8-897a-d8ef21b5e0a7,707b6ccf-c9d9-4c1d-97f4-516b572b2f9d,1697664136607077777
6a69421f-e399-4db8-897a-d8ef21b5e0a7,707b6ccf-c9d9-4c1d-97f4-516b572b2f9d,1697664136649944444
6a69421f-e399-4db8-897a-d8ef21b5e0a7,707b6ccf-c9d9-4c1d-97f4-516b572b2f9d,1697664136682811111
6a69421f-e399-4db8-897a-d8ef21b5e0a7,707b6ccf-c9d9-4c1d-97f4-516b572b2f9d,1697664136705166666
6a69421f-e399-4db8-897a-d8ef21b5e0a7,707b6ccf-c9d9-4c1d-97f4-516b572b2f9d,1697664136747922222
6a69421f-e399-4db8-897a-d8ef21b5e0a7,707b6ccf-c9d9-4c1d-97f4-516b572b2f9d,1697664136785611111
6a69421f-e399-4db8-897a-d8ef21b5e0a7,707b6ccf-c9d9-4c1d-97f4-516b572b2f9d,1697664136814266666
6a69421f-e399-4db8-897a-d8ef21b5e0a7,707b6ccf-c9d9-4c1d-97f4-516b572b2f9d,1697664136862344444
6a69421f-e399-4db8-897a-d8ef21b5e0a7,707b6ccf-c9d9-4c1d-97f4-516b572b2f9d,1697664136874577777
6a69421f-e399-4db8-897a-d8ef21b5e0a7,707b6ccf-c9d9-4c1d-97f4-516b572b2f9d,1697664136902888888
6a69421f-e399-4db8-897a-d8ef21b5e0a7,707b6ccf-c9d9-4c1d-97f4-516b572b2f9d,1697664136934444444
6a69421f-e399-4db8-897a-d8ef21b5e0a7,707b6ccf-c9d9-4c1d-97f4-516b572b2f9d,1697664136978188888
6a69421f-e399-4db8-897a-d8ef21b5e0a7,707b6ccf-c9d9-4c1d-97f4-516b572b2f9d,1697664137002111111
6a69421f-e399-4db8-897a-d8ef21b5e0a7,707b6ccf-c9d9-4c1d-97f4-516b572b2f9d,1697664137051411111
6a69421f-e399-4db8-897a-d8ef21b5e0a7,707b6ccf-c9d9-4c1d-97f4-516b572b2f9d,1697664137081255555
6a69421f-e399-4db8-897a-d8ef21b5e0a7,707b6ccf-c9d9-4c1d-97f4-516b572b2f9d,1697664137105111111
6a69421f-e399-4db8-897a-d8ef21b5e0a7,707b6ccf-c9d9-4c1d-97f4-516b572b2f9d,1697664137151822222
6a69421f-e399-4db8-897a-d8ef21b5e0a7,707b6ccf-c9d9-4c1d-97f4-516b572b2f9d,1697664137183766666
6a69421f-e399-4db8-897a-d8ef21b5e0a7,707b6ccf-c9d9-4c1d-97f4-516b572b2f9d,1697664137209066666
6a69421f-e399-4db8-897a-d8ef21b5e0a7,707b6ccf-c9d9-4c1d-97f4-516b572b2f9d,1697664137250133333
6a69421f-e399-4db8-897a-d8ef21b5e0a7,707b6ccf-c9d9-4c1d-97f4-516b572b2f9d,1697664137282688888
6a69421f-e399-4db8-897a-d8ef21b5e0a7,707b6ccf-c9d9-4c1d-97f4-516b572b2f9d,1697664137306733333
6a69421f-e399-4db8-897a-d8ef21b5e0a7,707b6ccf-c9d9-4c1d-97f4-516b572b2f9d,1697664137350988888
6a69421f-e399-4db8-897a-d8ef21b5e0a7,707b6ccf-c9d9-4c1d-97f4-516b572b2f9d,1697664137382888888
6a69421f-e399-4db8-897a-d8ef21b5e0a7,707b6ccf-c9d9-4c1d-97f4-516b572b2f9d,1697664137407455555
6a69421f-e399-4db8-897a-d8ef21b5e0a7,707b6ccf-c9d9-4c1d-97f4-516b572b2f9d,1697664137449788888
6a69421f-e399-4db8-897a-d8ef21b5e0a7,707b6ccf-c9d9-4c1d-97f4-516b572b2f9d,1697664137493488888
6a69421f-e399-4db8-897a-d8ef21b5e0a7,707b6ccf-c9d9-4c1d-97f4-516b572b2f9d,1697664137508911111
6a69421f-e399-4db8-897a-d8ef21b5e0a7,707b6ccf-c9d9-4c1d-97f4-516b572b2f9d,1697664137560333333
6a69421f-e399-4db8-897a-d8ef21b5e0a7,707b6ccf-c9d9-4c1d-97f4-516b572b2f9d,1697664137574111111
6a69421f-e399-4db8-897a-d8ef21b5e0a7,707b6ccf-c9d9-4c1d-97f4-516b572b2f9d,1697664137613288888
6a69421f-e399-4db8-897a-d8ef21b5e0a7,707b6ccf-c9d9-4c1d-97f4-516b572b2f9d,1697664137646700000
6a69421f-e399-4db8-897a-d8ef21b5e0a7,707b6ccf-c9d9-4c1d-97f4-516b572b2f9d,1697664137682700000
6a69421f-e399-4db8-897a-d8ef21b5e0a7,707b6ccf-c9d9-4c1d-97f4-516b572b2f9d,1697664137700733333
6a69421f-e399-4db8-897a-d8ef21b5e0a7,707b6ccf-c9d9-4c1d-97f4-516b572b2f9d,1697664137752133333
6a69421f-e399-4db8-897a-d8ef21b5e0a7,707b6ccf-c9d9-4c1d-97f4-516b572b2f9d,1697664137782855555
6a69421f-e399-4db8-897a-d8ef21b5e0a7,707b6ccf-c9d9-4c1d-97f4-516b572b2f9d,1697664137805333333
6a69421f-e399-4db8-897a-d8ef21b5e0a7,707b6ccf-c9d9-4c1d-97f4-516b572b2f9d,1697664137849433333
6a69421f-e399-4db8-897a-d8ef21b5e0a7,707b6ccf-c9d9-4c1d-97f4-516b572b2f9d,1697664137878744444
6a69421f-e399-4db8-897a-d8ef21b5e0a7,707b6ccf-c9d9-4c1d-97f4-516b572b2f9d,1697664137914166666
6a69421f-e399-4db8-897a-d8ef21b5e0a7,707b6ccf-c9d9-4c1d-97f4-516b572b2f9d,1697664137943000000
6a69421f-e399-4db8-897a-d8ef21b5e0a7,707b6ccf-c9d9-4c1d-97f4-516b572b2f9d,1697664137979188888
6a69421f-e399-4db8-897a-d8ef21b5e0a7,707b6ccf-c9d9-4c1d-97f4-516b572b2f9d,1697664138014455555
6a69421f-e399-4db8-897a-d8ef21b5e0a7,707b6ccf-c9d9-4c1d-97f4-516b572b2f9d,1697664138049777777
6a69421f-e399-4db8-897a-d8ef21b5e0a7,707b6ccf-c9d9-4c1d-97f4-516b572b2f9d,1697664138077133333
6a69421f-e399-4db8-897a-d8ef21b5e0a7,707b6ccf-c9d9-4c1d-97f4-516b572b2f9d,1697664138114633333
6a69421f-e399-4db8-897a-d8ef21b5e0a7,707b6ccf-c9d9-4c1d-97f4-516b572b2f9d,1697664138146544444
6a69421f-e399-4db8-897a-d8ef21b5e0a7,707b6ccf-c9d9-4c1d-97f4-516b572b2f9d,1697664138177911111
6a69421f-e399-4db8-897a-d8ef21b5e0a7,707b6ccf-c9d9-4c1d-97f4-516b572b2f9d,1697664138205277777
6a69421f-e399-4db8-897a-d8ef21b5e0a7,707b6ccf-c9d9-4c1d-97f4-516b572b2f9d,1697664138238000000
6a69421f-e399-4db8-897a-d8ef21b5e0a7,707b6ccf-c9d9-4c1d-97f4-516b572b2f9d,1697664138270144444
6a69421f-e399-4db8-897a-d8ef21b5e0a7,707b6ccf-c9d9-4c1d-97f4-516b572b2f9d,1697664138305166666
6a69421f-e399-4db8-897a-d8ef21b5e0a7,707b6ccf-c9d9-4c1d-97f4-516b572b2f9d,1697664138349433333
6a69421f-e399-4db8-897a-d8ef21b5e0a7,707b6ccf-c9d9-4c1d-97f4-516b572b2f9d,1697664138376077777
6a69421f-e399-4db8-897a-d8ef21b5e0a7,707b6ccf-c9d9-4c1d-97f4-516b572b2f9d,1697664138413922222
6a69421f-e399-4db8-897a-d8ef21b5e0a7,707b6ccf-c9d9-4c1d-97f4-516b572b2f9d,1697664138447211111
6a69421f-e399-4db8-897a-d8ef21b5e0a7,707b6ccf-c9d9-4c1d-97f4-516b572b2f9d,1697664138483077777
6a69421f-e399-4db8-897a-d8ef21b5e0a7,707b6ccf-c9d9-4c1d-97f4-516b572b2f9d,1697664138518855555
6a69421f-e399-4db8-897a-d8ef21b5e0a7,707b6ccf-c9d9-4c1d-97f4-516b572b2f9d,1697664138549522222
6a69421f-e399-4db8-897a-d8ef21b5e0a7,707b6ccf-c9d9-4c1d-97f4-516b572b2f9d,1697664138583155555
6a69421f-e399-4db8-897a-d8ef21b5e0a7,707b6ccf-c9d9-4c1d-97f4-516b572b2f9d,1697664138611333333
6a69421f-e399-4db8-897a-d8ef21b5e0a7,707b6ccf-c9d9-4c1d-97f4-516b572b2f9d,1697664138648277777
6a69421f-e399-4db8-897a-d8ef21b5e0a7,707b6ccf-c9d9-4c1d-97f4-516b572b2f9d,1697664138678122222
6a69421f-e399-4db8-897a-d8ef21b5e0a7,707b6ccf-c9d9-4c1d-97f4-516b572b2f9d,1697664138720900000
6a69421f-e399-4db8-897a-d8ef21b5e0a7,707b6ccf-c9d9-4c1d-97f4-516b572b2f9d,1697664138751233333
6a69421f-e399-4db8-897a-d8ef21b5e0a7,707b6ccf-c9d9-4c1d-97f4-516b572b2f9d,1697664138783011111
6a69421f-e399-4db8-897a-d8ef21b5e0a7,707b6ccf-c9d9-4c1d-97f4-516b572b2f9d,1697664138806066666
6a69421f-e399-4db8-897a-d8ef21b5e0a7,707b6ccf-c9d9-4c1d-97f4-516b572b2f9d,1697664138853588888
6a69421f-e399-4db8-897a-d8ef21b5e0a7,707b6ccf-c9d9-4c1d-97f4-516b572b2f9d,1697664138882944444
6a69421f-e399-4db8-897a-d8ef21b5e0a7,707b6ccf-c9d9-4c1d-97f4-516b572b2f9d,1697664138903777777
6a69421f-e399-4db8-897a-d8ef21b5e0a7,707b6ccf-c9d9-4c1d-97f4-516b572b2f9d,1697664138942655555
6a69421f-e399-4db8-897a-d8ef21b5e0a7,707b6ccf-c9d9-4c1d-97f4-516b572b2f9d,1697664138986200000
6a69421f-e399-4db8-897a-d8ef21b5e0a7,707b6ccf-c9d9-4c1d-97f4-516b572b2f9d,1697664139005477777
6a69421f-e399-4db8-897a-d8ef21b5e0a7,707b6ccf-c9d9-4c1d-97f4-516b572b2f9d,1697664139044822222
6a69421f-e399-4db8-897a-d8ef21b5e0a7,707b6ccf-c9d9-4c1d-97f4-516b572b2f9d,1697664139076088888
6a69421f-e399-4db8-897a-d8ef21b5e0a7,707b6ccf-c9d9-4c1d-97f4-516b572b2f9d,1697664139114355555
6a69421f-e399-4db8-897a-d8ef21b5e0a7,707b6ccf-c9d9-4c1d-97f4-516b572b2f9d,1697664139143533333
6a69421f-e399-4db8-897a-d8ef21b5e0a7,707b6ccf-c9d9-4c1d-97f4-516b572b2f9d,1697664139178422222
6a69421f-e399-4db8-897a-d8ef21b5e0a7,707b6ccf-c9d9-4c1d-97f4-516b572b2f9d,1697664139214488888
6a69421f-e399-4db8-897a-d8ef21b5e0a7,707b6ccf-c9d9-4c1d-97f4-516b572b2f9d,1697664139247244444
6a69421f-e399-4db8-897a-d8ef21b5e0a7,707b6ccf-c9d9-4c1d-97f4-516b572b2f9d,1697664139283122222
6a69421f-e399-4db8-897a-d8ef21b5e0a7,707b6ccf-c9d9-4c1d-97f4-516b572b2f9d,1697664139307100000
6a69421f-e399-4db8-897a-d8ef21b5e0a7,707b6ccf-c9d9-4c1d-97f4-516b572b2f9d,1697664139350177777
6a69421f-e399-4db8-897a-d8ef21b5e0a7,707b6ccf-c9d9-4c1d-97f4-516b572b2f9d,1697664139378277777
6a69421f-e399-4db8-897a-d8ef21b5e0a7,707b6ccf-c9d9-4c1d-97f4-516b572b2f9d,1697664139415966666
6a69421f-e399-4db8-897a-d8ef21b5e0a7,707b6ccf-c9d9-4c1d-97f4-516b572b2f9d,1697664139443733333
6a69421f-e399-4db8-897a-d8ef21b5e0a7,707b6ccf-c9d9-4c1d-97f4-516b572b2f9d,1697664139477600000
6a69421f-e399-4db8-897a-d8ef21b5e0a7,707b6ccf-c9d9-4c1d-97f4-516b572b2f9d,1697664139519077777
6a69421f-e399-4db8-897a-d8ef21b5e0a7,707b6ccf-c9d9-4c1d-97f4-516b572b2f9d,1697664139541000000
6a69421f-e399-4db8-897a-d8ef21b5e0a7,707b6ccf-c9d9-4c1d-97f4-516b572b2f9d,1697664139581877777
6a69421f-e399-4db8-897a-d8ef21b5e0a7,707b6ccf-c9d9-4c1d-97f4-516b572b2f9d,1697664139603577777
6a69421f-e399-4db8-897a-d8ef21b5e0a7,707b6ccf-c9d9-4c1d-97f4-516b572b2f9d,1697664139638888888
6a69421f-e399-4db8-897a-d8ef21b5e0a7,707b6ccf-c9d9-4c1d-97f4-516b572b2f9d,1697664139681111111
6a69421f-e399-4db8-897a-d8ef21b5e0a7,707b6ccf-c9d9-4c1d-97f4-516b572b2f9d,1697664139700711111
6a69421f-e399-4db8-897a-d8ef21b5e0a7,707b6ccf-c9d9-4c1d-97f4-516b572b2f9d,1697664139744000000
6a69421f-e399-4db8-897a-d8ef21b5e0a7,707b6ccf-c9d9-4c1d-97f4-516b572b2f9d,1697664139778722222
6a69421f-e399-4db8-897a-d8ef21b5e0a7,707b6ccf-c9d9-4c1d-97f4-516b572b2f9d,1697664139813500000
6a69421f-e399-4db8-897a-d8ef21b5e0a7,707b6ccf-c9d9-4c1d-97f4-516b572b2f9d,1697664139844455555
6a69421f-e399-4db8-897a-d8ef21b5e0a7,707b6ccf-c9d9-4c1d-97f4-516b572b2f9d,1697664139882177777
6a69421f-e399-4db8-897a-d8ef21b5e0a7,707b6ccf-c9d9-4c1d-97f4-516b572b2f9d,1697664139901911111
6a69421f-e399-4db8-897a-d8ef21b5e0a7,707b6ccf-c9d9-4c1d-97f4-516b572b2f9d,1697664139950800000
6a69421f-e399-4db8-897a-d8ef21b5e0a7,707b6ccf-c9d9-4c1d-97f4-516b572b2f9d,1697664139977111111
6a69421f-e399-4db8-897a-d8ef21b5e0a7,707b6ccf-c9d9-4c1d-97f4-516b572b2f9d,1697664140010800000
6a69421f-e399-4db8-897a-d8ef21b5e0a7,707b6ccf-c9d9-4c1d-97f4-516b572b2f9d,1697664140046155555
6a69421f-e399-4db8-897a-d8ef21b5e0a7,707b6ccf-c9d9-4c1d-97f4-516b572b2f9d,1697664140080200000
6a69421f-e399-4db8-897a-d8ef21b5e0a7,707b6ccf-c9d9-4c1d-97f4-516b572b2f9d,1697664140109444444
6a69421f-e399-4db8-897a-d8ef21b5e0a7,707b6ccf-c9d9-4c1d-97f4-516b572b2f9d,1697664140149188888
6a69421f-e399-4db8-897a-d8ef21b5e0a7,707b6ccf-c9d9-4c1d-97f4-516b572b2f9d,1697664140178988888
6a69421f-e399-4db8-897a-d8ef21b5e0a7,707b6ccf-c9d9-4c1d-97f4-516b572b2f9d,1697664140207622222
6a69421f-e399-4db8-897a-d8ef21b5e0a7,707b6ccf-c9d9-4c1d-97f4-516b572b2f9d,1697664140233522222
6a69421f-e399-4db8-897a-d8ef21b5e0a7,707b6ccf-c9d9-4c1d-97f4-516b572b2f9d,1697664140274688888
6a69421f-e399-4db8-897a-d8ef21b5e0a7,707b6ccf-c9d9-4c1d-97f4-516b572b2f9d,1697664140312455555
6a69421f-e399-4db8-897a-d8ef21b5e0a7,707b6ccf-c9d9-4c1d-97f4-516b572b2f9d,1697664140351533333
6a69421f-e399-4db8-897a-d8ef21b5e0a7,707b6ccf-c9d9-4c1d-97f4-516b572b2f9d,1697664140377477777
6a69421f-e399-4db8-897a-d8ef21b5e0a7,707b6ccf-c9d9-4c1d-97f4-516b572b2f9d,1697664140415177777
6a69421f-e399-4db8-897a-d8ef21b5e0a7,707b6ccf-c9d9-4c1d-97f4-516b572b2f9d,1697664140445966666
6a69421f-e399-4db8-897a-d8ef21b5e0a7,707b6ccf-c9d9-4c1d-97f4-516b572b2f9d,1697664140477577777
6a69421f-e399-4db8-897a-d8ef21b5e0a7,707b6ccf-c9d9-4c1d-97f4-516b572b2f9d,1697664140515155555
6a69421f-e399-4db8-897a-d8ef21b5e0a7,707b6ccf-c9d9-4c1d-97f4-516b572b2f9d,1697664140543644444
6a69421f-e399-4db8-897a-d8ef21b5e0a7,707b6ccf-c9d9-4c1d-97f4-516b572b2f9d,1697664140577522222
6a69421f-e399-4db8-897a-d8ef21b5e0a7,707b6ccf-c9d9-4c1d-97f4-516b572b2f9d,1697664140614477777
6a69421f-e399-4db8-897a-d8ef21b5e0a7,707b6ccf-c9d9-4c1d-97f4-516b572b2f9d,1697664140647655555
6a69421f-e399-4db8-897a-d8ef21b5e0a7,707b6ccf-c9d9-4c1d-97f4-516b572b2f9d,1697664140677111111
6a69421f-e399-4db8-897a-d8ef21b5e0a7,707b6ccf-c9d9-4c1d-97f4-516b572b2f9d,1697664140713377777
6a69421f-e399-4db8-897a-d8ef21b5e0a7,707b6ccf-c9d9-4c1d-97f4-516b572b2f9d,1697664140746344444
6a69421f-e399-4db8-897a-d8ef21b5e0a7,707b6ccf-c9d9-4c1d-97f4-516b572b2f9d,1697664140782555555
6a69421f-e399-4db8-897a-d8ef21b5e0a7,707b6ccf-c9d9-4c1d-97f4-516b572b2f9d,1697664140814400000
6a69421f-e399-4db8-897a-d8ef21b5e0a7,707b6ccf-c9d9-4c1d-97f4-516b572b2f9d,1697664140850144444
6a69421f-e399-4db8-897a-d8ef21b5e0a7,707b6ccf-c9d9-4c1d-97f4-516b572b2f9d,1697664140875788888
6a69421f-e399-4db8-897a-d8ef21b5e0a7,707b6ccf-c9d9-4c1d-97f4-516b572b2f9d,1697664140900433333
6a69421f-e399-4db8-897a-d8ef21b5e0a7,707b6ccf-c9d9-4c1d-97f4-516b572b2f9d,1697664140948533333
6a69421f-e399-4db8-897a-d8ef21b5e0a7,707b6ccf-c9d9-4c1d-97f4-516b572b2f9d,1697664140971988888
6a69421f-e399-4db8-897a-d8ef21b5e0a7,707b6ccf-c9d9-4c1d-97f4-516b572b2f9d,1697664140998977777
6a69421f-e399-4db8-897a-d8ef21b5e0a7,707b6ccf-c9d9-4c1d-97f4-516b572b2f9d,1697664141042666666
6a69421f-e399-4db8-897a-d8ef21b5e0a7,707b6ccf-c9d9-4c1d-97f4-516b572b2f9d,1697664141078333333
6a69421f-e399-4db8-897a-d8ef21b5e0a7,707b6ccf-c9d9-4c1d-97f4-516b572b2f9d,1697664141110688888
6a69421f-e399-4db8-897a-d8ef21b5e0a7,707b6ccf-c9d9-4c1d-97f4-516b572b2f9d,1697664141152433333
6a69421f-e399-4db8-897a-d8ef21b5e0a7,707b6ccf-c9d9-4c1d-97f4-516b572b2f9d,1697664141179322222
6a69421f-e399-4db8-897a-d8ef21b5e0a7,707b6ccf-c9d9-4c1d-97f4-516b572b2f9d,1697664141208611111
6a69421f-e399-4db8-897a-d8ef21b5e0a7,707b6ccf-c9d9-4c1d-97f4-516b572b2f9d,1697664141247255555
6a69421f-e399-4db8-897a-d8ef21b5e0a7,707b6ccf-c9d9-4c1d-97f4-516b572b2f9d,1697664141275766666
6a69421f-e399-4db8-897a-d8ef21b5e0a7,707b6ccf-c9d9-4c1d-97f4-516b572b2f9d,1697664141309677777
6a69421f-e399-4db8-897a-d8ef21b5e0a7,707b6ccf-c9d9-4c1d-97f4-516b572b2f9d,1697664141345877777
6a69421f-e399-4db8-897a-d8ef21b5e0a7,707b6ccf-c9d9-4c1d-97f4-516b572b2f9d,1697664141378155555
6a69421f-e399-4db8-897a-d8ef21b5e0a7,707b6ccf-c9d9-4c1d-97f4-516b572b2f9d,1697664141410744444
6a69421f-e399-4db8-897a-d8ef21b5e0a7,707b6ccf-c9d9-4c1d-97f4-516b572b2f9d,1697664141446911111
6a69421f-e399-4db8-897a-d8ef21b5e0a7,707b6ccf-c9d9-4c1d-97f4-516b572b2f9d,1697664141482444444
6a69421f-e399-4db8-897a-d8ef21b5e0a7,707b6ccf-c9d9-4c1d-97f4-516b572b2f9d,1697664141499322222
6a69421f-e399-4db8-897a-d8ef21b5e0a7,707b6ccf-c9d9-4c1d-97f4-516b572b2f9d,1697664141555022222
6a69421f-e399-4db8-897a-d8ef21b5e0a7,707b6ccf-c9d9-4c1d-97f4-516b572b2f9d,1697664141583177777
6a69421f-e399-4db8-897a-d8ef21b5e0a7,707b6ccf-c9d9-4c1d-97f4-516b572b2f9d,1697664141597255555
6a69421f-e399-4db8-897a-d8ef21b5e0a7,707b6ccf-c9d9-4c1d-97f4-516b572b2f9d,1697664141633955555
6a69421f-e399-4db8-897a-d8ef21b5e0a7,707b6ccf-c9d9-4c1d-97f4-516b572b2f9d,1697664141668211111
6a69421f-e399-4db8-897a-d8ef21b5e0a7,707b6ccf-c9d9-4c1d-97f4-516b572b2f9d,1697664141699188888
6a69421f-e399-4db8-897a-d8ef21b5e0a7,707b6ccf-c9d9-4c1d-97f4-516b572b2f9d,1697664141743633333
6a69421f-e399-4db8-897a-d8ef21b5e0a7,707b6ccf-c9d9-4c1d-97f4-516b572b2f9d,1697664141781000000
6a69421f-e399-4db8-897a-d8ef21b5e0a7,707b6ccf-c9d9-4c1d-97f4-516b572b2f9d,1697664141812000000
6a69421f-e399-4db8-897a-d8ef21b5e0a7,707b6ccf-c9d9-4c1d-97f4-516b572b2f9d,1697664141843777777
6a69421f-e399-4db8-897a-d8ef21b5e0a7,707b6ccf-c9d9-4c1d-97f4-516b572b2f9d,1697664141877600000
6a69421f-e399-4db8-897a-d8ef21b5e0a7,707b6ccf-c9d9-4c1d-97f4-516b572b2f9d,1697664141910988888
6a69421f-e399-4db8-897a-d8ef21b5e0a7,707b6ccf-c9d9-4c1d-97f4-516b572b2f9d,1697664141946033333
6a69421f-e399-4db8-897a-d8ef21b5e0a7,707b6ccf-c9d9-4c1d-97f4-516b572b2f9d,1697664141977911111
6a69421f-e399-4db8-897a-d8ef21b5e0a7,707b6ccf-c9d9-4c1d-97f4-516b572b2f9d,1697664142010455555
6a69421f-e399-4db8-897a-d8ef21b5e0a7,707b6ccf-c9d9-4c1d-97f4-516b572b2f9d,1697664142045622222
6a69421f-e399-4db8-897a-d8ef21b5e0a7,707b6ccf-c9d9-4c1d-97f4-516b572b2f9d,1697664142079411111
6a69421f-e399-4db8-897a-d8ef21b5e0a7,707b6ccf-c9d9-4c1d-97f4-516b572b2f9d,1697664142110622222
6a69421f-e399-4db8-897a-d8ef21b5e0a7,707b6ccf-c9d9-4c1d-97f4-516b572b2f9d,1697664142145266666
6a69421f-e399-4db8-897a-d8ef21b5e0a7,707b6ccf-c9d9-4c1d-97f4-516b572b2f9d,1697664142177355555
6a69421f-e399-4db8-897a-d8ef21b5e0a7,707b6ccf-c9d9-4c1d-97f4-516b572b2f9d,1697664142214544444
6a69421f-e399-4db8-897a-d8ef21b5e0a7,707b6ccf-c9d9-4c1d-97f4-516b572b2f9d,1697664142250977777
6a69421f-e399-4db8-897a-d8ef21b5e0a7,707b6ccf-c9d9-4c1d-97f4-516b572b2f9d,1697664142267300000
6a69421f-e399-4db8-897a-d8ef21b5e0a7,707b6ccf-c9d9-4c1d-97f4-516b572b2f9d,1697664142310722222
6a69421f-e399-4db8-897a-d8ef21b5e0a7,707b6ccf-c9d9-4c1d-97f4-516b572b2f9d,1697664142352788888
6a69421f-e399-4db8-897a-d8ef21b5e0a7,707b6ccf-c9d9-4c1d-97f4-516b572b2f9d,1697664142369811111
6a69421f-e399-4db8-897a-d8ef21b5e0a7,707b6ccf-c9d9-4c1d-97f4-516b572b2f9d,1697664142411022222
6a69421f-e399-4db8-897a-d8ef21b5e0a7,707b6ccf-c9d9-4c1d-97f4-516b572b2f9d,1697664142446044444
6a69421f-e399-4db8-897a-d8ef21b5e0a7,707b6ccf-c9d9-4c1d-97f4-516b572b2f9d,1697664142482122222
6a69421f-e399-4db8-897a-d8ef21b5e0a7,707b6ccf-c9d9-4c1d-97f4-516b572b2f9d,1697664142511388888
6a69421f-e399-4db8-897a-d8ef21b5e0a7,707b6ccf-c9d9-4c1d-97f4-516b572b2f9d,1697664142549266666
6a69421f-e399-4db8-897a-d8ef21b5e0a7,707b6ccf-c9d9-4c1d-97f4-516b572b2f9d,1697664142581577777
6a69421f-e399-4db8-897a-d8ef21b5e0a7,707b6ccf-c9d9-4c1d-97f4-516b572b2f9d,1697664142609644444
6a69421f-e399-4db8-897a-d8ef21b5e0a7,707b6ccf-c9d9-4c1d-97f4-516b572b2f9d,1697664142650133333
6a69421f-e399-4db8-897a-d8ef21b5e0a7,707b6ccf-c9d9-4c1d-97f4-516b572b2f9d,1697664142683288888
6a69421f-e399-4db8-897a-d8ef21b5e0a7,707b6ccf-c9d9-4c1d-97f4-516b572b2f9d,1697664142701288888
6a69421f-e399-4db8-897a-d8ef21b5e0a7,707b6ccf-c9d9-4c1d-97f4-516b572b2f9d,1697664142753833333
6a69421f-e399-4db8-897a-d8ef21b5e0a7,707b6ccf-c9d9-4c1d-97f4-516b572b2f9d,1697664142779411111
6a69421f-e399-4db8-897a-d8ef21b5e0a7,707b6ccf-c9d9-4c1d-97f4-516b572b2f9d,1697664142810944444
6a69421f-e399-4db8-897a-d8ef21b5e0a7,707b6ccf-c9d9-4c1d-97f4-516b572b2f9d,1697664142846277777
6a69421f-e399-4db8-897a-d8ef21b5e0a7,707b6ccf-c9d9-4c1d-97f4-516b572b2f9d,1697664142880900000
6a69421f-e399-4db8-897a-d8ef21b5e0a7,707b6ccf-c9d9-4c1d-97f4-516b572b2f9d,1697664142921133333
6a69421f-e399-4db8-897a-d8ef21b5e0a7,707b6ccf-c9d9-4c1d-97f4-516b572b2f9d,1697664142935088888
6a69421f-e399-4db8-897a-d8ef21b5e0a7,707b6ccf-c9d9-4c1d-97f4-516b572b2f9d,1697664142969411111
6a69421f-e399-4db8-897a-d8ef21b5e0a7,707b6ccf-c9d9-4c1d-97f4-516b572b2f9d,1697664142999500000
6a69421f-e399-4db8-897a-d8ef21b5e0a7,707b6ccf-c9d9-4c1d-97f4-516b572b2f9d,1697664143035844444
6a69421f-e399-4db8-897a-d8ef21b5e0a7,707b6ccf-c9d9-4c1d-97f4-516b572b2f9d,1697664143065944444
6a69421f-e399-4db8-897a-d8ef21b5e0a7,707b6ccf-c9d9-4c1d-97f4-516b572b2f9d,1697664143109733333
6a69421f-e399-4db8-897a-d8ef21b5e0a7,707b6ccf-c9d9-4c1d-97f4-516b572b2f9d,1697664143153566666
6a69421f-e399-4db8-897a-d8ef21b5e0a7,707b6ccf-c9d9-4c1d-97f4-516b572b2f9d,1697664143180722222
6a69421f-e399-4db8-897a-d8ef21b5e0a7,707b6ccf-c9d9-4c1d-97f4-516b572b2f9d,1697664143202033333
6a69421f-e399-4db8-897a-d8ef21b5e0a7,707b6ccf-c9d9-4c1d-97f4-516b572b2f9d,1697664143247911111
6a69421f-e399-4db8-897a-d8ef21b5e0a7,707b6ccf-c9d9-4c1d-97f4-516b572b2f9d,1697664143278633333
6a69421f-e399-4db8-897a-d8ef21b5e0a7,707b6ccf-c9d9-4c1d-97f4-516b572b2f9d,1697664143309944444
6a69421f-e399-4db8-897a-d8ef21b5e0a7,707b6ccf-c9d9-4c1d-97f4-516b572b2f9d,1697664143344000000
6a69421f-e399-4db8-897a-d8ef21b5e0a7,707b6ccf-c9d9-4c1d-97f4-516b572b2f9d,1697664143381422222
6a69421f-e399-4db8-897a-d8ef21b5e0a7,707b6ccf-c9d9-4c1d-97f4-516b572b2f9d,1697664143412955555
6a69421f-e399-4db8-897a-d8ef21b5e0a7,707b6ccf-c9d9-4c1d-97f4-516b572b2f9d,1697664143448677777
6a69421f-e399-4db8-897a-d8ef21b5e0a7,707b6ccf-c9d9-4c1d-97f4-516b572b2f9d,1697664143479133333
6a69421f-e399-4db8-897a-d8ef21b5e0a7,707b6ccf-c9d9-4c1d-97f4-516b572b2f9d,1697664143509977777
6a69421f-e399-4db8-897a-d8ef21b5e0a7,707b6ccf-c9d9-4c1d-97f4-516b572b2f9d,1697664143547000000
6a69421f-e399-4db8-897a-d8ef21b5e0a7,707b6ccf-c9d9-4c1d-97f4-516b572b2f9d,1697664143593933333
6a69421f-e399-4db8-897a-d8ef21b5e0a7,707b6ccf-c9d9-4c1d-97f4-516b572b2f9d,1697664143606144444
6a69421f-e399-4db8-897a-d8ef21b5e0a7,707b6ccf-c9d9-4c1d-97f4-516b572b2f9d,1697664143650811111
6a69421f-e399-4db8-897a-d8ef21b5e0a7,707b6ccf-c9d9-4c1d-97f4-516b572b2f9d,1697664143671088888
6a69421f-e399-4db8-897a-d8ef21b5e0a7,707b6ccf-c9d9-4c1d-97f4-516b572b2f9d,1697664143700155555
6a69421f-e399-4db8-897a-d8ef21b5e0a7,707b6ccf-c9d9-4c1d-97f4-516b572b2f9d,1697664143734711111
6a69421f-e399-4db8-897a-d8ef21b5e0a7,707b6ccf-c9d9-4c1d-97f4-516b572b2f9d,1697664143778566666
6a69421f-e399-4db8-897a-d8ef21b5e0a7,707b6ccf-c9d9-4c1d-97f4-516b572b2f9d,1697664143812644444
6a69421f-e399-4db8-897a-d8ef21b5e0a7,707b6ccf-c9d9-4c1d-97f4-516b572b2f9d,1697664143850511111
6a69421f-e399-4db8-897a-d8ef21b5e0a7,707b6ccf-c9d9-4c1d-97f4-516b572b2f9d,1697664143879066666
6a69421f-e399-4db8-897a-d8ef21b5e0a7,707b6ccf-c9d9-4c1d-97f4-516b572b2f9d,1697664143914377777
6a69421f-e399-4db8-897a-d8ef21b5e0a7,707b6ccf-c9d9-4c1d-97f4-516b572b2f9d,1697664143951766666
6a69421f-e399-4db8-897a-d8ef21b5e0a7,707b6ccf-c9d9-4c1d-97f4-516b572b2f9d,1697664143978322222
6a69421f-e399-4db8-897a-d8ef21b5e0a7,707b6ccf-c9d9-4c1d-97f4-516b572b2f9d,1697664144016433333
6a69421f-e399-4db8-897a-d8ef21b5e0a7,707b6ccf-c9d9-4c1d-97f4-516b572b2f9d,1697664144050744444
6a69421f-e399-4db8-897a-d8ef21b5e0a7,707b6ccf-c9d9-4c1d-97f4-516b572b2f9d,1697664144082711111
6a69421f-e399-4db8-897a-d8ef21b5e0a7,707b6ccf-c9d9-4c1d-97f4-516b572b2f9d,1697664144102000000
6a69421f-e399-4db8-897a-d8ef21b5e0a7,707b6ccf-c9d9-4c1d-97f4-516b572b2f9d,1697664144151700000
6a69421f-e399-4db8-897a-d8ef21b5e0a7,707b6ccf-c9d9-4c1d-97f4-516b572b2f9d,1697664144180755555
6a69421f-e399-4db8-897a-d8ef21b5e0a7,707b6ccf-c9d9-4c1d-97f4-516b572b2f9d,1697664144202700000
6a69421f-e399-4db8-897a-d8ef21b5e0a7,707b6ccf-c9d9-4c1d-97f4-516b572b2f9d,1697664144239411111
6a69421f-e399-4db8-897a-d8ef21b5e0a7,707b6ccf-c9d9-4c1d-97f4-516b572b2f9d,1697664144281233333
6a69421f-e399-4db8-897a-d8ef21b5e0a7,707b6ccf-c9d9-4c1d-97f4-516b572b2f9d,1697664144300055555
6a69421f-e399-4db8-897a-d8ef21b5e0a7,707b6ccf-c9d9-4c1d-97f4-516b572b2f9d,1697664144335511111
6a69421f-e399-4db8-897a-d8ef21b5e0a7,707b6ccf-c9d9-4c1d-97f4-516b572b2f9d,1697664144369722222
6a69421f-e399-4db8-897a-d8ef21b5e0a7,707b6ccf-c9d9-4c1d-97f4-516b572b2f9d,1697664144412511111
6a69421f-e399-4db8-897a-d8ef21b5e0a7,707b6ccf-c9d9-4c1d-97f4-516b572b2f9d,1697664144438500000
6a69421f-e399-4db8-897a-d8ef21b5e0a7,707b6ccf-c9d9-4c1d-97f4-516b572b2f9d,1697664144481644444
6a69421f-e399-4db8-897a-d8ef21b5e0a7,707b6ccf-c9d9-4c1d-97f4-516b572b2f9d,1697664144512866666
6a69421f-e399-4db8-897a-d8ef21b5e0a7,707b6ccf-c9d9-4c1d-97f4-516b572b2f9d,1697664144540588888
6a69421f-e399-4db8-897a-d8ef21b5e0a7,707b6ccf-c9d9-4c1d-97f4-516b572b2f9d,1697664144573444444
6a69421f-e399-4db8-897a-d8ef21b5e0a7,707b6ccf-c9d9-4c1d-97f4-516b572b2f9d,1697664144609277777
6a69421f-e399-4db8-897a-d8ef21b5e0a7,707b6ccf-c9d9-4c1d-97f4-516b572b2f9d,1697664144641255555
6a69421f-e399-4db8-897a-d8ef21b5e0a7,707b6ccf-c9d9-4c1d-97f4-516b572b2f9d,1697664144671833333
6a69421f-e399-4db8-897a-d8ef21b5e0a7,707b6ccf-c9d9-4c1d-97f4-516b572b2f9d,1697664144710144444
6a69421f-e399-4db8-897a-d8ef21b5e0a7,707b6ccf-c9d9-4c1d-97f4-516b572b2f9d,1697664144743011111
6a69421f-e399-4db8-897a-d8ef21b5e0a7,707b6ccf-c9d9-4c1d-97f4-516b572b2f9d,1697664144772233333
6a69421f-e399-4db8-897a-d8ef21b5e0a7,707b6ccf-c9d9-4c1d-97f4-516b572b2f9d,1697664144813055555
6a69421f-e399-4db8-897a-d8ef21b5e0a7,707b6ccf-c9d9-4c1d-97f4-516b572b2f9d,1697664144844077777
6a69421f-e399-4db8-897a-d8ef21b5e0a7,707b6ccf-c9d9-4c1d-97f4-516b572b2f9d,1697664144873722222
6a69421f-e399-4db8-897a-d8ef21b5e0a7,707b6ccf-c9d9-4c1d-97f4-516b572b2f9d,1697664144919733333
6a69421f-e399-4db8-897a-d8ef21b5e0a7,707b6ccf-c9d9-4c1d-97f4-516b572b2f9d,1697664144939022222
6a69421f-e399-4db8-897a-d8ef21b5e0a7,707b6ccf-c9d9-4c1d-97f4-516b572b2f9d,1697664144973444444
6a69421f-e399-4db8-897a-d8ef21b5e0a7,707b6ccf-c9d9-4c1d-97f4-516b572b2f9d,1697664145002522222
6a69421f-e399-4db8-897a-d8ef21b5e0a7,707b6ccf-c9d9-4c1d-97f4-516b572b2f9d,1697664145031788888
6a69421f-e399-4db8-897a-d8ef21b5e0a7,707b6ccf-c9d9-4c1d-97f4-516b572b2f9d,1697664145070733333
6a69421f-e399-4db8-897a-d8ef21b5e0a7,707b6ccf-c9d9-4c1d-97f4-516b572b2f9d,1697664145111777777
6a69421f-e399-4db8-897a-d8ef21b5e0a7,707b6ccf-c9d9-4c1d-97f4-516b572b2f9d,1697664145145866666
6a69421f-e399-4db8-897a-d8ef21b5e0a7,707b6ccf-c9d9-4c1d-97f4-516b572b2f9d,1697664145179566666
6a69421f-e399-4db8-897a-d8ef21b5e0a7,707b6ccf-c9d9-4c1d-97f4-516b572b2f9d,1697664145211055555
6a69421f-e399-4db8-897a-d8ef21b5e0a7,707b6ccf-c9d9-4c1d-97f4-516b572b2f9d,1697664145244577777
6a69421f-e399-4db8-897a-d8ef21b5e0a7,707b6ccf-c9d9-4c1d-97f4-516b572b2f9d,1697664145276866666
6a69421f-e399-4db8-897a-d8ef21b5e0a7,707b6ccf-c9d9-4c1d-97f4-516b572b2f9d,1697664145312166666
6a69421f-e399-4db8-897a-d8ef21b5e0a7,707b6ccf-c9d9-4c1d-97f4-516b572b2f9d,1697664145342722222
6a69421f-e399-4db8-897a-d8ef21b5e0a7,707b6ccf-c9d9-4c1d-97f4-516b572b2f9d,1697664145373955555
6a69421f-e399-4db8-897a-d8ef21b5e0a7,707b6ccf-c9d9-4c1d-97f4-516b572b2f9d,1697664145411311111
6a69421f-e399-4db8-897a-d8ef21b5e0a7,707b6ccf-c9d9-4c1d-97f4-516b572b2f9d,1697664145443222222
6a69421f-e399-4db8-897a-d8ef21b5e0a7,707b6ccf-c9d9-4c1d-97f4-516b572b2f9d,1697664145474488888
6a69421f-e399-4db8-897a-d8ef21b5e0a7,707b6ccf-c9d9-4c1d-97f4-516b572b2f9d,1697664145515333333
6a69421f-e399-4db8-897a-d8ef21b5e0a7,707b6ccf-c9d9-4c1d-97f4-516b572b2f9d,1697664145543355555
6a69421f-e399-4db8-897a-d8ef21b5e0a7,707b6ccf-c9d9-4c1d-97f4-516b572b2f9d,1697664145579411111
6a69421f-e399-4db8-897a-d8ef21b5e0a7,707b6ccf-c9d9-4c1d-97f4-516b572b2f9d,1697664145605422222
6a69421f-e399-4db8-897a-d8ef21b5e0a7,707b6ccf-c9d9-4c1d-97f4-516b572b2f9d,1697664145632022222
6a69421f-e399-4db8-897a-d8ef21b5e0a7,707b6ccf-c9d9-4c1d-97f4-516b572b2f9d,1697664145670300000
6a69421f-e399-4db8-897a-d8ef21b5e0a7,707b6ccf-c9d9-4c1d-97f4-516b572b2f9d,1697664145700844444
6a69421f-e399-4db8-897a-d8ef21b5e0a7,707b6ccf-c9d9-4c1d-97f4-516b572b2f9d,1697664145742077777
6a69421f-e399-4db8-897a-d8ef21b5e0a7,707b6ccf-c9d9-4c1d-97f4-516b572b2f9d,1697664145773177777
6a69421f-e399-4db8-897a-d8ef21b5e0a7,707b6ccf-c9d9-4c1d-97f4-516b572b2f9d,1697664145811066666
6a69421f-e399-4db8-897a-d8ef21b5e0a7,707b6ccf-c9d9-4c1d-97f4-516b572b2f9d,1697664145843566666
6a69421f-e399-4db8-897a-d8ef21b5e0a7,707b6ccf-c9d9-4c1d-97f4-516b572b2f9d,1697664145874444444
6a69421f-e399-4db8-897a-d8ef21b5e0a7,707b6ccf-c9d9-4c1d-97f4-516b572b2f9d,1697664145915022222
6a69421f-e399-4db8-897a-d8ef21b5e0a7,707b6ccf-c9d9-4c1d-97f4-516b572b2f9d,1697664145942477777
6a69421f-e399-4db8-897a-d8ef21b5e0a7,707b6ccf-c9d9-4c1d-97f4-516b572b2f9d,1697664145975055555
6a69421f-e399-4db8-897a-d8ef21b5e0a7,707b6ccf-c9d9-4c1d-97f4-516b572b2f9d,1697664146011633333
6a69421f-e399-4db8-897a-d8ef21b5e0a7,707b6ccf-c9d9-4c1d-97f4-516b572b2f9d,1697664146052822222
6a69421f-e399-4db8-897a-d8ef21b5e0a7,707b6ccf-c9d9-4c1d-97f4-516b572b2f9d,1697664146073411111
6a69421f-e399-4db8-897a-d8ef21b5e0a7,707b6ccf-c9d9-4c1d-97f4-516b572b2f9d,1697664146114255555
6a69421f-e399-4db8-897a-d8ef21b5e0a7,707b6ccf-c9d9-4c1d-97f4-516b572b2f9d,1697664146142422222
6a69421f-e399-4db8-897a-d8ef21b5e0a7,707b6ccf-c9d9-4c1d-97f4-516b572b2f9d,1697664146176044444
6a69421f-e399-4db8-897a-d8ef21b5e0a7,707b6ccf-c9d9-4c1d-97f4-516b572b2f9d,1697664146207977777
6a69421f-e399-4db8-897a-d8ef21b5e0a7,707b6ccf-c9d9-4c1d-97f4-516b572b2f9d,1697664146240688888
6a69421f-e399-4db8-897a-d8ef21b5e0a7,707b6ccf-c9d9-4c1d-97f4-516b572b2f9d,1697664146270688888
6a69421f-e399-4db8-897a-d8ef21b5e0a7,707b6ccf-c9d9-4c1d-97f4-516b572b2f9d,1697664146325400000
6a69421f-e399-4db8-897a-d8ef21b5e0a7,707b6ccf-c9d9-4c1d-97f4-516b572b2f9d,1697664146336988888
6a69421f-e399-4db8-897a-d8ef21b5e0a7,707b6ccf-c9d9-4c1d-97f4-516b572b2f9d,1697664146385866666
6a69421f-e399-4db8-897a-d8ef21b5e0a7,707b6ccf-c9d9-4c1d-97f4-516b572b2f9d,1697664146401500000
6a69421f-e399-4db8-897a-d8ef21b5e0a7,707b6ccf-c9d9-4c1d-97f4-516b572b2f9d,1697664146439266666
6a69421f-e399-4db8-897a-d8ef21b5e0a7,707b6ccf-c9d9-4c1d-97f4-516b572b2f9d,1697664146483055555
6a69421f-e399-4db8-897a-d8ef21b5e0a7,707b6ccf-c9d9-4c1d-97f4-516b572b2f9d,1697664146502588888
6a69421f-e399-4db8-897a-d8ef21b5e0a7,707b6ccf-c9d9-4c1d-97f4-516b572b2f9d,1697664146543488888
6a69421f-e399-4db8-897a-d8ef21b5e0a7,707b6ccf-c9d9-4c1d-97f4-516b572b2f9d,1697664146576111111
6a69421f-e399-4db8-897a-d8ef21b5e0a7,707b6ccf-c9d9-4c1d-97f4-516b572b2f9d,1697664146618011111
6a69421f-e399-4db8-897a-d8ef21b5e0a7,707b6ccf-c9d9-4c1d-97f4-516b572b2f9d,1697664146643255555
6a69421f-e399-4db8-897a-d8ef21b5e0a7,707b6ccf-c9d9-4c1d-97f4-516b572b2f9d,1697664146673166666
6a69421f-e399-4db8-897a-d8ef21b5e0a7,707b6ccf-c9d9-4c1d-97f4-516b572b2f9d,1697664146715111111
6a69421f-e399-4db8-897a-d8ef21b5e0a7,707b6ccf-c9d9-4c1d-97f4-516b572b2f9d,1697664146743077777
6a69421f-e399-4db8-897a-d8ef21b5e0a7,707b6ccf-c9d9-4c1d-97f4-516b572b2f9d,1697664146775177777
6a69421f-e399-4db8-897a-d8ef21b5e0a7,707b6ccf-c9d9-4c1d-97f4-516b572b2f9d,1697664146814211111
6a69421f-e399-4db8-897a-d8ef21b5e0a7,707b6ccf-c9d9-4c1d-97f4-516b572b2f9d,1697664146843477777
6a69421f-e399-4db8-897a-d8ef21b5e0a7,707b6ccf-c9d9-4c1d-97f4-516b572b2f9d,1697664146877166666
6a69421f-e399-4db8-897a-d8ef21b5e0a7,707b6ccf-c9d9-4c1d-97f4-516b572b2f9d,1697664146926244444
6a69421f-e399-4db8-897a-d8ef21b5e0a7,707b6ccf-c9d9-4c1d-97f4-516b572b2f9d,1697664146937466666
6a69421f-e399-4db8-897a-d8ef21b5e0a7,707b6ccf-c9d9-4c1d-97f4-516b572b2f9d,1697664146970200000
6a69421f-e399-4db8-897a-d8ef21b5e0a7,707b6ccf-c9d9-4c1d-97f4-516b572b2f9d,1697664146999422222
6a69421f-e399-4db8-897a-d8ef21b5e0a7,707b6ccf-c9d9-4c1d-97f4-516b572b2f9d,1697664147039566666
6a69421f-e399-4db8-897a-d8ef21b5e0a7,707b6ccf-c9d9-4c1d-97f4-516b572b2f9d,1697664147067555555
6a69421f-e399-4db8-897a-d8ef21b5e0a7,707b6ccf-c9d9-4c1d-97f4-516b572b2f9d,1697664147107566666
6a69421f-e399-4db8-897a-d8ef21b5e0a7,707b6ccf-c9d9-4c1d-97f4-516b572b2f9d,1697664147143022222
6a69421f-e399-4db8-897a-d8ef21b5e0a7,707b6ccf-c9d9-4c1d-97f4-516b572b2f9d,1697664147178111111
6a69421f-e399-4db8-897a-d8ef21b5e0a7,707b6ccf-c9d9-4c1d-97f4-516b572b2f9d,1697664147211255555
6a69421f-e399-4db8-897a-d8ef21b5e0a7,707b6ccf-c9d9-4c1d-97f4-516b572b2f9d,1697664147242477777
6a69421f-e399-4db8-897a-d8ef21b5e0a7,707b6ccf-c9d9-4c1d-97f4-516b572b2f9d,1697664147276833333
6a69421f-e399-4db8-897a-d8ef21b5e0a7,707b6ccf-c9d9-4c1d-97f4-516b572b2f9d,1697664147313433333
6a69421f-e399-4db8-897a-d8ef21b5e0a7,707b6ccf-c9d9-4c1d-97f4-516b572b2f9d,1697664147340544444
6a69421f-e399-4db8-897a-d8ef21b5e0a7,707b6ccf-c9d9-4c1d-97f4-516b572b2f9d,1697664147369000000
6a69421f-e399-4db8-897a-d8ef21b5e0a7,707b6ccf-c9d9-4c1d-97f4-516b572b2f9d,1697664147411922222
6a69421f-e399-4db8-897a-d8ef21b5e0a7,707b6ccf-c9d9-4c1d-97f4-516b572b2f9d,1697664147442733333
6a69421f-e399-4db8-897a-d8ef21b5e0a7,707b6ccf-c9d9-4c1d-97f4-516b572b2f9d,1697664147467600000
6a69421f-e399-4db8-897a-d8ef21b5e0a7,707b6ccf-c9d9-4c1d-97f4-516b572b2f9d,1697664147513622222
6a69421f-e399-4db8-897a-d8ef21b5e0a7,707b6ccf-c9d9-4c1d-97f4-516b572b2f9d,1697664147542822222
6a69421f-e399-4db8-897a-d8ef21b5e0a7,707b6ccf-c9d9-4c1d-97f4-516b572b2f9d,1697664147565822222
6a69421f-e399-4db8-897a-d8ef21b5e0a7,707b6ccf-c9d9-4c1d-97f4-516b572b2f9d,1697664147624811111
6a69421f-e399-4db8-897a-d8ef21b5e0a7,707b6ccf-c9d9-4c1d-97f4-516b572b2f9d,1697664147635622222
6a69421f-e399-4db8-897a-d8ef21b5e0a7,707b6ccf-c9d9-4c1d-97f4-516b572b2f9d,1697664147663777777
6a69421f-e399-4db8-897a-d8ef21b5e0a7,707b6ccf-c9d9-4c1d-97f4-516b572b2f9d,1697664147700477777
6a69421f-e399-4db8-897a-d8ef21b5e0a7,707b6ccf-c9d9-4c1d-97f4-516b572b2f9d,1697664147737188888
6a69421f-e399-4db8-897a-d8ef21b5e0a7,707b6ccf-c9d9-4c1d-97f4-516b572b2f9d,1697664147762788888
6a69421f-e399-4db8-897a-d8ef21b5e0a7,707b6ccf-c9d9-4c1d-97f4-516b572b2f9d,1697664147819655555
6a69421f-e399-4db8-897a-d8ef21b5e0a7,707b6ccf-c9d9-4c1d-97f4-516b572b2f9d,1697664147843044444
6a69421f-e399-4db8-897a-d8ef21b5e0a7,707b6ccf-c9d9-4c1d-97f4-516b572b2f9d,1697664147867466666
6a69421f-e399-4db8-897a-d8ef21b5e0a7,707b6ccf-c9d9-4c1d-97f4-516b572b2f9d,1697664147913366666
6a69421f-e399-4db8-897a-d8ef21b5e0a7,707b6ccf-c9d9-4c1d-97f4-516b572b2f9d,1697664147947800000
6a69421f-e399-4db8-897a-d8ef21b5e0a7,707b6ccf-c9d9-4c1d-97f4-516b572b2f9d,1697664147979166666
6a69421f-e399-4db8-897a-d8ef21b5e0a7,707b6ccf-c9d9-4c1d-97f4-516b572b2f9d,1697664148014133333
6a69421f-e399-4db8-897a-d8ef21b5e0a7,707b6ccf-c9d9-4c1d-97f4-516b572b2f9d,1697664148043100000
6a69421f-e399-4db8-897a-d8ef21b5e0a7,707b6ccf-c9d9-4c1d-97f4-516b572b2f9d,1697664148069133333
6a69421f-e399-4db8-897a-d8ef21b5e0a7,707b6ccf-c9d9-4c1d-97f4-516b572b2f9d,1697664148114211111
6a69421f-e399-4db8-897a-d8ef21b5e0a7,707b6ccf-c9d9-4c1d-97f4-516b572b2f9d,1697664148141600000
6a69421f-e399-4db8-897a-d8ef21b5e0a7,707b6ccf-c9d9-4c1d-97f4-516b572b2f9d,1697664148173822222
6a69421f-e399-4db8-897a-d8ef21b5e0a7,707b6ccf-c9d9-4c1d-97f4-516b572b2f9d,1697664148219122222
6a69421f-e399-4db8-897a-d8ef21b5e0a7,707b6ccf-c9d9-4c1d-97f4-516b572b2f9d,1697664148234455555
6a69421f-e399-4db8-897a-d8ef21b5e0a7,707b6ccf-c9d9-4c1d-97f4-516b572b2f9d,1697664148269577777
6a69421f-e399-4db8-897a-d8ef21b5e0a7,707b6ccf-c9d9-4c1d-97f4-516b572b2f9d,1697664148322777777
6a69421f-e399-4db8-897a-d8ef21b5e0a7,707b6ccf-c9d9-4c1d-97f4-516b572b2f9d,1697664148342955555
6a69421f-e399-4db8-897a-d8ef21b5e0a7,707b6ccf-c9d9-4c1d-97f4-516b572b2f9d,1697664148364300000
6a69421f-e399-4db8-897a-d8ef21b5e0a7,707b6ccf-c9d9-4c1d-97f4-516b572b2f9d,1697664148402577777
6a69421f-e399-4db8-897a-d8ef21b5e0a7,707b6ccf-c9d9-4c1d-97f4-516b572b2f9d,1697664148432500000
6a69421f-e399-4db8-897a-d8ef21b5e0a7,707b6ccf-c9d9-4c1d-97f4-516b572b2f9d,1697664148477433333
6a69421f-e399-4db8-897a-d8ef21b5e0a7,707b6ccf-c9d9-4c1d-97f4-516b572b2f9d,1697664148511811111
6a69421f-e399-4db8-897a-d8ef21b5e0a7,707b6ccf-c9d9-4c1d-97f4-516b572b2f9d,1697664148543055555
6a69421f-e399-4db8-897a-d8ef21b5e0a7,707b6ccf-c9d9-4c1d-97f4-516b572b2f9d,1697664148572188888
6a69421f-e399-4db8-897a-d8ef21b5e0a7,707b6ccf-c9d9-4c1d-97f4-516b572b2f9d,1697664148611955555
6a69421f-e399-4db8-897a-d8ef21b5e0a7,707b6ccf-c9d9-4c1d-97f4-516b572b2f9d,1697664148646622222
6a69421f-e399-4db8-897a-d8ef21b5e0a7,707b6ccf-c9d9-4c1d-97f4-516b572b2f9d,1697664148674122222
6a69421f-e399-4db8-897a-d8ef21b5e0a7,707b6ccf-c9d9-4c1d-97f4-516b572b2f9d,1697664148711033333
6a69421f-e399-4db8-897a-d8ef21b5e0a7,707b6ccf-c9d9-4c1d-97f4-516b572b2f9d,1697664148741744444
6a69421f-e399-4db8-897a-d8ef21b5e0a7,707b6ccf-c9d9-4c1d-97f4-516b572b2f9d,1697664148774077777
6a69421f-e399-4db8-897a-d8ef21b5e0a7,707b6ccf-c9d9-4c1d-97f4-516b572b2f9d,1697664148811488888
6a69421f-e399-4db8-897a-d8ef21b5e0a7,707b6ccf-c9d9-4c1d-97f4-516b572b2f9d,1697664148843177777
6a69421f-e399-4db8-897a-d8ef21b5e0a7,707b6ccf-c9d9-4c1d-97f4-516b572b2f9d,1697664148869388888
6a69421f-e399-4db8-897a-d8ef21b5e0a7,707b6ccf-c9d9-4c1d-97f4-516b572b2f9d,1697664148910244444
6a69421f-e399-4db8-897a-d8ef21b5e0a7,707b6ccf-c9d9-4c1d-97f4-516b572b2f9d,1697664148948311111
6a69421f-e399-4db8-897a-d8ef21b5e0a7,707b6ccf-c9d9-4c1d-97f4-516b572b2f9d,1697664148963300000
6a69421f-e399-4db8-897a-d8ef21b5e0a7,707b6ccf-c9d9-4c1d-97f4-516b572b2f9d,1697664149001044444
6a69421f-e399-4db8-897a-d8ef21b5e0a7,707b6ccf-c9d9-4c1d-97f4-516b572b2f9d,1697664149032711111
6a69421f-e399-4db8-897a-d8ef21b5e0a7,707b6ccf-c9d9-4c1d-97f4-516b572b2f9d,1697664149062266666
6a69421f-e399-4db8-897a-d8ef21b5e0a7,707b6ccf-c9d9-4c1d-97f4-516b572b2f9d,1697664149107622222
6a69421f-e399-4db8-897a-d8ef21b5e0a7,707b6ccf-c9d9-4c1d-97f4-516b572b2f9d,1697664149138388888
6a69421f-e399-4db8-897a-d8ef21b5e0a7,707b6ccf-c9d9-4c1d-97f4-516b572b2f9d,1697664149178700000
6a69421f-e399-4db8-897a-d8ef21b5e0a7,707b6ccf-c9d9-4c1d-97f4-516b572b2f9d,1697664149210233333
6a69421f-e399-4db8-897a-d8ef21b5e0a7,707b6ccf-c9d9-4c1d-97f4-516b572b2f9d,1697664149241533333
6a69421f-e399-4db8-897a-d8ef21b5e0a7,707b6ccf-c9d9-4c1d-97f4-516b572b2f9d,1697664149273600000
6a69421f-e399-4db8-897a-d8ef21b5e0a7,707b6ccf-c9d9-4c1d-97f4-516b572b2f9d,1697664149311688888
6a69421f-e399-4db8-897a-d8ef21b5e0a7,707b6ccf-c9d9-4c1d-97f4-516b572b2f9d,1697664149343400000
6a69421f-e399-4db8-897a-d8ef21b5e0a7,707b6ccf-c9d9-4c1d-97f4-516b572b2f9d,1697664149366200000
6a69421f-e399-4db8-897a-d8ef21b5e0a7,707b6ccf-c9d9-4c1d-97f4-516b572b2f9d,1697664149423655555
6a69421f-e399-4db8-897a-d8ef21b5e0a7,707b6ccf-c9d9-4c1d-97f4-516b572b2f9d,1697664149446933333
6a69421f-e399-4db8-897a-d8ef21b5e0a7,707b6ccf-c9d9-4c1d-97f4-516b572b2f9d,1697664149477122222
6a69421f-e399-4db8-897a-d8ef21b5e0a7,707b6ccf-c9d9-4c1d-97f4-516b572b2f9d,1697664149515133333
6a69421f-e399-4db8-897a-d8ef21b5e0a7,707b6ccf-c9d9-4c1d-97f4-516b572b2f9d,1697664149542888888
6a69421f-e399-4db8-897a-d8ef21b5e0a7,707b6ccf-c9d9-4c1d-97f4-516b572b2f9d,1697664149571533333
6a69421f-e399-4db8-897a-d8ef21b5e0a7,707b6ccf-c9d9-4c1d-97f4-516b572b2f9d,1697664149618622222
6a69421f-e399-4db8-897a-d8ef21b5e0a7,707b6ccf-c9d9-4c1d-97f4-516b572b2f9d,1697664149634344444
6a69421f-e399-4db8-897a-d8ef21b5e0a7,707b6ccf-c9d9-4c1d-97f4-516b572b2f9d,1697664149663777777
6a69421f-e399-4db8-897a-d8ef21b5e0a7,707b6ccf-c9d9-4c1d-97f4-516b572b2f9d,1697664149700000000
6a69421f-e399-4db8-897a-d8ef21b5e0a7,707b6ccf-c9d9-4c1d-97f4-516b572b2f9d,1697664149732000000
6a69421f-e399-4db8-897a-d8ef21b5e0a7,707b6ccf-c9d9-4c1d-97f4-516b572b2f9d,1697664149772677777
6a69421f-e399-4db8-897a-d8ef21b5e0a7,707b6ccf-c9d9-4c1d-97f4-516b572b2f9d,1697664149812822222
6a69421f-e399-4db8-897a-d8ef21b5e0a7,707b6ccf-c9d9-4c1d-97f4-516b572b2f9d,1697664149840377777
6a69421f-e399-4db8-897a-d8ef21b5e0a7,707b6ccf-c9d9-4c1d-97f4-516b572b2f9d,1697664149867111111
6a69421f-e399-4db8-897a-d8ef21b5e0a7,707b6ccf-c9d9-4c1d-97f4-516b572b2f9d,1697664149915722222
6a69421f-e399-4db8-897a-d8ef21b5e0a7,707b6ccf-c9d9-4c1d-97f4-516b572b2f9d,1697664149943211111
6a69421f-e399-4db8-897a-d8ef21b5e0a7,707b6ccf-c9d9-4c1d-97f4-516b572b2f9d,1697664149969366666
6a69421f-e399-4db8-897a-d8ef21b5e0a7,707b6ccf-c9d9-4c1d-97f4-516b572b2f9d,1697664150011566666
6a69421f-e399-4db8-897a-d8ef21b5e0a7,707b6ccf-c9d9-4c1d-97f4-516b572b2f9d,1697664150043988888
6a69421f-e399-4db8-897a-d8ef21b5e0a7,707b6ccf-c9d9-4c1d-97f4-516b572b2f9d,1697664150073755555
6a69421f-e399-4db8-897a-d8ef21b5e0a7,707b6ccf-c9d9-4c1d-97f4-516b572b2f9d,1697664150110200000
6a69421f-e399-4db8-897a-d8ef21b5e0a7,707b6ccf-c9d9-4c1d-97f4-516b572b2f9d,1697664150139455555
6a69421f-e399-4db8-897a-d8ef21b5e0a7,707b6ccf-c9d9-4c1d-97f4-516b572b2f9d,1697664150171111111
6a69421f-e399-4db8-897a-d8ef21b5e0a7,707b6ccf-c9d9-4c1d-97f4-516b572b2f9d,1697664150211211111
6a69421f-e399-4db8-897a-d8ef21b5e0a7,707b6ccf-c9d9-4c1d-97f4-516b572b2f9d,1697664150250811111
6a69421f-e399-4db8-897a-d8ef21b5e0a7,707b6ccf-c9d9-4c1d-97f4-516b572b2f9d,1697664150278944444
6a69421f-e399-4db8-897a-d8ef21b5e0a7,707b6ccf-c9d9-4c1d-97f4-516b572b2f9d,1697664150296988888
6a69421f-e399-4db8-897a-d8ef21b5e0a7,707b6ccf-c9d9-4c1d-97f4-516b572b2f9d,1697664150331444444
6a69421f-e399-4db8-897a-d8ef21b5e0a7,707b6ccf-c9d9-4c1d-97f4-516b572b2f9d,1697664150364255555
6a69421f-e399-4db8-897a-d8ef21b5e0a7,707b6ccf-c9d9-4c1d-97f4-516b572b2f9d,1697664150403322222
6a69421f-e399-4db8-897a-d8ef21b5e0a7,707b6ccf-c9d9-4c1d-97f4-516b572b2f9d,1697664150434655555
6a69421f-e399-4db8-897a-d8ef21b5e0a7,707b6ccf-c9d9-4c1d-97f4-516b572b2f9d,1697664150471044444
6a69421f-e399-4db8-897a-d8ef21b5e0a7,707b6ccf-c9d9-4c1d-97f4-516b572b2f9d,1697664150512288888
6a69421f-e399-4db8-897a-d8ef21b5e0a7,707b6ccf-c9d9-4c1d-97f4-516b572b2f9d,1697664150542977777
6a69421f-e399-4db8-897a-d8ef21b5e0a7,707b6ccf-c9d9-4c1d-97f4-516b572b2f9d,1697664150566888888
6a69421f-e399-4db8-897a-d8ef21b5e0a7,707b6ccf-c9d9-4c1d-97f4-516b572b2f9d,1697664150613944444
6a69421f-e399-4db8-897a-d8ef21b5e0a7,707b6ccf-c9d9-4c1d-97f4-516b572b2f9d,1697664150643211111
6a69421f-e399-4db8-897a-d8ef21b5e0a7,707b6ccf-c9d9-4c1d-97f4-516b572b2f9d,1697664150664644444
6a69421f-e399-4db8-897a-d8ef21b5e0a7,707b6ccf-c9d9-4c1d-97f4-516b572b2f9d,1697664150709655555
6a69421f-e399-4db8-897a-d8ef21b5e0a7,707b6ccf-c9d9-4c1d-97f4-516b572b2f9d,1697664150740533333
6a69421f-e399-4db8-897a-d8ef21b5e0a7,707b6ccf-c9d9-4c1d-97f4-516b572b2f9d,1697664150773644444
6a69421f-e399-4db8-897a-d8ef21b5e0a7,707b6ccf-c9d9-4c1d-97f4-516b572b2f9d,1697664150810244444
6a69421f-e399-4db8-897a-d8ef21b5e0a7,707b6ccf-c9d9-4c1d-97f4-516b572b2f9d,1697664150843077777
6a69421f-e399-4db8-897a-d8ef21b5e0a7,707b6ccf-c9d9-4c1d-97f4-516b572b2f9d,1697664150873911111
6a69421f-e399-4db8-897a-d8ef21b5e0a7,707b6ccf-c9d9-4c1d-97f4-516b572b2f9d,1697664150905066666
6a69421f-e399-4db8-897a-d8ef21b5e0a7,707b6ccf-c9d9-4c1d-97f4-516b572b2f9d,1697664150941111111
6a69421f-e399-4db8-897a-d8ef21b5e0a7,707b6ccf-c9d9-4c1d-97f4-516b572b2f9d,1697664150966644444
6a69421f-e399-4db8-897a-d8ef21b5e0a7,707b6ccf-c9d9-4c1d-97f4-516b572b2f9d,1697664151004111111
6a69421f-e399-4db8-897a-d8ef21b5e0a7,707b6ccf-c9d9-4c1d-97f4-516b572b2f9d,1697664151034922222
6a69421f-e399-4db8-897a-d8ef21b5e0a7,707b6ccf-c9d9-4c1d-97f4-516b572b2f9d,1697664151084277777
6a69421f-e399-4db8-897a-d8ef21b5e0a7,707b6ccf-c9d9-4c1d-97f4-516b572b2f9d,1697664151095377777
6a69421f-e399-4db8-897a-d8ef21b5e0a7,707b6ccf-c9d9-4c1d-97f4-516b572b2f9d,1697664151138600000
6a69421f-e399-4db8-897a-d8ef21b5e0a7,707b6ccf-c9d9-4c1d-97f4-516b572b2f9d,1697664151175188888
6a69421f-e399-4db8-897a-d8ef21b5e0a7,707b6ccf-c9d9-4c1d-97f4-516b572b2f9d,1697664151210788888
6a69421f-e399-4db8-897a-d8ef21b5e0a7,707b6ccf-c9d9-4c1d-97f4-516b572b2f9d,1697664151243600000
6a69421f-e399-4db8-897a-d8ef21b5e0a7,707b6ccf-c9d9-4c1d-97f4-516b572b2f9d,1697664151266833333
6a69421f-e399-4db8-897a-d8ef21b5e0a7,707b6ccf-c9d9-4c1d-97f4-516b572b2f9d,1697664151312977777
6a69421f-e399-4db8-897a-d8ef21b5e0a7,707b6ccf-c9d9-4c1d-97f4-516b572b2f9d,1697664151343544444
6a69421f-e399-4db8-897a-d8ef21b5e0a7,707b6ccf-c9d9-4c1d-97f4-516b572b2f9d,1697664151366788888
6a69421f-e399-4db8-897a-d8ef21b5e0a7,707b6ccf-c9d9-4c1d-97f4-516b572b2f9d,1697664151414611111
6a69421f-e399-4db8-897a-d8ef21b5e0a7,707b6ccf-c9d9-4c1d-97f4-516b572b2f9d,1697664151443244444
6a69421f-e399-4db8-897a-d8ef21b5e0a7,707b6ccf-c9d9-4c1d-97f4-516b572b2f9d,1697664151473944444
6a69421f-e399-4db8-897a-d8ef21b5e0a7,707b6ccf-c9d9-4c1d-97f4-516b572b2f9d,1697664151506911111
6a69421f-e399-4db8-897a-d8ef21b5e0a7,707b6ccf-c9d9-4c1d-97f4-516b572b2f9d,1697664151546488888
6a69421f-e399-4db8-897a-d8ef21b5e0a7,707b6ccf-c9d9-4c1d-97f4-516b572b2f9d,1697664151572977777
6a69421f-e399-4db8-897a-d8ef21b5e0a7,707b6ccf-c9d9-4c1d-97f4-516b572b2f9d,1697664151610200000
6a69421f-e399-4db8-897a-d8ef21b5e0a7,707b6ccf-c9d9-4c1d-97f4-516b572b2f9d,1697664151633811111
6a69421f-e399-4db8-897a-d8ef21b5e0a7,707b6ccf-c9d9-4c1d-97f4-516b572b2f9d,1697664151662588888
6a69421f-e399-4db8-897a-d8ef21b5e0a7,707b6ccf-c9d9-4c1d-97f4-516b572b2f9d,1697664151713333333
6a69421f-e399-4db8-897a-d8ef21b5e0a7,707b6ccf-c9d9-4c1d-97f4-516b572b2f9d,1697664151732044444
6a69421f-e399-4db8-897a-d8ef21b5e0a7,707b6ccf-c9d9-4c1d-97f4-516b572b2f9d,1697664151767455555
6a69421f-e399-4db8-897a-d8ef21b5e0a7,707b6ccf-c9d9-4c1d-97f4-516b572b2f9d,1697664151805711111
6a69421f-e399-4db8-897a-d8ef21b5e0a7,707b6ccf-c9d9-4c1d-97f4-516b572b2f9d,1697664151839966666
6a69421f-e399-4db8-897a-d8ef21b5e0a7,707b6ccf-c9d9-4c1d-97f4-516b572b2f9d,1697664151879355555
6a69421f-e399-4db8-897a-d8ef21b5e0a7,707b6ccf-c9d9-4c1d-97f4-516b572b2f9d,1697664151909900000
6a69421f-e399-4db8-897a-d8ef21b5e0a7,707b6ccf-c9d9-4c1d-97f4-516b572b2f9d,1697664151946688888
6a69421f-e399-4db8-897a-d8ef21b5e0a7,707b6ccf-c9d9-4c1d-97f4-516b572b2f9d,1697664151977600000
6a69421f-e399-4db8-897a-d8ef21b5e0a7,707b6ccf-c9d9-4c1d-97f4-516b572b2f9d,1697664152010377777
6a69421f-e399-4db8-897a-d8ef21b5e0a7,707b6ccf-c9d9-4c1d-97f4-516b572b2f9d,1697664152041344444
6a69421f-e399-4db8-897a-d8ef21b5e0a7,707b6ccf-c9d9-4c1d-97f4-516b572b2f9d,1697664152066166666
6a69421f-e399-4db8-897a-d8ef21b5e0a7,707b6ccf-c9d9-4c1d-97f4-516b572b2f9d,1697664152109422222
6a69421f-e399-4db8-897a-d8ef21b5e0a7,707b6ccf-c9d9-4c1d-97f4-516b572b2f9d,1697664152145122222
6a69421f-e399-4db8-897a-d8ef21b5e0a7,707b6ccf-c9d9-4c1d-97f4-516b572b2f9d,1697664152173833333
6a69421f-e399-4db8-897a-d8ef21b5e0a7,707b6ccf-c9d9-4c1d-97f4-516b572b2f9d,1697664152206144444
6a69421f-e399-4db8-897a-d8ef21b5e0a7,707b6ccf-c9d9-4c1d-97f4-516b572b2f9d,1697664152241722222
6a69421f-e399-4db8-897a-d8ef21b5e0a7,707b6ccf-c9d9-4c1d-97f4-516b572b2f9d,1697664152285022222
6a69421f-e399-4db8-897a-d8ef21b5e0a7,707b6ccf-c9d9-4c1d-97f4-516b572b2f9d,1697664152295777777
6a69421f-e399-4db8-897a-d8ef21b5e0a7,707b6ccf-c9d9-4c1d-97f4-516b572b2f9d,1697664152346355555
6a69421f-e399-4db8-897a-d8ef21b5e0a7,707b6ccf-c9d9-4c1d-97f4-516b572b2f9d,1697664152373355555
6a69421f-e399-4db8-897a-d8ef21b5e0a7,707b6ccf-c9d9-4c1d-97f4-516b572b2f9d,1697664152411044444
6a69421f-e399-4db8-897a-d8ef21b5e0a7,707b6ccf-c9d9-4c1d-97f4-516b572b2f9d,1697664152445922222
6a69421f-e399-4db8-897a-d8ef21b5e0a7,707b6ccf-c9d9-4c1d-97f4-516b572b2f9d,1697664152462988888
6a69421f-e399-4db8-897a-d8ef21b5e0a7,707b6ccf-c9d9-4c1d-97f4-516b572b2f9d,1697664152509900000
6a69421f-e399-4db8-897a-d8ef21b5e0a7,707b6ccf-c9d9-4c1d-97f4-516b572b2f9d,1697664152542622222
6a69421f-e399-4db8-897a-d8ef21b5e0a7,707b6ccf-c9d9-4c1d-97f4-516b572b2f9d,1697664152573511111
6a69421f-e399-4db8-897a-d8ef21b5e0a7,707b6ccf-c9d9-4c1d-97f4-516b572b2f9d,1697664152611411111
6a69421f-e399-4db8-897a-d8ef21b5e0a7,707b6ccf-c9d9-4c1d-97f4-516b572b2f9d,1697664152643166666
6a69421f-e399-4db8-897a-d8ef21b5e0a7,707b6ccf-c9d9-4c1d-97f4-516b572b2f9d,1697664152667633333
6a69421f-e399-4db8-897a-d8ef21b5e0a7,707b6ccf-c9d9-4c1d-97f4-516b572b2f9d,1697664152707511111
6a69421f-e399-4db8-897a-d8ef21b5e0a7,707b6ccf-c9d9-4c1d-97f4-516b572b2f9d,1697664152742588888
6a69421f-e399-4db8-897a-d8ef21b5e0a7,707b6ccf-c9d9-4c1d-97f4-516b572b2f9d,1697664152766577777
6a69421f-e399-4db8-897a-d8ef21b5e0a7,707b6ccf-c9d9-4c1d-97f4-516b572b2f9d,1697664152808744444
6a69421f-e399-4db8-897a-d8ef21b5e0a7,707b6ccf-c9d9-4c1d-97f4-516b572b2f9d,1697664152843700000
6a69421f-e399-4db8-897a-d8ef21b5e0a7,707b6ccf-c9d9-4c1d-97f4-516b572b2f9d,1697664152868977777
6a69421f-e399-4db8-897a-d8ef21b5e0a7,707b6ccf-c9d9-4c1d-97f4-516b572b2f9d,1697664152913311111
6a69421f-e399-4db8-897a-d8ef21b5e0a7,707b6ccf-c9d9-4c1d-97f4-516b572b2f9d,1697664152945122222
6a69421f-e399-4db8-897a-d8ef21b5e0a7,707b6ccf-c9d9-4c1d-97f4-516b572b2f9d,1697664152965144444
6a69421f-e399-4db8-897a-d8ef21b5e0a7,707b6ccf-c9d9-4c1d-97f4-516b572b2f9d,1697664153002155555
6a69421f-e399-4db8-897a-d8ef21b5e0a7,707b6ccf-c9d9-4c1d-97f4-516b572b2f9d,1697664153032822222
6a69421f-e399-4db8-897a-d8ef21b5e0a7,707b6ccf-c9d9-4c1d-97f4-516b572b2f9d,1697664153063455555
6a69421f-e399-4db8-897a-d8ef21b5e0a7,707b6ccf-c9d9-4c1d-97f4-516b572b2f9d,1697664153112422222
6a69421f-e399-4db8-897a-d8ef21b5e0a7,707b6ccf-c9d9-4c1d-97f4-516b572b2f9d,1697664153141711111
6a69421f-e399-4db8-897a-d8ef21b5e0a7,707b6ccf-c9d9-4c1d-97f4-516b572b2f9d,1697664153162577777
6a69421f-e399-4db8-897a-d8ef21b5e0a7,707b6ccf-c9d9-4c1d-97f4-516b572b2f9d,1697664153207044444
6a69421f-e399-4db8-897a-d8ef21b5e0a7,707b6ccf-c9d9-4c1d-97f4-516b572b2f9d,1697664153245322222
6a69421f-e399-4db8-897a-d8ef21b5e0a7,707b6ccf-c9d9-4c1d-97f4-516b572b2f9d,1697664153272888888
6a69421f-e399-4db8-897a-d8ef21b5e0a7,707b6ccf-c9d9-4c1d-97f4-516b572b2f9d,1697664153305988888
6a69421f-e399-4db8-897a-d8ef21b5e0a7,707b6ccf-c9d9-4c1d-97f4-516b572b2f9d,1697664153342133333
6a69421f-e399-4db8-897a-d8ef21b5e0a7,707b6ccf-c9d9-4c1d-97f4-516b572b2f9d,1697664153367444444
6a69421f-e399-4db8-897a-d8ef21b5e0a7,707b6ccf-c9d9-4c1d-97f4-516b572b2f9d,1697664153412122222
6a69421f-e399-4db8-897a-d8ef21b5e0a7,707b6ccf-c9d9-4c1d-97f4-516b572b2f9d,1697664153443433333
6a69421f-e399-4db8-897a-d8ef21b5e0a7,707b6ccf-c9d9-4c1d-97f4-516b572b2f9d,1697664153473688888
6a69421f-e399-4db8-897a-d8ef21b5e0a7,707b6ccf-c9d9-4c1d-97f4-516b572b2f9d,1697664153506977777
6a69421f-e399-4db8-897a-d8ef21b5e0a7,707b6ccf-c9d9-4c1d-97f4-516b572b2f9d,1697664153541566666
6a69421f-e399-4db8-897a-d8ef21b5e0a7,707b6ccf-c9d9-4c1d-97f4-516b572b2f9d,1697664153567444444
6a69421f-e399-4db8-897a-d8ef21b5e0a7,707b6ccf-c9d9-4c1d-97f4-516b572b2f9d,1697664153606222222
6a69421f-e399-4db8-897a-d8ef21b5e0a7,707b6ccf-c9d9-4c1d-97f4-516b572b2f9d,1697664153635522222
6a69421f-e399-4db8-897a-d8ef21b5e0a7,707b6ccf-c9d9-4c1d-97f4-516b572b2f9d,1697664153663111111
6a69421f-e399-4db8-897a-d8ef21b5e0a7,707b6ccf-c9d9-4c1d-97f4-516b572b2f9d,1697664153696411111
6a69421f-e399-4db8-897a-d8ef21b5e0a7,707b6ccf-c9d9-4c1d-97f4-516b572b2f9d,1697664153749000000
6a69421f-e399-4db8-897a-d8ef21b5e0a7,707b6ccf-c9d9-4c1d-97f4-516b572b2f9d,1697664153765200000
6a69421f-e399-4db8-897a-d8ef21b5e0a7,707b6ccf-c9d9-4c1d-97f4-516b572b2f9d,1697664153803844444
6a69421f-e399-4db8-897a-d8ef21b5e0a7,707b6ccf-c9d9-4c1d-97f4-516b572b2f9d,1697664153841533333
6a69421f-e399-4db8-897a-d8ef21b5e0a7,707b6ccf-c9d9-4c1d-97f4-516b572b2f9d,1697664153881822222
6a69421f-e399-4db8-897a-d8ef21b5e0a7,707b6ccf-c9d9-4c1d-97f4-516b572b2f9d,1697664153910433333
6a69421f-e399-4db8-897a-d8ef21b5e0a7,707b6ccf-c9d9-4c1d-97f4-516b572b2f9d,1697664153940722222
6a69421f-e399-4db8-897a-d8ef21b5e0a7,707b6ccf-c9d9-4c1d-97f4-516b572b2f9d,1697664153973800000
6a69421f-e399-4db8-897a-d8ef21b5e0a7,707b6ccf-c9d9-4c1d-97f4-516b572b2f9d,1697664154008455555
6a69421f-e399-4db8-897a-d8ef21b5e0a7,707b6ccf-c9d9-4c1d-97f4-516b572b2f9d,1697664154037200000
6a69421f-e399-4db8-897a-d8ef21b5e0a7,707b6ccf-c9d9-4c1d-97f4-516b572b2f9d,1697664154075133333
6a69421f-e399-4db8-897a-d8ef21b5e0a7,707b6ccf-c9d9-4c1d-97f4-516b572b2f9d,1697664154103311111
6a69421f-e399-4db8-897a-d8ef21b5e0a7,707b6ccf-c9d9-4c1d-97f4-516b572b2f9d,1697664154141677777
6a69421f-e399-4db8-897a-d8ef21b5e0a7,707b6ccf-c9d9-4c1d-97f4-516b572b2f9d,1697664154181577777
6a69421f-e399-4db8-897a-d8ef21b5e0a7,707b6ccf-c9d9-4c1d-97f4-516b572b2f9d,1697664154209511111
6a69421f-e399-4db8-897a-d8ef21b5e0a7,707b6ccf-c9d9-4c1d-97f4-516b572b2f9d,1697664154240766666
6a69421f-e399-4db8-897a-d8ef21b5e0a7,707b6ccf-c9d9-4c1d-97f4-516b572b2f9d,1697664154266966666
6a69421f-e399-4db8-897a-d8ef21b5e0a7,707b6ccf-c9d9-4c1d-97f4-516b572b2f9d,1697664154298400000
6a69421f-e399-4db8-897a-d8ef21b5e0a7,707b6ccf-c9d9-4c1d-97f4-516b572b2f9d,1697664154328322222
6a69421f-e399-4db8-897a-d8ef21b5e0a7,707b6ccf-c9d9-4c1d-97f4-516b572b2f9d,1697664154374033333
6a69421f-e399-4db8-897a-d8ef21b5e0a7,707b6ccf-c9d9-4c1d-97f4-516b572b2f9d,1697664154416866666
6a69421f-e399-4db8-897a-d8ef21b5e0a7,707b6ccf-c9d9-4c1d-97f4-516b572b2f9d,1697664154434600000
6a69421f-e399-4db8-897a-d8ef21b5e0a7,707b6ccf-c9d9-4c1d-97f4-516b572b2f9d,1697664154461900000
6a69421f-e399-4db8-897a-d8ef21b5e0a7,707b6ccf-c9d9-4c1d-97f4-516b572b2f9d,1697664154512988888
6a69421f-e399-4db8-897a-d8ef21b5e0a7,707b6ccf-c9d9-4c1d-97f4-516b572b2f9d,1697664154537166666
6a69421f-e399-4db8-897a-d8ef21b5e0a7,707b6ccf-c9d9-4c1d-97f4-516b572b2f9d,1697664154574333333
6a69421f-e399-4db8-897a-d8ef21b5e0a7,707b6ccf-c9d9-4c1d-97f4-516b572b2f9d,1697664154603188888
6a69421f-e399-4db8-897a-d8ef21b5e0a7,707b6ccf-c9d9-4c1d-97f4-516b572b2f9d,1697664154637822222
6a69421f-e399-4db8-897a-d8ef21b5e0a7,707b6ccf-c9d9-4c1d-97f4-516b572b2f9d,1697664154674377777
6a69421f-e399-4db8-897a-d8ef21b5e0a7,707b6ccf-c9d9-4c1d-97f4-516b572b2f9d,1697664154707544444
6a69421f-e399-4db8-897a-d8ef21b5e0a7,707b6ccf-c9d9-4c1d-97f4-516b572b2f9d,1697664154739477777
6a69421f-e399-4db8-897a-d8ef21b5e0a7,707b6ccf-c9d9-4c1d-97f4-516b572b2f9d,1697664154773100000
6a69421f-e399-4db8-897a-d8ef21b5e0a7,707b6ccf-c9d9-4c1d-97f4-516b572b2f9d,1697664154805222222
6a69421f-e399-4db8-897a-d8ef21b5e0a7,707b6ccf-c9d9-4c1d-97f4-516b572b2f9d,1697664154838977777
6a69421f-e399-4db8-897a-d8ef21b5e0a7,707b6ccf-c9d9-4c1d-97f4-516b572b2f9d,1697664154876322222
6a69421f-e399-4db8-897a-d8ef21b5e0a7,707b6ccf-c9d9-4c1d-97f4-516b572b2f9d,1697664154904722222
6a69421f-e399-4db8-897a-d8ef21b5e0a7,707b6ccf-c9d9-4c1d-97f4-516b572b2f9d,1697664154938588888
6a69421f-e399-4db8-897a-d8ef21b5e0a7,707b6ccf-c9d9-4c1d-97f4-516b572b2f9d,1697664154983722222
6a69421f-e399-4db8-897a-d8ef21b5e0a7,707b6ccf-c9d9-4c1d-97f4-516b572b2f9d,1697664154994377777
6a69421f-e399-4db8-897a-d8ef21b5e0a7,707b6ccf-c9d9-4c1d-97f4-516b572b2f9d,1697664155045022222
6a69421f-e399-4db8-897a-d8ef21b5e0a7,707b6ccf-c9d9-4c1d-97f4-516b572b2f9d,1697664155066477777
6a69421f-e399-4db8-897a-d8ef21b5e0a7,707b6ccf-c9d9-4c1d-97f4-516b572b2f9d,1697664155097722222
6a69421f-e399-4db8-897a-d8ef21b5e0a7,707b6ccf-c9d9-4c1d-97f4-516b572b2f9d,1697664155134833333
6a69421f-e399-4db8-897a-d8ef21b5e0a7,707b6ccf-c9d9-4c1d-97f4-516b572b2f9d,1697664155171522222
6a69421f-e399-4db8-897a-d8ef21b5e0a7,707b6ccf-c9d9-4c1d-97f4-516b572b2f9d,1697664155204522222
6a69421f-e399-4db8-897a-d8ef21b5e0a7,707b6ccf-c9d9-4c1d-97f4-516b572b2f9d,1697664155238477777
6a69421f-e399-4db8-897a-d8ef21b5e0a7,707b6ccf-c9d9-4c1d-97f4-516b572b2f9d,1697664155272622222
6a69421f-e399-4db8-897a-d8ef21b5e0a7,707b6ccf-c9d9-4c1d-97f4-516b572b2f9d,1697664155308855555
6a69421f-e399-4db8-897a-d8ef21b5e0a7,707b6ccf-c9d9-4c1d-97f4-516b572b2f9d,1697664155338833333
6a69421f-e399-4db8-897a-d8ef21b5e0a7,707b6ccf-c9d9-4c1d-97f4-516b572b2f9d,1697664155375222222
6a69421f-e399-4db8-897a-d8ef21b5e0a7,707b6ccf-c9d9-4c1d-97f4-516b572b2f9d,1697664155404511111
6a69421f-e399-4db8-897a-d8ef21b5e0a7,707b6ccf-c9d9-4c1d-97f4-516b572b2f9d,1697664155438700000
6a69421f-e399-4db8-897a-d8ef21b5e0a7,707b6ccf-c9d9-4c1d-97f4-516b572b2f9d,1697664155473422222
6a69421f-e399-4db8-897a-d8ef21b5e0a7,707b6ccf-c9d9-4c1d-97f4-516b572b2f9d,1697664155505855555
6a69421f-e399-4db8-897a-d8ef21b5e0a7,707b6ccf-c9d9-4c1d-97f4-516b572b2f9d,1697664155538333333
6a69421f-e399-4db8-897a-d8ef21b5e0a7,707b6ccf-c9d9-4c1d-97f4-516b572b2f9d,1697664155579622222
6a69421f-e399-4db8-897a-d8ef21b5e0a7,707b6ccf-c9d9-4c1d-97f4-516b572b2f9d,1697664155610444444
6a69421f-e399-4db8-897a-d8ef21b5e0a7,707b6ccf-c9d9-4c1d-97f4-516b572b2f9d,1697664155633066666
6a69421f-e399-4db8-897a-d8ef21b5e0a7,707b6ccf-c9d9-4c1d-97f4-516b572b2f9d,1697664155663022222
6a69421f-e399-4db8-897a-d8ef21b5e0a7,707b6ccf-c9d9-4c1d-97f4-516b572b2f9d,1697664155692622222
6a69421f-e399-4db8-897a-d8ef21b5e0a7,707b6ccf-c9d9-4c1d-97f4-516b572b2f9d,1697664155737444444
6a69421f-e399-4db8-897a-d8ef21b5e0a7,707b6ccf-c9d9-4c1d-97f4-516b572b2f9d,1697664155763200000
6a69421f-e399-4db8-897a-d8ef21b5e0a7,707b6ccf-c9d9-4c1d-97f4-516b572b2f9d,1697664155803966666
6a69421f-e399-4db8-897a-d8ef21b5e0a7,707b6ccf-c9d9-4c1d-97f4-516b572b2f9d,1697664155839977777
6a69421f-e399-4db8-897a-d8ef21b5e0a7,707b6ccf-c9d9-4c1d-97f4-516b572b2f9d,1697664155877766666
6a69421f-e399-4db8-897a-d8ef21b5e0a7,707b6ccf-c9d9-4c1d-97f4-516b572b2f9d,1697664155904288888
6a69421f-e399-4db8-897a-d8ef21b5e0a7,707b6ccf-c9d9-4c1d-97f4-516b572b2f9d,1697664155939588888
6a69421f-e399-4db8-897a-d8ef21b5e0a7,707b6ccf-c9d9-4c1d-97f4-516b572b2f9d,1697664155974844444
6a69421f-e399-4db8-897a-d8ef21b5e0a7,707b6ccf-c9d9-4c1d-97f4-516b572b2f9d,1697664156010022222
6a69421f-e399-4db8-897a-d8ef21b5e0a7,707b6ccf-c9d9-4c1d-97f4-516b572b2f9d,1697664156038744444
6a69421f-e399-4db8-897a-d8ef21b5e0a7,707b6ccf-c9d9-4c1d-97f4-516b572b2f9d,1697664156075200000
6a69421f-e399-4db8-897a-d8ef21b5e0a7,707b6ccf-c9d9-4c1d-97f4-516b572b2f9d,1697664156109722222
6a69421f-e399-4db8-897a-d8ef21b5e0a7,707b6ccf-c9d9-4c1d-97f4-516b572b2f9d,1697664156143277777
6a69421f-e399-4db8-897a-d8ef21b5e0a7,707b6ccf-c9d9-4c1d-97f4-516b572b2f9d,1697664156167755555
6a69421f-e399-4db8-897a-d8ef21b5e0a7,707b6ccf-c9d9-4c1d-97f4-516b572b2f9d,1697664156210900000
6a69421f-e399-4db8-897a-d8ef21b5e0a7,707b6ccf-c9d9-4c1d-97f4-516b572b2f9d,1697664156239700000
6a69421f-e399-4db8-897a-d8ef21b5e0a7,707b6ccf-c9d9-4c1d-97f4-516b572b2f9d,1697664156276033333
6a69421f-e399-4db8-897a-d8ef21b5e0a7,707b6ccf-c9d9-4c1d-97f4-516b572b2f9d,1697664156297477777
6a69421f-e399-4db8-897a-d8ef21b5e0a7,707b6ccf-c9d9-4c1d-97f4-516b572b2f9d,1697664156328500000
6a69421f-e399-4db8-897a-d8ef21b5e0a7,707b6ccf-c9d9-4c1d-97f4-516b572b2f9d,1697664156362788888
6a69421f-e399-4db8-897a-d8ef21b5e0a7,707b6ccf-c9d9-4c1d-97f4-516b572b2f9d,1697664156422211111
6a69421f-e399-4db8-897a-d8ef21b5e0a7,707b6ccf-c9d9-4c1d-97f4-516b572b2f9d,1697664156435577777
6a69421f-e399-4db8-897a-d8ef21b5e0a7,707b6ccf-c9d9-4c1d-97f4-516b572b2f9d,1697664156472411111
6a69421f-e399-4db8-897a-d8ef21b5e0a7,707b6ccf-c9d9-4c1d-97f4-516b572b2f9d,1697664156508944444
6a69421f-e399-4db8-897a-d8ef21b5e0a7,707b6ccf-c9d9-4c1d-97f4-516b572b2f9d,1697664156537655555
6a69421f-e399-4db8-897a-d8ef21b5e0a7,707b6ccf-c9d9-4c1d-97f4-516b572b2f9d,1697664156579466666
6a69421f-e399-4db8-897a-d8ef21b5e0a7,707b6ccf-c9d9-4c1d-97f4-516b572b2f9d,1697664156605100000
6a69421f-e399-4db8-897a-d8ef21b5e0a7,707b6ccf-c9d9-4c1d-97f4-516b572b2f9d,1697664156638533333
6a69421f-e399-4db8-897a-d8ef21b5e0a7,707b6ccf-c9d9-4c1d-97f4-516b572b2f9d,1697664156673311111
6a69421f-e399-4db8-897a-d8ef21b5e0a7,707b6ccf-c9d9-4c1d-97f4-516b572b2f9d,1697664156708066666
6a69421f-e399-4db8-897a-d8ef21b5e0a7,707b6ccf-c9d9-4c1d-97f4-516b572b2f9d,1697664156738333333
6a69421f-e399-4db8-897a-d8ef21b5e0a7,707b6ccf-c9d9-4c1d-97f4-516b572b2f9d,1697664156778900000
6a69421f-e399-4db8-897a-d8ef21b5e0a7,707b6ccf-c9d9-4c1d-97f4-516b572b2f9d,1697664156810922222
6a69421f-e399-4db8-897a-d8ef21b5e0a7,707b6ccf-c9d9-4c1d-97f4-516b572b2f9d,1697664156843122222
6a69421f-e399-4db8-897a-d8ef21b5e0a7,707b6ccf-c9d9-4c1d-97f4-516b572b2f9d,1697664156866588888
6a69421f-e399-4db8-897a-d8ef21b5e0a7,707b6ccf-c9d9-4c1d-97f4-516b572b2f9d,1697664156903677777
6a69421f-e399-4db8-897a-d8ef21b5e0a7,707b6ccf-c9d9-4c1d-97f4-516b572b2f9d,1697664156939388888
6a69421f-e399-4db8-897a-d8ef21b5e0a7,707b6ccf-c9d9-4c1d-97f4-516b572b2f9d,1697664156971255555
6a69421f-e399-4db8-897a-d8ef21b5e0a7,707b6ccf-c9d9-4c1d-97f4-516b572b2f9d,1697664157004588888
6a69421f-e399-4db8-897a-d8ef21b5e0a7,707b6ccf-c9d9-4c1d-97f4-516b572b2f9d,1697664157028222222
6a69421f-e399-4db8-897a-d8ef21b5e0a7,707b6ccf-c9d9-4c1d-97f4-516b572b2f9d,1697664157061966666
6a69421f-e399-4db8-897a-d8ef21b5e0a7,707b6ccf-c9d9-4c1d-97f4-516b572b2f9d,1697664157100011111
6a69421f-e399-4db8-897a-d8ef21b5e0a7,707b6ccf-c9d9-4c1d-97f4-516b572b2f9d,1697664157130011111
6a69421f-e399-4db8-897a-d8ef21b5e0a7,707b6ccf-c9d9-4c1d-97f4-516b572b2f9d,1697664157184055555
6a69421f-e399-4db8-897a-d8ef21b5e0a7,707b6ccf-c9d9-4c1d-97f4-516b572b2f9d,1697664157206111111
6a69421f-e399-4db8-897a-d8ef21b5e0a7,707b6ccf-c9d9-4c1d-97f4-516b572b2f9d,1697664157233466666
6a69421f-e399-4db8-897a-d8ef21b5e0a7,707b6ccf-c9d9-4c1d-97f4-516b572b2f9d,1697664157274677777
6a69421f-e399-4db8-897a-d8ef21b5e0a7,707b6ccf-c9d9-4c1d-97f4-516b572b2f9d,1697664157307544444
6a69421f-e399-4db8-897a-d8ef21b5e0a7,707b6ccf-c9d9-4c1d-97f4-516b572b2f9d,1697664157338411111
6a69421f-e399-4db8-897a-d8ef21b5e0a7,707b6ccf-c9d9-4c1d-97f4-516b572b2f9d,1697664157371644444
6a69421f-e399-4db8-897a-d8ef21b5e0a7,707b6ccf-c9d9-4c1d-97f4-516b572b2f9d,1697664157405133333
6a69421f-e399-4db8-897a-d8ef21b5e0a7,707b6ccf-c9d9-4c1d-97f4-516b572b2f9d,1697664157442955555
6a69421f-e399-4db8-897a-d8ef21b5e0a7,707b6ccf-c9d9-4c1d-97f4-516b572b2f9d,1697664157463400000
6a69421f-e399-4db8-897a-d8ef21b5e0a7,707b6ccf-c9d9-4c1d-97f4-516b572b2f9d,1697664157511288888
6a69421f-e399-4db8-897a-d8ef21b5e0a7,707b6ccf-c9d9-4c1d-97f4-516b572b2f9d,1697664157537644444
6a69421f-e399-4db8-897a-d8ef21b5e0a7,707b6ccf-c9d9-4c1d-97f4-516b572b2f9d,1697664157570688888
6a69421f-e399-4db8-897a-d8ef21b5e0a7,707b6ccf-c9d9-4c1d-97f4-516b572b2f9d,1697664157608877777
6a69421f-e399-4db8-897a-d8ef21b5e0a7,707b6ccf-c9d9-4c1d-97f4-516b572b2f9d,1697664157629788888
6a69421f-e399-4db8-897a-d8ef21b5e0a7,707b6ccf-c9d9-4c1d-97f4-516b572b2f9d,1697664157673400000
6a69421f-e399-4db8-897a-d8ef21b5e0a7,707b6ccf-c9d9-4c1d-97f4-516b572b2f9d,1697664157694588888
6a69421f-e399-4db8-897a-d8ef21b5e0a7,707b6ccf-c9d9-4c1d-97f4-516b572b2f9d,1697664157729922222
6a69421f-e399-4db8-897a-d8ef21b5e0a7,707b6ccf-c9d9-4c1d-97f4-516b572b2f9d,1697664157763677777
6a69421f-e399-4db8-897a-d8ef21b5e0a7,707b6ccf-c9d9-4c1d-97f4-516b572b2f9d,1697664157806444444
6a69421f-e399-4db8-897a-d8ef21b5e0a7,707b6ccf-c9d9-4c1d-97f4-516b572b2f9d,1697664157835500000
6a69421f-e399-4db8-897a-d8ef21b5e0a7,707b6ccf-c9d9-4c1d-97f4-516b572b2f9d,1697664157874500000
6a69421f-e399-4db8-897a-d8ef21b5e0a7,707b6ccf-c9d9-4c1d-97f4-516b572b2f9d,1697664157905533333
6a69421f-e399-4db8-897a-d8ef21b5e0a7,707b6ccf-c9d9-4c1d-97f4-516b572b2f9d,1697664157941377777
6a69421f-e399-4db8-897a-d8ef21b5e0a7,707b6ccf-c9d9-4c1d-97f4-516b572b2f9d,1697664157960688888
6a69421f-e399-4db8-897a-d8ef21b5e0a7,707b6ccf-c9d9-4c1d-97f4-516b572b2f9d,1697664158009844444
6a69421f-e399-4db8-897a-d8ef21b5e0a7,707b6ccf-c9d9-4c1d-97f4-516b572b2f9d,1697664158039455555
6a69421f-e399-4db8-897a-d8ef21b5e0a7,707b6ccf-c9d9-4c1d-97f4-516b572b2f9d,1697664158072055555
6a69421f-e399-4db8-897a-d8ef21b5e0a7,707b6ccf-c9d9-4c1d-97f4-516b572b2f9d,1697664158111055555
6a69421f-e399-4db8-897a-d8ef21b5e0a7,707b6ccf-c9d9-4c1d-97f4-516b572b2f9d,1697664158141955555
6a69421f-e399-4db8-897a-d8ef21b5e0a7,707b6ccf-c9d9-4c1d-97f4-516b572b2f9d,1697664158163566666
6a69421f-e399-4db8-897a-d8ef21b5e0a7,707b6ccf-c9d9-4c1d-97f4-516b572b2f9d,1697664158219111111
6a69421f-e399-4db8-897a-d8ef21b5e0a7,707b6ccf-c9d9-4c1d-97f4-516b572b2f9d,1697664158232455555
6a69421f-e399-4db8-897a-d8ef21b5e0a7,707b6ccf-c9d9-4c1d-97f4-516b572b2f9d,1697664158273188888
6a69421f-e399-4db8-897a-d8ef21b5e0a7,707b6ccf-c9d9-4c1d-97f4-516b572b2f9d,1697664158298622222
6a69421f-e399-4db8-897a-d8ef21b5e0a7,707b6ccf-c9d9-4c1d-97f4-516b572b2f9d,1697664158328277777
6a69421f-e399-4db8-897a-d8ef21b5e0a7,707b6ccf-c9d9-4c1d-97f4-516b572b2f9d,1697664158373722222
6a69421f-e399-4db8-897a-d8ef21b5e0a7,707b6ccf-c9d9-4c1d-97f4-516b572b2f9d,1697664158401588888
6a69421f-e399-4db8-897a-d8ef21b5e0a7,707b6ccf-c9d9-4c1d-97f4-516b572b2f9d,1697664158428177777
6a69421f-e399-4db8-897a-d8ef21b5e0a7,707b6ccf-c9d9-4c1d-97f4-516b572b2f9d,1697664158475222222
6a69421f-e399-4db8-897a-d8ef21b5e0a7,707b6ccf-c9d9-4c1d-97f4-516b572b2f9d,1697664158505444444
6a69421f-e399-4db8-897a-d8ef21b5e0a7,707b6ccf-c9d9-4c1d-97f4-516b572b2f9d,1697664158536944444
6a69421f-e399-4db8-897a-d8ef21b5e0a7,707b6ccf-c9d9-4c1d-97f4-516b572b2f9d,1697664158571700000
6a69421f-e399-4db8-897a-d8ef21b5e0a7,707b6ccf-c9d9-4c1d-97f4-516b572b2f9d,1697664158605055555
6a69421f-e399-4db8-897a-d8ef21b5e0a7,707b6ccf-c9d9-4c1d-97f4-516b572b2f9d,1697664158639488888
6a69421f-e399-4db8-897a-d8ef21b5e0a7,707b6ccf-c9d9-4c1d-97f4-516b572b2f9d,1697664158673166666
6a69421f-e399-4db8-897a-d8ef21b5e0a7,707b6ccf-c9d9-4c1d-97f4-516b572b2f9d,1697664158705988888
6a69421f-e399-4db8-897a-d8ef21b5e0a7,707b6ccf-c9d9-4c1d-97f4-516b572b2f9d,1697664158741344444
6a69421f-e399-4db8-897a-d8ef21b5e0a7,707b6ccf-c9d9-4c1d-97f4-516b572b2f9d,1697664158762288888
6a69421f-e399-4db8-897a-d8ef21b5e0a7,707b6ccf-c9d9-4c1d-97f4-516b572b2f9d,1697664158806388888
6a69421f-e399-4db8-897a-d8ef21b5e0a7,707b6ccf-c9d9-4c1d-97f4-516b572b2f9d,1697664158839588888
6a69421f-e399-4db8-897a-d8ef21b5e0a7,707b6ccf-c9d9-4c1d-97f4-516b572b2f9d,1697664158867388888
6a69421f-e399-4db8-897a-d8ef21b5e0a7,707b6ccf-c9d9-4c1d-97f4-516b572b2f9d,1697664158908900000
6a69421f-e399-4db8-897a-d8ef21b5e0a7,707b6ccf-c9d9-4c1d-97f4-516b572b2f9d,1697664158938200000
6a69421f-e399-4db8-897a-d8ef21b5e0a7,707b6ccf-c9d9-4c1d-97f4-516b572b2f9d,1697664158968533333
6a69421f-e399-4db8-897a-d8ef21b5e0a7,707b6ccf-c9d9-4c1d-97f4-516b572b2f9d,1697664158994222222
6a69421f-e399-4db8-897a-d8ef21b5e0a7,707b6ccf-c9d9-4c1d-97f4-516b572b2f9d,1697664159035177777
6a69421f-e399-4db8-897a-d8ef21b5e0a7,707b6ccf-c9d9-4c1d-97f4-516b572b2f9d,1697664159062122222
6a69421f-e399-4db8-897a-d8ef21b5e0a7,707b6ccf-c9d9-4c1d-97f4-516b572b2f9d,1697664159097700000
6a69421f-e399-4db8-897a-d8ef21b5e0a7,707b6ccf-c9d9-4c1d-97f4-516b572b2f9d,1697664159126977777
6a69421f-e399-4db8-897a-d8ef21b5e0a7,707b6ccf-c9d9-4c1d-97f4-516b572b2f9d,1697664159170733333
6a69421f-e399-4db8-897a-d8ef21b5e0a7,707b6ccf-c9d9-4c1d-97f4-516b572b2f9d,1697664159203655555
6a69421f-e399-4db8-897a-d8ef21b5e0a7,707b6ccf-c9d9-4c1d-97f4-516b572b2f9d,1697664159237700000
6a69421f-e399-4db8-897a-d8ef21b5e0a7,707b6ccf-c9d9-4c1d-97f4-516b572b2f9d,1697664159271111111
6a69421f-e399-4db8-897a-d8ef21b5e0a7,707b6ccf-c9d9-4c1d-97f4-516b572b2f9d,1697664159308700000
6a69421f-e399-4db8-897a-d8ef21b5e0a7,707b6ccf-c9d9-4c1d-97f4-516b572b2f9d,1697664159338244444
6a69421f-e399-4db8-897a-d8ef21b5e0a7,707b6ccf-c9d9-4c1d-97f4-516b572b2f9d,1697664159371822222
6a69421f-e399-4db8-897a-d8ef21b5e0a7,707b6ccf-c9d9-4c1d-97f4-516b572b2f9d,1697664159404911111
6a69421f-e399-4db8-897a-d8ef21b5e0a7,707b6ccf-c9d9-4c1d-97f4-516b572b2f9d,1697664159439688888
6a69421f-e399-4db8-897a-d8ef21b5e0a7,707b6ccf-c9d9-4c1d-97f4-516b572b2f9d,1697664159469977777
6a69421f-e399-4db8-897a-d8ef21b5e0a7,707b6ccf-c9d9-4c1d-97f4-516b572b2f9d,1697664159506477777
6a69421f-e399-4db8-897a-d8ef21b5e0a7,707b6ccf-c9d9-4c1d-97f4-516b572b2f9d,1697664159540411111
6a69421f-e399-4db8-897a-d8ef21b5e0a7,707b6ccf-c9d9-4c1d-97f4-516b572b2f9d,1697664159559011111
6a69421f-e399-4db8-897a-d8ef21b5e0a7,707b6ccf-c9d9-4c1d-97f4-516b572b2f9d,1697664159607044444
6a69421f-e399-4db8-897a-d8ef21b5e0a7,707b6ccf-c9d9-4c1d-97f4-516b572b2f9d,1697664159637488888
6a69421f-e399-4db8-897a-d8ef21b5e0a7,707b6ccf-c9d9-4c1d-97f4-516b572b2f9d,1697664159660233333
6a69421f-e399-4db8-897a-d8ef21b5e0a7,707b6ccf-c9d9-4c1d-97f4-516b572b2f9d,1697664159694200000
6a69421f-e399-4db8-897a-d8ef21b5e0a7,707b6ccf-c9d9-4c1d-97f4-516b572b2f9d,1697664159731011111
6a69421f-e399-4db8-897a-d8ef21b5e0a7,707b6ccf-c9d9-4c1d-97f4-516b572b2f9d,1697664159763200000
6a69421f-e399-4db8-897a-d8ef21b5e0a7,707b6ccf-c9d9-4c1d-97f4-516b572b2f9d,1697664159794833333
6a69421f-e399-4db8-897a-d8ef21b5e0a7,707b6ccf-c9d9-4c1d-97f4-516b572b2f9d,1697664159836911111
6a69421f-e399-4db8-897a-d8ef21b5e0a7,707b6ccf-c9d9-4c1d-97f4-516b572b2f9d,1697664159873577777
6a69421f-e399-4db8-897a-d8ef21b5e0a7,707b6ccf-c9d9-4c1d-97f4-516b572b2f9d,1697664159906266666
6a69421f-e399-4db8-897a-d8ef21b5e0a7,707b6ccf-c9d9-4c1d-97f4-516b572b2f9d,1697664159938088888
6a69421f-e399-4db8-897a-d8ef21b5e0a7,707b6ccf-c9d9-4c1d-97f4-516b572b2f9d,1697664159972044444
6a69421f-e399-4db8-897a-d8ef21b5e0a7,707b6ccf-c9d9-4c1d-97f4-516b572b2f9d,1697664160018611111
6a69421f-e399-4db8-897a-d8ef21b5e0a7,707b6ccf-c9d9-4c1d-97f4-516b572b2f9d,1697664160031955555
6a69421f-e399-4db8-897a-d8ef21b5e0a7,707b6ccf-c9d9-4c1d-97f4-516b572b2f9d,1697664160071022222
6a69421f-e399-4db8-897a-d8ef21b5e0a7,707b6ccf-c9d9-4c1d-97f4-516b572b2f9d,1697664160108566666
6a69421f-e399-4db8-897a-d8ef21b5e0a7,707b6ccf-c9d9-4c1d-97f4-516b572b2f9d,1697664160137966666
6a69421f-e399-4db8-897a-d8ef21b5e0a7,707b6ccf-c9d9-4c1d-97f4-516b572b2f9d,1697664160168355555
6a69421f-e399-4db8-897a-d8ef21b5e0a7,707b6ccf-c9d9-4c1d-97f4-516b572b2f9d,1697664160206377777
6a69421f-e399-4db8-897a-d8ef21b5e0a7,707b6ccf-c9d9-4c1d-97f4-516b572b2f9d,1697664160243166666
6a69421f-e399-4db8-897a-d8ef21b5e0a7,707b6ccf-c9d9-4c1d-97f4-516b572b2f9d,1697664160260355555
6a69421f-e399-4db8-897a-d8ef21b5e0a7,707b6ccf-c9d9-4c1d-97f4-516b572b2f9d,1697664160305088888
6a69421f-e399-4db8-897a-d8ef21b5e0a7,707b6ccf-c9d9-4c1d-97f4-516b572b2f9d,1697664160326666666
6a69421f-e399-4db8-897a-d8ef21b5e0a7,707b6ccf-c9d9-4c1d-97f4-516b572b2f9d,1697664160383466666
6a69421f-e399-4db8-897a-d8ef21b5e0a7,707b6ccf-c9d9-4c1d-97f4-516b572b2f9d,1697664160399033333
6a69421f-e399-4db8-897a-d8ef21b5e0a7,707b6ccf-c9d9-4c1d-97f4-516b572b2f9d,1697664160427844444
6a69421f-e399-4db8-897a-d8ef21b5e0a7,707b6ccf-c9d9-4c1d-97f4-516b572b2f9d,1697664160469800000
6a69421f-e399-4db8-897a-d8ef21b5e0a7,707b6ccf-c9d9-4c1d-97f4-516b572b2f9d,1697664160504477777
6a69421f-e399-4db8-897a-d8ef21b5e0a7,707b6ccf-c9d9-4c1d-97f4-516b572b2f9d,1697664160538622222
6a69421f-e399-4db8-897a-d8ef21b5e0a7,707b6ccf-c9d9-4c1d-97f4-516b572b2f9d,1697664160571277777
6a69421f-e399-4db8-897a-d8ef21b5e0a7,707b6ccf-c9d9-4c1d-97f4-516b572b2f9d,1697664160608144444
6a69421f-e399-4db8-897a-d8ef21b5e0a7,707b6ccf-c9d9-4c1d-97f4-516b572b2f9d,1697664160638344444
6a69421f-e399-4db8-897a-d8ef21b5e0a7,707b6ccf-c9d9-4c1d-97f4-516b572b2f9d,1697664160669800000
6a69421f-e399-4db8-897a-d8ef21b5e0a7,707b6ccf-c9d9-4c1d-97f4-516b572b2f9d,1697664160701955555
6a69421f-e399-4db8-897a-d8ef21b5e0a7,707b6ccf-c9d9-4c1d-97f4-516b572b2f9d,1697664160738788888
6a69421f-e399-4db8-897a-d8ef21b5e0a7,707b6ccf-c9d9-4c1d-97f4-516b572b2f9d,1697664160770177777
6a69421f-e399-4db8-897a-d8ef21b5e0a7,707b6ccf-c9d9-4c1d-97f4-516b572b2f9d,1697664160803100000
6a69421f-e399-4db8-897a-d8ef21b5e0a7,707b6ccf-c9d9-4c1d-97f4-516b572b2f9d,1697664160833000000
6a69421f-e399-4db8-897a-d8ef21b5e0a7,707b6ccf-c9d9-4c1d-97f4-516b572b2f9d,1697664160870155555
6a69421f-e399-4db8-897a-d8ef21b5e0a7,707b6ccf-c9d9-4c1d-97f4-516b572b2f9d,1697664160901866666
6a69421f-e399-4db8-897a-d8ef21b5e0a7,707b6ccf-c9d9-4c1d-97f4-516b572b2f9d,1697664160938511111
6a69421f-e399-4db8-897a-d8ef21b5e0a7,707b6ccf-c9d9-4c1d-97f4-516b572b2f9d,1697664160961188888
6a69421f-e399-4db8-897a-d8ef21b5e0a7,707b6ccf-c9d9-4c1d-97f4-516b572b2f9d,1697664160990866666
6a69421f-e399-4db8-897a-d8ef21b5e0a7,707b6ccf-c9d9-4c1d-97f4-516b572b2f9d,1697664161031000000
6a69421f-e399-4db8-897a-d8ef21b5e0a7,707b6ccf-c9d9-4c1d-97f4-516b572b2f9d,1697664161062833333
6a69421f-e399-4db8-897a-d8ef21b5e0a7,707b6ccf-c9d9-4c1d-97f4-516b572b2f9d,1697664161095400000
6a69421f-e399-4db8-897a-d8ef21b5e0a7,707b6ccf-c9d9-4c1d-97f4-516b572b2f9d,1697664161125700000
6a69421f-e399-4db8-897a-d8ef21b5e0a7,707b6ccf-c9d9-4c1d-97f4-516b572b2f9d,1697664161170266666
6a69421f-e399-4db8-897a-d8ef21b5e0a7,707b6ccf-c9d9-4c1d-97f4-516b572b2f9d,1697664161203211111
6a69421f-e399-4db8-897a-d8ef21b5e0a7,707b6ccf-c9d9-4c1d-97f4-516b572b2f9d,1697664161231611111
6a69421f-e399-4db8-897a-d8ef21b5e0a7,707b6ccf-c9d9-4c1d-97f4-516b572b2f9d,1697664161270333333
6a69421f-e399-4db8-897a-d8ef21b5e0a7,707b6ccf-c9d9-4c1d-97f4-516b572b2f9d,1697664161300111111
6a69421f-e399-4db8-897a-d8ef21b5e0a7,707b6ccf-c9d9-4c1d-97f4-516b572b2f9d,1697664161338911111
6a69421f-e399-4db8-897a-d8ef21b5e0a7,707b6ccf-c9d9-4c1d-97f4-516b572b2f9d,1697664161370811111
6a69421f-e399-4db8-897a-d8ef21b5e0a7,707b6ccf-c9d9-4c1d-97f4-516b572b2f9d,1697664161404100000
6a69421f-e399-4db8-897a-d8ef21b5e0a7,707b6ccf-c9d9-4c1d-97f4-516b572b2f9d,1697664161438011111
6a69421f-e399-4db8-897a-d8ef21b5e0a7,707b6ccf-c9d9-4c1d-97f4-516b572b2f9d,1697664161467155555
6a69421f-e399-4db8-897a-d8ef21b5e0a7,707b6ccf-c9d9-4c1d-97f4-516b572b2f9d,1697664161505266666
6a69421f-e399-4db8-897a-d8ef21b5e0a7,707b6ccf-c9d9-4c1d-97f4-516b572b2f9d,1697664161538911111
6a69421f-e399-4db8-897a-d8ef21b5e0a7,707b6ccf-c9d9-4c1d-97f4-516b572b2f9d,1697664161584066666
6a69421f-e399-4db8-897a-d8ef21b5e0a7,707b6ccf-c9d9-4c1d-97f4-516b572b2f9d,1697664161600011111
6a69421f-e399-4db8-897a-d8ef21b5e0a7,707b6ccf-c9d9-4c1d-97f4-516b572b2f9d,1697664161635166666
6a69421f-e399-4db8-897a-d8ef21b5e0a7,707b6ccf-c9d9-4c1d-97f4-516b572b2f9d,1697664161658700000
6a69421f-e399-4db8-897a-d8ef21b5e0a7,707b6ccf-c9d9-4c1d-97f4-516b572b2f9d,1697664161702177777
6a69421f-e399-4db8-897a-d8ef21b5e0a7,707b6ccf-c9d9-4c1d-97f4-516b572b2f9d,1697664161739733333
6a69421f-e399-4db8-897a-d8ef21b5e0a7,707b6ccf-c9d9-4c1d-97f4-516b572b2f9d,1697664161758722222
6a69421f-e399-4db8-897a-d8ef21b5e0a7,707b6ccf-c9d9-4c1d-97f4-516b572b2f9d,1697664161799177777
6a69421f-e399-4db8-897a-d8ef21b5e0a7,707b6ccf-c9d9-4c1d-97f4-516b572b2f9d,1697664161840588888
6a69421f-e399-4db8-897a-d8ef21b5e0a7,707b6ccf-c9d9-4c1d-97f4-516b572b2f9d,1697664161873566666
6a69421f-e399-4db8-897a-d8ef21b5e0a7,707b6ccf-c9d9-4c1d-97f4-516b572b2f9d,1697664161902555555
6a69421f-e399-4db8-897a-d8ef21b5e0a7,707b6ccf-c9d9-4c1d-97f4-516b572b2f9d,1697664161933988888
6a69421f-e399-4db8-897a-d8ef21b5e0a7,707b6ccf-c9d9-4c1d-97f4-516b572b2f9d,1697664161973833333
6a69421f-e399-4db8-897a-d8ef21b5e0a7,707b6ccf-c9d9-4c1d-97f4-516b572b2f9d,1697664162003344444
6a69421f-e399-4db8-897a-d8ef21b5e0a7,707b6ccf-c9d9-4c1d-97f4-516b572b2f9d,1697664162032800000
6a69421f-e399-4db8-897a-d8ef21b5e0a7,707b6ccf-c9d9-4c1d-97f4-516b572b2f9d,1697664162069644444
6a69421f-e399-4db8-897a-d8ef21b5e0a7,707b6ccf-c9d9-4c1d-97f4-516b572b2f9d,1697664162104233333
6a69421f-e399-4db8-897a-d8ef21b5e0a7,707b6ccf-c9d9-4c1d-97f4-516b572b2f9d,1697664162138488888
6a69421f-e399-4db8-897a-d8ef21b5e0a7,707b6ccf-c9d9-4c1d-97f4-516b572b2f9d,1697664162169333333
6a69421f-e399-4db8-897a-d8ef21b5e0a7,707b6ccf-c9d9-4c1d-97f4-516b572b2f9d,1697664162206044444
6a69421f-e399-4db8-897a-d8ef21b5e0a7,707b6ccf-c9d9-4c1d-97f4-516b572b2f9d,1697664162237077777
6a69421f-e399-4db8-897a-d8ef21b5e0a7,707b6ccf-c9d9-4c1d-97f4-516b572b2f9d,1697664162270077777
6a69421f-e399-4db8-897a-d8ef21b5e0a7,707b6ccf-c9d9-4c1d-97f4-516b572b2f9d,1697664162296077777
6a69421f-e399-4db8-897a-d8ef21b5e0a7,707b6ccf-c9d9-4c1d-97f4-516b572b2f9d,1697664162328755555
6a69421f-e399-4db8-897a-d8ef21b5e0a7,707b6ccf-c9d9-4c1d-97f4-516b572b2f9d,1697664162361144444
6a69421f-e399-4db8-897a-d8ef21b5e0a7,707b6ccf-c9d9-4c1d-97f4-516b572b2f9d,1697664162391444444
6a69421f-e399-4db8-897a-d8ef21b5e0a7,707b6ccf-c9d9-4c1d-97f4-516b572b2f9d,1697664162433700000
6a69421f-e399-4db8-897a-d8ef21b5e0a7,707b6ccf-c9d9-4c1d-97f4-516b572b2f9d,1697664162468166666
6a69421f-e399-4db8-897a-d8ef21b5e0a7,707b6ccf-c9d9-4c1d-97f4-516b572b2f9d,1697664162509555555
6a69421f-e399-4db8-897a-d8ef21b5e0a7,707b6ccf-c9d9-4c1d-97f4-516b572b2f9d,1697664162539222222
6a69421f-e399-4db8-897a-d8ef21b5e0a7,707b6ccf-c9d9-4c1d-97f4-516b572b2f9d,1697664162573922222
6a69421f-e399-4db8-897a-d8ef21b5e0a7,707b6ccf-c9d9-4c1d-97f4-516b572b2f9d,1697664162600677777
6a69421f-e399-4db8-897a-d8ef21b5e0a7,707b6ccf-c9d9-4c1d-97f4-516b572b2f9d,1697664162632077777
6a69421f-e399-4db8-897a-d8ef21b5e0a7,707b6ccf-c9d9-4c1d-97f4-516b572b2f9d,1697664162670933333
6a69421f-e399-4db8-897a-d8ef21b5e0a7,707b6ccf-c9d9-4c1d-97f4-516b572b2f9d,1697664162703055555
6a69421f-e399-4db8-897a-d8ef21b5e0a7,707b6ccf-c9d9-4c1d-97f4-516b572b2f9d,1697664162732866666
6a69421f-e399-4db8-897a-d8ef21b5e0a7,707b6ccf-c9d9-4c1d-97f4-516b572b2f9d,1697664162769877777
6a69421f-e399-4db8-897a-d8ef21b5e0a7,707b6ccf-c9d9-4c1d-97f4-516b572b2f9d,1697664162800611111
6a69421f-e399-4db8-897a-d8ef21b5e0a7,707b6ccf-c9d9-4c1d-97f4-516b572b2f9d,1697664162832333333
6a69421f-e399-4db8-897a-d8ef21b5e0a7,707b6ccf-c9d9-4c1d-97f4-516b572b2f9d,1697664162870222222
6a69421f-e399-4db8-897a-d8ef21b5e0a7,707b6ccf-c9d9-4c1d-97f4-516b572b2f9d,1697664162911844444
6a69421f-e399-4db8-897a-d8ef21b5e0a7,707b6ccf-c9d9-4c1d-97f4-516b572b2f9d,1697664162937966666
6a69421f-e399-4db8-897a-d8ef21b5e0a7,707b6ccf-c9d9-4c1d-97f4-516b572b2f9d,1697664162972655555
6a69421f-e399-4db8-897a-d8ef21b5e0a7,707b6ccf-c9d9-4c1d-97f4-516b572b2f9d,1697664163013077777
6a69421f-e399-4db8-897a-d8ef21b5e0a7,707b6ccf-c9d9-4c1d-97f4-516b572b2f9d,1697664163026611111
6a69421f-e399-4db8-897a-d8ef21b5e0a7,707b6ccf-c9d9-4c1d-97f4-516b572b2f9d,1697664163062266666
6a69421f-e399-4db8-897a-d8ef21b5e0a7,707b6ccf-c9d9-4c1d-97f4-516b572b2f9d,1697664163094133333
6a69421f-e399-4db8-897a-d8ef21b5e0a7,707b6ccf-c9d9-4c1d-97f4-516b572b2f9d,1697664163130533333
6a69421f-e399-4db8-897a-d8ef21b5e0a7,707b6ccf-c9d9-4c1d-97f4-516b572b2f9d,1697664163175088888
6a69421f-e399-4db8-897a-d8ef21b5e0a7,707b6ccf-c9d9-4c1d-97f4-516b572b2f9d,1697664163200577777
6a69421f-e399-4db8-897a-d8ef21b5e0a7,707b6ccf-c9d9-4c1d-97f4-516b572b2f9d,1697664163238011111
6a69421f-e399-4db8-897a-d8ef21b5e0a7,707b6ccf-c9d9-4c1d-97f4-516b572b2f9d,1697664163268711111
6a69421f-e399-4db8-897a-d8ef21b5e0a7,707b6ccf-c9d9-4c1d-97f4-516b572b2f9d,1697664163301155555
6a69421f-e399-4db8-897a-d8ef21b5e0a7,707b6ccf-c9d9-4c1d-97f4-516b572b2f9d,1697664163333722222
6a69421f-e399-4db8-897a-d8ef21b5e0a7,707b6ccf-c9d9-4c1d-97f4-516b572b2f9d,1697664163374800000
6a69421f-e399-4db8-897a-d8ef21b5e0a7,707b6ccf-c9d9-4c1d-97f4-516b572b2f9d,1697664163402788888
6a69421f-e399-4db8-897a-d8ef21b5e0a7,707b6ccf-c9d9-4c1d-97f4-516b572b2f9d,1697664163432655555
6a69421f-e399-4db8-897a-d8ef21b5e0a7,707b6ccf-c9d9-4c1d-97f4-516b572b2f9d,1697664163473155555
6a69421f-e399-4db8-897a-d8ef21b5e0a7,707b6ccf-c9d9-4c1d-97f4-516b572b2f9d,1697664163503033333
6a69421f-e399-4db8-897a-d8ef21b5e0a7,707b6ccf-c9d9-4c1d-97f4-516b572b2f9d,1697664163524655555
6a69421f-e399-4db8-897a-d8ef21b5e0a7,707b6ccf-c9d9-4c1d-97f4-516b572b2f9d,1697664163577555555
6a69421f-e399-4db8-897a-d8ef21b5e0a7,707b6ccf-c9d9-4c1d-97f4-516b572b2f9d,1697664163605944444
6a69421f-e399-4db8-897a-d8ef21b5e0a7,707b6ccf-c9d9-4c1d-97f4-516b572b2f9d,1697664163631033333
6a69421f-e399-4db8-897a-d8ef21b5e0a7,707b6ccf-c9d9-4c1d-97f4-516b572b2f9d,1697664163662122222
6a69421f-e399-4db8-897a-d8ef21b5e0a7,707b6ccf-c9d9-4c1d-97f4-516b572b2f9d,1697664163704388888
6a69421f-e399-4db8-897a-d8ef21b5e0a7,707b6ccf-c9d9-4c1d-97f4-516b572b2f9d,1697664163733977777
6a69421f-e399-4db8-897a-d8ef21b5e0a7,707b6ccf-c9d9-4c1d-97f4-516b572b2f9d,1697664163763322222
6a69421f-e399-4db8-897a-d8ef21b5e0a7,707b6ccf-c9d9-4c1d-97f4-516b572b2f9d,1697664163803211111
6a69421f-e399-4db8-897a-d8ef21b5e0a7,707b6ccf-c9d9-4c1d-97f4-516b572b2f9d,1697664163822977777
6a69421f-e399-4db8-897a-d8ef21b5e0a7,707b6ccf-c9d9-4c1d-97f4-516b572b2f9d,1697664163872911111
6a69421f-e399-4db8-897a-d8ef21b5e0a7,707b6ccf-c9d9-4c1d-97f4-516b572b2f9d,1697664163906255555
6a69421f-e399-4db8-897a-d8ef21b5e0a7,707b6ccf-c9d9-4c1d-97f4-516b572b2f9d,1697664163934044444
6a69421f-e399-4db8-897a-d8ef21b5e0a7,707b6ccf-c9d9-4c1d-97f4-516b572b2f9d,1697664163967844444
6a69421f-e399-4db8-897a-d8ef21b5e0a7,707b6ccf-c9d9-4c1d-97f4-516b572b2f9d,1697664164010266666
6a69421f-e399-4db8-897a-d8ef21b5e0a7,707b6ccf-c9d9-4c1d-97f4-516b572b2f9d,1697664164038811111
6a69421f-e399-4db8-897a-d8ef21b5e0a7,707b6ccf-c9d9-4c1d-97f4-516b572b2f9d,1697664164077011111
6a69421f-e399-4db8-897a-d8ef21b5e0a7,707b6ccf-c9d9-4c1d-97f4-516b572b2f9d,1697664164104188888
6a69421f-e399-4db8-897a-d8ef21b5e0a7,707b6ccf-c9d9-4c1d-97f4-516b572b2f9d,1697664164127433333
6a69421f-e399-4db8-897a-d8ef21b5e0a7,707b6ccf-c9d9-4c1d-97f4-516b572b2f9d,1697664164171677777
6a69421f-e399-4db8-897a-d8ef21b5e0a7,707b6ccf-c9d9-4c1d-97f4-516b572b2f9d,1697664164201711111
6a69421f-e399-4db8-897a-d8ef21b5e0a7,707b6ccf-c9d9-4c1d-97f4-516b572b2f9d,1697664164233322222
6a69421f-e399-4db8-897a-d8ef21b5e0a7,707b6ccf-c9d9-4c1d-97f4-516b572b2f9d,1697664164272155555
6a69421f-e399-4db8-897a-d8ef21b5e0a7,707b6ccf-c9d9-4c1d-97f4-516b572b2f9d,1697664164307688888
6a69421f-e399-4db8-897a-d8ef21b5e0a7,707b6ccf-c9d9-4c1d-97f4-516b572b2f9d,1697664164321955555
6a69421f-e399-4db8-897a-d8ef21b5e0a7,707b6ccf-c9d9-4c1d-97f4-516b572b2f9d,1697664164361944444
6a69421f-e399-4db8-897a-d8ef21b5e0a7,707b6ccf-c9d9-4c1d-97f4-516b572b2f9d,1697664164391511111
6a69421f-e399-4db8-897a-d8ef21b5e0a7,707b6ccf-c9d9-4c1d-97f4-516b572b2f9d,1697664164429300000
6a69421f-e399-4db8-897a-d8ef21b5e0a7,707b6ccf-c9d9-4c1d-97f4-516b572b2f9d,1697664164471533333
6a69421f-e399-4db8-897a-d8ef21b5e0a7,707b6ccf-c9d9-4c1d-97f4-516b572b2f9d,1697664164500111111
6a69421f-e399-4db8-897a-d8ef21b5e0a7,707b6ccf-c9d9-4c1d-97f4-516b572b2f9d,1697664164527311111
6a69421f-e399-4db8-897a-d8ef21b5e0a7,707b6ccf-c9d9-4c1d-97f4-516b572b2f9d,1697664164570655555
6a69421f-e399-4db8-897a-d8ef21b5e0a7,707b6ccf-c9d9-4c1d-97f4-516b572b2f9d,1697664164602777777
6a69421f-e399-4db8-897a-d8ef21b5e0a7,707b6ccf-c9d9-4c1d-97f4-516b572b2f9d,1697664164634466666
6a69421f-e399-4db8-897a-d8ef21b5e0a7,707b6ccf-c9d9-4c1d-97f4-516b572b2f9d,1697664164671744444
6a69421f-e399-4db8-897a-d8ef21b5e0a7,707b6ccf-c9d9-4c1d-97f4-516b572b2f9d,1697664164706444444
6a69421f-e399-4db8-897a-d8ef21b5e0a7,707b6ccf-c9d9-4c1d-97f4-516b572b2f9d,1697664164734688888
6a69421f-e399-4db8-897a-d8ef21b5e0a7,707b6ccf-c9d9-4c1d-97f4-516b572b2f9d,1697664164771000000
6a69421f-e399-4db8-897a-d8ef21b5e0a7,707b6ccf-c9d9-4c1d-97f4-516b572b2f9d,1697664164800622222
6a69421f-e399-4db8-897a-d8ef21b5e0a7,707b6ccf-c9d9-4c1d-97f4-516b572b2f9d,1697664164832555555
6a69421f-e399-4db8-897a-d8ef21b5e0a7,707b6ccf-c9d9-4c1d-97f4-516b572b2f9d,1697664164870133333
6a69421f-e399-4db8-897a-d8ef21b5e0a7,707b6ccf-c9d9-4c1d-97f4-516b572b2f9d,1697664164901077777
6a69421f-e399-4db8-897a-d8ef21b5e0a7,707b6ccf-c9d9-4c1d-97f4-516b572b2f9d,1697664164933100000
6a69421f-e399-4db8-897a-d8ef21b5e0a7,707b6ccf-c9d9-4c1d-97f4-516b572b2f9d,1697664164972977777
6a69421f-e399-4db8-897a-d8ef21b5e0a7,707b6ccf-c9d9-4c1d-97f4-516b572b2f9d,1697664164994044444
6a69421f-e399-4db8-897a-d8ef21b5e0a7,707b6ccf-c9d9-4c1d-97f4-516b572b2f9d,1697664165022733333
6a69421f-e399-4db8-897a-d8ef21b5e0a7,707b6ccf-c9d9-4c1d-97f4-516b572b2f9d,1697664165061288888
6a69421f-e399-4db8-897a-d8ef21b5e0a7,707b6ccf-c9d9-4c1d-97f4-516b572b2f9d,1697664165091466666
6a69421f-e399-4db8-897a-d8ef21b5e0a7,707b6ccf-c9d9-4c1d-97f4-516b572b2f9d,1697664165132344444
6a69421f-e399-4db8-897a-d8ef21b5e0a7,707b6ccf-c9d9-4c1d-97f4-516b572b2f9d,1697664165172211111
6a69421f-e399-4db8-897a-d8ef21b5e0a7,707b6ccf-c9d9-4c1d-97f4-516b572b2f9d,1697664165200222222
6a69421f-e399-4db8-897a-d8ef21b5e0a7,707b6ccf-c9d9-4c1d-97f4-516b572b2f9d,1697664165233155555
6a69421f-e399-4db8-897a-d8ef21b5e0a7,707b6ccf-c9d9-4c1d-97f4-516b572b2f9d,1697664165274300000
6a69421f-e399-4db8-897a-d8ef21b5e0a7,707b6ccf-c9d9-4c1d-97f4-516b572b2f9d,1697664165302433333
6a69421f-e399-4db8-897a-d8ef21b5e0a7,707b6ccf-c9d9-4c1d-97f4-516b572b2f9d,1697664165332200000
6a69421f-e399-4db8-897a-d8ef21b5e0a7,707b6ccf-c9d9-4c1d-97f4-516b572b2f9d,1697664165371033333
6a69421f-e399-4db8-897a-d8ef21b5e0a7,707b6ccf-c9d9-4c1d-97f4-516b572b2f9d,1697664165402355555
6a69421f-e399-4db8-897a-d8ef21b5e0a7,707b6ccf-c9d9-4c1d-97f4-516b572b2f9d,1697664165426933333
6a69421f-e399-4db8-897a-d8ef21b5e0a7,707b6ccf-c9d9-4c1d-97f4-516b572b2f9d,1697664165468566666
6a69421f-e399-4db8-897a-d8ef21b5e0a7,707b6ccf-c9d9-4c1d-97f4-516b572b2f9d,1697664165499311111
6a69421f-e399-4db8-897a-d8ef21b5e0a7,707b6ccf-c9d9-4c1d-97f4-516b572b2f9d,1697664165530100000
6a69421f-e399-4db8-897a-d8ef21b5e0a7,707b6ccf-c9d9-4c1d-97f4-516b572b2f9d,1697664165572800000
6a69421f-e399-4db8-897a-d8ef21b5e0a7,707b6ccf-c9d9-4c1d-97f4-516b572b2f9d,1697664165606855555
6a69421f-e399-4db8-897a-d8ef21b5e0a7,707b6ccf-c9d9-4c1d-97f4-516b572b2f9d,1697664165626922222
6a69421f-e399-4db8-897a-d8ef21b5e0a7,707b6ccf-c9d9-4c1d-97f4-516b572b2f9d,1697664165677533333
6a69421f-e399-4db8-897a-d8ef21b5e0a7,707b6ccf-c9d9-4c1d-97f4-516b572b2f9d,1697664165692211111
6a69421f-e399-4db8-897a-d8ef21b5e0a7,707b6ccf-c9d9-4c1d-97f4-516b572b2f9d,1697664165725300000
6a69421f-e399-4db8-897a-d8ef21b5e0a7,707b6ccf-c9d9-4c1d-97f4-516b572b2f9d,1697664165759222222
6a69421f-e399-4db8-897a-d8ef21b5e0a7,707b6ccf-c9d9-4c1d-97f4-516b572b2f9d,1697664165800322222
6a69421f-e399-4db8-897a-d8ef21b5e0a7,707b6ccf-c9d9-4c1d-97f4-516b572b2f9d,1697664165837833333
6a69421f-e399-4db8-897a-d8ef21b5e0a7,707b6ccf-c9d9-4c1d-97f4-516b572b2f9d,1697664165875022222
6a69421f-e399-4db8-897a-d8ef21b5e0a7,707b6ccf-c9d9-4c1d-97f4-516b572b2f9d,1697664165900511111
6a69421f-e399-4db8-897a-d8ef21b5e0a7,707b6ccf-c9d9-4c1d-97f4-516b572b2f9d,1697664165929788888
6a69421f-e399-4db8-897a-d8ef21b5e0a7,707b6ccf-c9d9-4c1d-97f4-516b572b2f9d,1697664165974933333
6a69421f-e399-4db8-897a-d8ef21b5e0a7,707b6ccf-c9d9-4c1d-97f4-516b572b2f9d,1697664166004088888
6a69421f-e399-4db8-897a-d8ef21b5e0a7,707b6ccf-c9d9-4c1d-97f4-516b572b2f9d,1697664166030055555
6a69421f-e399-4db8-897a-d8ef21b5e0a7,707b6ccf-c9d9-4c1d-97f4-516b572b2f9d,1697664166069444444
6a69421f-e399-4db8-897a-d8ef21b5e0a7,707b6ccf-c9d9-4c1d-97f4-516b572b2f9d,1697664166102733333
6a69421f-e399-4db8-897a-d8ef21b5e0a7,707b6ccf-c9d9-4c1d-97f4-516b572b2f9d,1697664166135444444
6a69421f-e399-4db8-897a-d8ef21b5e0a7,707b6ccf-c9d9-4c1d-97f4-516b572b2f9d,1697664166174877777
6a69421f-e399-4db8-897a-d8ef21b5e0a7,707b6ccf-c9d9-4c1d-97f4-516b572b2f9d,1697664166209922222
6a69421f-e399-4db8-897a-d8ef21b5e0a7,707b6ccf-c9d9-4c1d-97f4-516b572b2f9d,1697664166238566666
6a69421f-e399-4db8-897a-d8ef21b5e0a7,707b6ccf-c9d9-4c1d-97f4-516b572b2f9d,1697664166281033333
6a69421f-e399-4db8-897a-d8ef21b5e0a7,707b6ccf-c9d9-4c1d-97f4-516b572b2f9d,1697664166297144444
6a69421f-e399-4db8-897a-d8ef21b5e0a7,707b6ccf-c9d9-4c1d-97f4-516b572b2f9d,1697664166322888888
6a69421f-e399-4db8-897a-d8ef21b5e0a7,707b6ccf-c9d9-4c1d-97f4-516b572b2f9d,1697664166359311111
6a69421f-e399-4db8-897a-d8ef21b5e0a7,707b6ccf-c9d9-4c1d-97f4-516b572b2f9d,1697664166390777777
6a69421f-e399-4db8-897a-d8ef21b5e0a7,707b6ccf-c9d9-4c1d-97f4-516b572b2f9d,1697664166421911111
6a69421f-e399-4db8-897a-d8ef21b5e0a7,707b6ccf-c9d9-4c1d-97f4-516b572b2f9d,1697664166467622222
6a69421f-e399-4db8-897a-d8ef21b5e0a7,707b6ccf-c9d9-4c1d-97f4-516b572b2f9d,1697664166502244444
6a69421f-e399-4db8-897a-d8ef21b5e0a7,707b6ccf-c9d9-4c1d-97f4-516b572b2f9d,1697664166534222222
6a69421f-e399-4db8-897a-d8ef21b5e0a7,707b6ccf-c9d9-4c1d-97f4-516b572b2f9d,1697664166569922222
6a69421f-e399-4db8-897a-d8ef21b5e0a7,707b6ccf-c9d9-4c1d-97f4-516b572b2f9d,1697664166602922222
6a69421f-e399-4db8-897a-d8ef21b5e0a7,707b6ccf-c9d9-4c1d-97f4-516b572b2f9d,1697664166626777777
6a69421f-e399-4db8-897a-d8ef21b5e0a7,707b6ccf-c9d9-4c1d-97f4-516b572b2f9d,1697664166676566666
6a69421f-e399-4db8-897a-d8ef21b5e0a7,707b6ccf-c9d9-4c1d-97f4-516b572b2f9d,1697664166703477777
6a69421f-e399-4db8-897a-d8ef21b5e0a7,707b6ccf-c9d9-4c1d-97f4-516b572b2f9d,1697664166725611111
6a69421f-e399-4db8-897a-d8ef21b5e0a7,707b6ccf-c9d9-4c1d-97f4-516b572b2f9d,1697664166771000000
6a69421f-e399-4db8-897a-d8ef21b5e0a7,707b6ccf-c9d9-4c1d-97f4-516b572b2f9d,1697664166802888888
6a69421f-e399-4db8-897a-d8ef21b5e0a7,707b6ccf-c9d9-4c1d-97f4-516b572b2f9d,1697664166829100000
6a69421f-e399-4db8-897a-d8ef21b5e0a7,707b6ccf-c9d9-4c1d-97f4-516b572b2f9d,1697664166866066666
6a69421f-e399-4db8-897a-d8ef21b5e0a7,707b6ccf-c9d9-4c1d-97f4-516b572b2f9d,1697664166903155555
6a69421f-e399-4db8-897a-d8ef21b5e0a7,707b6ccf-c9d9-4c1d-97f4-516b572b2f9d,1697664166924833333
6a69421f-e399-4db8-897a-d8ef21b5e0a7,707b6ccf-c9d9-4c1d-97f4-516b572b2f9d,1697664166977311111
6a69421f-e399-4db8-897a-d8ef21b5e0a7,707b6ccf-c9d9-4c1d-97f4-516b572b2f9d,1697664166992644444
6a69421f-e399-4db8-897a-d8ef21b5e0a7,707b6ccf-c9d9-4c1d-97f4-516b572b2f9d,1697664167025811111
6a69421f-e399-4db8-897a-d8ef21b5e0a7,707b6ccf-c9d9-4c1d-97f4-516b572b2f9d,1697664167059733333
6a69421f-e399-4db8-897a-d8ef21b5e0a7,707b6ccf-c9d9-4c1d-97f4-516b572b2f9d,1697664167093144444
6a69421f-e399-4db8-897a-d8ef21b5e0a7,707b6ccf-c9d9-4c1d-97f4-516b572b2f9d,1697664167134622222
6a69421f-e399-4db8-897a-d8ef21b5e0a7,707b6ccf-c9d9-4c1d-97f4-516b572b2f9d,1697664167166911111
6a69421f-e399-4db8-897a-d8ef21b5e0a7,707b6ccf-c9d9-4c1d-97f4-516b572b2f9d,1697664167202644444
6a69421f-e399-4db8-897a-d8ef21b5e0a7,707b6ccf-c9d9-4c1d-97f4-516b572b2f9d,1697664167234111111
6a69421f-e399-4db8-897a-d8ef21b5e0a7,707b6ccf-c9d9-4c1d-97f4-516b572b2f9d,1697664167263611111
6a69421f-e399-4db8-897a-d8ef21b5e0a7,707b6ccf-c9d9-4c1d-97f4-516b572b2f9d,1697664167305422222
6a69421f-e399-4db8-897a-d8ef21b5e0a7,707b6ccf-c9d9-4c1d-97f4-516b572b2f9d,1697664167342500000
6a69421f-e399-4db8-897a-d8ef21b5e0a7,707b6ccf-c9d9-4c1d-97f4-516b572b2f9d,1697664167357844444
6a69421f-e399-4db8-897a-d8ef21b5e0a7,707b6ccf-c9d9-4c1d-97f4-516b572b2f9d,1697664167408633333
6a69421f-e399-4db8-897a-d8ef21b5e0a7,707b6ccf-c9d9-4c1d-97f4-516b572b2f9d,1697664167433655555
6a69421f-e399-4db8-897a-d8ef21b5e0a7,707b6ccf-c9d9-4c1d-97f4-516b572b2f9d,1697664167467311111
6a69421f-e399-4db8-897a-d8ef21b5e0a7,707b6ccf-c9d9-4c1d-97f4-516b572b2f9d,1697664167501700000
6a69421f-e399-4db8-897a-d8ef21b5e0a7,707b6ccf-c9d9-4c1d-97f4-516b572b2f9d,1697664167544488888
6a69421f-e399-4db8-897a-d8ef21b5e0a7,707b6ccf-c9d9-4c1d-97f4-516b572b2f9d,1697664167554144444
6a69421f-e399-4db8-897a-d8ef21b5e0a7,707b6ccf-c9d9-4c1d-97f4-516b572b2f9d,1697664167598433333
6a69421f-e399-4db8-897a-d8ef21b5e0a7,707b6ccf-c9d9-4c1d-97f4-516b572b2f9d,1697664167623822222
6a69421f-e399-4db8-897a-d8ef21b5e0a7,707b6ccf-c9d9-4c1d-97f4-516b572b2f9d,1697664167676855555
6a69421f-e399-4db8-897a-d8ef21b5e0a7,707b6ccf-c9d9-4c1d-97f4-516b572b2f9d,1697664167692177777
6a69421f-e399-4db8-897a-d8ef21b5e0a7,707b6ccf-c9d9-4c1d-97f4-516b572b2f9d,1697664167722511111
6a69421f-e399-4db8-897a-d8ef21b5e0a7,707b6ccf-c9d9-4c1d-97f4-516b572b2f9d,1697664167754000000
6a69421f-e399-4db8-897a-d8ef21b5e0a7,707b6ccf-c9d9-4c1d-97f4-516b572b2f9d,1697664167808011111
6a69421f-e399-4db8-897a-d8ef21b5e0a7,707b6ccf-c9d9-4c1d-97f4-516b572b2f9d,1697664167837444444
6a69421f-e399-4db8-897a-d8ef21b5e0a7,707b6ccf-c9d9-4c1d-97f4-516b572b2f9d,1697664167875266666
6a69421f-e399-4db8-897a-d8ef21b5e0a7,707b6ccf-c9d9-4c1d-97f4-516b572b2f9d,1697664167903511111
6a69421f-e399-4db8-897a-d8ef21b5e0a7,707b6ccf-c9d9-4c1d-97f4-516b572b2f9d,1697664167928422222
6a69421f-e399-4db8-897a-d8ef21b5e0a7,707b6ccf-c9d9-4c1d-97f4-516b572b2f9d,1697664167965844444
6a69421f-e399-4db8-897a-d8ef21b5e0a7,707b6ccf-c9d9-4c1d-97f4-516b572b2f9d,1697664168009611111
6a69421f-e399-4db8-897a-d8ef21b5e0a7,707b6ccf-c9d9-4c1d-97f4-516b572b2f9d,1697664168033044444
6a69421f-e399-4db8-897a-d8ef21b5e0a7,707b6ccf-c9d9-4c1d-97f4-516b572b2f9d,1697664168073155555
6a69421f-e399-4db8-897a-d8ef21b5e0a7,707b6ccf-c9d9-4c1d-97f4-516b572b2f9d,1697664168102755555
6a69421f-e399-4db8-897a-d8ef21b5e0a7,707b6ccf-c9d9-4c1d-97f4-516b572b2f9d,1697664168126022222
6a69421f-e399-4db8-897a-d8ef21b5e0a7,707b6ccf-c9d9-4c1d-97f4-516b572b2f9d,1697664168171211111
6a69421f-e399-4db8-897a-d8ef21b5e0a7,707b6ccf-c9d9-4c1d-97f4-516b572b2f9d,1697664168205644444
6a69421f-e399-4db8-897a-d8ef21b5e0a7,707b6ccf-c9d9-4c1d-97f4-516b572b2f9d,1697664168237400000
6a69421f-e399-4db8-897a-d8ef21b5e0a7,707b6ccf-c9d9-4c1d-97f4-516b572b2f9d,1697664168264600000
6a69421f-e399-4db8-897a-d8ef21b5e0a7,707b6ccf-c9d9-4c1d-97f4-516b572b2f9d,1697664168303466666
6a69421f-e399-4db8-897a-d8ef21b5e0a7,707b6ccf-c9d9-4c1d-97f4-516b572b2f9d,1697664168322200000
6a69421f-e399-4db8-897a-d8ef21b5e0a7,707b6ccf-c9d9-4c1d-97f4-516b572b2f9d,1697664168358911111
6a69421f-e399-4db8-897a-d8ef21b5e0a7,707b6ccf-c9d9-4c1d-97f4-516b572b2f9d,1697664168391211111
6a69421f-e399-4db8-897a-d8ef21b5e0a7,707b6ccf-c9d9-4c1d-97f4-516b572b2f9d,1697664168430544444
6a69421f-e399-4db8-897a-d8ef21b5e0a7,707b6ccf-c9d9-4c1d-97f4-516b572b2f9d,1697664168466611111
6a69421f-e399-4db8-897a-d8ef21b5e0a7,707b6ccf-c9d9-4c1d-97f4-516b572b2f9d,1697664168502966666
6a69421f-e399-4db8-897a-d8ef21b5e0a7,707b6ccf-c9d9-4c1d-97f4-516b572b2f9d,1697664168527377777
6a69421f-e399-4db8-897a-d8ef21b5e0a7,707b6ccf-c9d9-4c1d-97f4-516b572b2f9d,1697664168568788888
6a69421f-e399-4db8-897a-d8ef21b5e0a7,707b6ccf-c9d9-4c1d-97f4-516b572b2f9d,1697664168603744444
6a69421f-e399-4db8-897a-d8ef21b5e0a7,707b6ccf-c9d9-4c1d-97f4-516b572b2f9d,1697664168640244444
6a69421f-e399-4db8-897a-d8ef21b5e0a7,707b6ccf-c9d9-4c1d-97f4-516b572b2f9d,1697664168657333333
6a69421f-e399-4db8-897a-d8ef21b5e0a7,707b6ccf-c9d9-4c1d-97f4-516b572b2f9d,1697664168714588888
6a69421f-e399-4db8-897a-d8ef21b5e0a7,707b6ccf-c9d9-4c1d-97f4-516b572b2f9d,1697664168738988888
6a69421f-e399-4db8-897a-d8ef21b5e0a7,707b6ccf-c9d9-4c1d-97f4-516b572b2f9d,1697664168769622222
6a69421f-e399-4db8-897a-d8ef21b5e0a7,707b6ccf-c9d9-4c1d-97f4-516b572b2f9d,1697664168802777777
6a69421f-e399-4db8-897a-d8ef21b5e0a7,707b6ccf-c9d9-4c1d-97f4-516b572b2f9d,1697664168825311111
6a69421f-e399-4db8-897a-d8ef21b5e0a7,707b6ccf-c9d9-4c1d-97f4-516b572b2f9d,1697664168868433333
6a69421f-e399-4db8-897a-d8ef21b5e0a7,707b6ccf-c9d9-4c1d-97f4-516b572b2f9d,1697664168906733333
6a69421f-e399-4db8-897a-d8ef21b5e0a7,707b6ccf-c9d9-4c1d-97f4-516b572b2f9d,1697664168925588888
6a69421f-e399-4db8-897a-d8ef21b5e0a7,707b6ccf-c9d9-4c1d-97f4-516b572b2f9d,1697664168955600000
6a69421f-e399-4db8-897a-d8ef21b5e0a7,707b6ccf-c9d9-4c1d-97f4-516b572b2f9d,1697664169007566666
6a69421f-e399-4db8-897a-d8ef21b5e0a7,707b6ccf-c9d9-4c1d-97f4-516b572b2f9d,1697664169023633333
6a69421f-e399-4db8-897a-d8ef21b5e0a7,707b6ccf-c9d9-4c1d-97f4-516b572b2f9d,1697664169060377777
6a69421f-e399-4db8-897a-d8ef21b5e0a7,707b6ccf-c9d9-4c1d-97f4-516b572b2f9d,1697664169096811111
6a69421f-e399-4db8-897a-d8ef21b5e0a7,707b6ccf-c9d9-4c1d-97f4-516b572b2f9d,1697664169132622222
6a69421f-e399-4db8-897a-d8ef21b5e0a7,707b6ccf-c9d9-4c1d-97f4-516b572b2f9d,1697664169168633333
6a69421f-e399-4db8-897a-d8ef21b5e0a7,707b6ccf-c9d9-4c1d-97f4-516b572b2f9d,1697664169203211111
6a69421f-e399-4db8-897a-d8ef21b5e0a7,707b6ccf-c9d9-4c1d-97f4-516b572b2f9d,1697664169227988888
6a69421f-e399-4db8-897a-d8ef21b5e0a7,707b6ccf-c9d9-4c1d-97f4-516b572b2f9d,1697664169268033333
6a69421f-e399-4db8-897a-d8ef21b5e0a7,707b6ccf-c9d9-4c1d-97f4-516b572b2f9d,1697664169302888888
6a69421f-e399-4db8-897a-d8ef21b5e0a7,707b6ccf-c9d9-4c1d-97f4-516b572b2f9d,1697664169333722222
6a69421f-e399-4db8-897a-d8ef21b5e0a7,707b6ccf-c9d9-4c1d-97f4-516b572b2f9d,1697664169364088888
6a69421f-e399-4db8-897a-d8ef21b5e0a7,707b6ccf-c9d9-4c1d-97f4-516b572b2f9d,1697664169402700000
6a69421f-e399-4db8-897a-d8ef21b5e0a7,707b6ccf-c9d9-4c1d-97f4-516b572b2f9d,1697664169435177777
6a69421f-e399-4db8-897a-d8ef21b5e0a7,707b6ccf-c9d9-4c1d-97f4-516b572b2f9d,1697664169467744444
6a69421f-e399-4db8-897a-d8ef21b5e0a7,707b6ccf-c9d9-4c1d-97f4-516b572b2f9d,1697664169514977777
6a69421f-e399-4db8-897a-d8ef21b5e0a7,707b6ccf-c9d9-4c1d-97f4-516b572b2f9d,1697664169530055555
6a69421f-e399-4db8-897a-d8ef21b5e0a7,707b6ccf-c9d9-4c1d-97f4-516b572b2f9d,1697664169571388888
6a69421f-e399-4db8-897a-d8ef21b5e0a7,707b6ccf-c9d9-4c1d-97f4-516b572b2f9d,1697664169593233333
6a69421f-e399-4db8-897a-d8ef21b5e0a7,707b6ccf-c9d9-4c1d-97f4-516b572b2f9d,1697664169634677777
6a69421f-e399-4db8-897a-d8ef21b5e0a7,707b6ccf-c9d9-4c1d-97f4-516b572b2f9d,1697664169660577777
6a69421f-e399-4db8-897a-d8ef21b5e0a7,707b6ccf-c9d9-4c1d-97f4-516b572b2f9d,1697664169695311111
6a69421f-e399-4db8-897a-d8ef21b5e0a7,707b6ccf-c9d9-4c1d-97f4-516b572b2f9d,1697664169723066666
6a69421f-e399-4db8-897a-d8ef21b5e0a7,707b6ccf-c9d9-4c1d-97f4-516b572b2f9d,1697664169764544444
6a69421f-e399-4db8-897a-d8ef21b5e0a7,707b6ccf-c9d9-4c1d-97f4-516b572b2f9d,1697664169810311111
6a69421f-e399-4db8-897a-d8ef21b5e0a7,707b6ccf-c9d9-4c1d-97f4-516b572b2f9d,1697664169839833333
6a69421f-e399-4db8-897a-d8ef21b5e0a7,707b6ccf-c9d9-4c1d-97f4-516b572b2f9d,1697664169864733333
6a69421f-e399-4db8-897a-d8ef21b5e0a7,707b6ccf-c9d9-4c1d-97f4-516b572b2f9d,1697664169902211111
6a69421f-e399-4db8-897a-d8ef21b5e0a7,707b6ccf-c9d9-4c1d-97f4-516b572b2f9d,1697664169927244444
6a69421f-e399-4db8-897a-d8ef21b5e0a7,707b6ccf-c9d9-4c1d-97f4-516b572b2f9d,1697664169965011111
6a69421f-e399-4db8-897a-d8ef21b5e0a7,707b6ccf-c9d9-4c1d-97f4-516b572b2f9d,1697664169999400000
6a69421f-e399-4db8-897a-d8ef21b5e0a7,707b6ccf-c9d9-4c1d-97f4-516b572b2f9d,1697664170034344444
6a69421f-e399-4db8-897a-d8ef21b5e0a7,707b6ccf-c9d9-4c1d-97f4-516b572b2f9d,1697664170064177777
6a69421f-e399-4db8-897a-d8ef21b5e0a7,707b6ccf-c9d9-4c1d-97f4-516b572b2f9d,1697664170100322222
6a69421f-e399-4db8-897a-d8ef21b5e0a7,707b6ccf-c9d9-4c1d-97f4-516b572b2f9d,1697664170136000000
6a69421f-e399-4db8-897a-d8ef21b5e0a7,707b6ccf-c9d9-4c1d-97f4-516b572b2f9d,1697664170168933333
6a69421f-e399-4db8-897a-d8ef21b5e0a7,707b6ccf-c9d9-4c1d-97f4-516b572b2f9d,1697664170203411111
6a69421f-e399-4db8-897a-d8ef21b5e0a7,707b6ccf-c9d9-4c1d-97f4-516b572b2f9d,1697664170235988888
6a69421f-e399-4db8-897a-d8ef21b5e0a7,707b6ccf-c9d9-4c1d-97f4-516b572b2f9d,1697664170263111111
6a69421f-e399-4db8-897a-d8ef21b5e0a7,707b6ccf-c9d9-4c1d-97f4-516b572b2f9d,1697664170286400000
6a69421f-e399-4db8-897a-d8ef21b5e0a7,707b6ccf-c9d9-4c1d-97f4-516b572b2f9d,1697664170344555555
6a69421f-e399-4db8-897a-d8ef21b5e0a7,707b6ccf-c9d9-4c1d-97f4-516b572b2f9d,1697664170354566666
6a69421f-e399-4db8-897a-d8ef21b5e0a7,707b6ccf-c9d9-4c1d-97f4-516b572b2f9d,1697664170386633333
6a69421f-e399-4db8-897a-d8ef21b5e0a7,707b6ccf-c9d9-4c1d-97f4-516b572b2f9d,1697664170431211111
6a69421f-e399-4db8-897a-d8ef21b5e0a7,707b6ccf-c9d9-4c1d-97f4-516b572b2f9d,1697664170461800000
6a69421f-e399-4db8-897a-d8ef21b5e0a7,707b6ccf-c9d9-4c1d-97f4-516b572b2f9d,1697664170502833333
6a69421f-e399-4db8-897a-d8ef21b5e0a7,707b6ccf-c9d9-4c1d-97f4-516b572b2f9d,1697664170538611111
6a69421f-e399-4db8-897a-d8ef21b5e0a7,707b6ccf-c9d9-4c1d-97f4-516b572b2f9d,1697664170565944444
6a69421f-e399-4db8-897a-d8ef21b5e0a7,707b6ccf-c9d9-4c1d-97f4-516b572b2f9d,1697664170602455555
6a69421f-e399-4db8-897a-d8ef21b5e0a7,707b6ccf-c9d9-4c1d-97f4-516b572b2f9d,1697664170624122222
6a69421f-e399-4db8-897a-d8ef21b5e0a7,707b6ccf-c9d9-4c1d-97f4-516b572b2f9d,1697664170663488888
6a69421f-e399-4db8-897a-d8ef21b5e0a7,707b6ccf-c9d9-4c1d-97f4-516b572b2f9d,1697664170708177777
6a69421f-e399-4db8-897a-d8ef21b5e0a7,707b6ccf-c9d9-4c1d-97f4-516b572b2f9d,1697664170732633333
6a69421f-e399-4db8-897a-d8ef21b5e0a7,707b6ccf-c9d9-4c1d-97f4-516b572b2f9d,1697664170769200000
6a69421f-e399-4db8-897a-d8ef21b5e0a7,707b6ccf-c9d9-4c1d-97f4-516b572b2f9d,1697664170796644444
6a69421f-e399-4db8-897a-d8ef21b5e0a7,707b6ccf-c9d9-4c1d-97f4-516b572b2f9d,1697664170834133333
6a69421f-e399-4db8-897a-d8ef21b5e0a7,707b6ccf-c9d9-4c1d-97f4-516b572b2f9d,1697664170866711111
6a69421f-e399-4db8-897a-d8ef21b5e0a7,707b6ccf-c9d9-4c1d-97f4-516b572b2f9d,1697664170897200000
6a69421f-e399-4db8-897a-d8ef21b5e0a7,707b6ccf-c9d9-4c1d-97f4-516b572b2f9d,1697664170943600000
6a69421f-e399-4db8-897a-d8ef21b5e0a7,707b6ccf-c9d9-4c1d-97f4-516b572b2f9d,1697664170960333333
6a69421f-e399-4db8-897a-d8ef21b5e0a7,707b6ccf-c9d9-4c1d-97f4-516b572b2f9d,1697664170986155555
6a69421f-e399-4db8-897a-d8ef21b5e0a7,707b6ccf-c9d9-4c1d-97f4-516b572b2f9d,1697664171023977777
6a69421f-e399-4db8-897a-d8ef21b5e0a7,707b6ccf-c9d9-4c1d-97f4-516b572b2f9d,1697664171070255555
6a69421f-e399-4db8-897a-d8ef21b5e0a7,707b6ccf-c9d9-4c1d-97f4-516b572b2f9d,1697664171097044444
6a69421f-e399-4db8-897a-d8ef21b5e0a7,707b6ccf-c9d9-4c1d-97f4-516b572b2f9d,1697664171132700000
6a69421f-e399-4db8-897a-d8ef21b5e0a7,707b6ccf-c9d9-4c1d-97f4-516b572b2f9d,1697664171165433333
6a69421f-e399-4db8-897a-d8ef21b5e0a7,707b6ccf-c9d9-4c1d-97f4-516b572b2f9d,1697664171198655555
6a69421f-e399-4db8-897a-d8ef21b5e0a7,707b6ccf-c9d9-4c1d-97f4-516b572b2f9d,1697664171234911111
6a69421f-e399-4db8-897a-d8ef21b5e0a7,707b6ccf-c9d9-4c1d-97f4-516b572b2f9d,1697664171270077777
6a69421f-e399-4db8-897a-d8ef21b5e0a7,707b6ccf-c9d9-4c1d-97f4-516b572b2f9d,1697664171300766666
6a69421f-e399-4db8-897a-d8ef21b5e0a7,707b6ccf-c9d9-4c1d-97f4-516b572b2f9d,1697664171328744444
6a69421f-e399-4db8-897a-d8ef21b5e0a7,707b6ccf-c9d9-4c1d-97f4-516b572b2f9d,1697664171367811111
6a69421f-e399-4db8-897a-d8ef21b5e0a7,707b6ccf-c9d9-4c1d-97f4-516b572b2f9d,1697664171397488888
6a69421f-e399-4db8-897a-d8ef21b5e0a7,707b6ccf-c9d9-4c1d-97f4-516b572b2f9d,1697664171434555555
6a69421f-e399-4db8-897a-d8ef21b5e0a7,707b6ccf-c9d9-4c1d-97f4-516b572b2f9d,1697664171466922222
6a69421f-e399-4db8-897a-d8ef21b5e0a7,707b6ccf-c9d9-4c1d-97f4-516b572b2f9d,1697664171499222222
6a69421f-e399-4db8-897a-d8ef21b5e0a7,707b6ccf-c9d9-4c1d-97f4-516b572b2f9d,1697664171533788888
6a69421f-e399-4db8-897a-d8ef21b5e0a7,707b6ccf-c9d9-4c1d-97f4-516b572b2f9d,1697664171569800000
6a69421f-e399-4db8-897a-d8ef21b5e0a7,707b6ccf-c9d9-4c1d-97f4-516b572b2f9d,1697664171604944444
6a69421f-e399-4db8-897a-d8ef21b5e0a7,707b6ccf-c9d9-4c1d-97f4-516b572b2f9d,1697664171627377777
6a69421f-e399-4db8-897a-d8ef21b5e0a7,707b6ccf-c9d9-4c1d-97f4-516b572b2f9d,1697664171660333333
6a69421f-e399-4db8-897a-d8ef21b5e0a7,707b6ccf-c9d9-4c1d-97f4-516b572b2f9d,1697664171692222222
6a69421f-e399-4db8-897a-d8ef21b5e0a7,707b6ccf-c9d9-4c1d-97f4-516b572b2f9d,1697664171725511111
6a69421f-e399-4db8-897a-d8ef21b5e0a7,707b6ccf-c9d9-4c1d-97f4-516b572b2f9d,1697664171766855555
6a69421f-e399-4db8-897a-d8ef21b5e0a7,707b6ccf-c9d9-4c1d-97f4-516b572b2f9d,1697664171795211111
6a69421f-e399-4db8-897a-d8ef21b5e0a7,707b6ccf-c9d9-4c1d-97f4-516b572b2f9d,1697664171832055555
6a69421f-e399-4db8-897a-d8ef21b5e0a7,707b6ccf-c9d9-4c1d-97f4-516b572b2f9d,1697664171872166666
6a69421f-e399-4db8-897a-d8ef21b5e0a7,707b6ccf-c9d9-4c1d-97f4-516b572b2f9d,1697664171895966666
6a69421f-e399-4db8-897a-d8ef21b5e0a7,707b6ccf-c9d9-4c1d-97f4-516b572b2f9d,1697664171933088888
6a69421f-e399-4db8-897a-d8ef21b5e0a7,707b6ccf-c9d9-4c1d-97f4-516b572b2f9d,1697664171965177777
6a69421f-e399-4db8-897a-d8ef21b5e0a7,707b6ccf-c9d9-4c1d-97f4-516b572b2f9d,1697664171997188888
6a69421f-e399-4db8-897a-d8ef21b5e0a7,707b6ccf-c9d9-4c1d-97f4-516b572b2f9d,1697664172038000000
6a69421f-e399-4db8-897a-d8ef21b5e0a7,707b6ccf-c9d9-4c1d-97f4-516b572b2f9d,1697664172072811111
6a69421f-e399-4db8-897a-d8ef21b5e0a7,707b6ccf-c9d9-4c1d-97f4-516b572b2f9d,1697664172103177777
6a69421f-e399-4db8-897a-d8ef21b5e0a7,707b6ccf-c9d9-4c1d-97f4-516b572b2f9d,1697664172131188888
6a69421f-e399-4db8-897a-d8ef21b5e0a7,707b6ccf-c9d9-4c1d-97f4-516b572b2f9d,1697664172170600000
6a69421f-e399-4db8-897a-d8ef21b5e0a7,707b6ccf-c9d9-4c1d-97f4-516b572b2f9d,1697664172201211111
6a69421f-e399-4db8-897a-d8ef21b5e0a7,707b6ccf-c9d9-4c1d-97f4-516b572b2f9d,1697664172228333333
6a69421f-e399-4db8-897a-d8ef21b5e0a7,707b6ccf-c9d9-4c1d-97f4-516b572b2f9d,1697664172259044444
6a69421f-e399-4db8-897a-d8ef21b5e0a7,707b6ccf-c9d9-4c1d-97f4-516b572b2f9d,1697664172289833333
6a69421f-e399-4db8-897a-d8ef21b5e0a7,707b6ccf-c9d9-4c1d-97f4-516b572b2f9d,1697664172324155555
6a69421f-e399-4db8-897a-d8ef21b5e0a7,707b6ccf-c9d9-4c1d-97f4-516b572b2f9d,1697664172378877777
6a69421f-e399-4db8-897a-d8ef21b5e0a7,707b6ccf-c9d9-4c1d-97f4-516b572b2f9d,1697664172399688888
6a69421f-e399-4db8-897a-d8ef21b5e0a7,707b6ccf-c9d9-4c1d-97f4-516b572b2f9d,1697664172430811111
6a69421f-e399-4db8-897a-d8ef21b5e0a7,707b6ccf-c9d9-4c1d-97f4-516b572b2f9d,1697664172470100000
6a69421f-e399-4db8-897a-d8ef21b5e0a7,707b6ccf-c9d9-4c1d-97f4-516b572b2f9d,1697664172499266666
6a69421f-e399-4db8-897a-d8ef21b5e0a7,707b6ccf-c9d9-4c1d-97f4-516b572b2f9d,1697664172533577777
6a69421f-e399-4db8-897a-d8ef21b5e0a7,707b6ccf-c9d9-4c1d-97f4-516b572b2f9d,1697664172565466666
6a69421f-e399-4db8-897a-d8ef21b5e0a7,707b6ccf-c9d9-4c1d-97f4-516b572b2f9d,1697664172600944444
6a69421f-e399-4db8-897a-d8ef21b5e0a7,707b6ccf-c9d9-4c1d-97f4-516b572b2f9d,1697664172628455555
6a69421f-e399-4db8-897a-d8ef21b5e0a7,707b6ccf-c9d9-4c1d-97f4-516b572b2f9d,1697664172668033333
6a69421f-e399-4db8-897a-d8ef21b5e0a7,707b6ccf-c9d9-4c1d-97f4-516b572b2f9d,1697664172698233333
6a69421f-e399-4db8-897a-d8ef21b5e0a7,707b6ccf-c9d9-4c1d-97f4-516b572b2f9d,1697664172734522222
6a69421f-e399-4db8-897a-d8ef21b5e0a7,707b6ccf-c9d9-4c1d-97f4-516b572b2f9d,1697664172763766666
6a69421f-e399-4db8-897a-d8ef21b5e0a7,707b6ccf-c9d9-4c1d-97f4-516b572b2f9d,1697664172797655555
6a69421f-e399-4db8-897a-d8ef21b5e0a7,707b6ccf-c9d9-4c1d-97f4-516b572b2f9d,1697664172833655555
6a69421f-e399-4db8-897a-d8ef21b5e0a7,707b6ccf-c9d9-4c1d-97f4-516b572b2f9d,1697664172865266666
6a69421f-e399-4db8-897a-d8ef21b5e0a7,707b6ccf-c9d9-4c1d-97f4-516b572b2f9d,1697664172903300000
6a69421f-e399-4db8-897a-d8ef21b5e0a7,707b6ccf-c9d9-4c1d-97f4-516b572b2f9d,1697664172928911111
6a69421f-e399-4db8-897a-d8ef21b5e0a7,707b6ccf-c9d9-4c1d-97f4-516b572b2f9d,1697664172953522222
6a69421f-e399-4db8-897a-d8ef21b5e0a7,707b6ccf-c9d9-4c1d-97f4-516b572b2f9d,1697664173001122222
6a69421f-e399-4db8-897a-d8ef21b5e0a7,707b6ccf-c9d9-4c1d-97f4-516b572b2f9d,1697664173033111111
6a69421f-e399-4db8-897a-d8ef21b5e0a7,707b6ccf-c9d9-4c1d-97f4-516b572b2f9d,1697664173069488888
6a69421f-e399-4db8-897a-d8ef21b5e0a7,707b6ccf-c9d9-4c1d-97f4-516b572b2f9d,1697664173098933333
6a69421f-e399-4db8-897a-d8ef21b5e0a7,707b6ccf-c9d9-4c1d-97f4-516b572b2f9d,1697664173137333333
6a69421f-e399-4db8-897a-d8ef21b5e0a7,707b6ccf-c9d9-4c1d-97f4-516b572b2f9d,1697664173165822222
6a69421f-e399-4db8-897a-d8ef21b5e0a7,707b6ccf-c9d9-4c1d-97f4-516b572b2f9d,1697664173198311111
6a69421f-e399-4db8-897a-d8ef21b5e0a7,707b6ccf-c9d9-4c1d-97f4-516b572b2f9d,1697664173233633333
6a69421f-e399-4db8-897a-d8ef21b5e0a7,707b6ccf-c9d9-4c1d-97f4-516b572b2f9d,1697664173270700000
6a69421f-e399-4db8-897a-d8ef21b5e0a7,707b6ccf-c9d9-4c1d-97f4-516b572b2f9d,1697664173300566666
6a69421f-e399-4db8-897a-d8ef21b5e0a7,707b6ccf-c9d9-4c1d-97f4-516b572b2f9d,1697664173329611111
6a69421f-e399-4db8-897a-d8ef21b5e0a7,707b6ccf-c9d9-4c1d-97f4-516b572b2f9d,1697664173372655555
6a69421f-e399-4db8-897a-d8ef21b5e0a7,707b6ccf-c9d9-4c1d-97f4-516b572b2f9d,1697664173402522222
6a69421f-e399-4db8-897a-d8ef21b5e0a7,707b6ccf-c9d9-4c1d-97f4-516b572b2f9d,1697664173421922222
6a69421f-e399-4db8-897a-d8ef21b5e0a7,707b6ccf-c9d9-4c1d-97f4-516b572b2f9d,1697664173467588888
6a69421f-e399-4db8-897a-d8ef21b5e0a7,707b6ccf-c9d9-4c1d-97f4-516b572b2f9d,1697664173501211111
6a69421f-e399-4db8-897a-d8ef21b5e0a7,707b6ccf-c9d9-4c1d-97f4-516b572b2f9d,1697664173521777777
6a69421f-e399-4db8-897a-d8ef21b5e0a7,707b6ccf-c9d9-4c1d-97f4-516b572b2f9d,1697664173565877777
6a69421f-e399-4db8-897a-d8ef21b5e0a7,707b6ccf-c9d9-4c1d-97f4-516b572b2f9d,1697664173593011111
6a69421f-e399-4db8-897a-d8ef21b5e0a7,707b6ccf-c9d9-4c1d-97f4-516b572b2f9d,1697664173618755555
6a69421f-e399-4db8-897a-d8ef21b5e0a7,707b6ccf-c9d9-4c1d-97f4-516b572b2f9d,1697664173673888888
6a69421f-e399-4db8-897a-d8ef21b5e0a7,707b6ccf-c9d9-4c1d-97f4-516b572b2f9d,1697664173686888888
6a69421f-e399-4db8-897a-d8ef21b5e0a7,707b6ccf-c9d9-4c1d-97f4-516b572b2f9d,1697664173737711111
6a69421f-e399-4db8-897a-d8ef21b5e0a7,707b6ccf-c9d9-4c1d-97f4-516b572b2f9d,1697664173764944444
6a69421f-e399-4db8-897a-d8ef21b5e0a7,707b6ccf-c9d9-4c1d-97f4-516b572b2f9d,1697664173800266666
6a69421f-e399-4db8-897a-d8ef21b5e0a7,707b6ccf-c9d9-4c1d-97f4-516b572b2f9d,1697664173832100000
6a69421f-e399-4db8-897a-d8ef21b5e0a7,707b6ccf-c9d9-4c1d-97f4-516b572b2f9d,1697664173866355555
6a69421f-e399-4db8-897a-d8ef21b5e0a7,707b6ccf-c9d9-4c1d-97f4-516b572b2f9d,1697664173899622222
6a69421f-e399-4db8-897a-d8ef21b5e0a7,707b6ccf-c9d9-4c1d-97f4-516b572b2f9d,1697664173930888888
6a69421f-e399-4db8-897a-d8ef21b5e0a7,707b6ccf-c9d9-4c1d-97f4-516b572b2f9d,1697664173965700000
6a69421f-e399-4db8-897a-d8ef21b5e0a7,707b6ccf-c9d9-4c1d-97f4-516b572b2f9d,1697664173998088888
6a69421f-e399-4db8-897a-d8ef21b5e0a7,707b6ccf-c9d9-4c1d-97f4-516b572b2f9d,1697664174030244444
6a69421f-e399-4db8-897a-d8ef21b5e0a7,707b6ccf-c9d9-4c1d-97f4-516b572b2f9d,1697664174069055555
6a69421f-e399-4db8-897a-d8ef21b5e0a7,707b6ccf-c9d9-4c1d-97f4-516b572b2f9d,1697664174099133333
6a69421f-e399-4db8-897a-d8ef21b5e0a7,707b6ccf-c9d9-4c1d-97f4-516b572b2f9d,1697664174130222222
6a69421f-e399-4db8-897a-d8ef21b5e0a7,707b6ccf-c9d9-4c1d-97f4-516b572b2f9d,1697664174169955555
6a69421f-e399-4db8-897a-d8ef21b5e0a7,707b6ccf-c9d9-4c1d-97f4-516b572b2f9d,1697664174197888888
6a69421f-e399-4db8-897a-d8ef21b5e0a7,707b6ccf-c9d9-4c1d-97f4-516b572b2f9d,1697664174229977777
6a69421f-e399-4db8-897a-d8ef21b5e0a7,707b6ccf-c9d9-4c1d-97f4-516b572b2f9d,1697664174270911111
6a69421f-e399-4db8-897a-d8ef21b5e0a7,707b6ccf-c9d9-4c1d-97f4-516b572b2f9d,1697664174286177777
6a69421f-e399-4db8-897a-d8ef21b5e0a7,707b6ccf-c9d9-4c1d-97f4-516b572b2f9d,1697664174320477777
6a69421f-e399-4db8-897a-d8ef21b5e0a7,707b6ccf-c9d9-4c1d-97f4-516b572b2f9d,1697664174355733333
6a69421f-e399-4db8-897a-d8ef21b5e0a7,707b6ccf-c9d9-4c1d-97f4-516b572b2f9d,1697664174400988888
6a69421f-e399-4db8-897a-d8ef21b5e0a7,707b6ccf-c9d9-4c1d-97f4-516b572b2f9d,1697664174417455555
6a69421f-e399-4db8-897a-d8ef21b5e0a7,707b6ccf-c9d9-4c1d-97f4-516b572b2f9d,1697664174471955555
6a69421f-e399-4db8-897a-d8ef21b5e0a7,707b6ccf-c9d9-4c1d-97f4-516b572b2f9d,1697664174499666666
6a69421f-e399-4db8-897a-d8ef21b5e0a7,707b6ccf-c9d9-4c1d-97f4-516b572b2f9d,1697664174534411111
6a69421f-e399-4db8-897a-d8ef21b5e0a7,707b6ccf-c9d9-4c1d-97f4-516b572b2f9d,1697664174567244444
6a69421f-e399-4db8-897a-d8ef21b5e0a7,707b6ccf-c9d9-4c1d-97f4-516b572b2f9d,1697664174602111111
6a69421f-e399-4db8-897a-d8ef21b5e0a7,707b6ccf-c9d9-4c1d-97f4-516b572b2f9d,1697664174619566666
6a69421f-e399-4db8-897a-d8ef21b5e0a7,707b6ccf-c9d9-4c1d-97f4-516b572b2f9d,1697664174673133333
6a69421f-e399-4db8-897a-d8ef21b5e0a7,707b6ccf-c9d9-4c1d-97f4-516b572b2f9d,1697664174703144444
6a69421f-e399-4db8-897a-d8ef21b5e0a7,707b6ccf-c9d9-4c1d-97f4-516b572b2f9d,1697664174724588888
6a69421f-e399-4db8-897a-d8ef21b5e0a7,707b6ccf-c9d9-4c1d-97f4-516b572b2f9d,1697664174771400000
6a69421f-e399-4db8-897a-d8ef21b5e0a7,707b6ccf-c9d9-4c1d-97f4-516b572b2f9d,1697664174801288888
6a69421f-e399-4db8-897a-d8ef21b5e0a7,707b6ccf-c9d9-4c1d-97f4-516b572b2f9d,1697664174820366666
6a69421f-e399-4db8-897a-d8ef21b5e0a7,707b6ccf-c9d9-4c1d-97f4-516b572b2f9d,1697664174865055555
6a69421f-e399-4db8-897a-d8ef21b5e0a7,707b6ccf-c9d9-4c1d-97f4-516b572b2f9d,1697664174897733333
6a69421f-e399-4db8-897a-d8ef21b5e0a7,707b6ccf-c9d9-4c1d-97f4-516b572b2f9d,1697664174925133333
6a69421f-e399-4db8-897a-d8ef21b5e0a7,707b6ccf-c9d9-4c1d-97f4-516b572b2f9d,1697664174976688888
6a69421f-e399-4db8-897a-d8ef21b5e0a7,707b6ccf-c9d9-4c1d-97f4-516b572b2f9d,1697664174988811111
6a69421f-e399-4db8-897a-d8ef21b5e0a7,707b6ccf-c9d9-4c1d-97f4-516b572b2f9d,1697664175023444444
6a69421f-e399-4db8-897a-d8ef21b5e0a7,707b6ccf-c9d9-4c1d-97f4-516b572b2f9d,1697664175056588888
6a69421f-e399-4db8-897a-d8ef21b5e0a7,707b6ccf-c9d9-4c1d-97f4-516b572b2f9d,1697664175090766666
6a69421f-e399-4db8-897a-d8ef21b5e0a7,707b6ccf-c9d9-4c1d-97f4-516b572b2f9d,1697664175129322222
6a69421f-e399-4db8-897a-d8ef21b5e0a7,707b6ccf-c9d9-4c1d-97f4-516b572b2f9d,1697664175170588888
6a69421f-e399-4db8-897a-d8ef21b5e0a7,707b6ccf-c9d9-4c1d-97f4-516b572b2f9d,1697664175199788888
6a69421f-e399-4db8-897a-d8ef21b5e0a7,707b6ccf-c9d9-4c1d-97f4-516b572b2f9d,1697664175229466666
6a69421f-e399-4db8-897a-d8ef21b5e0a7,707b6ccf-c9d9-4c1d-97f4-516b572b2f9d,1697664175271066666
6a69421f-e399-4db8-897a-d8ef21b5e0a7,707b6ccf-c9d9-4c1d-97f4-516b572b2f9d,1697664175296566666
6a69421f-e399-4db8-897a-d8ef21b5e0a7,707b6ccf-c9d9-4c1d-97f4-516b572b2f9d,1697664175323022222
6a69421f-e399-4db8-897a-d8ef21b5e0a7,707b6ccf-c9d9-4c1d-97f4-516b572b2f9d,1697664175363288888
6a69421f-e399-4db8-897a-d8ef21b5e0a7,707b6ccf-c9d9-4c1d-97f4-516b572b2f9d,1697664175396144444
6a69421f-e399-4db8-897a-d8ef21b5e0a7,707b6ccf-c9d9-4c1d-97f4-516b572b2f9d,1697664175430211111
6a69421f-e399-4db8-897a-d8ef21b5e0a7,707b6ccf-c9d9-4c1d-97f4-516b572b2f9d,1697664175467066666
6a69421f-e399-4db8-897a-d8ef21b5e0a7,707b6ccf-c9d9-4c1d-97f4-516b572b2f9d,1697664175497722222
6a69421f-e399-4db8-897a-d8ef21b5e0a7,707b6ccf-c9d9-4c1d-97f4-516b572b2f9d,1697664175536288888
6a69421f-e399-4db8-897a-d8ef21b5e0a7,707b6ccf-c9d9-4c1d-97f4-516b572b2f9d,1697664175563288888
6a69421f-e399-4db8-897a-d8ef21b5e0a7,707b6ccf-c9d9-4c1d-97f4-516b572b2f9d,1697664175600444444
6a69421f-e399-4db8-897a-d8ef21b5e0a7,707b6ccf-c9d9-4c1d-97f4-516b572b2f9d,1697664175619533333
6a69421f-e399-4db8-897a-d8ef21b5e0a7,707b6ccf-c9d9-4c1d-97f4-516b572b2f9d,1697664175653288888
6a69421f-e399-4db8-897a-d8ef21b5e0a7,707b6ccf-c9d9-4c1d-97f4-516b572b2f9d,1697664175685122222
6a69421f-e399-4db8-897a-d8ef21b5e0a7,707b6ccf-c9d9-4c1d-97f4-516b572b2f9d,1697664175717244444
6a69421f-e399-4db8-897a-d8ef21b5e0a7,707b6ccf-c9d9-4c1d-97f4-516b572b2f9d,1697664175754788888
6a69421f-e399-4db8-897a-d8ef21b5e0a7,707b6ccf-c9d9-4c1d-97f4-516b572b2f9d,1697664175803511111
6a69421f-e399-4db8-897a-d8ef21b5e0a7,707b6ccf-c9d9-4c1d-97f4-516b572b2f9d,1697664175837733333
6a69421f-e399-4db8-897a-d8ef21b5e0a7,707b6ccf-c9d9-4c1d-97f4-516b572b2f9d,1697664175872000000
6a69421f-e399-4db8-897a-d8ef21b5e0a7,707b6ccf-c9d9-4c1d-97f4-516b572b2f9d,1697664175900544444
6a69421f-e399-4db8-897a-d8ef21b5e0a7,707b6ccf-c9d9-4c1d-97f4-516b572b2f9d,1697664175919777777
6a69421f-e399-4db8-897a-d8ef21b5e0a7,707b6ccf-c9d9-4c1d-97f4-516b572b2f9d,1697664175971322222
6a69421f-e399-4db8-897a-d8ef21b5e0a7,707b6ccf-c9d9-4c1d-97f4-516b572b2f9d,1697664176000966666
6a69421f-e399-4db8-897a-d8ef21b5e0a7,707b6ccf-c9d9-4c1d-97f4-516b572b2f9d,1697664176020933333
6a69421f-e399-4db8-897a-d8ef21b5e0a7,707b6ccf-c9d9-4c1d-97f4-516b572b2f9d,1697664176073133333
6a69421f-e399-4db8-897a-d8ef21b5e0a7,707b6ccf-c9d9-4c1d-97f4-516b572b2f9d,1697664176100911111
6a69421f-e399-4db8-897a-d8ef21b5e0a7,707b6ccf-c9d9-4c1d-97f4-516b572b2f9d,1697664176119377777
6a69421f-e399-4db8-897a-d8ef21b5e0a7,707b6ccf-c9d9-4c1d-97f4-516b572b2f9d,1697664176183411111
6a69421f-e399-4db8-897a-d8ef21b5e0a7,707b6ccf-c9d9-4c1d-97f4-516b572b2f9d,1697664176203433333
6a69421f-e399-4db8-897a-d8ef21b5e0a7,707b6ccf-c9d9-4c1d-97f4-516b572b2f9d,1697664176221577777
6a69421f-e399-4db8-897a-d8ef21b5e0a7,707b6ccf-c9d9-4c1d-97f4-516b572b2f9d,1697664176280833333
6a69421f-e399-4db8-897a-d8ef21b5e0a7,707b6ccf-c9d9-4c1d-97f4-516b572b2f9d,1697664176314700000
6a69421f-e399-4db8-897a-d8ef21b5e0a7,707b6ccf-c9d9-4c1d-97f4-516b572b2f9d,1697664176324066666
6a69421f-e399-4db8-897a-d8ef21b5e0a7,707b6ccf-c9d9-4c1d-97f4-516b572b2f9d,1697664176356433333
6a69421f-e399-4db8-897a-d8ef21b5e0a7,707b6ccf-c9d9-4c1d-97f4-516b572b2f9d,1697664176387544444
6a69421f-e399-4db8-897a-d8ef21b5e0a7,707b6ccf-c9d9-4c1d-97f4-516b572b2f9d,1697664176418422222
6a69421f-e399-4db8-897a-d8ef21b5e0a7,707b6ccf-c9d9-4c1d-97f4-516b572b2f9d,1697664176467800000
6a69421f-e399-4db8-897a-d8ef21b5e0a7,707b6ccf-c9d9-4c1d-97f4-516b572b2f9d,1697664176502622222
6a69421f-e399-4db8-897a-d8ef21b5e0a7,707b6ccf-c9d9-4c1d-97f4-516b572b2f9d,1697664176520811111
6a69421f-e399-4db8-897a-d8ef21b5e0a7,707b6ccf-c9d9-4c1d-97f4-516b572b2f9d,1697664176565922222
6a69421f-e399-4db8-897a-d8ef21b5e0a7,707b6ccf-c9d9-4c1d-97f4-516b572b2f9d,1697664176598144444
6a69421f-e399-4db8-897a-d8ef21b5e0a7,707b6ccf-c9d9-4c1d-97f4-516b572b2f9d,1697664176630377777
6a69421f-e399-4db8-897a-d8ef21b5e0a7,707b6ccf-c9d9-4c1d-97f4-516b572b2f9d,1697664176662122222
6a69421f-e399-4db8-897a-d8ef21b5e0a7,707b6ccf-c9d9-4c1d-97f4-516b572b2f9d,1697664176692533333
6a69421f-e399-4db8-897a-d8ef21b5e0a7,707b6ccf-c9d9-4c1d-97f4-516b572b2f9d,1697664176731533333
6a69421f-e399-4db8-897a-d8ef21b5e0a7,707b6ccf-c9d9-4c1d-97f4-516b572b2f9d,1697664176763188888
6a69421f-e399-4db8-897a-d8ef21b5e0a7,707b6ccf-c9d9-4c1d-97f4-516b572b2f9d,1697664176791777777
6a69421f-e399-4db8-897a-d8ef21b5e0a7,707b6ccf-c9d9-4c1d-97f4-516b572b2f9d,1697664176830011111
6a69421f-e399-4db8-897a-d8ef21b5e0a7,707b6ccf-c9d9-4c1d-97f4-516b572b2f9d,1697664176863222222
6a69421f-e399-4db8-897a-d8ef21b5e0a7,707b6ccf-c9d9-4c1d-97f4-516b572b2f9d,1697664176901933333
6a69421f-e399-4db8-897a-d8ef21b5e0a7,707b6ccf-c9d9-4c1d-97f4-516b572b2f9d,1697664176935188888
6a69421f-e399-4db8-897a-d8ef21b5e0a7,707b6ccf-c9d9-4c1d-97f4-516b572b2f9d,1697664176952988888
6a69421f-e399-4db8-897a-d8ef21b5e0a7,707b6ccf-c9d9-4c1d-97f4-516b572b2f9d,1697664176990000000
6a69421f-e399-4db8-897a-d8ef21b5e0a7,707b6ccf-c9d9-4c1d-97f4-516b572b2f9d,1697664177018666666
6a69421f-e399-4db8-897a-d8ef21b5e0a7,707b6ccf-c9d9-4c1d-97f4-516b572b2f9d,1697664177053955555
6a69421f-e399-4db8-897a-d8ef21b5e0a7,707b6ccf-c9d9-4c1d-97f4-516b572b2f9d,1697664177086544444
6a69421f-e399-4db8-897a-d8ef21b5e0a7,707b6ccf-c9d9-4c1d-97f4-516b572b2f9d,1697664177129233333
6a69421f-e399-4db8-897a-d8ef21b5e0a7,707b6ccf-c9d9-4c1d-97f4-516b572b2f9d,1697664177161588888
6a69421f-e399-4db8-897a-d8ef21b5e0a7,707b6ccf-c9d9-4c1d-97f4-516b572b2f9d,1697664177197244444
6a69421f-e399-4db8-897a-d8ef21b5e0a7,707b6ccf-c9d9-4c1d-97f4-516b572b2f9d,1697664177231377777
6a69421f-e399-4db8-897a-d8ef21b5e0a7,707b6ccf-c9d9-4c1d-97f4-516b572b2f9d,1697664177262100000
6a69421f-e399-4db8-897a-d8ef21b5e0a7,707b6ccf-c9d9-4c1d-97f4-516b572b2f9d,1697664177294133333
6a69421f-e399-4db8-897a-d8ef21b5e0a7,707b6ccf-c9d9-4c1d-97f4-516b572b2f9d,1697664177330822222
6a69421f-e399-4db8-897a-d8ef21b5e0a7,707b6ccf-c9d9-4c1d-97f4-516b572b2f9d,1697664177367122222
6a69421f-e399-4db8-897a-d8ef21b5e0a7,707b6ccf-c9d9-4c1d-97f4-516b572b2f9d,1697664177398177777
6a69421f-e399-4db8-897a-d8ef21b5e0a7,707b6ccf-c9d9-4c1d-97f4-516b572b2f9d,1697664177429777777
6a69421f-e399-4db8-897a-d8ef21b5e0a7,707b6ccf-c9d9-4c1d-97f4-516b572b2f9d,1697664177462755555
6a69421f-e399-4db8-897a-d8ef21b5e0a7,707b6ccf-c9d9-4c1d-97f4-516b572b2f9d,1697664177498477777
6a69421f-e399-4db8-897a-d8ef21b5e0a7,707b6ccf-c9d9-4c1d-97f4-516b572b2f9d,1697664177529344444
6a69421f-e399-4db8-897a-d8ef21b5e0a7,707b6ccf-c9d9-4c1d-97f4-516b572b2f9d,1697664177564933333
6a69421f-e399-4db8-897a-d8ef21b5e0a7,707b6ccf-c9d9-4c1d-97f4-516b572b2f9d,1697664177595000000
6a69421f-e399-4db8-897a-d8ef21b5e0a7,707b6ccf-c9d9-4c1d-97f4-516b572b2f9d,1697664177645155555
6a69421f-e399-4db8-897a-d8ef21b5e0a7,707b6ccf-c9d9-4c1d-97f4-516b572b2f9d,1697664177666622222
6a69421f-e399-4db8-897a-d8ef21b5e0a7,707b6ccf-c9d9-4c1d-97f4-516b572b2f9d,1697664177687711111
6a69421f-e399-4db8-897a-d8ef21b5e0a7,707b6ccf-c9d9-4c1d-97f4-516b572b2f9d,1697664177738422222
6a69421f-e399-4db8-897a-d8ef21b5e0a7,707b6ccf-c9d9-4c1d-97f4-516b572b2f9d,1697664177767411111
6a69421f-e399-4db8-897a-d8ef21b5e0a7,707b6ccf-c9d9-4c1d-97f4-516b572b2f9d,1697664177787355555
6a69421f-e399-4db8-897a-d8ef21b5e0a7,707b6ccf-c9d9-4c1d-97f4-516b572b2f9d,1697664177836122222
6a69421f-e399-4db8-897a-d8ef21b5e0a7,707b6ccf-c9d9-4c1d-97f4-516b572b2f9d,1697664177866977777
6a69421f-e399-4db8-897a-d8ef21b5e0a7,707b6ccf-c9d9-4c1d-97f4-516b572b2f9d,1697664177900944444
6a69421f-e399-4db8-897a-d8ef21b5e0a7,707b6ccf-c9d9-4c1d-97f4-516b572b2f9d,1697664177933422222
6a69421f-e399-4db8-897a-d8ef21b5e0a7,707b6ccf-c9d9-4c1d-97f4-516b572b2f9d,1697664177963455555
6a69421f-e399-4db8-897a-d8ef21b5e0a7,707b6ccf-c9d9-4c1d-97f4-516b572b2f9d,1697664177993077777
6a69421f-e399-4db8-897a-d8ef21b5e0a7,707b6ccf-c9d9-4c1d-97f4-516b572b2f9d,1697664178031266666
6a69421f-e399-4db8-897a-d8ef21b5e0a7,707b6ccf-c9d9-4c1d-97f4-516b572b2f9d,1697664178062911111
6a69421f-e399-4db8-897a-d8ef21b5e0a7,707b6ccf-c9d9-4c1d-97f4-516b572b2f9d,1697664178093788888
6a69421f-e399-4db8-897a-d8ef21b5e0a7,707b6ccf-c9d9-4c1d-97f4-516b572b2f9d,1697664178134644444
6a69421f-e399-4db8-897a-d8ef21b5e0a7,707b6ccf-c9d9-4c1d-97f4-516b572b2f9d,1697664178162755555
6a69421f-e399-4db8-897a-d8ef21b5e0a7,707b6ccf-c9d9-4c1d-97f4-516b572b2f9d,1697664178195000000
6a69421f-e399-4db8-897a-d8ef21b5e0a7,707b6ccf-c9d9-4c1d-97f4-516b572b2f9d,1697664178229000000
6a69421f-e399-4db8-897a-d8ef21b5e0a7,707b6ccf-c9d9-4c1d-97f4-516b572b2f9d,1697664178264788888
6a69421f-e399-4db8-897a-d8ef21b5e0a7,707b6ccf-c9d9-4c1d-97f4-516b572b2f9d,1697664178309311111
6a69421f-e399-4db8-897a-d8ef21b5e0a7,707b6ccf-c9d9-4c1d-97f4-516b572b2f9d,1697664178322944444
6a69421f-e399-4db8-897a-d8ef21b5e0a7,707b6ccf-c9d9-4c1d-97f4-516b572b2f9d,1697664178360955555
6a69421f-e399-4db8-897a-d8ef21b5e0a7,707b6ccf-c9d9-4c1d-97f4-516b572b2f9d,1697664178391966666
6a69421f-e399-4db8-897a-d8ef21b5e0a7,707b6ccf-c9d9-4c1d-97f4-516b572b2f9d,1697664178421655555
6a69421f-e399-4db8-897a-d8ef21b5e0a7,707b6ccf-c9d9-4c1d-97f4-516b572b2f9d,1697664178455366666
6a69421f-e399-4db8-897a-d8ef21b5e0a7,707b6ccf-c9d9-4c1d-97f4-516b572b2f9d,1697664178503166666
6a69421f-e399-4db8-897a-d8ef21b5e0a7,707b6ccf-c9d9-4c1d-97f4-516b572b2f9d,1697664178535677777
6a69421f-e399-4db8-897a-d8ef21b5e0a7,707b6ccf-c9d9-4c1d-97f4-516b572b2f9d,1697664178562877777
6a69421f-e399-4db8-897a-d8ef21b5e0a7,707b6ccf-c9d9-4c1d-97f4-516b572b2f9d,1697664178593600000
6a69421f-e399-4db8-897a-d8ef21b5e0a7,707b6ccf-c9d9-4c1d-97f4-516b572b2f9d,1697664178630144444
6a69421f-e399-4db8-897a-d8ef21b5e0a7,707b6ccf-c9d9-4c1d-97f4-516b572b2f9d,1697664178666677777
6a69421f-e399-4db8-897a-d8ef21b5e0a7,707b6ccf-c9d9-4c1d-97f4-516b572b2f9d,1697664178698288888
6a69421f-e399-4db8-897a-d8ef21b5e0a7,707b6ccf-c9d9-4c1d-97f4-516b572b2f9d,1697664178731077777
6a69421f-e399-4db8-897a-d8ef21b5e0a7,707b6ccf-c9d9-4c1d-97f4-516b572b2f9d,1697664178762888888
6a69421f-e399-4db8-897a-d8ef21b5e0a7,707b6ccf-c9d9-4c1d-97f4-516b572b2f9d,1697664178794211111
6a69421f-e399-4db8-897a-d8ef21b5e0a7,707b6ccf-c9d9-4c1d-97f4-516b572b2f9d,1697664178833777777
6a69421f-e399-4db8-897a-d8ef21b5e0a7,707b6ccf-c9d9-4c1d-97f4-516b572b2f9d,1697664178863644444
6a69421f-e399-4db8-897a-d8ef21b5e0a7,707b6ccf-c9d9-4c1d-97f4-516b572b2f9d,1697664178893688888
6a69421f-e399-4db8-897a-d8ef21b5e0a7,707b6ccf-c9d9-4c1d-97f4-516b572b2f9d,1697664178933788888
6a69421f-e399-4db8-897a-d8ef21b5e0a7,707b6ccf-c9d9-4c1d-97f4-516b572b2f9d,1697664178960433333
6a69421f-e399-4db8-897a-d8ef21b5e0a7,707b6ccf-c9d9-4c1d-97f4-516b572b2f9d,1697664178988700000
6a69421f-e399-4db8-897a-d8ef21b5e0a7,707b6ccf-c9d9-4c1d-97f4-516b572b2f9d,1697664179018455555
6a69421f-e399-4db8-897a-d8ef21b5e0a7,707b6ccf-c9d9-4c1d-97f4-516b572b2f9d,1697664179055422222
6a69421f-e399-4db8-897a-d8ef21b5e0a7,707b6ccf-c9d9-4c1d-97f4-516b572b2f9d,1697664179098177777
6a69421f-e399-4db8-897a-d8ef21b5e0a7,707b6ccf-c9d9-4c1d-97f4-516b572b2f9d,1697664179118388888
6a69421f-e399-4db8-897a-d8ef21b5e0a7,707b6ccf-c9d9-4c1d-97f4-516b572b2f9d,1697664179166344444
6a69421f-e399-4db8-897a-d8ef21b5e0a7,707b6ccf-c9d9-4c1d-97f4-516b572b2f9d,1697664179204855555
6a69421f-e399-4db8-897a-d8ef21b5e0a7,707b6ccf-c9d9-4c1d-97f4-516b572b2f9d,1697664179229488888
6a69421f-e399-4db8-897a-d8ef21b5e0a7,707b6ccf-c9d9-4c1d-97f4-516b572b2f9d,1697664179263833333
6a69421f-e399-4db8-897a-d8ef21b5e0a7,707b6ccf-c9d9-4c1d-97f4-516b572b2f9d,1697664179295455555
6a69421f-e399-4db8-897a-d8ef21b5e0a7,707b6ccf-c9d9-4c1d-97f4-516b572b2f9d,1697664179330500000
6a69421f-e399-4db8-897a-d8ef21b5e0a7,707b6ccf-c9d9-4c1d-97f4-516b572b2f9d,1697664179369911111
6a69421f-e399-4db8-897a-d8ef21b5e0a7,707b6ccf-c9d9-4c1d-97f4-516b572b2f9d,1697664179398344444
6a69421f-e399-4db8-897a-d8ef21b5e0a7,707b6ccf-c9d9-4c1d-97f4-516b572b2f9d,1697664179430555555
6a69421f-e399-4db8-897a-d8ef21b5e0a7,707b6ccf-c9d9-4c1d-97f4-516b572b2f9d,1697664179468533333
6a69421f-e399-4db8-897a-d8ef21b5e0a7,707b6ccf-c9d9-4c1d-97f4-516b572b2f9d,1697664179494966666
6a69421f-e399-4db8-897a-d8ef21b5e0a7,707b6ccf-c9d9-4c1d-97f4-516b572b2f9d,1697664179530777777
6a69421f-e399-4db8-897a-d8ef21b5e0a7,707b6ccf-c9d9-4c1d-97f4-516b572b2f9d,1697664179562533333
6a69421f-e399-4db8-897a-d8ef21b5e0a7,707b6ccf-c9d9-4c1d-97f4-516b572b2f9d,1697664179593244444
6a69421f-e399-4db8-897a-d8ef21b5e0a7,707b6ccf-c9d9-4c1d-97f4-516b572b2f9d,1697664179644044444
6a69421f-e399-4db8-897a-d8ef21b5e0a7,707b6ccf-c9d9-4c1d-97f4-516b572b2f9d,1697664179658944444
6a69421f-e399-4db8-897a-d8ef21b5e0a7,707b6ccf-c9d9-4c1d-97f4-516b572b2f9d,1697664179681700000
6a69421f-e399-4db8-897a-d8ef21b5e0a7,707b6ccf-c9d9-4c1d-97f4-516b572b2f9d,1697664179735211111
6a69421f-e399-4db8-897a-d8ef21b5e0a7,707b6ccf-c9d9-4c1d-97f4-516b572b2f9d,1697664179765477777
6a69421f-e399-4db8-897a-d8ef21b5e0a7,707b6ccf-c9d9-4c1d-97f4-516b572b2f9d,1697664179781566666
6a69421f-e399-4db8-897a-d8ef21b5e0a7,707b6ccf-c9d9-4c1d-97f4-516b572b2f9d,1697664179832588888
6a69421f-e399-4db8-897a-d8ef21b5e0a7,707b6ccf-c9d9-4c1d-97f4-516b572b2f9d,1697664179866455555
6a69421f-e399-4db8-897a-d8ef21b5e0a7,707b6ccf-c9d9-4c1d-97f4-516b572b2f9d,1697664179883466666
6a69421f-e399-4db8-897a-d8ef21b5e0a7,707b6ccf-c9d9-4c1d-97f4-516b572b2f9d,1697664179933877777
6a69421f-e399-4db8-897a-d8ef21b5e0a7,707b6ccf-c9d9-4c1d-97f4-516b572b2f9d,1697664179960488888
6a69421f-e399-4db8-897a-d8ef21b5e0a7,707b6ccf-c9d9-4c1d-97f4-516b572b2f9d,1697664179988233333
6a69421f-e399-4db8-897a-d8ef21b5e0a7,707b6ccf-c9d9-4c1d-97f4-516b572b2f9d,1697664180032055555
6a69421f-e399-4db8-897a-d8ef21b5e0a7,707b6ccf-c9d9-4c1d-97f4-516b572b2f9d,1697664180062622222
6a69421f-e399-4db8-897a-d8ef21b5e0a7,707b6ccf-c9d9-4c1d-97f4-516b572b2f9d,1697664180086766666
6a69421f-e399-4db8-897a-d8ef21b5e0a7,707b6ccf-c9d9-4c1d-97f4-516b572b2f9d,1697664180135355555
6a69421f-e399-4db8-897a-d8ef21b5e0a7,707b6ccf-c9d9-4c1d-97f4-516b572b2f9d,1697664180169800000
6a69421f-e399-4db8-897a-d8ef21b5e0a7,707b6ccf-c9d9-4c1d-97f4-516b572b2f9d,1697664180200933333
6a69421f-e399-4db8-897a-d8ef21b5e0a7,707b6ccf-c9d9-4c1d-97f4-516b572b2f9d,1697664180221255555
6a69421f-e399-4db8-897a-d8ef21b5e0a7,707b6ccf-c9d9-4c1d-97f4-516b572b2f9d,1697664180264877777
6a69421f-e399-4db8-897a-d8ef21b5e0a7,707b6ccf-c9d9-4c1d-97f4-516b572b2f9d,1697664180285588888
6a69421f-e399-4db8-897a-d8ef21b5e0a7,707b6ccf-c9d9-4c1d-97f4-516b572b2f9d,1697664180319677777
6a69421f-e399-4db8-897a-d8ef21b5e0a7,707b6ccf-c9d9-4c1d-97f4-516b572b2f9d,1697664180372744444
6a69421f-e399-4db8-897a-d8ef21b5e0a7,707b6ccf-c9d9-4c1d-97f4-516b572b2f9d,1697664180386311111
6a69421f-e399-4db8-897a-d8ef21b5e0a7,707b6ccf-c9d9-4c1d-97f4-516b572b2f9d,1697664180432111111
6a69421f-e399-4db8-897a-d8ef21b5e0a7,707b6ccf-c9d9-4c1d-97f4-516b572b2f9d,1697664180463377777
6a69421f-e399-4db8-897a-d8ef21b5e0a7,707b6ccf-c9d9-4c1d-97f4-516b572b2f9d,1697664180483055555
6a69421f-e399-4db8-897a-d8ef21b5e0a7,707b6ccf-c9d9-4c1d-97f4-516b572b2f9d,1697664180536411111
6a69421f-e399-4db8-897a-d8ef21b5e0a7,707b6ccf-c9d9-4c1d-97f4-516b572b2f9d,1697664180563344444
6a69421f-e399-4db8-897a-d8ef21b5e0a7,707b6ccf-c9d9-4c1d-97f4-516b572b2f9d,1697664180587744444
6a69421f-e399-4db8-897a-d8ef21b5e0a7,707b6ccf-c9d9-4c1d-97f4-516b572b2f9d,1697664180638566666
6a69421f-e399-4db8-897a-d8ef21b5e0a7,707b6ccf-c9d9-4c1d-97f4-516b572b2f9d,1697664180663455555
6a69421f-e399-4db8-897a-d8ef21b5e0a7,707b6ccf-c9d9-4c1d-97f4-516b572b2f9d,1697664180684600000
6a69421f-e399-4db8-897a-d8ef21b5e0a7,707b6ccf-c9d9-4c1d-97f4-516b572b2f9d,1697664180738100000
6a69421f-e399-4db8-897a-d8ef21b5e0a7,707b6ccf-c9d9-4c1d-97f4-516b572b2f9d,1697664180764355555
6a69421f-e399-4db8-897a-d8ef21b5e0a7,707b6ccf-c9d9-4c1d-97f4-516b572b2f9d,1697664180796200000
6a69421f-e399-4db8-897a-d8ef21b5e0a7,707b6ccf-c9d9-4c1d-97f4-516b572b2f9d,1697664180826122222
6a69421f-e399-4db8-897a-d8ef21b5e0a7,707b6ccf-c9d9-4c1d-97f4-516b572b2f9d,1697664180857822222
6a69421f-e399-4db8-897a-d8ef21b5e0a7,707b6ccf-c9d9-4c1d-97f4-516b572b2f9d,1697664180891344444
6a69421f-e399-4db8-897a-d8ef21b5e0a7,707b6ccf-c9d9-4c1d-97f4-516b572b2f9d,1697664180935700000
6a69421f-e399-4db8-897a-d8ef21b5e0a7,707b6ccf-c9d9-4c1d-97f4-516b572b2f9d,1697664180953200000
6a69421f-e399-4db8-897a-d8ef21b5e0a7,707b6ccf-c9d9-4c1d-97f4-516b572b2f9d,1697664180980311111
6a69421f-e399-4db8-897a-d8ef21b5e0a7,707b6ccf-c9d9-4c1d-97f4-516b572b2f9d,1697664181021611111
6a69421f-e399-4db8-897a-d8ef21b5e0a7,707b6ccf-c9d9-4c1d-97f4-516b572b2f9d,1697664181052577777
6a69421f-e399-4db8-897a-d8ef21b5e0a7,707b6ccf-c9d9-4c1d-97f4-516b572b2f9d,1697664181085666666
6a69421f-e399-4db8-897a-d8ef21b5e0a7,707b6ccf-c9d9-4c1d-97f4-516b572b2f9d,1697664181127233333
6a69421f-e399-4db8-897a-d8ef21b5e0a7,707b6ccf-c9d9-4c1d-97f4-516b572b2f9d,1697664181163811111
6a69421f-e399-4db8-897a-d8ef21b5e0a7,707b6ccf-c9d9-4c1d-97f4-516b572b2f9d,1697664181188644444
6a69421f-e399-4db8-897a-d8ef21b5e0a7,707b6ccf-c9d9-4c1d-97f4-516b572b2f9d,1697664181236266666
6a69421f-e399-4db8-897a-d8ef21b5e0a7,707b6ccf-c9d9-4c1d-97f4-516b572b2f9d,1697664181260900000
6a69421f-e399-4db8-897a-d8ef21b5e0a7,707b6ccf-c9d9-4c1d-97f4-516b572b2f9d,1697664181294855555
6a69421f-e399-4db8-897a-d8ef21b5e0a7,707b6ccf-c9d9-4c1d-97f4-516b572b2f9d,1697664181333344444
6a69421f-e399-4db8-897a-d8ef21b5e0a7,707b6ccf-c9d9-4c1d-97f4-516b572b2f9d,1697664181363577777
6a69421f-e399-4db8-897a-d8ef21b5e0a7,707b6ccf-c9d9-4c1d-97f4-516b572b2f9d,1697664181395433333
6a69421f-e399-4db8-897a-d8ef21b5e0a7,707b6ccf-c9d9-4c1d-97f4-516b572b2f9d,1697664181434077777
6a69421f-e399-4db8-897a-d8ef21b5e0a7,707b6ccf-c9d9-4c1d-97f4-516b572b2f9d,1697664181460666666
6a69421f-e399-4db8-897a-d8ef21b5e0a7,707b6ccf-c9d9-4c1d-97f4-516b572b2f9d,1697664181487000000
6a69421f-e399-4db8-897a-d8ef21b5e0a7,707b6ccf-c9d9-4c1d-97f4-516b572b2f9d,1697664181531500000
6a69421f-e399-4db8-897a-d8ef21b5e0a7,707b6ccf-c9d9-4c1d-97f4-516b572b2f9d,1697664181562822222
6a69421f-e399-4db8-897a-d8ef21b5e0a7,707b6ccf-c9d9-4c1d-97f4-516b572b2f9d,1697664181582588888
6a69421f-e399-4db8-897a-d8ef21b5e0a7,707b6ccf-c9d9-4c1d-97f4-516b572b2f9d,1697664181621800000
6a69421f-e399-4db8-897a-d8ef21b5e0a7,707b6ccf-c9d9-4c1d-97f4-516b572b2f9d,1697664181658655555
6a69421f-e399-4db8-897a-d8ef21b5e0a7,707b6ccf-c9d9-4c1d-97f4-516b572b2f9d,1697664181682055555
6a69421f-e399-4db8-897a-d8ef21b5e0a7,707b6ccf-c9d9-4c1d-97f4-516b572b2f9d,1697664181722933333
6a69421f-e399-4db8-897a-d8ef21b5e0a7,707b6ccf-c9d9-4c1d-97f4-516b572b2f9d,1697664181750433333
6a69421f-e399-4db8-897a-d8ef21b5e0a7,707b6ccf-c9d9-4c1d-97f4-516b572b2f9d,1697664181791333333
6a69421f-e399-4db8-897a-d8ef21b5e0a7,707b6ccf-c9d9-4c1d-97f4-516b572b2f9d,1697664181837133333
6a69421f-e399-4db8-897a-d8ef21b5e0a7,707b6ccf-c9d9-4c1d-97f4-516b572b2f9d,1697664181860933333
6a69421f-e399-4db8-897a-d8ef21b5e0a7,707b6ccf-c9d9-4c1d-97f4-516b572b2f9d,1697664181884044444
6a69421f-e399-4db8-897a-d8ef21b5e0a7,707b6ccf-c9d9-4c1d-97f4-516b572b2f9d,1697664181929877777
6a69421f-e399-4db8-897a-d8ef21b5e0a7,707b6ccf-c9d9-4c1d-97f4-516b572b2f9d,1697664181961300000
6a69421f-e399-4db8-897a-d8ef21b5e0a7,707b6ccf-c9d9-4c1d-97f4-516b572b2f9d,1697664181984888888
6a69421f-e399-4db8-897a-d8ef21b5e0a7,707b6ccf-c9d9-4c1d-97f4-516b572b2f9d,1697664182042988888
6a69421f-e399-4db8-897a-d8ef21b5e0a7,707b6ccf-c9d9-4c1d-97f4-516b572b2f9d,1697664182073600000
6a69421f-e399-4db8-897a-d8ef21b5e0a7,707b6ccf-c9d9-4c1d-97f4-516b572b2f9d,1697664182094555555
6a69421f-e399-4db8-897a-d8ef21b5e0a7,707b6ccf-c9d9-4c1d-97f4-516b572b2f9d,1697664182130888888
6a69421f-e399-4db8-897a-d8ef21b5e0a7,707b6ccf-c9d9-4c1d-97f4-516b572b2f9d,1697664182161044444
6a69421f-e399-4db8-897a-d8ef21b5e0a7,707b6ccf-c9d9-4c1d-97f4-516b572b2f9d,1697664182194944444
6a69421f-e399-4db8-897a-d8ef21b5e0a7,707b6ccf-c9d9-4c1d-97f4-516b572b2f9d,1697664182230266666
6a69421f-e399-4db8-897a-d8ef21b5e0a7,707b6ccf-c9d9-4c1d-97f4-516b572b2f9d,1697664182264677777
6a69421f-e399-4db8-897a-d8ef21b5e0a7,707b6ccf-c9d9-4c1d-97f4-516b572b2f9d,1697664182284877777
6a69421f-e399-4db8-897a-d8ef21b5e0a7,707b6ccf-c9d9-4c1d-97f4-516b572b2f9d,1697664182320088888
6a69421f-e399-4db8-897a-d8ef21b5e0a7,707b6ccf-c9d9-4c1d-97f4-516b572b2f9d,1697664182355600000
6a69421f-e399-4db8-897a-d8ef21b5e0a7,707b6ccf-c9d9-4c1d-97f4-516b572b2f9d,1697664182382877777
6a69421f-e399-4db8-897a-d8ef21b5e0a7,707b6ccf-c9d9-4c1d-97f4-516b572b2f9d,1697664182419233333
6a69421f-e399-4db8-897a-d8ef21b5e0a7,707b6ccf-c9d9-4c1d-97f4-516b572b2f9d,1697664182461955555
6a69421f-e399-4db8-897a-d8ef21b5e0a7,707b6ccf-c9d9-4c1d-97f4-516b572b2f9d,1697664182481233333
6a69421f-e399-4db8-897a-d8ef21b5e0a7,707b6ccf-c9d9-4c1d-97f4-516b572b2f9d,1697664182536155555
6a69421f-e399-4db8-897a-d8ef21b5e0a7,707b6ccf-c9d9-4c1d-97f4-516b572b2f9d,1697664182559811111
6a69421f-e399-4db8-897a-d8ef21b5e0a7,707b6ccf-c9d9-4c1d-97f4-516b572b2f9d,1697664182594000000
6a69421f-e399-4db8-897a-d8ef21b5e0a7,707b6ccf-c9d9-4c1d-97f4-516b572b2f9d,1697664182628822222
6a69421f-e399-4db8-897a-d8ef21b5e0a7,707b6ccf-c9d9-4c1d-97f4-516b572b2f9d,1697664182662333333
6a69421f-e399-4db8-897a-d8ef21b5e0a7,707b6ccf-c9d9-4c1d-97f4-516b572b2f9d,1697664182685533333
6a69421f-e399-4db8-897a-d8ef21b5e0a7,707b6ccf-c9d9-4c1d-97f4-516b572b2f9d,1697664182736044444
6a69421f-e399-4db8-897a-d8ef21b5e0a7,707b6ccf-c9d9-4c1d-97f4-516b572b2f9d,1697664182763533333
6a69421f-e399-4db8-897a-d8ef21b5e0a7,707b6ccf-c9d9-4c1d-97f4-516b572b2f9d,1697664182784777777
6a69421f-e399-4db8-897a-d8ef21b5e0a7,707b6ccf-c9d9-4c1d-97f4-516b572b2f9d,1697664182835455555
6a69421f-e399-4db8-897a-d8ef21b5e0a7,707b6ccf-c9d9-4c1d-97f4-516b572b2f9d,1697664182862733333
6a69421f-e399-4db8-897a-d8ef21b5e0a7,707b6ccf-c9d9-4c1d-97f4-516b572b2f9d,1697664182893955555
6a69421f-e399-4db8-897a-d8ef21b5e0a7,707b6ccf-c9d9-4c1d-97f4-516b572b2f9d,1697664182925955555
6a69421f-e399-4db8-897a-d8ef21b5e0a7,707b6ccf-c9d9-4c1d-97f4-516b572b2f9d,1697664182967977777
6a69421f-e399-4db8-897a-d8ef21b5e0a7,707b6ccf-c9d9-4c1d-97f4-516b572b2f9d,1697664182987188888
6a69421f-e399-4db8-897a-d8ef21b5e0a7,707b6ccf-c9d9-4c1d-97f4-516b572b2f9d,1697664183033466666
6a69421f-e399-4db8-897a-d8ef21b5e0a7,707b6ccf-c9d9-4c1d-97f4-516b572b2f9d,1697664183051522222
6a69421f-e399-4db8-897a-d8ef21b5e0a7,707b6ccf-c9d9-4c1d-97f4-516b572b2f9d,1697664183095233333
6a69421f-e399-4db8-897a-d8ef21b5e0a7,707b6ccf-c9d9-4c1d-97f4-516b572b2f9d,1697664183113355555
6a69421f-e399-4db8-897a-d8ef21b5e0a7,707b6ccf-c9d9-4c1d-97f4-516b572b2f9d,1697664183170555555
6a69421f-e399-4db8-897a-d8ef21b5e0a7,707b6ccf-c9d9-4c1d-97f4-516b572b2f9d,1697664183193966666
6a69421f-e399-4db8-897a-d8ef21b5e0a7,707b6ccf-c9d9-4c1d-97f4-516b572b2f9d,1697664183224788888
6a69421f-e399-4db8-897a-d8ef21b5e0a7,707b6ccf-c9d9-4c1d-97f4-516b572b2f9d,1697664183264377777
6a69421f-e399-4db8-897a-d8ef21b5e0a7,707b6ccf-c9d9-4c1d-97f4-516b572b2f9d,1697664183293533333
6a69421f-e399-4db8-897a-d8ef21b5e0a7,707b6ccf-c9d9-4c1d-97f4-516b572b2f9d,1697664183324144444
6a69421f-e399-4db8-897a-d8ef21b5e0a7,707b6ccf-c9d9-4c1d-97f4-516b572b2f9d,1697664183360066666
6a69421f-e399-4db8-897a-d8ef21b5e0a7,707b6ccf-c9d9-4c1d-97f4-516b572b2f9d,1697664183392400000
6a69421f-e399-4db8-897a-d8ef21b5e0a7,707b6ccf-c9d9-4c1d-97f4-516b572b2f9d,1697664183426000000
6a69421f-e399-4db8-897a-d8ef21b5e0a7,707b6ccf-c9d9-4c1d-97f4-516b572b2f9d,1697664183467611111
6a69421f-e399-4db8-897a-d8ef21b5e0a7,707b6ccf-c9d9-4c1d-97f4-516b572b2f9d,1697664183496244444
6a69421f-e399-4db8-897a-d8ef21b5e0a7,707b6ccf-c9d9-4c1d-97f4-516b572b2f9d,1697664183528033333
6a69421f-e399-4db8-897a-d8ef21b5e0a7,707b6ccf-c9d9-4c1d-97f4-516b572b2f9d,1697664183567644444
6a69421f-e399-4db8-897a-d8ef21b5e0a7,707b6ccf-c9d9-4c1d-97f4-516b572b2f9d,1697664183595200000
6a69421f-e399-4db8-897a-d8ef21b5e0a7,707b6ccf-c9d9-4c1d-97f4-516b572b2f9d,1697664183632188888
6a69421f-e399-4db8-897a-d8ef21b5e0a7,707b6ccf-c9d9-4c1d-97f4-516b572b2f9d,1697664183649188888
6a69421f-e399-4db8-897a-d8ef21b5e0a7,707b6ccf-c9d9-4c1d-97f4-516b572b2f9d,1697664183690100000
6a69421f-e399-4db8-897a-d8ef21b5e0a7,707b6ccf-c9d9-4c1d-97f4-516b572b2f9d,1697664183717266666
6a69421f-e399-4db8-897a-d8ef21b5e0a7,707b6ccf-c9d9-4c1d-97f4-516b572b2f9d,1697664183755677777
6a69421f-e399-4db8-897a-d8ef21b5e0a7,707b6ccf-c9d9-4c1d-97f4-516b572b2f9d,1697664183780733333
6a69421f-e399-4db8-897a-d8ef21b5e0a7,707b6ccf-c9d9-4c1d-97f4-516b572b2f9d,1697664183824711111
6a69421f-e399-4db8-897a-d8ef21b5e0a7,707b6ccf-c9d9-4c1d-97f4-516b572b2f9d,1697664183868433333
6a69421f-e399-4db8-897a-d8ef21b5e0a7,707b6ccf-c9d9-4c1d-97f4-516b572b2f9d,1697664183895400000
6a69421f-e399-4db8-897a-d8ef21b5e0a7,707b6ccf-c9d9-4c1d-97f4-516b572b2f9d,1697664183926122222
6a69421f-e399-4db8-897a-d8ef21b5e0a7,707b6ccf-c9d9-4c1d-97f4-516b572b2f9d,1697664183965600000
6a69421f-e399-4db8-897a-d8ef21b5e0a7,707b6ccf-c9d9-4c1d-97f4-516b572b2f9d,1697664183993444444
6a69421f-e399-4db8-897a-d8ef21b5e0a7,707b6ccf-c9d9-4c1d-97f4-516b572b2f9d,1697664184026055555
6a69421f-e399-4db8-897a-d8ef21b5e0a7,707b6ccf-c9d9-4c1d-97f4-516b572b2f9d,1697664184062822222
6a69421f-e399-4db8-897a-d8ef21b5e0a7,707b6ccf-c9d9-4c1d-97f4-516b572b2f9d,1697664184087700000
6a69421f-e399-4db8-897a-d8ef21b5e0a7,707b6ccf-c9d9-4c1d-97f4-516b572b2f9d,1697664184125966666
6a69421f-e399-4db8-897a-d8ef21b5e0a7,707b6ccf-c9d9-4c1d-97f4-516b572b2f9d,1697664184163344444
6a69421f-e399-4db8-897a-d8ef21b5e0a7,707b6ccf-c9d9-4c1d-97f4-516b572b2f9d,1697664184188988888
6a69421f-e399-4db8-897a-d8ef21b5e0a7,707b6ccf-c9d9-4c1d-97f4-516b572b2f9d,1697664184229444444
6a69421f-e399-4db8-897a-d8ef21b5e0a7,707b6ccf-c9d9-4c1d-97f4-516b572b2f9d,1697664184266688888
6a69421f-e399-4db8-897a-d8ef21b5e0a7,707b6ccf-c9d9-4c1d-97f4-516b572b2f9d,1697664184291188888
6a69421f-e399-4db8-897a-d8ef21b5e0a7,707b6ccf-c9d9-4c1d-97f4-516b572b2f9d,1697664184318233333
6a69421f-e399-4db8-897a-d8ef21b5e0a7,707b6ccf-c9d9-4c1d-97f4-516b572b2f9d,1697664184359377777
6a69421f-e399-4db8-897a-d8ef21b5e0a7,707b6ccf-c9d9-4c1d-97f4-516b572b2f9d,1697664184382088888
6a69421f-e399-4db8-897a-d8ef21b5e0a7,707b6ccf-c9d9-4c1d-97f4-516b572b2f9d,1697664184436844444
6a69421f-e399-4db8-897a-d8ef21b5e0a7,707b6ccf-c9d9-4c1d-97f4-516b572b2f9d,1697664184449388888
6a69421f-e399-4db8-897a-d8ef21b5e0a7,707b6ccf-c9d9-4c1d-97f4-516b572b2f9d,1697664184499288888
6a69421f-e399-4db8-897a-d8ef21b5e0a7,707b6ccf-c9d9-4c1d-97f4-516b572b2f9d,1697664184526144444
6a69421f-e399-4db8-897a-d8ef21b5e0a7,707b6ccf-c9d9-4c1d-97f4-516b572b2f9d,1697664184562311111
6a69421f-e399-4db8-897a-d8ef21b5e0a7,707b6ccf-c9d9-4c1d-97f4-516b572b2f9d,1697664184591677777
6a69421f-e399-4db8-897a-d8ef21b5e0a7,707b6ccf-c9d9-4c1d-97f4-516b572b2f9d,1697664184630200000
6a69421f-e399-4db8-897a-d8ef21b5e0a7,707b6ccf-c9d9-4c1d-97f4-516b572b2f9d,1697664184661566666
6a69421f-e399-4db8-897a-d8ef21b5e0a7,707b6ccf-c9d9-4c1d-97f4-516b572b2f9d,1697664184693155555
6a69421f-e399-4db8-897a-d8ef21b5e0a7,707b6ccf-c9d9-4c1d-97f4-516b572b2f9d,1697664184729711111
6a69421f-e399-4db8-897a-d8ef21b5e0a7,707b6ccf-c9d9-4c1d-97f4-516b572b2f9d,1697664184765733333
6a69421f-e399-4db8-897a-d8ef21b5e0a7,707b6ccf-c9d9-4c1d-97f4-516b572b2f9d,1697664184794088888
6a69421f-e399-4db8-897a-d8ef21b5e0a7,707b6ccf-c9d9-4c1d-97f4-516b572b2f9d,1697664184823755555
6a69421f-e399-4db8-897a-d8ef21b5e0a7,707b6ccf-c9d9-4c1d-97f4-516b572b2f9d,1697664184862755555
6a69421f-e399-4db8-897a-d8ef21b5e0a7,707b6ccf-c9d9-4c1d-97f4-516b572b2f9d,1697664184891700000
6a69421f-e399-4db8-897a-d8ef21b5e0a7,707b6ccf-c9d9-4c1d-97f4-516b572b2f9d,1697664184925122222
6a69421f-e399-4db8-897a-d8ef21b5e0a7,707b6ccf-c9d9-4c1d-97f4-516b572b2f9d,1697664184961833333
6a69421f-e399-4db8-897a-d8ef21b5e0a7,707b6ccf-c9d9-4c1d-97f4-516b572b2f9d,1697664184985122222
6a69421f-e399-4db8-897a-d8ef21b5e0a7,707b6ccf-c9d9-4c1d-97f4-516b572b2f9d,1697664185038133333
6a69421f-e399-4db8-897a-d8ef21b5e0a7,707b6ccf-c9d9-4c1d-97f4-516b572b2f9d,1697664185052900000
6a69421f-e399-4db8-897a-d8ef21b5e0a7,707b6ccf-c9d9-4c1d-97f4-516b572b2f9d,1697664185084600000
6a69421f-e399-4db8-897a-d8ef21b5e0a7,707b6ccf-c9d9-4c1d-97f4-516b572b2f9d,1697664185129277777
6a69421f-e399-4db8-897a-d8ef21b5e0a7,707b6ccf-c9d9-4c1d-97f4-516b572b2f9d,1697664185163677777
6a69421f-e399-4db8-897a-d8ef21b5e0a7,707b6ccf-c9d9-4c1d-97f4-516b572b2f9d,1697664185192833333
6a69421f-e399-4db8-897a-d8ef21b5e0a7,707b6ccf-c9d9-4c1d-97f4-516b572b2f9d,1697664185223466666
6a69421f-e399-4db8-897a-d8ef21b5e0a7,707b6ccf-c9d9-4c1d-97f4-516b572b2f9d,1697664185263400000
6a69421f-e399-4db8-897a-d8ef21b5e0a7,707b6ccf-c9d9-4c1d-97f4-516b572b2f9d,1697664185299633333
6a69421f-e399-4db8-897a-d8ef21b5e0a7,707b6ccf-c9d9-4c1d-97f4-516b572b2f9d,1697664185330744444
6a69421f-e399-4db8-897a-d8ef21b5e0a7,707b6ccf-c9d9-4c1d-97f4-516b572b2f9d,1697664185366988888
6a69421f-e399-4db8-897a-d8ef21b5e0a7,707b6ccf-c9d9-4c1d-97f4-516b572b2f9d,1697664185395666666
6a69421f-e399-4db8-897a-d8ef21b5e0a7,707b6ccf-c9d9-4c1d-97f4-516b572b2f9d,1697664185429133333
6a69421f-e399-4db8-897a-d8ef21b5e0a7,707b6ccf-c9d9-4c1d-97f4-516b572b2f9d,1697664185467588888
6a69421f-e399-4db8-897a-d8ef21b5e0a7,707b6ccf-c9d9-4c1d-97f4-516b572b2f9d,1697664185498033333
6a69421f-e399-4db8-897a-d8ef21b5e0a7,707b6ccf-c9d9-4c1d-97f4-516b572b2f9d,1697664185530111111
6a69421f-e399-4db8-897a-d8ef21b5e0a7,707b6ccf-c9d9-4c1d-97f4-516b572b2f9d,1697664185564844444
6a69421f-e399-4db8-897a-d8ef21b5e0a7,707b6ccf-c9d9-4c1d-97f4-516b572b2f9d,1697664185588644444
6a69421f-e399-4db8-897a-d8ef21b5e0a7,707b6ccf-c9d9-4c1d-97f4-516b572b2f9d,1697664185623311111
6a69421f-e399-4db8-897a-d8ef21b5e0a7,707b6ccf-c9d9-4c1d-97f4-516b572b2f9d,1697664185656622222
6a69421f-e399-4db8-897a-d8ef21b5e0a7,707b6ccf-c9d9-4c1d-97f4-516b572b2f9d,1697664185682377777
6a69421f-e399-4db8-897a-d8ef21b5e0a7,707b6ccf-c9d9-4c1d-97f4-516b572b2f9d,1697664185715488888
6a69421f-e399-4db8-897a-d8ef21b5e0a7,707b6ccf-c9d9-4c1d-97f4-516b572b2f9d,1697664185753044444
6a69421f-e399-4db8-897a-d8ef21b5e0a7,707b6ccf-c9d9-4c1d-97f4-516b572b2f9d,1697664185790711111
6a69421f-e399-4db8-897a-d8ef21b5e0a7,707b6ccf-c9d9-4c1d-97f4-516b572b2f9d,1697664185824466666
6a69421f-e399-4db8-897a-d8ef21b5e0a7,707b6ccf-c9d9-4c1d-97f4-516b572b2f9d,1697664185867211111
6a69421f-e399-4db8-897a-d8ef21b5e0a7,707b6ccf-c9d9-4c1d-97f4-516b572b2f9d,1697664185899411111
6a69421f-e399-4db8-897a-d8ef21b5e0a7,707b6ccf-c9d9-4c1d-97f4-516b572b2f9d,1697664185929488888
6a69421f-e399-4db8-897a-d8ef21b5e0a7,707b6ccf-c9d9-4c1d-97f4-516b572b2f9d,1697664185962322222
6a69421f-e399-4db8-897a-d8ef21b5e0a7,707b6ccf-c9d9-4c1d-97f4-516b572b2f9d,1697664185982633333
6a69421f-e399-4db8-897a-d8ef21b5e0a7,707b6ccf-c9d9-4c1d-97f4-516b572b2f9d,1697664186028144444
6a69421f-e399-4db8-897a-d8ef21b5e0a7,707b6ccf-c9d9-4c1d-97f4-516b572b2f9d,1697664186063377777
6a69421f-e399-4db8-897a-d8ef21b5e0a7,707b6ccf-c9d9-4c1d-97f4-516b572b2f9d,1697664186084966666
6a69421f-e399-4db8-897a-d8ef21b5e0a7,707b6ccf-c9d9-4c1d-97f4-516b572b2f9d,1697664186132766666
6a69421f-e399-4db8-897a-d8ef21b5e0a7,707b6ccf-c9d9-4c1d-97f4-516b572b2f9d,1697664186155688888
6a69421f-e399-4db8-897a-d8ef21b5e0a7,707b6ccf-c9d9-4c1d-97f4-516b572b2f9d,1697664186193577777
6a69421f-e399-4db8-897a-d8ef21b5e0a7,707b6ccf-c9d9-4c1d-97f4-516b572b2f9d,1697664186230666666
6a69421f-e399-4db8-897a-d8ef21b5e0a7,707b6ccf-c9d9-4c1d-97f4-516b572b2f9d,1697664186255566666
6a69421f-e399-4db8-897a-d8ef21b5e0a7,707b6ccf-c9d9-4c1d-97f4-516b572b2f9d,1697664186303722222
6a69421f-e399-4db8-897a-d8ef21b5e0a7,707b6ccf-c9d9-4c1d-97f4-516b572b2f9d,1697664186321077777
6a69421f-e399-4db8-897a-d8ef21b5e0a7,707b6ccf-c9d9-4c1d-97f4-516b572b2f9d,1697664186345388888
6a69421f-e399-4db8-897a-d8ef21b5e0a7,707b6ccf-c9d9-4c1d-97f4-516b572b2f9d,1697664186387466666
6a69421f-e399-4db8-897a-d8ef21b5e0a7,707b6ccf-c9d9-4c1d-97f4-516b572b2f9d,1697664186417644444
6a69421f-e399-4db8-897a-d8ef21b5e0a7,707b6ccf-c9d9-4c1d-97f4-516b572b2f9d,1697664186449800000
6a69421f-e399-4db8-897a-d8ef21b5e0a7,707b6ccf-c9d9-4c1d-97f4-516b572b2f9d,1697664186491177777
6a69421f-e399-4db8-897a-d8ef21b5e0a7,707b6ccf-c9d9-4c1d-97f4-516b572b2f9d,1697664186531166666
6a69421f-e399-4db8-897a-d8ef21b5e0a7,707b6ccf-c9d9-4c1d-97f4-516b572b2f9d,1697664186557533333
6a69421f-e399-4db8-897a-d8ef21b5e0a7,707b6ccf-c9d9-4c1d-97f4-516b572b2f9d,1697664186592566666
6a69421f-e399-4db8-897a-d8ef21b5e0a7,707b6ccf-c9d9-4c1d-97f4-516b572b2f9d,1697664186624022222
6a69421f-e399-4db8-897a-d8ef21b5e0a7,707b6ccf-c9d9-4c1d-97f4-516b572b2f9d,1697664186656366666
6a69421f-e399-4db8-897a-d8ef21b5e0a7,707b6ccf-c9d9-4c1d-97f4-516b572b2f9d,1697664186698144444
6a69421f-e399-4db8-897a-d8ef21b5e0a7,707b6ccf-c9d9-4c1d-97f4-516b572b2f9d,1697664186732422222
6a69421f-e399-4db8-897a-d8ef21b5e0a7,707b6ccf-c9d9-4c1d-97f4-516b572b2f9d,1697664186762933333
6a69421f-e399-4db8-897a-d8ef21b5e0a7,707b6ccf-c9d9-4c1d-97f4-516b572b2f9d,1697664186784911111
6a69421f-e399-4db8-897a-d8ef21b5e0a7,707b6ccf-c9d9-4c1d-97f4-516b572b2f9d,1697664186825933333
6a69421f-e399-4db8-897a-d8ef21b5e0a7,707b6ccf-c9d9-4c1d-97f4-516b572b2f9d,1697664186862100000
6a69421f-e399-4db8-897a-d8ef21b5e0a7,707b6ccf-c9d9-4c1d-97f4-516b572b2f9d,1697664186898344444
6a69421f-e399-4db8-897a-d8ef21b5e0a7,707b6ccf-c9d9-4c1d-97f4-516b572b2f9d,1697664186931211111
6a69421f-e399-4db8-897a-d8ef21b5e0a7,707b6ccf-c9d9-4c1d-97f4-516b572b2f9d,1697664186966655555
6a69421f-e399-4db8-897a-d8ef21b5e0a7,707b6ccf-c9d9-4c1d-97f4-516b572b2f9d,1697664186982533333
6a69421f-e399-4db8-897a-d8ef21b5e0a7,707b6ccf-c9d9-4c1d-97f4-516b572b2f9d,1697664187024722222
6a69421f-e399-4db8-897a-d8ef21b5e0a7,707b6ccf-c9d9-4c1d-97f4-516b572b2f9d,1697664187045255555
6a69421f-e399-4db8-897a-d8ef21b5e0a7,707b6ccf-c9d9-4c1d-97f4-516b572b2f9d,1697664187083744444
6a69421f-e399-4db8-897a-d8ef21b5e0a7,707b6ccf-c9d9-4c1d-97f4-516b572b2f9d,1697664187116255555
6a69421f-e399-4db8-897a-d8ef21b5e0a7,707b6ccf-c9d9-4c1d-97f4-516b572b2f9d,1697664187162566666
6a69421f-e399-4db8-897a-d8ef21b5e0a7,707b6ccf-c9d9-4c1d-97f4-516b572b2f9d,1697664187182833333
6a69421f-e399-4db8-897a-d8ef21b5e0a7,707b6ccf-c9d9-4c1d-97f4-516b572b2f9d,1697664187225000000
6a69421f-e399-4db8-897a-d8ef21b5e0a7,707b6ccf-c9d9-4c1d-97f4-516b572b2f9d,1697664187261355555
6a69421f-e399-4db8-897a-d8ef21b5e0a7,707b6ccf-c9d9-4c1d-97f4-516b572b2f9d,1697664187293911111
6a69421f-e399-4db8-897a-d8ef21b5e0a7,707b6ccf-c9d9-4c1d-97f4-516b572b2f9d,1697664187325811111
6a69421f-e399-4db8-897a-d8ef21b5e0a7,707b6ccf-c9d9-4c1d-97f4-516b572b2f9d,1697664187358088888
6a69421f-e399-4db8-897a-d8ef21b5e0a7,707b6ccf-c9d9-4c1d-97f4-516b572b2f9d,1697664187395955555
6a69421f-e399-4db8-897a-d8ef21b5e0a7,707b6ccf-c9d9-4c1d-97f4-516b572b2f9d,1697664187430700000
6a69421f-e399-4db8-897a-d8ef21b5e0a7,707b6ccf-c9d9-4c1d-97f4-516b572b2f9d,1697664187457644444
6a69421f-e399-4db8-897a-d8ef21b5e0a7,707b6ccf-c9d9-4c1d-97f4-516b572b2f9d,1697664187493577777
6a69421f-e399-4db8-897a-d8ef21b5e0a7,707b6ccf-c9d9-4c1d-97f4-516b572b2f9d,1697664187523022222
6a69421f-e399-4db8-897a-d8ef21b5e0a7,707b6ccf-c9d9-4c1d-97f4-516b572b2f9d,1697664187558688888
6a69421f-e399-4db8-897a-d8ef21b5e0a7,707b6ccf-c9d9-4c1d-97f4-516b572b2f9d,1697664187592222222
6a69421f-e399-4db8-897a-d8ef21b5e0a7,707b6ccf-c9d9-4c1d-97f4-516b572b2f9d,1697664187624011111
6a69421f-e399-4db8-897a-d8ef21b5e0a7,707b6ccf-c9d9-4c1d-97f4-516b572b2f9d,1697664187656300000
6a69421f-e399-4db8-897a-d8ef21b5e0a7,707b6ccf-c9d9-4c1d-97f4-516b572b2f9d,1697664187683188888
6a69421f-e399-4db8-897a-d8ef21b5e0a7,707b6ccf-c9d9-4c1d-97f4-516b572b2f9d,1697664187715444444
6a69421f-e399-4db8-897a-d8ef21b5e0a7,707b6ccf-c9d9-4c1d-97f4-516b572b2f9d,1697664187747511111
6a69421f-e399-4db8-897a-d8ef21b5e0a7,707b6ccf-c9d9-4c1d-97f4-516b572b2f9d,1697664187810477777
6a69421f-e399-4db8-897a-d8ef21b5e0a7,707b6ccf-c9d9-4c1d-97f4-516b572b2f9d,1697664187820977777
6a69421f-e399-4db8-897a-d8ef21b5e0a7,707b6ccf-c9d9-4c1d-97f4-516b572b2f9d,1697664187848122222
6a69421f-e399-4db8-897a-d8ef21b5e0a7,707b6ccf-c9d9-4c1d-97f4-516b572b2f9d,1697664187898022222
6a69421f-e399-4db8-897a-d8ef21b5e0a7,707b6ccf-c9d9-4c1d-97f4-516b572b2f9d,1697664187927077777
6a69421f-e399-4db8-897a-d8ef21b5e0a7,707b6ccf-c9d9-4c1d-97f4-516b572b2f9d,1697664187957000000
6a69421f-e399-4db8-897a-d8ef21b5e0a7,707b6ccf-c9d9-4c1d-97f4-516b572b2f9d,1697664187992677777
6a69421f-e399-4db8-897a-d8ef21b5e0a7,707b6ccf-c9d9-4c1d-97f4-516b572b2f9d,1697664188029433333
6a69421f-e399-4db8-897a-d8ef21b5e0a7,707b6ccf-c9d9-4c1d-97f4-516b572b2f9d,1697664188057588888
6a69421f-e399-4db8-897a-d8ef21b5e0a7,707b6ccf-c9d9-4c1d-97f4-516b572b2f9d,1697664188093022222
6a69421f-e399-4db8-897a-d8ef21b5e0a7,707b6ccf-c9d9-4c1d-97f4-516b572b2f9d,1697664188125377777
6a69421f-e399-4db8-897a-d8ef21b5e0a7,707b6ccf-c9d9-4c1d-97f4-516b572b2f9d,1697664188156966666
6a69421f-e399-4db8-897a-d8ef21b5e0a7,707b6ccf-c9d9-4c1d-97f4-516b572b2f9d,1697664188194711111
6a69421f-e399-4db8-897a-d8ef21b5e0a7,707b6ccf-c9d9-4c1d-97f4-516b572b2f9d,1697664188223488888
6a69421f-e399-4db8-897a-d8ef21b5e0a7,707b6ccf-c9d9-4c1d-97f4-516b572b2f9d,1697664188257255555
6a69421f-e399-4db8-897a-d8ef21b5e0a7,707b6ccf-c9d9-4c1d-97f4-516b572b2f9d,1697664188293544444
6a69421f-e399-4db8-897a-d8ef21b5e0a7,707b6ccf-c9d9-4c1d-97f4-516b572b2f9d,1697664188326600000
6a69421f-e399-4db8-897a-d8ef21b5e0a7,707b6ccf-c9d9-4c1d-97f4-516b572b2f9d,1697664188347788888
6a69421f-e399-4db8-897a-d8ef21b5e0a7,707b6ccf-c9d9-4c1d-97f4-516b572b2f9d,1697664188400366666
6a69421f-e399-4db8-897a-d8ef21b5e0a7,707b6ccf-c9d9-4c1d-97f4-516b572b2f9d,1697664188416922222
6a69421f-e399-4db8-897a-d8ef21b5e0a7,707b6ccf-c9d9-4c1d-97f4-516b572b2f9d,1697664188447833333
6a69421f-e399-4db8-897a-d8ef21b5e0a7,707b6ccf-c9d9-4c1d-97f4-516b572b2f9d,1697664188481300000
6a69421f-e399-4db8-897a-d8ef21b5e0a7,707b6ccf-c9d9-4c1d-97f4-516b572b2f9d,1697664188522777777
6a69421f-e399-4db8-897a-d8ef21b5e0a7,707b6ccf-c9d9-4c1d-97f4-516b572b2f9d,1697664188557777777
6a69421f-e399-4db8-897a-d8ef21b5e0a7,707b6ccf-c9d9-4c1d-97f4-516b572b2f9d,1697664188599522222
6a69421f-e399-4db8-897a-d8ef21b5e0a7,707b6ccf-c9d9-4c1d-97f4-516b572b2f9d,1697664188624166666
6a69421f-e399-4db8-897a-d8ef21b5e0a7,707b6ccf-c9d9-4c1d-97f4-516b572b2f9d,1697664188659000000
6a69421f-e399-4db8-897a-d8ef21b5e0a7,707b6ccf-c9d9-4c1d-97f4-516b572b2f9d,1697664188692500000
6a69421f-e399-4db8-897a-d8ef21b5e0a7,707b6ccf-c9d9-4c1d-97f4-516b572b2f9d,1697664188723344444
6a69421f-e399-4db8-897a-d8ef21b5e0a7,707b6ccf-c9d9-4c1d-97f4-516b572b2f9d,1697664188758122222
6a69421f-e399-4db8-897a-d8ef21b5e0a7,707b6ccf-c9d9-4c1d-97f4-516b572b2f9d,1697664188802855555
6a69421f-e399-4db8-897a-d8ef21b5e0a7,707b6ccf-c9d9-4c1d-97f4-516b572b2f9d,1697664188814533333
6a69421f-e399-4db8-897a-d8ef21b5e0a7,707b6ccf-c9d9-4c1d-97f4-516b572b2f9d,1697664188859500000
6a69421f-e399-4db8-897a-d8ef21b5e0a7,707b6ccf-c9d9-4c1d-97f4-516b572b2f9d,1697664188891188888
6a69421f-e399-4db8-897a-d8ef21b5e0a7,707b6ccf-c9d9-4c1d-97f4-516b572b2f9d,1697664188925700000
6a69421f-e399-4db8-897a-d8ef21b5e0a7,707b6ccf-c9d9-4c1d-97f4-516b572b2f9d,1697664188959200000
6a69421f-e399-4db8-897a-d8ef21b5e0a7,707b6ccf-c9d9-4c1d-97f4-516b572b2f9d,1697664189003811111
6a69421f-e399-4db8-897a-d8ef21b5e0a7,707b6ccf-c9d9-4c1d-97f4-516b572b2f9d,1697664189017855555
6a69421f-e399-4db8-897a-d8ef21b5e0a7,707b6ccf-c9d9-4c1d-97f4-516b572b2f9d,1697664189045122222
6a69421f-e399-4db8-897a-d8ef21b5e0a7,707b6ccf-c9d9-4c1d-97f4-516b572b2f9d,1697664189083733333
6a69421f-e399-4db8-897a-d8ef21b5e0a7,707b6ccf-c9d9-4c1d-97f4-516b572b2f9d,1697664189133222222
6a69421f-e399-4db8-897a-d8ef21b5e0a7,707b6ccf-c9d9-4c1d-97f4-516b572b2f9d,1697664189153744444
6a69421f-e399-4db8-897a-d8ef21b5e0a7,707b6ccf-c9d9-4c1d-97f4-516b572b2f9d,1697664189187400000
6a69421f-e399-4db8-897a-d8ef21b5e0a7,707b6ccf-c9d9-4c1d-97f4-516b572b2f9d,1697664189231433333
6a69421f-e399-4db8-897a-d8ef21b5e0a7,707b6ccf-c9d9-4c1d-97f4-516b572b2f9d,1697664189262922222
6a69421f-e399-4db8-897a-d8ef21b5e0a7,707b6ccf-c9d9-4c1d-97f4-516b572b2f9d,1697664189287077777
6a69421f-e399-4db8-897a-d8ef21b5e0a7,707b6ccf-c9d9-4c1d-97f4-516b572b2f9d,1697664189330811111
6a69421f-e399-4db8-897a-d8ef21b5e0a7,707b6ccf-c9d9-4c1d-97f4-516b572b2f9d,1697664189357411111
6a69421f-e399-4db8-897a-d8ef21b5e0a7,707b6ccf-c9d9-4c1d-97f4-516b572b2f9d,1697664189393000000
6a69421f-e399-4db8-897a-d8ef21b5e0a7,707b6ccf-c9d9-4c1d-97f4-516b572b2f9d,1697664189423466666
6a69421f-e399-4db8-897a-d8ef21b5e0a7,707b6ccf-c9d9-4c1d-97f4-516b572b2f9d,1697664189458211111
6a69421f-e399-4db8-897a-d8ef21b5e0a7,707b6ccf-c9d9-4c1d-97f4-516b572b2f9d,1697664189490055555
6a69421f-e399-4db8-897a-d8ef21b5e0a7,707b6ccf-c9d9-4c1d-97f4-516b572b2f9d,1697664189526744444
6a69421f-e399-4db8-897a-d8ef21b5e0a7,707b6ccf-c9d9-4c1d-97f4-516b572b2f9d,1697664189556677777
6a69421f-e399-4db8-897a-d8ef21b5e0a7,707b6ccf-c9d9-4c1d-97f4-516b572b2f9d,1697664189592022222
6a69421f-e399-4db8-897a-d8ef21b5e0a7,707b6ccf-c9d9-4c1d-97f4-516b572b2f9d,1697664189626233333
6a69421f-e399-4db8-897a-d8ef21b5e0a7,707b6ccf-c9d9-4c1d-97f4-516b572b2f9d,1697664189653600000
6a69421f-e399-4db8-897a-d8ef21b5e0a7,707b6ccf-c9d9-4c1d-97f4-516b572b2f9d,1697664189679422222
6a69421f-e399-4db8-897a-d8ef21b5e0a7,707b6ccf-c9d9-4c1d-97f4-516b572b2f9d,1697664189718577777
6a69421f-e399-4db8-897a-d8ef21b5e0a7,707b6ccf-c9d9-4c1d-97f4-516b572b2f9d,1697664189746755555
6a69421f-e399-4db8-897a-d8ef21b5e0a7,707b6ccf-c9d9-4c1d-97f4-516b572b2f9d,1697664189791622222
6a69421f-e399-4db8-897a-d8ef21b5e0a7,707b6ccf-c9d9-4c1d-97f4-516b572b2f9d,1697664189828577777
6a69421f-e399-4db8-897a-d8ef21b5e0a7,707b6ccf-c9d9-4c1d-97f4-516b572b2f9d,1697664189858200000
6a69421f-e399-4db8-897a-d8ef21b5e0a7,707b6ccf-c9d9-4c1d-97f4-516b572b2f9d,1697664189890944444
6a69421f-e399-4db8-897a-d8ef21b5e0a7,707b6ccf-c9d9-4c1d-97f4-516b572b2f9d,1697664189928933333
6a69421f-e399-4db8-897a-d8ef21b5e0a7,707b6ccf-c9d9-4c1d-97f4-516b572b2f9d,1697664189961555555
6a69421f-e399-4db8-897a-d8ef21b5e0a7,707b6ccf-c9d9-4c1d-97f4-516b572b2f9d,1697664189988544444
6a69421f-e399-4db8-897a-d8ef21b5e0a7,707b6ccf-c9d9-4c1d-97f4-516b572b2f9d,1697664190027611111
6a69421f-e399-4db8-897a-d8ef21b5e0a7,707b6ccf-c9d9-4c1d-97f4-516b572b2f9d,1697664190058888888
6a69421f-e399-4db8-897a-d8ef21b5e0a7,707b6ccf-c9d9-4c1d-97f4-516b572b2f9d,1697664190096133333
6a69421f-e399-4db8-897a-d8ef21b5e0a7,707b6ccf-c9d9-4c1d-97f4-516b572b2f9d,1697664190133488888
6a69421f-e399-4db8-897a-d8ef21b5e0a7,707b6ccf-c9d9-4c1d-97f4-516b572b2f9d,1697664190162833333
6a69421f-e399-4db8-897a-d8ef21b5e0a7,707b6ccf-c9d9-4c1d-97f4-516b572b2f9d,1697664190179688888
6a69421f-e399-4db8-897a-d8ef21b5e0a7,707b6ccf-c9d9-4c1d-97f4-516b572b2f9d,1697664190232488888
6a69421f-e399-4db8-897a-d8ef21b5e0a7,707b6ccf-c9d9-4c1d-97f4-516b572b2f9d,1697664190261800000
6a69421f-e399-4db8-897a-d8ef21b5e0a7,707b6ccf-c9d9-4c1d-97f4-516b572b2f9d,1697664190281177777
6a69421f-e399-4db8-897a-d8ef21b5e0a7,707b6ccf-c9d9-4c1d-97f4-516b572b2f9d,1697664190330255555
6a69421f-e399-4db8-897a-d8ef21b5e0a7,707b6ccf-c9d9-4c1d-97f4-516b572b2f9d,1697664190356555555
6a69421f-e399-4db8-897a-d8ef21b5e0a7,707b6ccf-c9d9-4c1d-97f4-516b572b2f9d,1697664190379011111
6a69421f-e399-4db8-897a-d8ef21b5e0a7,707b6ccf-c9d9-4c1d-97f4-516b572b2f9d,1697664190417533333
6a69421f-e399-4db8-897a-d8ef21b5e0a7,707b6ccf-c9d9-4c1d-97f4-516b572b2f9d,1697664190465833333
6a69421f-e399-4db8-897a-d8ef21b5e0a7,707b6ccf-c9d9-4c1d-97f4-516b572b2f9d,1697664190479688888
6a69421f-e399-4db8-897a-d8ef21b5e0a7,707b6ccf-c9d9-4c1d-97f4-516b572b2f9d,1697664190512777777
6a69421f-e399-4db8-897a-d8ef21b5e0a7,707b6ccf-c9d9-4c1d-97f4-516b572b2f9d,1697664190565433333
6a69421f-e399-4db8-897a-d8ef21b5e0a7,707b6ccf-c9d9-4c1d-97f4-516b572b2f9d,1697664190587244444
6a69421f-e399-4db8-897a-d8ef21b5e0a7,707b6ccf-c9d9-4c1d-97f4-516b572b2f9d,1697664190634944444
6a69421f-e399-4db8-897a-d8ef21b5e0a7,707b6ccf-c9d9-4c1d-97f4-516b572b2f9d,1697664190663000000
6a69421f-e399-4db8-897a-d8ef21b5e0a7,707b6ccf-c9d9-4c1d-97f4-516b572b2f9d,1697664190680922222
6a69421f-e399-4db8-897a-d8ef21b5e0a7,707b6ccf-c9d9-4c1d-97f4-516b572b2f9d,1697664190729800000
6a69421f-e399-4db8-897a-d8ef21b5e0a7,707b6ccf-c9d9-4c1d-97f4-516b572b2f9d,1697664190762066666
6a69421f-e399-4db8-897a-d8ef21b5e0a7,707b6ccf-c9d9-4c1d-97f4-516b572b2f9d,1697664190790177777
6a69421f-e399-4db8-897a-d8ef21b5e0a7,707b6ccf-c9d9-4c1d-97f4-516b572b2f9d,1697664190832055555
6a69421f-e399-4db8-897a-d8ef21b5e0a7,707b6ccf-c9d9-4c1d-97f4-516b572b2f9d,1697664190859577777
6a69421f-e399-4db8-897a-d8ef21b5e0a7,707b6ccf-c9d9-4c1d-97f4-516b572b2f9d,1697664190882033333
6a69421f-e399-4db8-897a-d8ef21b5e0a7,707b6ccf-c9d9-4c1d-97f4-516b572b2f9d,1697664190923977777
6a69421f-e399-4db8-897a-d8ef21b5e0a7,707b6ccf-c9d9-4c1d-97f4-516b572b2f9d,1697664190956766666
6a69421f-e399-4db8-897a-d8ef21b5e0a7,707b6ccf-c9d9-4c1d-97f4-516b572b2f9d,1697664190992122222
6a69421f-e399-4db8-897a-d8ef21b5e0a7,707b6ccf-c9d9-4c1d-97f4-516b572b2f9d,1697664191043288888
6a69421f-e399-4db8-897a-d8ef21b5e0a7,707b6ccf-c9d9-4c1d-97f4-516b572b2f9d,1697664191055400000
6a69421f-e399-4db8-897a-d8ef21b5e0a7,707b6ccf-c9d9-4c1d-97f4-516b572b2f9d,1697664191083400000
6a69421f-e399-4db8-897a-d8ef21b5e0a7,707b6ccf-c9d9-4c1d-97f4-516b572b2f9d,1697664191119988888
6a69421f-e399-4db8-897a-d8ef21b5e0a7,707b6ccf-c9d9-4c1d-97f4-516b572b2f9d,1697664191161933333
6a69421f-e399-4db8-897a-d8ef21b5e0a7,707b6ccf-c9d9-4c1d-97f4-516b572b2f9d,1697664191178022222
6a69421f-e399-4db8-897a-d8ef21b5e0a7,707b6ccf-c9d9-4c1d-97f4-516b572b2f9d,1697664191228688888
6a69421f-e399-4db8-897a-d8ef21b5e0a7,707b6ccf-c9d9-4c1d-97f4-516b572b2f9d,1697664191257700000
6a69421f-e399-4db8-897a-d8ef21b5e0a7,707b6ccf-c9d9-4c1d-97f4-516b572b2f9d,1697664191292422222
6a69421f-e399-4db8-897a-d8ef21b5e0a7,707b6ccf-c9d9-4c1d-97f4-516b572b2f9d,1697664191329822222
6a69421f-e399-4db8-897a-d8ef21b5e0a7,707b6ccf-c9d9-4c1d-97f4-516b572b2f9d,1697664191358111111
6a69421f-e399-4db8-897a-d8ef21b5e0a7,707b6ccf-c9d9-4c1d-97f4-516b572b2f9d,1697664191388877777
6a69421f-e399-4db8-897a-d8ef21b5e0a7,707b6ccf-c9d9-4c1d-97f4-516b572b2f9d,1697664191426200000
6a69421f-e399-4db8-897a-d8ef21b5e0a7,707b6ccf-c9d9-4c1d-97f4-516b572b2f9d,1697664191459188888
6a69421f-e399-4db8-897a-d8ef21b5e0a7,707b6ccf-c9d9-4c1d-97f4-516b572b2f9d,1697664191490888888
6a69421f-e399-4db8-897a-d8ef21b5e0a7,707b6ccf-c9d9-4c1d-97f4-516b572b2f9d,1697664191522544444
6a69421f-e399-4db8-897a-d8ef21b5e0a7,707b6ccf-c9d9-4c1d-97f4-516b572b2f9d,1697664191560477777
6a69421f-e399-4db8-897a-d8ef21b5e0a7,707b6ccf-c9d9-4c1d-97f4-516b572b2f9d,1697664191591333333
6a69421f-e399-4db8-897a-d8ef21b5e0a7,707b6ccf-c9d9-4c1d-97f4-516b572b2f9d,1697664191622911111
6a69421f-e399-4db8-897a-d8ef21b5e0a7,707b6ccf-c9d9-4c1d-97f4-516b572b2f9d,1697664191658422222
6a69421f-e399-4db8-897a-d8ef21b5e0a7,707b6ccf-c9d9-4c1d-97f4-516b572b2f9d,1697664191680977777
6a69421f-e399-4db8-897a-d8ef21b5e0a7,707b6ccf-c9d9-4c1d-97f4-516b572b2f9d,1697664191715544444
6a69421f-e399-4db8-897a-d8ef21b5e0a7,707b6ccf-c9d9-4c1d-97f4-516b572b2f9d,1697664191747211111
6a69421f-e399-4db8-897a-d8ef21b5e0a7,707b6ccf-c9d9-4c1d-97f4-516b572b2f9d,1697664191808566666
6a69421f-e399-4db8-897a-d8ef21b5e0a7,707b6ccf-c9d9-4c1d-97f4-516b572b2f9d,1697664191820366666
6a69421f-e399-4db8-897a-d8ef21b5e0a7,707b6ccf-c9d9-4c1d-97f4-516b572b2f9d,1697664191847000000
6a69421f-e399-4db8-897a-d8ef21b5e0a7,707b6ccf-c9d9-4c1d-97f4-516b572b2f9d,1697664191890111111
6a69421f-e399-4db8-897a-d8ef21b5e0a7,707b6ccf-c9d9-4c1d-97f4-516b572b2f9d,1697664191932433333
6a69421f-e399-4db8-897a-d8ef21b5e0a7,707b6ccf-c9d9-4c1d-97f4-516b572b2f9d,1697664191959511111
6a69421f-e399-4db8-897a-d8ef21b5e0a7,707b6ccf-c9d9-4c1d-97f4-516b572b2f9d,1697664191989933333
6a69421f-e399-4db8-897a-d8ef21b5e0a7,707b6ccf-c9d9-4c1d-97f4-516b572b2f9d,1697664192029422222
6a69421f-e399-4db8-897a-d8ef21b5e0a7,707b6ccf-c9d9-4c1d-97f4-516b572b2f9d,1697664192060833333
6a69421f-e399-4db8-897a-d8ef21b5e0a7,707b6ccf-c9d9-4c1d-97f4-516b572b2f9d,1697664192092000000
6a69421f-e399-4db8-897a-d8ef21b5e0a7,707b6ccf-c9d9-4c1d-97f4-516b572b2f9d,1697664192127166666
6a69421f-e399-4db8-897a-d8ef21b5e0a7,707b6ccf-c9d9-4c1d-97f4-516b572b2f9d,1697664192163344444
6a69421f-e399-4db8-897a-d8ef21b5e0a7,707b6ccf-c9d9-4c1d-97f4-516b572b2f9d,1697664192181755555
6a69421f-e399-4db8-897a-d8ef21b5e0a7,707b6ccf-c9d9-4c1d-97f4-516b572b2f9d,1697664192232588888
6a69421f-e399-4db8-897a-d8ef21b5e0a7,707b6ccf-c9d9-4c1d-97f4-516b572b2f9d,1697664192263422222
6a69421f-e399-4db8-897a-d8ef21b5e0a7,707b6ccf-c9d9-4c1d-97f4-516b572b2f9d,1697664192280233333
6a69421f-e399-4db8-897a-d8ef21b5e0a7,707b6ccf-c9d9-4c1d-97f4-516b572b2f9d,1697664192332933333
6a69421f-e399-4db8-897a-d8ef21b5e0a7,707b6ccf-c9d9-4c1d-97f4-516b572b2f9d,1697664192365400000
6a69421f-e399-4db8-897a-d8ef21b5e0a7,707b6ccf-c9d9-4c1d-97f4-516b572b2f9d,1697664192380755555
6a69421f-e399-4db8-897a-d8ef21b5e0a7,707b6ccf-c9d9-4c1d-97f4-516b572b2f9d,1697664192415677777
6a69421f-e399-4db8-897a-d8ef21b5e0a7,707b6ccf-c9d9-4c1d-97f4-516b572b2f9d,1697664192457855555
6a69421f-e399-4db8-897a-d8ef21b5e0a7,707b6ccf-c9d9-4c1d-97f4-516b572b2f9d,1697664192486266666
6a69421f-e399-4db8-897a-d8ef21b5e0a7,707b6ccf-c9d9-4c1d-97f4-516b572b2f9d,1697664192515322222
6a69421f-e399-4db8-897a-d8ef21b5e0a7,707b6ccf-c9d9-4c1d-97f4-516b572b2f9d,1697664192556200000
6a69421f-e399-4db8-897a-d8ef21b5e0a7,707b6ccf-c9d9-4c1d-97f4-516b572b2f9d,1697664192591488888
6a69421f-e399-4db8-897a-d8ef21b5e0a7,707b6ccf-c9d9-4c1d-97f4-516b572b2f9d,1697664192622166666
6a69421f-e399-4db8-897a-d8ef21b5e0a7,707b6ccf-c9d9-4c1d-97f4-516b572b2f9d,1697664192661144444
6a69421f-e399-4db8-897a-d8ef21b5e0a7,707b6ccf-c9d9-4c1d-97f4-516b572b2f9d,1697664192694633333
6a69421f-e399-4db8-897a-d8ef21b5e0a7,707b6ccf-c9d9-4c1d-97f4-516b572b2f9d,1697664192723444444
6a69421f-e399-4db8-897a-d8ef21b5e0a7,707b6ccf-c9d9-4c1d-97f4-516b572b2f9d,1697664192755388888
6a69421f-e399-4db8-897a-d8ef21b5e0a7,707b6ccf-c9d9-4c1d-97f4-516b572b2f9d,1697664192794933333
6a69421f-e399-4db8-897a-d8ef21b5e0a7,707b6ccf-c9d9-4c1d-97f4-516b572b2f9d,1697664192823611111
6a69421f-e399-4db8-897a-d8ef21b5e0a7,707b6ccf-c9d9-4c1d-97f4-516b572b2f9d,1697664192853633333
6a69421f-e399-4db8-897a-d8ef21b5e0a7,707b6ccf-c9d9-4c1d-97f4-516b572b2f9d,1697664192891133333
6a69421f-e399-4db8-897a-d8ef21b5e0a7,707b6ccf-c9d9-4c1d-97f4-516b572b2f9d,1697664192922733333
6a69421f-e399-4db8-897a-d8ef21b5e0a7,707b6ccf-c9d9-4c1d-97f4-516b572b2f9d,1697664192953844444
6a69421f-e399-4db8-897a-d8ef21b5e0a7,707b6ccf-c9d9-4c1d-97f4-516b572b2f9d,1697664192993988888
6a69421f-e399-4db8-897a-d8ef21b5e0a7,707b6ccf-c9d9-4c1d-97f4-516b572b2f9d,1697664193022000000
6a69421f-e399-4db8-897a-d8ef21b5e0a7,707b6ccf-c9d9-4c1d-97f4-516b572b2f9d,1697664193051377777
6a69421f-e399-4db8-897a-d8ef21b5e0a7,707b6ccf-c9d9-4c1d-97f4-516b572b2f9d,1697664193080044444
6a69421f-e399-4db8-897a-d8ef21b5e0a7,707b6ccf-c9d9-4c1d-97f4-516b572b2f9d,1697664193133922222
6a69421f-e399-4db8-897a-d8ef21b5e0a7,707b6ccf-c9d9-4c1d-97f4-516b572b2f9d,1697664193149555555
6a69421f-e399-4db8-897a-d8ef21b5e0a7,707b6ccf-c9d9-4c1d-97f4-516b572b2f9d,1697664193178300000
6a69421f-e399-4db8-897a-d8ef21b5e0a7,707b6ccf-c9d9-4c1d-97f4-516b572b2f9d,1697664193218655555
6a69421f-e399-4db8-897a-d8ef21b5e0a7,707b6ccf-c9d9-4c1d-97f4-516b572b2f9d,1697664193262733333
6a69421f-e399-4db8-897a-d8ef21b5e0a7,707b6ccf-c9d9-4c1d-97f4-516b572b2f9d,1697664193295177777
6a69421f-e399-4db8-897a-d8ef21b5e0a7,707b6ccf-c9d9-4c1d-97f4-516b572b2f9d,1697664193321822222
6a69421f-e399-4db8-897a-d8ef21b5e0a7,707b6ccf-c9d9-4c1d-97f4-516b572b2f9d,1697664193354644444
6a69421f-e399-4db8-897a-d8ef21b5e0a7,707b6ccf-c9d9-4c1d-97f4-516b572b2f9d,1697664193390811111
6a69421f-e399-4db8-897a-d8ef21b5e0a7,707b6ccf-c9d9-4c1d-97f4-516b572b2f9d,1697664193422844444
6a69421f-e399-4db8-897a-d8ef21b5e0a7,707b6ccf-c9d9-4c1d-97f4-516b572b2f9d,1697664193453866666
6a69421f-e399-4db8-897a-d8ef21b5e0a7,707b6ccf-c9d9-4c1d-97f4-516b572b2f9d,1697664193490977777
6a69421f-e399-4db8-897a-d8ef21b5e0a7,707b6ccf-c9d9-4c1d-97f4-516b572b2f9d,1697664193522433333
6a69421f-e399-4db8-897a-d8ef21b5e0a7,707b6ccf-c9d9-4c1d-97f4-516b572b2f9d,1697664193552922222
6a69421f-e399-4db8-897a-d8ef21b5e0a7,707b6ccf-c9d9-4c1d-97f4-516b572b2f9d,1697664193596566666
6a69421f-e399-4db8-897a-d8ef21b5e0a7,707b6ccf-c9d9-4c1d-97f4-516b572b2f9d,1697664193623277777
6a69421f-e399-4db8-897a-d8ef21b5e0a7,707b6ccf-c9d9-4c1d-97f4-516b572b2f9d,1697664193653944444
6a69421f-e399-4db8-897a-d8ef21b5e0a7,707b6ccf-c9d9-4c1d-97f4-516b572b2f9d,1697664193692666666
6a69421f-e399-4db8-897a-d8ef21b5e0a7,707b6ccf-c9d9-4c1d-97f4-516b572b2f9d,1697664193730922222
6a69421f-e399-4db8-897a-d8ef21b5e0a7,707b6ccf-c9d9-4c1d-97f4-516b572b2f9d,1697664193752677777
6a69421f-e399-4db8-897a-d8ef21b5e0a7,707b6ccf-c9d9-4c1d-97f4-516b572b2f9d,1697664193782422222
6a69421f-e399-4db8-897a-d8ef21b5e0a7,707b6ccf-c9d9-4c1d-97f4-516b572b2f9d,1697664193826633333
6a69421f-e399-4db8-897a-d8ef21b5e0a7,707b6ccf-c9d9-4c1d-97f4-516b572b2f9d,1697664193861866666
6a69421f-e399-4db8-897a-d8ef21b5e0a7,707b6ccf-c9d9-4c1d-97f4-516b572b2f9d,1697664193879266666
6a69421f-e399-4db8-897a-d8ef21b5e0a7,707b6ccf-c9d9-4c1d-97f4-516b572b2f9d,1697664193934600000
6a69421f-e399-4db8-897a-d8ef21b5e0a7,707b6ccf-c9d9-4c1d-97f4-516b572b2f9d,1697664193958600000
6a69421f-e399-4db8-897a-d8ef21b5e0a7,707b6ccf-c9d9-4c1d-97f4-516b572b2f9d,1697664193995666666
6a69421f-e399-4db8-897a-d8ef21b5e0a7,707b6ccf-c9d9-4c1d-97f4-516b572b2f9d,1697664194024577777
6a69421f-e399-4db8-897a-d8ef21b5e0a7,707b6ccf-c9d9-4c1d-97f4-516b572b2f9d,1697664194054433333
6a69421f-e399-4db8-897a-d8ef21b5e0a7,707b6ccf-c9d9-4c1d-97f4-516b572b2f9d,1697664194089633333
6a69421f-e399-4db8-897a-d8ef21b5e0a7,707b6ccf-c9d9-4c1d-97f4-516b572b2f9d,1697664194121977777
6a69421f-e399-4db8-897a-d8ef21b5e0a7,707b6ccf-c9d9-4c1d-97f4-516b572b2f9d,1697664194158700000
6a69421f-e399-4db8-897a-d8ef21b5e0a7,707b6ccf-c9d9-4c1d-97f4-516b572b2f9d,1697664194190244444
6a69421f-e399-4db8-897a-d8ef21b5e0a7,707b6ccf-c9d9-4c1d-97f4-516b572b2f9d,1697664194221844444
6a69421f-e399-4db8-897a-d8ef21b5e0a7,707b6ccf-c9d9-4c1d-97f4-516b572b2f9d,1697664194263811111
6a69421f-e399-4db8-897a-d8ef21b5e0a7,707b6ccf-c9d9-4c1d-97f4-516b572b2f9d,1697664194295322222
6a69421f-e399-4db8-897a-d8ef21b5e0a7,707b6ccf-c9d9-4c1d-97f4-516b572b2f9d,1697664194322944444
6a69421f-e399-4db8-897a-d8ef21b5e0a7,707b6ccf-c9d9-4c1d-97f4-516b572b2f9d,1697664194354077777
6a69421f-e399-4db8-897a-d8ef21b5e0a7,707b6ccf-c9d9-4c1d-97f4-516b572b2f9d,1697664194390333333
6a69421f-e399-4db8-897a-d8ef21b5e0a7,707b6ccf-c9d9-4c1d-97f4-516b572b2f9d,1697664194412511111
6a69421f-e399-4db8-897a-d8ef21b5e0a7,707b6ccf-c9d9-4c1d-97f4-516b572b2f9d,1697664194450988888
6a69421f-e399-4db8-897a-d8ef21b5e0a7,707b6ccf-c9d9-4c1d-97f4-516b572b2f9d,1697664194489000000
6a69421f-e399-4db8-897a-d8ef21b5e0a7,707b6ccf-c9d9-4c1d-97f4-516b572b2f9d,1697664194513700000
6a69421f-e399-4db8-897a-d8ef21b5e0a7,707b6ccf-c9d9-4c1d-97f4-516b572b2f9d,1697664194552033333
6a69421f-e399-4db8-897a-d8ef21b5e0a7,707b6ccf-c9d9-4c1d-97f4-516b572b2f9d,1697664194587066666
6a69421f-e399-4db8-897a-d8ef21b5e0a7,707b6ccf-c9d9-4c1d-97f4-516b572b2f9d,1697664194623522222
6a69421f-e399-4db8-897a-d8ef21b5e0a7,707b6ccf-c9d9-4c1d-97f4-516b572b2f9d,1697664194656477777
6a69421f-e399-4db8-897a-d8ef21b5e0a7,707b6ccf-c9d9-4c1d-97f4-516b572b2f9d,1697664194691566666
6a69421f-e399-4db8-897a-d8ef21b5e0a7,707b6ccf-c9d9-4c1d-97f4-516b572b2f9d,1697664194723022222
6a69421f-e399-4db8-897a-d8ef21b5e0a7,707b6ccf-c9d9-4c1d-97f4-516b572b2f9d,1697664194753377777
6a69421f-e399-4db8-897a-d8ef21b5e0a7,707b6ccf-c9d9-4c1d-97f4-516b572b2f9d,1697664194790033333
6a69421f-e399-4db8-897a-d8ef21b5e0a7,707b6ccf-c9d9-4c1d-97f4-516b572b2f9d,1697664194822055555
6a69421f-e399-4db8-897a-d8ef21b5e0a7,707b6ccf-c9d9-4c1d-97f4-516b572b2f9d,1697664194857822222
6a69421f-e399-4db8-897a-d8ef21b5e0a7,707b6ccf-c9d9-4c1d-97f4-516b572b2f9d,1697664194891755555
6a69421f-e399-4db8-897a-d8ef21b5e0a7,707b6ccf-c9d9-4c1d-97f4-516b572b2f9d,1697664194922866666
6a69421f-e399-4db8-897a-d8ef21b5e0a7,707b6ccf-c9d9-4c1d-97f4-516b572b2f9d,1697664194958077777
6a69421f-e399-4db8-897a-d8ef21b5e0a7,707b6ccf-c9d9-4c1d-97f4-516b572b2f9d,1697664194989322222
6a69421f-e399-4db8-897a-d8ef21b5e0a7,707b6ccf-c9d9-4c1d-97f4-516b572b2f9d,1697664195026733333
6a69421f-e399-4db8-897a-d8ef21b5e0a7,707b6ccf-c9d9-4c1d-97f4-516b572b2f9d,1697664195065877777
6a69421f-e399-4db8-897a-d8ef21b5e0a7,707b6ccf-c9d9-4c1d-97f4-516b572b2f9d,1697664195086022222
6a69421f-e399-4db8-897a-d8ef21b5e0a7,707b6ccf-c9d9-4c1d-97f4-516b572b2f9d,1697664195121222222
6a69421f-e399-4db8-897a-d8ef21b5e0a7,707b6ccf-c9d9-4c1d-97f4-516b572b2f9d,1697664195148488888
6a69421f-e399-4db8-897a-d8ef21b5e0a7,707b6ccf-c9d9-4c1d-97f4-516b572b2f9d,1697664195183466666
6a69421f-e399-4db8-897a-d8ef21b5e0a7,707b6ccf-c9d9-4c1d-97f4-516b572b2f9d,1697664195216911111
6a69421f-e399-4db8-897a-d8ef21b5e0a7,707b6ccf-c9d9-4c1d-97f4-516b572b2f9d,1697664195262877777
6a69421f-e399-4db8-897a-d8ef21b5e0a7,707b6ccf-c9d9-4c1d-97f4-516b572b2f9d,1697664195295522222
6a69421f-e399-4db8-897a-d8ef21b5e0a7,707b6ccf-c9d9-4c1d-97f4-516b572b2f9d,1697664195323955555
6a69421f-e399-4db8-897a-d8ef21b5e0a7,707b6ccf-c9d9-4c1d-97f4-516b572b2f9d,1697664195353988888
6a69421f-e399-4db8-897a-d8ef21b5e0a7,707b6ccf-c9d9-4c1d-97f4-516b572b2f9d,1697664195388888888
6a69421f-e399-4db8-897a-d8ef21b5e0a7,707b6ccf-c9d9-4c1d-97f4-516b572b2f9d,1697664195420255555
6a69421f-e399-4db8-897a-d8ef21b5e0a7,707b6ccf-c9d9-4c1d-97f4-516b572b2f9d,1697664195452700000
6a69421f-e399-4db8-897a-d8ef21b5e0a7,707b6ccf-c9d9-4c1d-97f4-516b572b2f9d,1697664195492255555
6a69421f-e399-4db8-897a-d8ef21b5e0a7,707b6ccf-c9d9-4c1d-97f4-516b572b2f9d,1697664195520600000
6a69421f-e399-4db8-897a-d8ef21b5e0a7,707b6ccf-c9d9-4c1d-97f4-516b572b2f9d,1697664195551800000
6a69421f-e399-4db8-897a-d8ef21b5e0a7,707b6ccf-c9d9-4c1d-97f4-516b572b2f9d,1697664195592955555
6a69421f-e399-4db8-897a-d8ef21b5e0a7,707b6ccf-c9d9-4c1d-97f4-516b572b2f9d,1697664195623588888
6a69421f-e399-4db8-897a-d8ef21b5e0a7,707b6ccf-c9d9-4c1d-97f4-516b572b2f9d,1697664195656944444
6a69421f-e399-4db8-897a-d8ef21b5e0a7,707b6ccf-c9d9-4c1d-97f4-516b572b2f9d,1697664195691433333
6a69421f-e399-4db8-897a-d8ef21b5e0a7,707b6ccf-c9d9-4c1d-97f4-516b572b2f9d,1697664195725366666
6a69421f-e399-4db8-897a-d8ef21b5e0a7,707b6ccf-c9d9-4c1d-97f4-516b572b2f9d,1697664195746055555
6a69421f-e399-4db8-897a-d8ef21b5e0a7,707b6ccf-c9d9-4c1d-97f4-516b572b2f9d,1697664195795833333
6a69421f-e399-4db8-897a-d8ef21b5e0a7,707b6ccf-c9d9-4c1d-97f4-516b572b2f9d,1697664195813588888
6a69421f-e399-4db8-897a-d8ef21b5e0a7,707b6ccf-c9d9-4c1d-97f4-516b572b2f9d,1697664195845611111
6a69421f-e399-4db8-897a-d8ef21b5e0a7,707b6ccf-c9d9-4c1d-97f4-516b572b2f9d,1697664195887733333
6a69421f-e399-4db8-897a-d8ef21b5e0a7,707b6ccf-c9d9-4c1d-97f4-516b572b2f9d,1697664195924133333
6a69421f-e399-4db8-897a-d8ef21b5e0a7,707b6ccf-c9d9-4c1d-97f4-516b572b2f9d,1697664195952877777
6a69421f-e399-4db8-897a-d8ef21b5e0a7,707b6ccf-c9d9-4c1d-97f4-516b572b2f9d,1697664195990866666
6a69421f-e399-4db8-897a-d8ef21b5e0a7,707b6ccf-c9d9-4c1d-97f4-516b572b2f9d,1697664196020455555
6a69421f-e399-4db8-897a-d8ef21b5e0a7,707b6ccf-c9d9-4c1d-97f4-516b572b2f9d,1697664196046388888
6a69421f-e399-4db8-897a-d8ef21b5e0a7,707b6ccf-c9d9-4c1d-97f4-516b572b2f9d,1697664196096177777
6a69421f-e399-4db8-897a-d8ef21b5e0a7,707b6ccf-c9d9-4c1d-97f4-516b572b2f9d,1697664196123844444
6a69421f-e399-4db8-897a-d8ef21b5e0a7,707b6ccf-c9d9-4c1d-97f4-516b572b2f9d,1697664196154155555
6a69421f-e399-4db8-897a-d8ef21b5e0a7,707b6ccf-c9d9-4c1d-97f4-516b572b2f9d,1697664196200166666
6a69421f-e399-4db8-897a-d8ef21b5e0a7,707b6ccf-c9d9-4c1d-97f4-516b572b2f9d,1697664196222855555
6a69421f-e399-4db8-897a-d8ef21b5e0a7,707b6ccf-c9d9-4c1d-97f4-516b572b2f9d,1697664196243255555
6a69421f-e399-4db8-897a-d8ef21b5e0a7,707b6ccf-c9d9-4c1d-97f4-516b572b2f9d,1697664196291277777
6a69421f-e399-4db8-897a-d8ef21b5e0a7,707b6ccf-c9d9-4c1d-97f4-516b572b2f9d,1697664196322533333
6a69421f-e399-4db8-897a-d8ef21b5e0a7,707b6ccf-c9d9-4c1d-97f4-516b572b2f9d,1697664196358088888
6a69421f-e399-4db8-897a-d8ef21b5e0a7,707b6ccf-c9d9-4c1d-97f4-516b572b2f9d,1697664196385955555
6a69421f-e399-4db8-897a-d8ef21b5e0a7,707b6ccf-c9d9-4c1d-97f4-516b572b2f9d,1697664196411711111
6a69421f-e399-4db8-897a-d8ef21b5e0a7,707b6ccf-c9d9-4c1d-97f4-516b572b2f9d,1697664196453488888
6a69421f-e399-4db8-897a-d8ef21b5e0a7,707b6ccf-c9d9-4c1d-97f4-516b572b2f9d,1697664196480555555
6a69421f-e399-4db8-897a-d8ef21b5e0a7,707b6ccf-c9d9-4c1d-97f4-516b572b2f9d,1697664196522788888
6a69421f-e399-4db8-897a-d8ef21b5e0a7,707b6ccf-c9d9-4c1d-97f4-516b572b2f9d,1697664196541611111
6a69421f-e399-4db8-897a-d8ef21b5e0a7,707b6ccf-c9d9-4c1d-97f4-516b572b2f9d,1697664196596055555
6a69421f-e399-4db8-897a-d8ef21b5e0a7,707b6ccf-c9d9-4c1d-97f4-516b572b2f9d,1697664196629644444
6a69421f-e399-4db8-897a-d8ef21b5e0a7,707b6ccf-c9d9-4c1d-97f4-516b572b2f9d,1697664196652777777
6a69421f-e399-4db8-897a-d8ef21b5e0a7,707b6ccf-c9d9-4c1d-97f4-516b572b2f9d,1697664196690322222
6a69421f-e399-4db8-897a-d8ef21b5e0a7,707b6ccf-c9d9-4c1d-97f4-516b572b2f9d,1697664196722633333
6a69421f-e399-4db8-897a-d8ef21b5e0a7,707b6ccf-c9d9-4c1d-97f4-516b572b2f9d,1697664196753255555
6a69421f-e399-4db8-897a-d8ef21b5e0a7,707b6ccf-c9d9-4c1d-97f4-516b572b2f9d,1697664196790711111
6a69421f-e399-4db8-897a-d8ef21b5e0a7,707b6ccf-c9d9-4c1d-97f4-516b572b2f9d,1697664196822777777
6a69421f-e399-4db8-897a-d8ef21b5e0a7,707b6ccf-c9d9-4c1d-97f4-516b572b2f9d,1697664196846422222
6a69421f-e399-4db8-897a-d8ef21b5e0a7,707b6ccf-c9d9-4c1d-97f4-516b572b2f9d,1697664196895577777
6a69421f-e399-4db8-897a-d8ef21b5e0a7,707b6ccf-c9d9-4c1d-97f4-516b572b2f9d,1697664196924533333
6a69421f-e399-4db8-897a-d8ef21b5e0a7,707b6ccf-c9d9-4c1d-97f4-516b572b2f9d,1697664196952644444
6a69421f-e399-4db8-897a-d8ef21b5e0a7,707b6ccf-c9d9-4c1d-97f4-516b572b2f9d,1697664196991133333
6a69421f-e399-4db8-897a-d8ef21b5e0a7,707b6ccf-c9d9-4c1d-97f4-516b572b2f9d,1697664197023455555
6a69421f-e399-4db8-897a-d8ef21b5e0a7,707b6ccf-c9d9-4c1d-97f4-516b572b2f9d,1697664197045422222
6a69421f-e399-4db8-897a-d8ef21b5e0a7,707b6ccf-c9d9-4c1d-97f4-516b572b2f9d,1697664197080788888
6a69421f-e399-4db8-897a-d8ef21b5e0a7,707b6ccf-c9d9-4c1d-97f4-516b572b2f9d,1697664197122477777
6a69421f-e399-4db8-897a-d8ef21b5e0a7,707b6ccf-c9d9-4c1d-97f4-516b572b2f9d,1697664197144955555
6a69421f-e399-4db8-897a-d8ef21b5e0a7,707b6ccf-c9d9-4c1d-97f4-516b572b2f9d,1697664197186866666
6a69421f-e399-4db8-897a-d8ef21b5e0a7,707b6ccf-c9d9-4c1d-97f4-516b572b2f9d,1697664197221033333
6a69421f-e399-4db8-897a-d8ef21b5e0a7,707b6ccf-c9d9-4c1d-97f4-516b572b2f9d,1697664197254822222
6a69421f-e399-4db8-897a-d8ef21b5e0a7,707b6ccf-c9d9-4c1d-97f4-516b572b2f9d,1697664197289122222
6a69421f-e399-4db8-897a-d8ef21b5e0a7,707b6ccf-c9d9-4c1d-97f4-516b572b2f9d,1697664197326177777
6a69421f-e399-4db8-897a-d8ef21b5e0a7,707b6ccf-c9d9-4c1d-97f4-516b572b2f9d,1697664197356055555
6a69421f-e399-4db8-897a-d8ef21b5e0a7,707b6ccf-c9d9-4c1d-97f4-516b572b2f9d,1697664197391288888
6a69421f-e399-4db8-897a-d8ef21b5e0a7,707b6ccf-c9d9-4c1d-97f4-516b572b2f9d,1697664197426366666
6a69421f-e399-4db8-897a-d8ef21b5e0a7,707b6ccf-c9d9-4c1d-97f4-516b572b2f9d,1697664197454277777
6a69421f-e399-4db8-897a-d8ef21b5e0a7,707b6ccf-c9d9-4c1d-97f4-516b572b2f9d,1697664197492733333
6a69421f-e399-4db8-897a-d8ef21b5e0a7,707b6ccf-c9d9-4c1d-97f4-516b572b2f9d,1697664197521188888
6a69421f-e399-4db8-897a-d8ef21b5e0a7,707b6ccf-c9d9-4c1d-97f4-516b572b2f9d,1697664197546477777
6a69421f-e399-4db8-897a-d8ef21b5e0a7,707b6ccf-c9d9-4c1d-97f4-516b572b2f9d,1697664197594577777
6a69421f-e399-4db8-897a-d8ef21b5e0a7,707b6ccf-c9d9-4c1d-97f4-516b572b2f9d,1697664197625733333
6a69421f-e399-4db8-897a-d8ef21b5e0a7,707b6ccf-c9d9-4c1d-97f4-516b572b2f9d,1697664197655900000
6a69421f-e399-4db8-897a-d8ef21b5e0a7,707b6ccf-c9d9-4c1d-97f4-516b572b2f9d,1697664197698377777
6a69421f-e399-4db8-897a-d8ef21b5e0a7,707b6ccf-c9d9-4c1d-97f4-516b572b2f9d,1697664197725688888
6a69421f-e399-4db8-897a-d8ef21b5e0a7,707b6ccf-c9d9-4c1d-97f4-516b572b2f9d,1697664197746088888
6a69421f-e399-4db8-897a-d8ef21b5e0a7,707b6ccf-c9d9-4c1d-97f4-516b572b2f9d,1697664197781488888
6a69421f-e399-4db8-897a-d8ef21b5e0a7,707b6ccf-c9d9-4c1d-97f4-516b572b2f9d,1697664197824611111
6a69421f-e399-4db8-897a-d8ef21b5e0a7,707b6ccf-c9d9-4c1d-97f4-516b572b2f9d,1697664197860633333
6a69421f-e399-4db8-897a-d8ef21b5e0a7,707b6ccf-c9d9-4c1d-97f4-516b572b2f9d,1697664197878744444
6a69421f-e399-4db8-897a-d8ef21b5e0a7,707b6ccf-c9d9-4c1d-97f4-516b572b2f9d,1697664197937866666
6a69421f-e399-4db8-897a-d8ef21b5e0a7,707b6ccf-c9d9-4c1d-97f4-516b572b2f9d,1697664197962777777
6a69421f-e399-4db8-897a-d8ef21b5e0a7,707b6ccf-c9d9-4c1d-97f4-516b572b2f9d,1697664197978977777
6a69421f-e399-4db8-897a-d8ef21b5e0a7,707b6ccf-c9d9-4c1d-97f4-516b572b2f9d,1697664198028166666
6a69421f-e399-4db8-897a-d8ef21b5e0a7,707b6ccf-c9d9-4c1d-97f4-516b572b2f9d,1697664198055533333
6a69421f-e399-4db8-897a-d8ef21b5e0a7,707b6ccf-c9d9-4c1d-97f4-516b572b2f9d,1697664198090500000
6a69421f-e399-4db8-897a-d8ef21b5e0a7,707b6ccf-c9d9-4c1d-97f4-516b572b2f9d,1697664198123788888
6a69421f-e399-4db8-897a-d8ef21b5e0a7,707b6ccf-c9d9-4c1d-97f4-516b572b2f9d,1697664198158177777
6a69421f-e399-4db8-897a-d8ef21b5e0a7,707b6ccf-c9d9-4c1d-97f4-516b572b2f9d,1697664198185044444
6a69421f-e399-4db8-897a-d8ef21b5e0a7,707b6ccf-c9d9-4c1d-97f4-516b572b2f9d,1697664198224033333
6a69421f-e399-4db8-897a-d8ef21b5e0a7,707b6ccf-c9d9-4c1d-97f4-516b572b2f9d,1697664198258111111
6a69421f-e399-4db8-897a-d8ef21b5e0a7,707b6ccf-c9d9-4c1d-97f4-516b572b2f9d,1697664198293022222
6a69421f-e399-4db8-897a-d8ef21b5e0a7,707b6ccf-c9d9-4c1d-97f4-516b572b2f9d,1697664198323333333
6a69421f-e399-4db8-897a-d8ef21b5e0a7,707b6ccf-c9d9-4c1d-97f4-516b572b2f9d,1697664198351822222
6a69421f-e399-4db8-897a-d8ef21b5e0a7,707b6ccf-c9d9-4c1d-97f4-516b572b2f9d,1697664198397800000
6a69421f-e399-4db8-897a-d8ef21b5e0a7,707b6ccf-c9d9-4c1d-97f4-516b572b2f9d,1697664198425611111
6a69421f-e399-4db8-897a-d8ef21b5e0a7,707b6ccf-c9d9-4c1d-97f4-516b572b2f9d,1697664198459166666
6a69421f-e399-4db8-897a-d8ef21b5e0a7,707b6ccf-c9d9-4c1d-97f4-516b572b2f9d,1697664198497311111
6a69421f-e399-4db8-897a-d8ef21b5e0a7,707b6ccf-c9d9-4c1d-97f4-516b572b2f9d,1697664198521388888
6a69421f-e399-4db8-897a-d8ef21b5e0a7,707b6ccf-c9d9-4c1d-97f4-516b572b2f9d,1697664198540777777
6a69421f-e399-4db8-897a-d8ef21b5e0a7,707b6ccf-c9d9-4c1d-97f4-516b572b2f9d,1697664198597300000
6a69421f-e399-4db8-897a-d8ef21b5e0a7,707b6ccf-c9d9-4c1d-97f4-516b572b2f9d,1697664198621133333
6a69421f-e399-4db8-897a-d8ef21b5e0a7,707b6ccf-c9d9-4c1d-97f4-516b572b2f9d,1697664198653566666
6a69421f-e399-4db8-897a-d8ef21b5e0a7,707b6ccf-c9d9-4c1d-97f4-516b572b2f9d,1697664198692311111
6a69421f-e399-4db8-897a-d8ef21b5e0a7,707b6ccf-c9d9-4c1d-97f4-516b572b2f9d,1697664198722611111
6a69421f-e399-4db8-897a-d8ef21b5e0a7,707b6ccf-c9d9-4c1d-97f4-516b572b2f9d,1697664198753088888
6a69421f-e399-4db8-897a-d8ef21b5e0a7,707b6ccf-c9d9-4c1d-97f4-516b572b2f9d,1697664198794700000
6a69421f-e399-4db8-897a-d8ef21b5e0a7,707b6ccf-c9d9-4c1d-97f4-516b572b2f9d,1697664198822866666
6a69421f-e399-4db8-897a-d8ef21b5e0a7,707b6ccf-c9d9-4c1d-97f4-516b572b2f9d,1697664198845855555
6a69421f-e399-4db8-897a-d8ef21b5e0a7,707b6ccf-c9d9-4c1d-97f4-516b572b2f9d,1697664198894777777
6a69421f-e399-4db8-897a-d8ef21b5e0a7,707b6ccf-c9d9-4c1d-97f4-516b572b2f9d,1697664198922955555
6a69421f-e399-4db8-897a-d8ef21b5e0a7,707b6ccf-c9d9-4c1d-97f4-516b572b2f9d,1697664198945333333
6a69421f-e399-4db8-897a-d8ef21b5e0a7,707b6ccf-c9d9-4c1d-97f4-516b572b2f9d,1697664198994844444
6a69421f-e399-4db8-897a-d8ef21b5e0a7,707b6ccf-c9d9-4c1d-97f4-516b572b2f9d,1697664199023933333
6a69421f-e399-4db8-897a-d8ef21b5e0a7,707b6ccf-c9d9-4c1d-97f4-516b572b2f9d,1697664199046444444
6a69421f-e399-4db8-897a-d8ef21b5e0a7,707b6ccf-c9d9-4c1d-97f4-516b572b2f9d,1697664199088100000
6a69421f-e399-4db8-897a-d8ef21b5e0a7,707b6ccf-c9d9-4c1d-97f4-516b572b2f9d,1697664199113588888
6a69421f-e399-4db8-897a-d8ef21b5e0a7,707b6ccf-c9d9-4c1d-97f4-516b572b2f9d,1697664199146611111
6a69421f-e399-4db8-897a-d8ef21b5e0a7,707b6ccf-c9d9-4c1d-97f4-516b572b2f9d,1697664199183677777
6a69421f-e399-4db8-897a-d8ef21b5e0a7,707b6ccf-c9d9-4c1d-97f4-516b572b2f9d,1697664199215455555
6a69421f-e399-4db8-897a-d8ef21b5e0a7,707b6ccf-c9d9-4c1d-97f4-516b572b2f9d,1697664199251433333
6a69421f-e399-4db8-897a-d8ef21b5e0a7,707b6ccf-c9d9-4c1d-97f4-516b572b2f9d,1697664199289000000
6a69421f-e399-4db8-897a-d8ef21b5e0a7,707b6ccf-c9d9-4c1d-97f4-516b572b2f9d,1697664199323355555
6a69421f-e399-4db8-897a-d8ef21b5e0a7,707b6ccf-c9d9-4c1d-97f4-516b572b2f9d,1697664199345155555
6a69421f-e399-4db8-897a-d8ef21b5e0a7,707b6ccf-c9d9-4c1d-97f4-516b572b2f9d,1697664199386266666
6a69421f-e399-4db8-897a-d8ef21b5e0a7,707b6ccf-c9d9-4c1d-97f4-516b572b2f9d,1697664199423544444
6a69421f-e399-4db8-897a-d8ef21b5e0a7,707b6ccf-c9d9-4c1d-97f4-516b572b2f9d,1697664199452833333
6a69421f-e399-4db8-897a-d8ef21b5e0a7,707b6ccf-c9d9-4c1d-97f4-516b572b2f9d,1697664199483766666
6a69421f-e399-4db8-897a-d8ef21b5e0a7,707b6ccf-c9d9-4c1d-97f4-516b572b2f9d,1697664199523811111
6a69421f-e399-4db8-897a-d8ef21b5e0a7,707b6ccf-c9d9-4c1d-97f4-516b572b2f9d,1697664199554433333
6a69421f-e399-4db8-897a-d8ef21b5e0a7,707b6ccf-c9d9-4c1d-97f4-516b572b2f9d,1697664199584633333
6a69421f-e399-4db8-897a-d8ef21b5e0a7,707b6ccf-c9d9-4c1d-97f4-516b572b2f9d,1697664199622444444
6a69421f-e399-4db8-897a-d8ef21b5e0a7,707b6ccf-c9d9-4c1d-97f4-516b572b2f9d,1697664199653966666
6a69421f-e399-4db8-897a-d8ef21b5e0a7,707b6ccf-c9d9-4c1d-97f4-516b572b2f9d,1697664199685911111
6a69421f-e399-4db8-897a-d8ef21b5e0a7,707b6ccf-c9d9-4c1d-97f4-516b572b2f9d,1697664199733377777
6a69421f-e399-4db8-897a-d8ef21b5e0a7,707b6ccf-c9d9-4c1d-97f4-516b572b2f9d,1697664199740855555
6a69421f-e399-4db8-897a-d8ef21b5e0a7,707b6ccf-c9d9-4c1d-97f4-516b572b2f9d,1697664199779811111
6a69421f-e399-4db8-897a-d8ef21b5e0a7,707b6ccf-c9d9-4c1d-97f4-516b572b2f9d,1697664199811511111
6a69421f-e399-4db8-897a-d8ef21b5e0a7,707b6ccf-c9d9-4c1d-97f4-516b572b2f9d,1697664199842611111
6a69421f-e399-4db8-897a-d8ef21b5e0a7,707b6ccf-c9d9-4c1d-97f4-516b572b2f9d,1697664199887355555
6a69421f-e399-4db8-897a-d8ef21b5e0a7,707b6ccf-c9d9-4c1d-97f4-516b572b2f9d,1697664199924066666
6a69421f-e399-4db8-897a-d8ef21b5e0a7,707b6ccf-c9d9-4c1d-97f4-516b572b2f9d,1697664199958411111
6a69421f-e399-4db8-897a-d8ef21b5e0a7,707b6ccf-c9d9-4c1d-97f4-516b572b2f9d,1697664199991133333
6a69421f-e399-4db8-897a-d8ef21b5e0a7,707b6ccf-c9d9-4c1d-97f4-516b572b2f9d,1697664200023466666
6a69421f-e399-4db8-897a-d8ef21b5e0a7,707b6ccf-c9d9-4c1d-97f4-516b572b2f9d,1697664200046011111
6a69421f-e399-4db8-897a-d8ef21b5e0a7,707b6ccf-c9d9-4c1d-97f4-516b572b2f9d,1697664200085977777
6a69421f-e399-4db8-897a-d8ef21b5e0a7,707b6ccf-c9d9-4c1d-97f4-516b572b2f9d,1697664200125511111
6a69421f-e399-4db8-897a-d8ef21b5e0a7,707b6ccf-c9d9-4c1d-97f4-516b572b2f9d,1697664200154044444
6a69421f-e399-4db8-897a-d8ef21b5e0a7,707b6ccf-c9d9-4c1d-97f4-516b572b2f9d,1697664200186022222
6a69421f-e399-4db8-897a-d8ef21b5e0a7,707b6ccf-c9d9-4c1d-97f4-516b572b2f9d,1697664200221855555
6a69421f-e399-4db8-897a-d8ef21b5e0a7,707b6ccf-c9d9-4c1d-97f4-516b572b2f9d,1697664200247455555
6a69421f-e399-4db8-897a-d8ef21b5e0a7,707b6ccf-c9d9-4c1d-97f4-516b572b2f9d,1697664200289700000
6a69421f-e399-4db8-897a-d8ef21b5e0a7,707b6ccf-c9d9-4c1d-97f4-516b572b2f9d,1697664200323633333
6a69421f-e399-4db8-897a-d8ef21b5e0a7,707b6ccf-c9d9-4c1d-97f4-516b572b2f9d,1697664200344700000
6a69421f-e399-4db8-897a-d8ef21b5e0a7,707b6ccf-c9d9-4c1d-97f4-516b572b2f9d,1697664200384866666
6a69421f-e399-4db8-897a-d8ef21b5e0a7,707b6ccf-c9d9-4c1d-97f4-516b572b2f9d,1697664200410966666
6a69421f-e399-4db8-897a-d8ef21b5e0a7,707b6ccf-c9d9-4c1d-97f4-516b572b2f9d,1697664200440655555
6a69421f-e399-4db8-897a-d8ef21b5e0a7,707b6ccf-c9d9-4c1d-97f4-516b572b2f9d,1697664200492077777
6a69421f-e399-4db8-897a-d8ef21b5e0a7,707b6ccf-c9d9-4c1d-97f4-516b572b2f9d,1697664200518111111
6a69421f-e399-4db8-897a-d8ef21b5e0a7,707b6ccf-c9d9-4c1d-97f4-516b572b2f9d,1697664200541166666
6a69421f-e399-4db8-897a-d8ef21b5e0a7,707b6ccf-c9d9-4c1d-97f4-516b572b2f9d,1697664200586122222
6a69421f-e399-4db8-897a-d8ef21b5e0a7,707b6ccf-c9d9-4c1d-97f4-516b572b2f9d,1697664200626333333
6a69421f-e399-4db8-897a-d8ef21b5e0a7,707b6ccf-c9d9-4c1d-97f4-516b572b2f9d,1697664200653477777
6a69421f-e399-4db8-897a-d8ef21b5e0a7,707b6ccf-c9d9-4c1d-97f4-516b572b2f9d,1697664200685922222
6a69421f-e399-4db8-897a-d8ef21b5e0a7,707b6ccf-c9d9-4c1d-97f4-516b572b2f9d,1697664200721466666
6a69421f-e399-4db8-897a-d8ef21b5e0a7,707b6ccf-c9d9-4c1d-97f4-516b572b2f9d,1697664200746700000
6a69421f-e399-4db8-897a-d8ef21b5e0a7,707b6ccf-c9d9-4c1d-97f4-516b572b2f9d,1697664200786611111
6a69421f-e399-4db8-897a-d8ef21b5e0a7,707b6ccf-c9d9-4c1d-97f4-516b572b2f9d,1697664200829622222
6a69421f-e399-4db8-897a-d8ef21b5e0a7,707b6ccf-c9d9-4c1d-97f4-516b572b2f9d,1697664200852944444
6a69421f-e399-4db8-897a-d8ef21b5e0a7,707b6ccf-c9d9-4c1d-97f4-516b572b2f9d,1697664200887555555
6a69421f-e399-4db8-897a-d8ef21b5e0a7,707b6ccf-c9d9-4c1d-97f4-516b572b2f9d,1697664200922722222
6a69421f-e399-4db8-897a-d8ef21b5e0a7,707b6ccf-c9d9-4c1d-97f4-516b572b2f9d,1697664200953744444
6a69421f-e399-4db8-897a-d8ef21b5e0a7,707b6ccf-c9d9-4c1d-97f4-516b572b2f9d,1697664200984922222
6a69421f-e399-4db8-897a-d8ef21b5e0a7,707b6ccf-c9d9-4c1d-97f4-516b572b2f9d,1697664201023066666
6a69421f-e399-4db8-897a-d8ef21b5e0a7,707b6ccf-c9d9-4c1d-97f4-516b572b2f9d,1697664201046833333
6a69421f-e399-4db8-897a-d8ef21b5e0a7,707b6ccf-c9d9-4c1d-97f4-516b572b2f9d,1697664201074400000
6a69421f-e399-4db8-897a-d8ef21b5e0a7,707b6ccf-c9d9-4c1d-97f4-516b572b2f9d,1697664201111377777
6a69421f-e399-4db8-897a-d8ef21b5e0a7,707b6ccf-c9d9-4c1d-97f4-516b572b2f9d,1697664201167166666
6a69421f-e399-4db8-897a-d8ef21b5e0a7,707b6ccf-c9d9-4c1d-97f4-516b572b2f9d,1697664201176277777
6a69421f-e399-4db8-897a-d8ef21b5e0a7,707b6ccf-c9d9-4c1d-97f4-516b572b2f9d,1697664201215566666
6a69421f-e399-4db8-897a-d8ef21b5e0a7,707b6ccf-c9d9-4c1d-97f4-516b572b2f9d,1697664201254711111
6a69421f-e399-4db8-897a-d8ef21b5e0a7,707b6ccf-c9d9-4c1d-97f4-516b572b2f9d,1697664201292055555
6a69421f-e399-4db8-897a-d8ef21b5e0a7,707b6ccf-c9d9-4c1d-97f4-516b572b2f9d,1697664201323122222
6a69421f-e399-4db8-897a-d8ef21b5e0a7,707b6ccf-c9d9-4c1d-97f4-516b572b2f9d,1697664201341844444
6a69421f-e399-4db8-897a-d8ef21b5e0a7,707b6ccf-c9d9-4c1d-97f4-516b572b2f9d,1697664201396033333
6a69421f-e399-4db8-897a-d8ef21b5e0a7,707b6ccf-c9d9-4c1d-97f4-516b572b2f9d,1697664201422977777
6a69421f-e399-4db8-897a-d8ef21b5e0a7,707b6ccf-c9d9-4c1d-97f4-516b572b2f9d,1697664201447077777
6a69421f-e399-4db8-897a-d8ef21b5e0a7,707b6ccf-c9d9-4c1d-97f4-516b572b2f9d,1697664201488688888
6a69421f-e399-4db8-897a-d8ef21b5e0a7,707b6ccf-c9d9-4c1d-97f4-516b572b2f9d,1697664201527388888
6a69421f-e399-4db8-897a-d8ef21b5e0a7,707b6ccf-c9d9-4c1d-97f4-516b572b2f9d,1697664201551300000
6a69421f-e399-4db8-897a-d8ef21b5e0a7,707b6ccf-c9d9-4c1d-97f4-516b572b2f9d,1697664201594377777
6a69421f-e399-4db8-897a-d8ef21b5e0a7,707b6ccf-c9d9-4c1d-97f4-516b572b2f9d,1697664201621088888
6a69421f-e399-4db8-897a-d8ef21b5e0a7,707b6ccf-c9d9-4c1d-97f4-516b572b2f9d,1697664201647944444
6a69421f-e399-4db8-897a-d8ef21b5e0a7,707b6ccf-c9d9-4c1d-97f4-516b572b2f9d,1697664201690422222
6a69421f-e399-4db8-897a-d8ef21b5e0a7,707b6ccf-c9d9-4c1d-97f4-516b572b2f9d,1697664201731377777
6a69421f-e399-4db8-897a-d8ef21b5e0a7,707b6ccf-c9d9-4c1d-97f4-516b572b2f9d,1697664201745277777
6a69421f-e399-4db8-897a-d8ef21b5e0a7,707b6ccf-c9d9-4c1d-97f4-516b572b2f9d,1697664201777211111
6a69421f-e399-4db8-897a-d8ef21b5e0a7,707b6ccf-c9d9-4c1d-97f4-516b572b2f9d,1697664201821522222
6a69421f-e399-4db8-897a-d8ef21b5e0a7,707b6ccf-c9d9-4c1d-97f4-516b572b2f9d,1697664201843100000
6a69421f-e399-4db8-897a-d8ef21b5e0a7,707b6ccf-c9d9-4c1d-97f4-516b572b2f9d,1697664201874488888
6a69421f-e399-4db8-897a-d8ef21b5e0a7,707b6ccf-c9d9-4c1d-97f4-516b572b2f9d,1697664201923477777
6a69421f-e399-4db8-897a-d8ef21b5e0a7,707b6ccf-c9d9-4c1d-97f4-516b572b2f9d,1697664201954177777
6a69421f-e399-4db8-897a-d8ef21b5e0a7,707b6ccf-c9d9-4c1d-97f4-516b572b2f9d,1697664201985177777
6a69421f-e399-4db8-897a-d8ef21b5e0a7,707b6ccf-c9d9-4c1d-97f4-516b572b2f9d,1697664202021977777
6a69421f-e399-4db8-897a-d8ef21b5e0a7,707b6ccf-c9d9-4c1d-97f4-516b572b2f9d,1697664202053255555
6a69421f-e399-4db8-897a-d8ef21b5e0a7,707b6ccf-c9d9-4c1d-97f4-516b572b2f9d,1697664202085666666
6a69421f-e399-4db8-897a-d8ef21b5e0a7,707b6ccf-c9d9-4c1d-97f4-516b572b2f9d,1697664202124955555
6a69421f-e399-4db8-897a-d8ef21b5e0a7,707b6ccf-c9d9-4c1d-97f4-516b572b2f9d,1697664202155300000
6a69421f-e399-4db8-897a-d8ef21b5e0a7,707b6ccf-c9d9-4c1d-97f4-516b572b2f9d,1697664202186666666
6a69421f-e399-4db8-897a-d8ef21b5e0a7,707b6ccf-c9d9-4c1d-97f4-516b572b2f9d,1697664202223177777
6a69421f-e399-4db8-897a-d8ef21b5e0a7,707b6ccf-c9d9-4c1d-97f4-516b572b2f9d,1697664202245122222
6a69421f-e399-4db8-897a-d8ef21b5e0a7,707b6ccf-c9d9-4c1d-97f4-516b572b2f9d,1697664202288655555
6a69421f-e399-4db8-897a-d8ef21b5e0a7,707b6ccf-c9d9-4c1d-97f4-516b572b2f9d,1697664202322100000
6a69421f-e399-4db8-897a-d8ef21b5e0a7,707b6ccf-c9d9-4c1d-97f4-516b572b2f9d,1697664202354066666
6a69421f-e399-4db8-897a-d8ef21b5e0a7,707b6ccf-c9d9-4c1d-97f4-516b572b2f9d,1697664202396700000
6a69421f-e399-4db8-897a-d8ef21b5e0a7,707b6ccf-c9d9-4c1d-97f4-516b572b2f9d,1697664202408255555
6a69421f-e399-4db8-897a-d8ef21b5e0a7,707b6ccf-c9d9-4c1d-97f4-516b572b2f9d,1697664202443566666
6a69421f-e399-4db8-897a-d8ef21b5e0a7,707b6ccf-c9d9-4c1d-97f4-516b572b2f9d,1697664202493222222
6a69421f-e399-4db8-897a-d8ef21b5e0a7,707b6ccf-c9d9-4c1d-97f4-516b572b2f9d,1697664202516300000
6a69421f-e399-4db8-897a-d8ef21b5e0a7,707b6ccf-c9d9-4c1d-97f4-516b572b2f9d,1697664202541222222
6a69421f-e399-4db8-897a-d8ef21b5e0a7,707b6ccf-c9d9-4c1d-97f4-516b572b2f9d,1697664202586722222
6a69421f-e399-4db8-897a-d8ef21b5e0a7,707b6ccf-c9d9-4c1d-97f4-516b572b2f9d,1697664202618188888
6a69421f-e399-4db8-897a-d8ef21b5e0a7,707b6ccf-c9d9-4c1d-97f4-516b572b2f9d,1697664202654300000
6a69421f-e399-4db8-897a-d8ef21b5e0a7,707b6ccf-c9d9-4c1d-97f4-516b572b2f9d,1697664202686733333
6a69421f-e399-4db8-897a-d8ef21b5e0a7,707b6ccf-c9d9-4c1d-97f4-516b572b2f9d,1697664202719411111
6a69421f-e399-4db8-897a-d8ef21b5e0a7,707b6ccf-c9d9-4c1d-97f4-516b572b2f9d,1697664202757922222
6a69421f-e399-4db8-897a-d8ef21b5e0a7,707b6ccf-c9d9-4c1d-97f4-516b572b2f9d,1697664202790611111
6a69421f-e399-4db8-897a-d8ef21b5e0a7,707b6ccf-c9d9-4c1d-97f4-516b572b2f9d,1697664202820922222
6a69421f-e399-4db8-897a-d8ef21b5e0a7,707b6ccf-c9d9-4c1d-97f4-516b572b2f9d,1697664202847500000
6a69421f-e399-4db8-897a-d8ef21b5e0a7,707b6ccf-c9d9-4c1d-97f4-516b572b2f9d,1697664202893855555
6a69421f-e399-4db8-897a-d8ef21b5e0a7,707b6ccf-c9d9-4c1d-97f4-516b572b2f9d,1697664202916577777
6a69421f-e399-4db8-897a-d8ef21b5e0a7,707b6ccf-c9d9-4c1d-97f4-516b572b2f9d,1697664202956188888
6a69421f-e399-4db8-897a-d8ef21b5e0a7,707b6ccf-c9d9-4c1d-97f4-516b572b2f9d,1697664202983755555
6a69421f-e399-4db8-897a-d8ef21b5e0a7,707b6ccf-c9d9-4c1d-97f4-516b572b2f9d,1697664203020577777
6a69421f-e399-4db8-897a-d8ef21b5e0a7,707b6ccf-c9d9-4c1d-97f4-516b572b2f9d,1697664203062000000
6a69421f-e399-4db8-897a-d8ef21b5e0a7,707b6ccf-c9d9-4c1d-97f4-516b572b2f9d,1697664203077388888
6a69421f-e399-4db8-897a-d8ef21b5e0a7,707b6ccf-c9d9-4c1d-97f4-516b572b2f9d,1697664203117166666
6a69421f-e399-4db8-897a-d8ef21b5e0a7,707b6ccf-c9d9-4c1d-97f4-516b572b2f9d,1697664203145966666
6a69421f-e399-4db8-897a-d8ef21b5e0a7,707b6ccf-c9d9-4c1d-97f4-516b572b2f9d,1697664203187233333
6a69421f-e399-4db8-897a-d8ef21b5e0a7,707b6ccf-c9d9-4c1d-97f4-516b572b2f9d,1697664203207422222
6a69421f-e399-4db8-897a-d8ef21b5e0a7,707b6ccf-c9d9-4c1d-97f4-516b572b2f9d,1697664203253377777
6a69421f-e399-4db8-897a-d8ef21b5e0a7,707b6ccf-c9d9-4c1d-97f4-516b572b2f9d,1697664203288988888
6a69421f-e399-4db8-897a-d8ef21b5e0a7,707b6ccf-c9d9-4c1d-97f4-516b572b2f9d,1697664203316155555
6a69421f-e399-4db8-897a-d8ef21b5e0a7,707b6ccf-c9d9-4c1d-97f4-516b572b2f9d,1697664203353300000
6a69421f-e399-4db8-897a-d8ef21b5e0a7,707b6ccf-c9d9-4c1d-97f4-516b572b2f9d,1697664203389477777
6a69421f-e399-4db8-897a-d8ef21b5e0a7,707b6ccf-c9d9-4c1d-97f4-516b572b2f9d,1697664203419288888
6a69421f-e399-4db8-897a-d8ef21b5e0a7,707b6ccf-c9d9-4c1d-97f4-516b572b2f9d,1697664203453033333
6a69421f-e399-4db8-897a-d8ef21b5e0a7,707b6ccf-c9d9-4c1d-97f4-516b572b2f9d,1697664203489688888
6a69421f-e399-4db8-897a-d8ef21b5e0a7,707b6ccf-c9d9-4c1d-97f4-516b572b2f9d,1697664203517811111
6a69421f-e399-4db8-897a-d8ef21b5e0a7,707b6ccf-c9d9-4c1d-97f4-516b572b2f9d,1697664203559044444
6a69421f-e399-4db8-897a-d8ef21b5e0a7,707b6ccf-c9d9-4c1d-97f4-516b572b2f9d,1697664203591233333
6a69421f-e399-4db8-897a-d8ef21b5e0a7,707b6ccf-c9d9-4c1d-97f4-516b572b2f9d,1697664203618233333
6a69421f-e399-4db8-897a-d8ef21b5e0a7,707b6ccf-c9d9-4c1d-97f4-516b572b2f9d,1697664203653877777
6a69421f-e399-4db8-897a-d8ef21b5e0a7,707b6ccf-c9d9-4c1d-97f4-516b572b2f9d,1697664203684122222
6a69421f-e399-4db8-897a-d8ef21b5e0a7,707b6ccf-c9d9-4c1d-97f4-516b572b2f9d,1697664203721733333
6a69421f-e399-4db8-897a-d8ef21b5e0a7,707b6ccf-c9d9-4c1d-97f4-516b572b2f9d,1697664203762588888
6a69421f-e399-4db8-897a-d8ef21b5e0a7,707b6ccf-c9d9-4c1d-97f4-516b572b2f9d,1697664203778555555
6a69421f-e399-4db8-897a-d8ef21b5e0a7,707b6ccf-c9d9-4c1d-97f4-516b572b2f9d,1697664203806400000
6a69421f-e399-4db8-897a-d8ef21b5e0a7,707b6ccf-c9d9-4c1d-97f4-516b572b2f9d,1697664203859500000
6a69421f-e399-4db8-897a-d8ef21b5e0a7,707b6ccf-c9d9-4c1d-97f4-516b572b2f9d,1697664203883044444
6a69421f-e399-4db8-897a-d8ef21b5e0a7,707b6ccf-c9d9-4c1d-97f4-516b572b2f9d,1697664203919455555
6a69421f-e399-4db8-897a-d8ef21b5e0a7,707b6ccf-c9d9-4c1d-97f4-516b572b2f9d,1697664203956722222
6a69421f-e399-4db8-897a-d8ef21b5e0a7,707b6ccf-c9d9-4c1d-97f4-516b572b2f9d,1697664203990133333
6a69421f-e399-4db8-897a-d8ef21b5e0a7,707b6ccf-c9d9-4c1d-97f4-516b572b2f9d,1697664204021255555
6a69421f-e399-4db8-897a-d8ef21b5e0a7,707b6ccf-c9d9-4c1d-97f4-516b572b2f9d,1697664204048322222
6a69421f-e399-4db8-897a-d8ef21b5e0a7,707b6ccf-c9d9-4c1d-97f4-516b572b2f9d,1697664204084388888
6a69421f-e399-4db8-897a-d8ef21b5e0a7,707b6ccf-c9d9-4c1d-97f4-516b572b2f9d,1697664204122800000
6a69421f-e399-4db8-897a-d8ef21b5e0a7,707b6ccf-c9d9-4c1d-97f4-516b572b2f9d,1697664204154966666
6a69421f-e399-4db8-897a-d8ef21b5e0a7,707b6ccf-c9d9-4c1d-97f4-516b572b2f9d,1697664204190433333
6a69421f-e399-4db8-897a-d8ef21b5e0a7,707b6ccf-c9d9-4c1d-97f4-516b572b2f9d,1697664204219300000
6a69421f-e399-4db8-897a-d8ef21b5e0a7,707b6ccf-c9d9-4c1d-97f4-516b572b2f9d,1697664204253366666
6a69421f-e399-4db8-897a-d8ef21b5e0a7,707b6ccf-c9d9-4c1d-97f4-516b572b2f9d,1697664204285100000
6a69421f-e399-4db8-897a-d8ef21b5e0a7,707b6ccf-c9d9-4c1d-97f4-516b572b2f9d,1697664204317766666
6a69421f-e399-4db8-897a-d8ef21b5e0a7,707b6ccf-c9d9-4c1d-97f4-516b572b2f9d,1697664204352777777
6a69421f-e399-4db8-897a-d8ef21b5e0a7,707b6ccf-c9d9-4c1d-97f4-516b572b2f9d,1697664204392311111
6a69421f-e399-4db8-897a-d8ef21b5e0a7,707b6ccf-c9d9-4c1d-97f4-516b572b2f9d,1697664204411200000
6a69421f-e399-4db8-897a-d8ef21b5e0a7,707b6ccf-c9d9-4c1d-97f4-516b572b2f9d,1697664204449177777
6a69421f-e399-4db8-897a-d8ef21b5e0a7,707b6ccf-c9d9-4c1d-97f4-516b572b2f9d,1697664204497066666
6a69421f-e399-4db8-897a-d8ef21b5e0a7,707b6ccf-c9d9-4c1d-97f4-516b572b2f9d,1697664204511166666
6a69421f-e399-4db8-897a-d8ef21b5e0a7,707b6ccf-c9d9-4c1d-97f4-516b572b2f9d,1697664204542800000
6a69421f-e399-4db8-897a-d8ef21b5e0a7,707b6ccf-c9d9-4c1d-97f4-516b572b2f9d,1697664204586744444
6a69421f-e399-4db8-897a-d8ef21b5e0a7,707b6ccf-c9d9-4c1d-97f4-516b572b2f9d,1697664204620922222
6a69421f-e399-4db8-897a-d8ef21b5e0a7,707b6ccf-c9d9-4c1d-97f4-516b572b2f9d,1697664204645833333
6a69421f-e399-4db8-897a-d8ef21b5e0a7,707b6ccf-c9d9-4c1d-97f4-516b572b2f9d,1697664204684155555
6a69421f-e399-4db8-897a-d8ef21b5e0a7,707b6ccf-c9d9-4c1d-97f4-516b572b2f9d,1697664204718922222
6a69421f-e399-4db8-897a-d8ef21b5e0a7,707b6ccf-c9d9-4c1d-97f4-516b572b2f9d,1697664204759088888
6a69421f-e399-4db8-897a-d8ef21b5e0a7,707b6ccf-c9d9-4c1d-97f4-516b572b2f9d,1697664204785722222
6a69421f-e399-4db8-897a-d8ef21b5e0a7,707b6ccf-c9d9-4c1d-97f4-516b572b2f9d,1697664204817088888
6a69421f-e399-4db8-897a-d8ef21b5e0a7,707b6ccf-c9d9-4c1d-97f4-516b572b2f9d,1697664204857000000
6a69421f-e399-4db8-897a-d8ef21b5e0a7,707b6ccf-c9d9-4c1d-97f4-516b572b2f9d,1697664204887200000
6a69421f-e399-4db8-897a-d8ef21b5e0a7,707b6ccf-c9d9-4c1d-97f4-516b572b2f9d,1697664204917733333
6a69421f-e399-4db8-897a-d8ef21b5e0a7,707b6ccf-c9d9-4c1d-97f4-516b572b2f9d,1697664204954244444
6a69421f-e399-4db8-897a-d8ef21b5e0a7,707b6ccf-c9d9-4c1d-97f4-516b572b2f9d,1697664204984133333
6a69421f-e399-4db8-897a-d8ef21b5e0a7,707b6ccf-c9d9-4c1d-97f4-516b572b2f9d,1697664205018222222
6a69421f-e399-4db8-897a-d8ef21b5e0a7,707b6ccf-c9d9-4c1d-97f4-516b572b2f9d,1697664205053855555
6a69421f-e399-4db8-897a-d8ef21b5e0a7,707b6ccf-c9d9-4c1d-97f4-516b572b2f9d,1697664205084988888
6a69421f-e399-4db8-897a-d8ef21b5e0a7,707b6ccf-c9d9-4c1d-97f4-516b572b2f9d,1697664205105633333
6a69421f-e399-4db8-897a-d8ef21b5e0a7,707b6ccf-c9d9-4c1d-97f4-516b572b2f9d,1697664205143477777
6a69421f-e399-4db8-897a-d8ef21b5e0a7,707b6ccf-c9d9-4c1d-97f4-516b572b2f9d,1697664205187000000
6a69421f-e399-4db8-897a-d8ef21b5e0a7,707b6ccf-c9d9-4c1d-97f4-516b572b2f9d,1697664205205222222
6a69421f-e399-4db8-897a-d8ef21b5e0a7,707b6ccf-c9d9-4c1d-97f4-516b572b2f9d,1697664205246088888
6a69421f-e399-4db8-897a-d8ef21b5e0a7,707b6ccf-c9d9-4c1d-97f4-516b572b2f9d,1697664205286011111
6a69421f-e399-4db8-897a-d8ef21b5e0a7,707b6ccf-c9d9-4c1d-97f4-516b572b2f9d,1697664205320222222
6a69421f-e399-4db8-897a-d8ef21b5e0a7,707b6ccf-c9d9-4c1d-97f4-516b572b2f9d,1697664205353622222
6a69421f-e399-4db8-897a-d8ef21b5e0a7,707b6ccf-c9d9-4c1d-97f4-516b572b2f9d,1697664205383400000
6a69421f-e399-4db8-897a-d8ef21b5e0a7,707b6ccf-c9d9-4c1d-97f4-516b572b2f9d,1697664205416233333
6a69421f-e399-4db8-897a-d8ef21b5e0a7,707b6ccf-c9d9-4c1d-97f4-516b572b2f9d,1697664205456300000
6a69421f-e399-4db8-897a-d8ef21b5e0a7,707b6ccf-c9d9-4c1d-97f4-516b572b2f9d,1697664205488100000
6a69421f-e399-4db8-897a-d8ef21b5e0a7,707b6ccf-c9d9-4c1d-97f4-516b572b2f9d,1697664205518866666
6a69421f-e399-4db8-897a-d8ef21b5e0a7,707b6ccf-c9d9-4c1d-97f4-516b572b2f9d,1697664205553811111
6a69421f-e399-4db8-897a-d8ef21b5e0a7,707b6ccf-c9d9-4c1d-97f4-516b572b2f9d,1697664205585088888
6a69421f-e399-4db8-897a-d8ef21b5e0a7,707b6ccf-c9d9-4c1d-97f4-516b572b2f9d,1697664205616277777
6a69421f-e399-4db8-897a-d8ef21b5e0a7,707b6ccf-c9d9-4c1d-97f4-516b572b2f9d,1697664205651055555
6a69421f-e399-4db8-897a-d8ef21b5e0a7,707b6ccf-c9d9-4c1d-97f4-516b572b2f9d,1697664205693622222
6a69421f-e399-4db8-897a-d8ef21b5e0a7,707b6ccf-c9d9-4c1d-97f4-516b572b2f9d,1697664205723288888
6a69421f-e399-4db8-897a-d8ef21b5e0a7,707b6ccf-c9d9-4c1d-97f4-516b572b2f9d,1697664205742777777
6a69421f-e399-4db8-897a-d8ef21b5e0a7,707b6ccf-c9d9-4c1d-97f4-516b572b2f9d,1697664205774877777
6a69421f-e399-4db8-897a-d8ef21b5e0a7,707b6ccf-c9d9-4c1d-97f4-516b572b2f9d,1697664205808433333
6a69421f-e399-4db8-897a-d8ef21b5e0a7,707b6ccf-c9d9-4c1d-97f4-516b572b2f9d,1697664205840100000
6a69421f-e399-4db8-897a-d8ef21b5e0a7,707b6ccf-c9d9-4c1d-97f4-516b572b2f9d,1697664205875355555
6a69421f-e399-4db8-897a-d8ef21b5e0a7,707b6ccf-c9d9-4c1d-97f4-516b572b2f9d,1697664205921444444
6a69421f-e399-4db8-897a-d8ef21b5e0a7,707b6ccf-c9d9-4c1d-97f4-516b572b2f9d,1697664205938033333
6a69421f-e399-4db8-897a-d8ef21b5e0a7,707b6ccf-c9d9-4c1d-97f4-516b572b2f9d,1697664205987166666
6a69421f-e399-4db8-897a-d8ef21b5e0a7,707b6ccf-c9d9-4c1d-97f4-516b572b2f9d,1697664206018100000
6a69421f-e399-4db8-897a-d8ef21b5e0a7,707b6ccf-c9d9-4c1d-97f4-516b572b2f9d,1697664206050733333
6a69421f-e399-4db8-897a-d8ef21b5e0a7,707b6ccf-c9d9-4c1d-97f4-516b572b2f9d,1697664206090977777
6a69421f-e399-4db8-897a-d8ef21b5e0a7,707b6ccf-c9d9-4c1d-97f4-516b572b2f9d,1697664206117944444
6a69421f-e399-4db8-897a-d8ef21b5e0a7,707b6ccf-c9d9-4c1d-97f4-516b572b2f9d,1697664206154177777
6a69421f-e399-4db8-897a-d8ef21b5e0a7,707b6ccf-c9d9-4c1d-97f4-516b572b2f9d,1697664206186377777
6a69421f-e399-4db8-897a-d8ef21b5e0a7,707b6ccf-c9d9-4c1d-97f4-516b572b2f9d,1697664206219177777
6a69421f-e399-4db8-897a-d8ef21b5e0a7,707b6ccf-c9d9-4c1d-97f4-516b572b2f9d,1697664206256711111
6a69421f-e399-4db8-897a-d8ef21b5e0a7,707b6ccf-c9d9-4c1d-97f4-516b572b2f9d,1697664206291677777
6a69421f-e399-4db8-897a-d8ef21b5e0a7,707b6ccf-c9d9-4c1d-97f4-516b572b2f9d,1697664206322777777
6a69421f-e399-4db8-897a-d8ef21b5e0a7,707b6ccf-c9d9-4c1d-97f4-516b572b2f9d,1697664206341355555
6a69421f-e399-4db8-897a-d8ef21b5e0a7,707b6ccf-c9d9-4c1d-97f4-516b572b2f9d,1697664206390533333
6a69421f-e399-4db8-897a-d8ef21b5e0a7,707b6ccf-c9d9-4c1d-97f4-516b572b2f9d,1697664206426177777
6a69421f-e399-4db8-897a-d8ef21b5e0a7,707b6ccf-c9d9-4c1d-97f4-516b572b2f9d,1697664206444855555
6a69421f-e399-4db8-897a-d8ef21b5e0a7,707b6ccf-c9d9-4c1d-97f4-516b572b2f9d,1697664206476644444
6a69421f-e399-4db8-897a-d8ef21b5e0a7,707b6ccf-c9d9-4c1d-97f4-516b572b2f9d,1697664206511633333
6a69421f-e399-4db8-897a-d8ef21b5e0a7,707b6ccf-c9d9-4c1d-97f4-516b572b2f9d,1697664206540544444
6a69421f-e399-4db8-897a-d8ef21b5e0a7,707b6ccf-c9d9-4c1d-97f4-516b572b2f9d,1697664206575688888
6a69421f-e399-4db8-897a-d8ef21b5e0a7,707b6ccf-c9d9-4c1d-97f4-516b572b2f9d,1697664206616488888
6a69421f-e399-4db8-897a-d8ef21b5e0a7,707b6ccf-c9d9-4c1d-97f4-516b572b2f9d,1697664206653588888
6a69421f-e399-4db8-897a-d8ef21b5e0a7,707b6ccf-c9d9-4c1d-97f4-516b572b2f9d,1697664206689666666
6a69421f-e399-4db8-897a-d8ef21b5e0a7,707b6ccf-c9d9-4c1d-97f4-516b572b2f9d,1697664206718177777
6a69421f-e399-4db8-897a-d8ef21b5e0a7,707b6ccf-c9d9-4c1d-97f4-516b572b2f9d,1697664206750866666
6a69421f-e399-4db8-897a-d8ef21b5e0a7,707b6ccf-c9d9-4c1d-97f4-516b572b2f9d,1697664206784311111
6a69421f-e399-4db8-897a-d8ef21b5e0a7,707b6ccf-c9d9-4c1d-97f4-516b572b2f9d,1697664206819088888
6a69421f-e399-4db8-897a-d8ef21b5e0a7,707b6ccf-c9d9-4c1d-97f4-516b572b2f9d,1697664206854755555
6a69421f-e399-4db8-897a-d8ef21b5e0a7,707b6ccf-c9d9-4c1d-97f4-516b572b2f9d,1697664206889977777
6a69421f-e399-4db8-897a-d8ef21b5e0a7,707b6ccf-c9d9-4c1d-97f4-516b572b2f9d,1697664206923111111
6a69421f-e399-4db8-897a-d8ef21b5e0a7,707b6ccf-c9d9-4c1d-97f4-516b572b2f9d,1697664206940655555
6a69421f-e399-4db8-897a-d8ef21b5e0a7,707b6ccf-c9d9-4c1d-97f4-516b572b2f9d,1697664206989811111
6a69421f-e399-4db8-897a-d8ef21b5e0a7,707b6ccf-c9d9-4c1d-97f4-516b572b2f9d,1697664207032166666
6a69421f-e399-4db8-897a-d8ef21b5e0a7,707b6ccf-c9d9-4c1d-97f4-516b572b2f9d,1697664207049200000
6a69421f-e399-4db8-897a-d8ef21b5e0a7,707b6ccf-c9d9-4c1d-97f4-516b572b2f9d,1697664207086211111
6a69421f-e399-4db8-897a-d8ef21b5e0a7,707b6ccf-c9d9-4c1d-97f4-516b572b2f9d,1697664207111755555
6a69421f-e399-4db8-897a-d8ef21b5e0a7,707b6ccf-c9d9-4c1d-97f4-516b572b2f9d,1697664207138900000
6a69421f-e399-4db8-897a-d8ef21b5e0a7,707b6ccf-c9d9-4c1d-97f4-516b572b2f9d,1697664207175177777
6a69421f-e399-4db8-897a-d8ef21b5e0a7,707b6ccf-c9d9-4c1d-97f4-516b572b2f9d,1697664207213044444
6a69421f-e399-4db8-897a-d8ef21b5e0a7,707b6ccf-c9d9-4c1d-97f4-516b572b2f9d,1697664207252255555
6a69421f-e399-4db8-897a-d8ef21b5e0a7,707b6ccf-c9d9-4c1d-97f4-516b572b2f9d,1697664207284088888
6a69421f-e399-4db8-897a-d8ef21b5e0a7,707b6ccf-c9d9-4c1d-97f4-516b572b2f9d,1697664207320922222
6a69421f-e399-4db8-897a-d8ef21b5e0a7,707b6ccf-c9d9-4c1d-97f4-516b572b2f9d,1697664207350300000
6a69421f-e399-4db8-897a-d8ef21b5e0a7,707b6ccf-c9d9-4c1d-97f4-516b572b2f9d,1697664207385377777
6a69421f-e399-4db8-897a-d8ef21b5e0a7,707b6ccf-c9d9-4c1d-97f4-516b572b2f9d,1697664207419166666
6a69421f-e399-4db8-897a-d8ef21b5e0a7,707b6ccf-c9d9-4c1d-97f4-516b572b2f9d,1697664207446233333
6a69421f-e399-4db8-897a-d8ef21b5e0a7,707b6ccf-c9d9-4c1d-97f4-516b572b2f9d,1697664207489866666
6a69421f-e399-4db8-897a-d8ef21b5e0a7,707b6ccf-c9d9-4c1d-97f4-516b572b2f9d,1697664207517588888
6a69421f-e399-4db8-897a-d8ef21b5e0a7,707b6ccf-c9d9-4c1d-97f4-516b572b2f9d,1697664207557300000
6a69421f-e399-4db8-897a-d8ef21b5e0a7,707b6ccf-c9d9-4c1d-97f4-516b572b2f9d,1697664207596233333
6a69421f-e399-4db8-897a-d8ef21b5e0a7,707b6ccf-c9d9-4c1d-97f4-516b572b2f9d,1697664207611022222
6a69421f-e399-4db8-897a-d8ef21b5e0a7,707b6ccf-c9d9-4c1d-97f4-516b572b2f9d,1697664207651233333
6a69421f-e399-4db8-897a-d8ef21b5e0a7,707b6ccf-c9d9-4c1d-97f4-516b572b2f9d,1697664207685766666
6a69421f-e399-4db8-897a-d8ef21b5e0a7,707b6ccf-c9d9-4c1d-97f4-516b572b2f9d,1697664207717466666
6a69421f-e399-4db8-897a-d8ef21b5e0a7,707b6ccf-c9d9-4c1d-97f4-516b572b2f9d,1697664207749388888
6a69421f-e399-4db8-897a-d8ef21b5e0a7,707b6ccf-c9d9-4c1d-97f4-516b572b2f9d,1697664207775788888
6a69421f-e399-4db8-897a-d8ef21b5e0a7,707b6ccf-c9d9-4c1d-97f4-516b572b2f9d,1697664207818666666
6a69421f-e399-4db8-897a-d8ef21b5e0a7,707b6ccf-c9d9-4c1d-97f4-516b572b2f9d,1697664207840322222
6a69421f-e399-4db8-897a-d8ef21b5e0a7,707b6ccf-c9d9-4c1d-97f4-516b572b2f9d,1697664207876033333
6a69421f-e399-4db8-897a-d8ef21b5e0a7,707b6ccf-c9d9-4c1d-97f4-516b572b2f9d,1697664207907266666
6a69421f-e399-4db8-897a-d8ef21b5e0a7,707b6ccf-c9d9-4c1d-97f4-516b572b2f9d,1697664207946100000
6a69421f-e399-4db8-897a-d8ef21b5e0a7,707b6ccf-c9d9-4c1d-97f4-516b572b2f9d,1697664207991322222
6a69421f-e399-4db8-897a-d8ef21b5e0a7,707b6ccf-c9d9-4c1d-97f4-516b572b2f9d,1697664208019411111
6a69421f-e399-4db8-897a-d8ef21b5e0a7,707b6ccf-c9d9-4c1d-97f4-516b572b2f9d,1697664208054588888
6a69421f-e399-4db8-897a-d8ef21b5e0a7,707b6ccf-c9d9-4c1d-97f4-516b572b2f9d,1697664208090722222
6a69421f-e399-4db8-897a-d8ef21b5e0a7,707b6ccf-c9d9-4c1d-97f4-516b572b2f9d,1697664208123444444
6a69421f-e399-4db8-897a-d8ef21b5e0a7,707b6ccf-c9d9-4c1d-97f4-516b572b2f9d,1697664208141177777
6a69421f-e399-4db8-897a-d8ef21b5e0a7,707b6ccf-c9d9-4c1d-97f4-516b572b2f9d,1697664208191588888
6a69421f-e399-4db8-897a-d8ef21b5e0a7,707b6ccf-c9d9-4c1d-97f4-516b572b2f9d,1697664208221211111
6a69421f-e399-4db8-897a-d8ef21b5e0a7,707b6ccf-c9d9-4c1d-97f4-516b572b2f9d,1697664208239677777
6a69421f-e399-4db8-897a-d8ef21b5e0a7,707b6ccf-c9d9-4c1d-97f4-516b572b2f9d,1697664208286877777
6a69421f-e399-4db8-897a-d8ef21b5e0a7,707b6ccf-c9d9-4c1d-97f4-516b572b2f9d,1697664208318277777
6a69421f-e399-4db8-897a-d8ef21b5e0a7,707b6ccf-c9d9-4c1d-97f4-516b572b2f9d,1697664208350633333
6a69421f-e399-4db8-897a-d8ef21b5e0a7,707b6ccf-c9d9-4c1d-97f4-516b572b2f9d,1697664208384777777
6a69421f-e399-4db8-897a-d8ef21b5e0a7,707b6ccf-c9d9-4c1d-97f4-516b572b2f9d,1697664208416255555
6a69421f-e399-4db8-897a-d8ef21b5e0a7,707b6ccf-c9d9-4c1d-97f4-516b572b2f9d,1697664208442800000
6a69421f-e399-4db8-897a-d8ef21b5e0a7,707b6ccf-c9d9-4c1d-97f4-516b572b2f9d,1697664208475466666
6a69421f-e399-4db8-897a-d8ef21b5e0a7,707b6ccf-c9d9-4c1d-97f4-516b572b2f9d,1697664208521488888
6a69421f-e399-4db8-897a-d8ef21b5e0a7,707b6ccf-c9d9-4c1d-97f4-516b572b2f9d,1697664208538600000
6a69421f-e399-4db8-897a-d8ef21b5e0a7,707b6ccf-c9d9-4c1d-97f4-516b572b2f9d,1697664208573511111
6a69421f-e399-4db8-897a-d8ef21b5e0a7,707b6ccf-c9d9-4c1d-97f4-516b572b2f9d,1697664208614755555
6a69421f-e399-4db8-897a-d8ef21b5e0a7,707b6ccf-c9d9-4c1d-97f4-516b572b2f9d,1697664208649888888
6a69421f-e399-4db8-897a-d8ef21b5e0a7,707b6ccf-c9d9-4c1d-97f4-516b572b2f9d,1697664208688877777
6a69421f-e399-4db8-897a-d8ef21b5e0a7,707b6ccf-c9d9-4c1d-97f4-516b572b2f9d,1697664208718766666
6a69421f-e399-4db8-897a-d8ef21b5e0a7,707b6ccf-c9d9-4c1d-97f4-516b572b2f9d,1697664208750611111
6a69421f-e399-4db8-897a-d8ef21b5e0a7,707b6ccf-c9d9-4c1d-97f4-516b572b2f9d,1697664208787788888
6a69421f-e399-4db8-897a-d8ef21b5e0a7,707b6ccf-c9d9-4c1d-97f4-516b572b2f9d,1697664208816855555
6a69421f-e399-4db8-897a-d8ef21b5e0a7,707b6ccf-c9d9-4c1d-97f4-516b572b2f9d,1697664208852533333
6a69421f-e399-4db8-897a-d8ef21b5e0a7,707b6ccf-c9d9-4c1d-97f4-516b572b2f9d,1697664208880166666
6a69421f-e399-4db8-897a-d8ef21b5e0a7,707b6ccf-c9d9-4c1d-97f4-516b572b2f9d,1697664208914666666
6a69421f-e399-4db8-897a-d8ef21b5e0a7,707b6ccf-c9d9-4c1d-97f4-516b572b2f9d,1697664208953322222
6a69421f-e399-4db8-897a-d8ef21b5e0a7,707b6ccf-c9d9-4c1d-97f4-516b572b2f9d,1697664208983022222
6a69421f-e399-4db8-897a-d8ef21b5e0a7,707b6ccf-c9d9-4c1d-97f4-516b572b2f9d,1697664209013966666
6a69421f-e399-4db8-897a-d8ef21b5e0a7,707b6ccf-c9d9-4c1d-97f4-516b572b2f9d,1697664209051355555
6a69421f-e399-4db8-897a-d8ef21b5e0a7,707b6ccf-c9d9-4c1d-97f4-516b572b2f9d,1697664209082600000
6a69421f-e399-4db8-897a-d8ef21b5e0a7,707b6ccf-c9d9-4c1d-97f4-516b572b2f9d,1697664209133133333
6a69421f-e399-4db8-897a-d8ef21b5e0a7,707b6ccf-c9d9-4c1d-97f4-516b572b2f9d,1697664209151088888
6a69421f-e399-4db8-897a-d8ef21b5e0a7,707b6ccf-c9d9-4c1d-97f4-516b572b2f9d,1697664209180611111
6a69421f-e399-4db8-897a-d8ef21b5e0a7,707b6ccf-c9d9-4c1d-97f4-516b572b2f9d,1697664209213122222
6a69421f-e399-4db8-897a-d8ef21b5e0a7,707b6ccf-c9d9-4c1d-97f4-516b572b2f9d,1697664209248311111
6a69421f-e399-4db8-897a-d8ef21b5e0a7,707b6ccf-c9d9-4c1d-97f4-516b572b2f9d,1697664209282300000
6a69421f-e399-4db8-897a-d8ef21b5e0a7,707b6ccf-c9d9-4c1d-97f4-516b572b2f9d,1697664209312966666
6a69421f-e399-4db8-897a-d8ef21b5e0a7,707b6ccf-c9d9-4c1d-97f4-516b572b2f9d,1697664209351100000
6a69421f-e399-4db8-897a-d8ef21b5e0a7,707b6ccf-c9d9-4c1d-97f4-516b572b2f9d,1697664209384444444
6a69421f-e399-4db8-897a-d8ef21b5e0a7,707b6ccf-c9d9-4c1d-97f4-516b572b2f9d,1697664209417511111
6a69421f-e399-4db8-897a-d8ef21b5e0a7,707b6ccf-c9d9-4c1d-97f4-516b572b2f9d,1697664209449800000
6a69421f-e399-4db8-897a-d8ef21b5e0a7,707b6ccf-c9d9-4c1d-97f4-516b572b2f9d,1697664209483177777
6a69421f-e399-4db8-897a-d8ef21b5e0a7,707b6ccf-c9d9-4c1d-97f4-516b572b2f9d,1697664209514255555
6a69421f-e399-4db8-897a-d8ef21b5e0a7,707b6ccf-c9d9-4c1d-97f4-516b572b2f9d,1697664209550922222
6a69421f-e399-4db8-897a-d8ef21b5e0a7,707b6ccf-c9d9-4c1d-97f4-516b572b2f9d,1697664209583466666
6a69421f-e399-4db8-897a-d8ef21b5e0a7,707b6ccf-c9d9-4c1d-97f4-516b572b2f9d,1697664209612400000
6a69421f-e399-4db8-897a-d8ef21b5e0a7,707b6ccf-c9d9-4c1d-97f4-516b572b2f9d,1697664209655188888
6a69421f-e399-4db8-897a-d8ef21b5e0a7,707b6ccf-c9d9-4c1d-97f4-516b572b2f9d,1697664209683200000
6a69421f-e399-4db8-897a-d8ef21b5e0a7,707b6ccf-c9d9-4c1d-97f4-516b572b2f9d,1697664209713177777
6a69421f-e399-4db8-897a-d8ef21b5e0a7,707b6ccf-c9d9-4c1d-97f4-516b572b2f9d,1697664209757500000
6a69421f-e399-4db8-897a-d8ef21b5e0a7,707b6ccf-c9d9-4c1d-97f4-516b572b2f9d,1697664209787122222
6a69421f-e399-4db8-897a-d8ef21b5e0a7,707b6ccf-c9d9-4c1d-97f4-516b572b2f9d,1697664209811255555
6a69421f-e399-4db8-897a-d8ef21b5e0a7,707b6ccf-c9d9-4c1d-97f4-516b572b2f9d,1697664209854722222
6a69421f-e399-4db8-897a-d8ef21b5e0a7,707b6ccf-c9d9-4c1d-97f4-516b572b2f9d,1697664209874688888
6a69421f-e399-4db8-897a-d8ef21b5e0a7,707b6ccf-c9d9-4c1d-97f4-516b572b2f9d,1697664209909155555
6a69421f-e399-4db8-897a-d8ef21b5e0a7,707b6ccf-c9d9-4c1d-97f4-516b572b2f9d,1697664209951555555
6a69421f-e399-4db8-897a-d8ef21b5e0a7,707b6ccf-c9d9-4c1d-97f4-516b572b2f9d,1697664209979188888
6a69421f-e399-4db8-897a-d8ef21b5e0a7,707b6ccf-c9d9-4c1d-97f4-516b572b2f9d,1697664210022688888
6a69421f-e399-4db8-897a-d8ef21b5e0a7,707b6ccf-c9d9-4c1d-97f4-516b572b2f9d,1697664210051155555
6a69421f-e399-4db8-897a-d8ef21b5e0a7,707b6ccf-c9d9-4c1d-97f4-516b572b2f9d,1697664210080844444
6a69421f-e399-4db8-897a-d8ef21b5e0a7,707b6ccf-c9d9-4c1d-97f4-516b572b2f9d,1697664210113122222
6a69421f-e399-4db8-897a-d8ef21b5e0a7,707b6ccf-c9d9-4c1d-97f4-516b572b2f9d,1697664210151322222
6a69421f-e399-4db8-897a-d8ef21b5e0a7,707b6ccf-c9d9-4c1d-97f4-516b572b2f9d,1697664210182777777
6a69421f-e399-4db8-897a-d8ef21b5e0a7,707b6ccf-c9d9-4c1d-97f4-516b572b2f9d,1697664210214055555
6a69421f-e399-4db8-897a-d8ef21b5e0a7,707b6ccf-c9d9-4c1d-97f4-516b572b2f9d,1697664210252211111
6a69421f-e399-4db8-897a-d8ef21b5e0a7,707b6ccf-c9d9-4c1d-97f4-516b572b2f9d,1697664210282966666
6a69421f-e399-4db8-897a-d8ef21b5e0a7,707b6ccf-c9d9-4c1d-97f4-516b572b2f9d,1697664210313444444
6a69421f-e399-4db8-897a-d8ef21b5e0a7,707b6ccf-c9d9-4c1d-97f4-516b572b2f9d,1697664210354200000
6a69421f-e399-4db8-897a-d8ef21b5e0a7,707b6ccf-c9d9-4c1d-97f4-516b572b2f9d,1697664210383188888
6a69421f-e399-4db8-897a-d8ef21b5e0a7,707b6ccf-c9d9-4c1d-97f4-516b572b2f9d,1697664210413544444
6a69421f-e399-4db8-897a-d8ef21b5e0a7,707b6ccf-c9d9-4c1d-97f4-516b572b2f9d,1697664210461500000
6a69421f-e399-4db8-897a-d8ef21b5e0a7,707b6ccf-c9d9-4c1d-97f4-516b572b2f9d,1697664210471655555
6a69421f-e399-4db8-897a-d8ef21b5e0a7,707b6ccf-c9d9-4c1d-97f4-516b572b2f9d,1697664210510044444
6a69421f-e399-4db8-897a-d8ef21b5e0a7,707b6ccf-c9d9-4c1d-97f4-516b572b2f9d,1697664210548266666
6a69421f-e399-4db8-897a-d8ef21b5e0a7,707b6ccf-c9d9-4c1d-97f4-516b572b2f9d,1697664210574111111
6a69421f-e399-4db8-897a-d8ef21b5e0a7,707b6ccf-c9d9-4c1d-97f4-516b572b2f9d,1697664210608622222
6a69421f-e399-4db8-897a-d8ef21b5e0a7,707b6ccf-c9d9-4c1d-97f4-516b572b2f9d,1697664210650133333
6a69421f-e399-4db8-897a-d8ef21b5e0a7,707b6ccf-c9d9-4c1d-97f4-516b572b2f9d,1697664210682277777
6a69421f-e399-4db8-897a-d8ef21b5e0a7,707b6ccf-c9d9-4c1d-97f4-516b572b2f9d,1697664210714044444
6a69421f-e399-4db8-897a-d8ef21b5e0a7,707b6ccf-c9d9-4c1d-97f4-516b572b2f9d,1697664210749100000
6a69421f-e399-4db8-897a-d8ef21b5e0a7,707b6ccf-c9d9-4c1d-97f4-516b572b2f9d,1697664210783822222
6a69421f-e399-4db8-897a-d8ef21b5e0a7,707b6ccf-c9d9-4c1d-97f4-516b572b2f9d,1697664210819433333
6a69421f-e399-4db8-897a-d8ef21b5e0a7,707b6ccf-c9d9-4c1d-97f4-516b572b2f9d,1697664210849388888
6a69421f-e399-4db8-897a-d8ef21b5e0a7,707b6ccf-c9d9-4c1d-97f4-516b572b2f9d,1697664210880744444
6a69421f-e399-4db8-897a-d8ef21b5e0a7,707b6ccf-c9d9-4c1d-97f4-516b572b2f9d,1697664210914111111
6a69421f-e399-4db8-897a-d8ef21b5e0a7,707b6ccf-c9d9-4c1d-97f4-516b572b2f9d,1697664210950677777
6a69421f-e399-4db8-897a-d8ef21b5e0a7,707b6ccf-c9d9-4c1d-97f4-516b572b2f9d,1697664210982488888
6a69421f-e399-4db8-897a-d8ef21b5e0a7,707b6ccf-c9d9-4c1d-97f4-516b572b2f9d,1697664211022988888
6a69421f-e399-4db8-897a-d8ef21b5e0a7,707b6ccf-c9d9-4c1d-97f4-516b572b2f9d,1697664211053888888
6a69421f-e399-4db8-897a-d8ef21b5e0a7,707b6ccf-c9d9-4c1d-97f4-516b572b2f9d,1697664211083033333
6a69421f-e399-4db8-897a-d8ef21b5e0a7,707b6ccf-c9d9-4c1d-97f4-516b572b2f9d,1697664211123200000
6a69421f-e399-4db8-897a-d8ef21b5e0a7,707b6ccf-c9d9-4c1d-97f4-516b572b2f9d,1697664211137600000
6a69421f-e399-4db8-897a-d8ef21b5e0a7,707b6ccf-c9d9-4c1d-97f4-516b572b2f9d,1697664211172677777
6a69421f-e399-4db8-897a-d8ef21b5e0a7,707b6ccf-c9d9-4c1d-97f4-516b572b2f9d,1697664211222577777
6a69421f-e399-4db8-897a-d8ef21b5e0a7,707b6ccf-c9d9-4c1d-97f4-516b572b2f9d,1697664211238500000
6a69421f-e399-4db8-897a-d8ef21b5e0a7,707b6ccf-c9d9-4c1d-97f4-516b572b2f9d,1697664211271433333
6a69421f-e399-4db8-897a-d8ef21b5e0a7,707b6ccf-c9d9-4c1d-97f4-516b572b2f9d,1697664211325977777
6a69421f-e399-4db8-897a-d8ef21b5e0a7,707b6ccf-c9d9-4c1d-97f4-516b572b2f9d,1697664211353644444
6a69421f-e399-4db8-897a-d8ef21b5e0a7,707b6ccf-c9d9-4c1d-97f4-516b572b2f9d,1697664211383777777
6a69421f-e399-4db8-897a-d8ef21b5e0a7,707b6ccf-c9d9-4c1d-97f4-516b572b2f9d,1697664211415533333
6a69421f-e399-4db8-897a-d8ef21b5e0a7,707b6ccf-c9d9-4c1d-97f4-516b572b2f9d,1697664211449877777
6a69421f-e399-4db8-897a-d8ef21b5e0a7,707b6ccf-c9d9-4c1d-97f4-516b572b2f9d,1697664211481622222
6a69421f-e399-4db8-897a-d8ef21b5e0a7,707b6ccf-c9d9-4c1d-97f4-516b572b2f9d,1697664211518044444
6a69421f-e399-4db8-897a-d8ef21b5e0a7,707b6ccf-c9d9-4c1d-97f4-516b572b2f9d,1697664211554866666
6a69421f-e399-4db8-897a-d8ef21b5e0a7,707b6ccf-c9d9-4c1d-97f4-516b572b2f9d,1697664211580566666
6a69421f-e399-4db8-897a-d8ef21b5e0a7,707b6ccf-c9d9-4c1d-97f4-516b572b2f9d,1697664211620366666
6a69421f-e399-4db8-897a-d8ef21b5e0a7,707b6ccf-c9d9-4c1d-97f4-516b572b2f9d,1697664211638300000
6a69421f-e399-4db8-897a-d8ef21b5e0a7,707b6ccf-c9d9-4c1d-97f4-516b572b2f9d,1697664211685244444
6a69421f-e399-4db8-897a-d8ef21b5e0a7,707b6ccf-c9d9-4c1d-97f4-516b572b2f9d,1697664211714922222
6a69421f-e399-4db8-897a-d8ef21b5e0a7,707b6ccf-c9d9-4c1d-97f4-516b572b2f9d,1697664211750211111
6a69421f-e399-4db8-897a-d8ef21b5e0a7,707b6ccf-c9d9-4c1d-97f4-516b572b2f9d,1697664211777066666
6a69421f-e399-4db8-897a-d8ef21b5e0a7,707b6ccf-c9d9-4c1d-97f4-516b572b2f9d,1697664211832955555
6a69421f-e399-4db8-897a-d8ef21b5e0a7,707b6ccf-c9d9-4c1d-97f4-516b572b2f9d,1697664211845766666
6a69421f-e399-4db8-897a-d8ef21b5e0a7,707b6ccf-c9d9-4c1d-97f4-516b572b2f9d,1697664211883266666
6a69421f-e399-4db8-897a-d8ef21b5e0a7,707b6ccf-c9d9-4c1d-97f4-516b572b2f9d,1697664211907966666
6a69421f-e399-4db8-897a-d8ef21b5e0a7,707b6ccf-c9d9-4c1d-97f4-516b572b2f9d,1697664211950777777
6a69421f-e399-4db8-897a-d8ef21b5e0a7,707b6ccf-c9d9-4c1d-97f4-516b572b2f9d,1697664211986655555
6a69421f-e399-4db8-897a-d8ef21b5e0a7,707b6ccf-c9d9-4c1d-97f4-516b572b2f9d,1697664212023300000
6a69421f-e399-4db8-897a-d8ef21b5e0a7,707b6ccf-c9d9-4c1d-97f4-516b572b2f9d,1697664212046611111
6a69421f-e399-4db8-897a-d8ef21b5e0a7,707b6ccf-c9d9-4c1d-97f4-516b572b2f9d,1697664212083222222
6a69421f-e399-4db8-897a-d8ef21b5e0a7,707b6ccf-c9d9-4c1d-97f4-516b572b2f9d,1697664212109988888
6a69421f-e399-4db8-897a-d8ef21b5e0a7,707b6ccf-c9d9-4c1d-97f4-516b572b2f9d,1697664212151277777
6a69421f-e399-4db8-897a-d8ef21b5e0a7,707b6ccf-c9d9-4c1d-97f4-516b572b2f9d,1697664212183300000
6a69421f-e399-4db8-897a-d8ef21b5e0a7,707b6ccf-c9d9-4c1d-97f4-516b572b2f9d,1697664212208244444
6a69421f-e399-4db8-897a-d8ef21b5e0a7,707b6ccf-c9d9-4c1d-97f4-516b572b2f9d,1697664212251844444
6a69421f-e399-4db8-897a-d8ef21b5e0a7,707b6ccf-c9d9-4c1d-97f4-516b572b2f9d,1697664212282322222
6a69421f-e399-4db8-897a-d8ef21b5e0a7,707b6ccf-c9d9-4c1d-97f4-516b572b2f9d,1697664212305222222
6a69421f-e399-4db8-897a-d8ef21b5e0a7,707b6ccf-c9d9-4c1d-97f4-516b572b2f9d,1697664212351422222
6a69421f-e399-4db8-897a-d8ef21b5e0a7,707b6ccf-c9d9-4c1d-97f4-516b572b2f9d,1697664212382488888
6a69421f-e399-4db8-897a-d8ef21b5e0a7,707b6ccf-c9d9-4c1d-97f4-516b572b2f9d,1697664212415511111
6a69421f-e399-4db8-897a-d8ef21b5e0a7,707b6ccf-c9d9-4c1d-97f4-516b572b2f9d,1697664212469788888
6a69421f-e399-4db8-897a-d8ef21b5e0a7,707b6ccf-c9d9-4c1d-97f4-516b572b2f9d,1697664212477644444
6a69421f-e399-4db8-897a-d8ef21b5e0a7,707b6ccf-c9d9-4c1d-97f4-516b572b2f9d,1697664212511488888
6a69421f-e399-4db8-897a-d8ef21b5e0a7,707b6ccf-c9d9-4c1d-97f4-516b572b2f9d,1697664212537077777
6a69421f-e399-4db8-897a-d8ef21b5e0a7,707b6ccf-c9d9-4c1d-97f4-516b572b2f9d,1697664212571244444
6a69421f-e399-4db8-897a-d8ef21b5e0a7,707b6ccf-c9d9-4c1d-97f4-516b572b2f9d,1697664212618633333
6a69421f-e399-4db8-897a-d8ef21b5e0a7,707b6ccf-c9d9-4c1d-97f4-516b572b2f9d,1697664212649200000
6a69421f-e399-4db8-897a-d8ef21b5e0a7,707b6ccf-c9d9-4c1d-97f4-516b572b2f9d,1697664212682844444
6a69421f-e399-4db8-897a-d8ef21b5e0a7,707b6ccf-c9d9-4c1d-97f4-516b572b2f9d,1697664212713800000
6a69421f-e399-4db8-897a-d8ef21b5e0a7,707b6ccf-c9d9-4c1d-97f4-516b572b2f9d,1697664212756577777
6a69421f-e399-4db8-897a-d8ef21b5e0a7,707b6ccf-c9d9-4c1d-97f4-516b572b2f9d,1697664212781155555
6a69421f-e399-4db8-897a-d8ef21b5e0a7,707b6ccf-c9d9-4c1d-97f4-516b572b2f9d,1697664212805511111
6a69421f-e399-4db8-897a-d8ef21b5e0a7,707b6ccf-c9d9-4c1d-97f4-516b572b2f9d,1697664212859566666
6a69421f-e399-4db8-897a-d8ef21b5e0a7,707b6ccf-c9d9-4c1d-97f4-516b572b2f9d,1697664212882100000
6a69421f-e399-4db8-897a-d8ef21b5e0a7,707b6ccf-c9d9-4c1d-97f4-516b572b2f9d,1697664212912144444
6a69421f-e399-4db8-897a-d8ef21b5e0a7,707b6ccf-c9d9-4c1d-97f4-516b572b2f9d,1697664212954155555
6a69421f-e399-4db8-897a-d8ef21b5e0a7,707b6ccf-c9d9-4c1d-97f4-516b572b2f9d,1697664212981922222
6a69421f-e399-4db8-897a-d8ef21b5e0a7,707b6ccf-c9d9-4c1d-97f4-516b572b2f9d,1697664213013911111
6a69421f-e399-4db8-897a-d8ef21b5e0a7,707b6ccf-c9d9-4c1d-97f4-516b572b2f9d,1697664213050000000
6a69421f-e399-4db8-897a-d8ef21b5e0a7,707b6ccf-c9d9-4c1d-97f4-516b572b2f9d,1697664213090855555
6a69421f-e399-4db8-897a-d8ef21b5e0a7,707b6ccf-c9d9-4c1d-97f4-516b572b2f9d,1697664213114088888
6a69421f-e399-4db8-897a-d8ef21b5e0a7,707b6ccf-c9d9-4c1d-97f4-516b572b2f9d,1697664213167833333
6a69421f-e399-4db8-897a-d8ef21b5e0a7,707b6ccf-c9d9-4c1d-97f4-516b572b2f9d,1697664213178600000
6a69421f-e399-4db8-897a-d8ef21b5e0a7,707b6ccf-c9d9-4c1d-97f4-516b572b2f9d,1697664213205155555
6a69421f-e399-4db8-897a-d8ef21b5e0a7,707b6ccf-c9d9-4c1d-97f4-516b572b2f9d,1697664213249622222
6a69421f-e399-4db8-897a-d8ef21b5e0a7,707b6ccf-c9d9-4c1d-97f4-516b572b2f9d,1697664213271233333
6a69421f-e399-4db8-897a-d8ef21b5e0a7,707b6ccf-c9d9-4c1d-97f4-516b572b2f9d,1697664213313944444
6a69421f-e399-4db8-897a-d8ef21b5e0a7,707b6ccf-c9d9-4c1d-97f4-516b572b2f9d,1697664213348911111
6a69421f-e399-4db8-897a-d8ef21b5e0a7,707b6ccf-c9d9-4c1d-97f4-516b572b2f9d,1697664213384722222
6a69421f-e399-4db8-897a-d8ef21b5e0a7,707b6ccf-c9d9-4c1d-97f4-516b572b2f9d,1697664213407744444
6a69421f-e399-4db8-897a-d8ef21b5e0a7,707b6ccf-c9d9-4c1d-97f4-516b572b2f9d,1697664213450633333
6a69421f-e399-4db8-897a-d8ef21b5e0a7,707b6ccf-c9d9-4c1d-97f4-516b572b2f9d,1697664213480700000
6a69421f-e399-4db8-897a-d8ef21b5e0a7,707b6ccf-c9d9-4c1d-97f4-516b572b2f9d,1697664213513500000
6a69421f-e399-4db8-897a-d8ef21b5e0a7,707b6ccf-c9d9-4c1d-97f4-516b572b2f9d,1697664213554022222
6a69421f-e399-4db8-897a-d8ef21b5e0a7,707b6ccf-c9d9-4c1d-97f4-516b572b2f9d,1697664213580833333
6a69421f-e399-4db8-897a-d8ef21b5e0a7,707b6ccf-c9d9-4c1d-97f4-516b572b2f9d,1697664213605411111
6a69421f-e399-4db8-897a-d8ef21b5e0a7,707b6ccf-c9d9-4c1d-97f4-516b572b2f9d,1697664213657566666
6a69421f-e399-4db8-897a-d8ef21b5e0a7,707b6ccf-c9d9-4c1d-97f4-516b572b2f9d,1697664213683133333
6a69421f-e399-4db8-897a-d8ef21b5e0a7,707b6ccf-c9d9-4c1d-97f4-516b572b2f9d,1697664213706566666
6a69421f-e399-4db8-897a-d8ef21b5e0a7,707b6ccf-c9d9-4c1d-97f4-516b572b2f9d,1697664213754522222
6a69421f-e399-4db8-897a-d8ef21b5e0a7,707b6ccf-c9d9-4c1d-97f4-516b572b2f9d,1697664213783166666
6a69421f-e399-4db8-897a-d8ef21b5e0a7,707b6ccf-c9d9-4c1d-97f4-516b572b2f9d,1697664213823688888
6a69421f-e399-4db8-897a-d8ef21b5e0a7,707b6ccf-c9d9-4c1d-97f4-516b572b2f9d,1697664213861900000
6a69421f-e399-4db8-897a-d8ef21b5e0a7,707b6ccf-c9d9-4c1d-97f4-516b572b2f9d,1697664213881588888
6a69421f-e399-4db8-897a-d8ef21b5e0a7,707b6ccf-c9d9-4c1d-97f4-516b572b2f9d,1697664213903122222
6a69421f-e399-4db8-897a-d8ef21b5e0a7,707b6ccf-c9d9-4c1d-97f4-516b572b2f9d,1697664213953622222
6a69421f-e399-4db8-897a-d8ef21b5e0a7,707b6ccf-c9d9-4c1d-97f4-516b572b2f9d,1697664213982144444
6a69421f-e399-4db8-897a-d8ef21b5e0a7,707b6ccf-c9d9-4c1d-97f4-516b572b2f9d,1697664214004288888
6a69421f-e399-4db8-897a-d8ef21b5e0a7,707b6ccf-c9d9-4c1d-97f4-516b572b2f9d,1697664214057388888
6a69421f-e399-4db8-897a-d8ef21b5e0a7,707b6ccf-c9d9-4c1d-97f4-516b572b2f9d,1697664214082644444
6a69421f-e399-4db8-897a-d8ef21b5e0a7,707b6ccf-c9d9-4c1d-97f4-516b572b2f9d,1697664214106966666
6a69421f-e399-4db8-897a-d8ef21b5e0a7,707b6ccf-c9d9-4c1d-97f4-516b572b2f9d,1697664214152211111
6a69421f-e399-4db8-897a-d8ef21b5e0a7,707b6ccf-c9d9-4c1d-97f4-516b572b2f9d,1697664214181444444
6a69421f-e399-4db8-897a-d8ef21b5e0a7,707b6ccf-c9d9-4c1d-97f4-516b572b2f9d,1697664214205077777
6a69421f-e399-4db8-897a-d8ef21b5e0a7,707b6ccf-c9d9-4c1d-97f4-516b572b2f9d,1697664214257800000
6a69421f-e399-4db8-897a-d8ef21b5e0a7,707b6ccf-c9d9-4c1d-97f4-516b572b2f9d,1697664214283222222
6a69421f-e399-4db8-897a-d8ef21b5e0a7,707b6ccf-c9d9-4c1d-97f4-516b572b2f9d,1697664214306966666
6a69421f-e399-4db8-897a-d8ef21b5e0a7,707b6ccf-c9d9-4c1d-97f4-516b572b2f9d,1697664214352155555
6a69421f-e399-4db8-897a-d8ef21b5e0a7,707b6ccf-c9d9-4c1d-97f4-516b572b2f9d,1697664214383211111
6a69421f-e399-4db8-897a-d8ef21b5e0a7,707b6ccf-c9d9-4c1d-97f4-516b572b2f9d,1697664214413266666
6a69421f-e399-4db8-897a-d8ef21b5e0a7,707b6ccf-c9d9-4c1d-97f4-516b572b2f9d,1697664214456355555
6a69421f-e399-4db8-897a-d8ef21b5e0a7,707b6ccf-c9d9-4c1d-97f4-516b572b2f9d,1697664214484766666
6a69421f-e399-4db8-897a-d8ef21b5e0a7,707b6ccf-c9d9-4c1d-97f4-516b572b2f9d,1697664214500922222
6a69421f-e399-4db8-897a-d8ef21b5e0a7,707b6ccf-c9d9-4c1d-97f4-516b572b2f9d,1697664214559544444
6a69421f-e399-4db8-897a-d8ef21b5e0a7,707b6ccf-c9d9-4c1d-97f4-516b572b2f9d,1697664214577733333
6a69421f-e399-4db8-897a-d8ef21b5e0a7,707b6ccf-c9d9-4c1d-97f4-516b572b2f9d,1697664214611477777
6a69421f-e399-4db8-897a-d8ef21b5e0a7,707b6ccf-c9d9-4c1d-97f4-516b572b2f9d,1697664214638555555
6a69421f-e399-4db8-897a-d8ef21b5e0a7,707b6ccf-c9d9-4c1d-97f4-516b572b2f9d,1697664214682900000
6a69421f-e399-4db8-897a-d8ef21b5e0a7,707b6ccf-c9d9-4c1d-97f4-516b572b2f9d,1697664214714588888
6a69421f-e399-4db8-897a-d8ef21b5e0a7,707b6ccf-c9d9-4c1d-97f4-516b572b2f9d,1697664214750777777
6a69421f-e399-4db8-897a-d8ef21b5e0a7,707b6ccf-c9d9-4c1d-97f4-516b572b2f9d,1697664214782455555
6a69421f-e399-4db8-897a-d8ef21b5e0a7,707b6ccf-c9d9-4c1d-97f4-516b572b2f9d,1697664214806122222
6a69421f-e399-4db8-897a-d8ef21b5e0a7,707b6ccf-c9d9-4c1d-97f4-516b572b2f9d,1697664214850822222
6a69421f-e399-4db8-897a-d8ef21b5e0a7,707b6ccf-c9d9-4c1d-97f4-516b572b2f9d,1697664214886811111
6a69421f-e399-4db8-897a-d8ef21b5e0a7,707b6ccf-c9d9-4c1d-97f4-516b572b2f9d,1697664214913466666
6a69421f-e399-4db8-897a-d8ef21b5e0a7,707b6ccf-c9d9-4c1d-97f4-516b572b2f9d,1697664214949844444
6a69421f-e399-4db8-897a-d8ef21b5e0a7,707b6ccf-c9d9-4c1d-97f4-516b572b2f9d,1697664214983155555
6a69421f-e399-4db8-897a-d8ef21b5e0a7,707b6ccf-c9d9-4c1d-97f4-516b572b2f9d,1697664215006533333
6a69421f-e399-4db8-897a-d8ef21b5e0a7,707b6ccf-c9d9-4c1d-97f4-516b572b2f9d,1697664215054400000
6a69421f-e399-4db8-897a-d8ef21b5e0a7,707b6ccf-c9d9-4c1d-97f4-516b572b2f9d,1697664215083044444
6a69421f-e399-4db8-897a-d8ef21b5e0a7,707b6ccf-c9d9-4c1d-97f4-516b572b2f9d,1697664215107588888
6a69421f-e399-4db8-897a-d8ef21b5e0a7,707b6ccf-c9d9-4c1d-97f4-516b572b2f9d,1697664215165933333
6a69421f-e399-4db8-897a-d8ef21b5e0a7,707b6ccf-c9d9-4c1d-97f4-516b572b2f9d,1697664215178233333
6a69421f-e399-4db8-897a-d8ef21b5e0a7,707b6ccf-c9d9-4c1d-97f4-516b572b2f9d,1697664215209422222
6a69421f-e399-4db8-897a-d8ef21b5e0a7,707b6ccf-c9d9-4c1d-97f4-516b572b2f9d,1697664215238822222
6a69421f-e399-4db8-897a-d8ef21b5e0a7,707b6ccf-c9d9-4c1d-97f4-516b572b2f9d,1697664215279522222
6a69421f-e399-4db8-897a-d8ef21b5e0a7,707b6ccf-c9d9-4c1d-97f4-516b572b2f9d,1697664215301655555
6a69421f-e399-4db8-897a-d8ef21b5e0a7,707b6ccf-c9d9-4c1d-97f4-516b572b2f9d,1697664215349633333
6a69421f-e399-4db8-897a-d8ef21b5e0a7,707b6ccf-c9d9-4c1d-97f4-516b572b2f9d,1697664215389088888
6a69421f-e399-4db8-897a-d8ef21b5e0a7,707b6ccf-c9d9-4c1d-97f4-516b572b2f9d,1697664215418855555
6a69421f-e399-4db8-897a-d8ef21b5e0a7,707b6ccf-c9d9-4c1d-97f4-516b572b2f9d,1697664215449833333
6a69421f-e399-4db8-897a-d8ef21b5e0a7,707b6ccf-c9d9-4c1d-97f4-516b572b2f9d,1697664215483288888
6a69421f-e399-4db8-897a-d8ef21b5e0a7,707b6ccf-c9d9-4c1d-97f4-516b572b2f9d,1697664215509044444
6a69421f-e399-4db8-897a-d8ef21b5e0a7,707b6ccf-c9d9-4c1d-97f4-516b572b2f9d,1697664215545800000
6a69421f-e399-4db8-897a-d8ef21b5e0a7,707b6ccf-c9d9-4c1d-97f4-516b572b2f9d,1697664215582633333
6a69421f-e399-4db8-897a-d8ef21b5e0a7,707b6ccf-c9d9-4c1d-97f4-516b572b2f9d,1697664215605444444
6a69421f-e399-4db8-897a-d8ef21b5e0a7,707b6ccf-c9d9-4c1d-97f4-516b572b2f9d,1697664215652100000
6a69421f-e399-4db8-897a-d8ef21b5e0a7,707b6ccf-c9d9-4c1d-97f4-516b572b2f9d,1697664215681000000
6a69421f-e399-4db8-897a-d8ef21b5e0a7,707b6ccf-c9d9-4c1d-97f4-516b572b2f9d,1697664215716488888
6a69421f-e399-4db8-897a-d8ef21b5e0a7,707b6ccf-c9d9-4c1d-97f4-516b572b2f9d,1697664215747777777
6a69421f-e399-4db8-897a-d8ef21b5e0a7,707b6ccf-c9d9-4c1d-97f4-516b572b2f9d,1697664215783611111
6a69421f-e399-4db8-897a-d8ef21b5e0a7,707b6ccf-c9d9-4c1d-97f4-516b572b2f9d,1697664215818422222
6a69421f-e399-4db8-897a-d8ef21b5e0a7,707b6ccf-c9d9-4c1d-97f4-516b572b2f9d,1697664215835833333
6a69421f-e399-4db8-897a-d8ef21b5e0a7,707b6ccf-c9d9-4c1d-97f4-516b572b2f9d,1697664215877811111
6a69421f-e399-4db8-897a-d8ef21b5e0a7,707b6ccf-c9d9-4c1d-97f4-516b572b2f9d,1697664215905422222
6a69421f-e399-4db8-897a-d8ef21b5e0a7,707b6ccf-c9d9-4c1d-97f4-516b572b2f9d,1697664215944888888
6a69421f-e399-4db8-897a-d8ef21b5e0a7,707b6ccf-c9d9-4c1d-97f4-516b572b2f9d,1697664215981055555
6a69421f-e399-4db8-897a-d8ef21b5e0a7,707b6ccf-c9d9-4c1d-97f4-516b572b2f9d,1697664216004488888
6a69421f-e399-4db8-897a-d8ef21b5e0a7,707b6ccf-c9d9-4c1d-97f4-516b572b2f9d,1697664216052011111
6a69421f-e399-4db8-897a-d8ef21b5e0a7,707b6ccf-c9d9-4c1d-97f4-516b572b2f9d,1697664216083366666
6a69421f-e399-4db8-897a-d8ef21b5e0a7,707b6ccf-c9d9-4c1d-97f4-516b572b2f9d,1697664216112033333
6a69421f-e399-4db8-897a-d8ef21b5e0a7,707b6ccf-c9d9-4c1d-97f4-516b572b2f9d,1697664216147666666
6a69421f-e399-4db8-897a-d8ef21b5e0a7,707b6ccf-c9d9-4c1d-97f4-516b572b2f9d,1697664216180266666
6a69421f-e399-4db8-897a-d8ef21b5e0a7,707b6ccf-c9d9-4c1d-97f4-516b572b2f9d,1697664216213222222
6a69421f-e399-4db8-897a-d8ef21b5e0a7,707b6ccf-c9d9-4c1d-97f4-516b572b2f9d,1697664216244833333
6a69421f-e399-4db8-897a-d8ef21b5e0a7,707b6ccf-c9d9-4c1d-97f4-516b572b2f9d,1697664216292066666
6a69421f-e399-4db8-897a-d8ef21b5e0a7,707b6ccf-c9d9-4c1d-97f4-516b572b2f9d,1697664216316944444
6a69421f-e399-4db8-897a-d8ef21b5e0a7,707b6ccf-c9d9-4c1d-97f4-516b572b2f9d,1697664216344400000
6a69421f-e399-4db8-897a-d8ef21b5e0a7,707b6ccf-c9d9-4c1d-97f4-516b572b2f9d,1697664216384255555
6a69421f-e399-4db8-897a-d8ef21b5e0a7,707b6ccf-c9d9-4c1d-97f4-516b572b2f9d,1697664216414655555
6a69421f-e399-4db8-897a-d8ef21b5e0a7,707b6ccf-c9d9-4c1d-97f4-516b572b2f9d,1697664216443411111
6a69421f-e399-4db8-897a-d8ef21b5e0a7,707b6ccf-c9d9-4c1d-97f4-516b572b2f9d,1697664216483444444
6a69421f-e399-4db8-897a-d8ef21b5e0a7,707b6ccf-c9d9-4c1d-97f4-516b572b2f9d,1697664216505033333
6a69421f-e399-4db8-897a-d8ef21b5e0a7,707b6ccf-c9d9-4c1d-97f4-516b572b2f9d,1697664216542522222
6a69421f-e399-4db8-897a-d8ef21b5e0a7,707b6ccf-c9d9-4c1d-97f4-516b572b2f9d,1697664216586844444
6a69421f-e399-4db8-897a-d8ef21b5e0a7,707b6ccf-c9d9-4c1d-97f4-516b572b2f9d,1697664216601277777
6a69421f-e399-4db8-897a-d8ef21b5e0a7,707b6ccf-c9d9-4c1d-97f4-516b572b2f9d,1697664216648311111
6a69421f-e399-4db8-897a-d8ef21b5e0a7,707b6ccf-c9d9-4c1d-97f4-516b572b2f9d,1697664216678666666
6a69421f-e399-4db8-897a-d8ef21b5e0a7,707b6ccf-c9d9-4c1d-97f4-516b572b2f9d,1697664216710600000
6a69421f-e399-4db8-897a-d8ef21b5e0a7,707b6ccf-c9d9-4c1d-97f4-516b572b2f9d,1697664216746077777
6a69421f-e399-4db8-897a-d8ef21b5e0a7,707b6ccf-c9d9-4c1d-97f4-516b572b2f9d,1697664216783566666
6a69421f-e399-4db8-897a-d8ef21b5e0a7,707b6ccf-c9d9-4c1d-97f4-516b572b2f9d,1697664216807322222
6a69421f-e399-4db8-897a-d8ef21b5e0a7,707b6ccf-c9d9-4c1d-97f4-516b572b2f9d,1697664216847455555
6a69421f-e399-4db8-897a-d8ef21b5e0a7,707b6ccf-c9d9-4c1d-97f4-516b572b2f9d,1697664216885444444
6a69421f-e399-4db8-897a-d8ef21b5e0a7,707b6ccf-c9d9-4c1d-97f4-516b572b2f9d,1697664216914833333
6a69421f-e399-4db8-897a-d8ef21b5e0a7,707b6ccf-c9d9-4c1d-97f4-516b572b2f9d,1697664216943022222
6a69421f-e399-4db8-897a-d8ef21b5e0a7,707b6ccf-c9d9-4c1d-97f4-516b572b2f9d,1697664216984855555
6a69421f-e399-4db8-897a-d8ef21b5e0a7,707b6ccf-c9d9-4c1d-97f4-516b572b2f9d,1697664217012011111
6a69421f-e399-4db8-897a-d8ef21b5e0a7,707b6ccf-c9d9-4c1d-97f4-516b572b2f9d,1697664217046433333
6a69421f-e399-4db8-897a-d8ef21b5e0a7,707b6ccf-c9d9-4c1d-97f4-516b572b2f9d,1697664217086277777
6a69421f-e399-4db8-897a-d8ef21b5e0a7,707b6ccf-c9d9-4c1d-97f4-516b572b2f9d,1697664217115122222
6a69421f-e399-4db8-897a-d8ef21b5e0a7,707b6ccf-c9d9-4c1d-97f4-516b572b2f9d,1697664217152377777
6a69421f-e399-4db8-897a-d8ef21b5e0a7,707b6ccf-c9d9-4c1d-97f4-516b572b2f9d,1697664217183600000
6a69421f-e399-4db8-897a-d8ef21b5e0a7,707b6ccf-c9d9-4c1d-97f4-516b572b2f9d,1697664217201822222
6a69421f-e399-4db8-897a-d8ef21b5e0a7,707b6ccf-c9d9-4c1d-97f4-516b572b2f9d,1697664217236733333
6a69421f-e399-4db8-897a-d8ef21b5e0a7,707b6ccf-c9d9-4c1d-97f4-516b572b2f9d,1697664217269455555
6a69421f-e399-4db8-897a-d8ef21b5e0a7,707b6ccf-c9d9-4c1d-97f4-516b572b2f9d,1697664217300433333
6a69421f-e399-4db8-897a-d8ef21b5e0a7,707b6ccf-c9d9-4c1d-97f4-516b572b2f9d,1697664217351333333
6a69421f-e399-4db8-897a-d8ef21b5e0a7,707b6ccf-c9d9-4c1d-97f4-516b572b2f9d,1697664217385155555
6a69421f-e399-4db8-897a-d8ef21b5e0a7,707b6ccf-c9d9-4c1d-97f4-516b572b2f9d,1697664217407211111
6a69421f-e399-4db8-897a-d8ef21b5e0a7,707b6ccf-c9d9-4c1d-97f4-516b572b2f9d,1697664217445455555
6a69421f-e399-4db8-897a-d8ef21b5e0a7,707b6ccf-c9d9-4c1d-97f4-516b572b2f9d,1697664217481744444
6a69421f-e399-4db8-897a-d8ef21b5e0a7,707b6ccf-c9d9-4c1d-97f4-516b572b2f9d,1697664217506688888
6a69421f-e399-4db8-897a-d8ef21b5e0a7,707b6ccf-c9d9-4c1d-97f4-516b572b2f9d,1697664217549933333
6a69421f-e399-4db8-897a-d8ef21b5e0a7,707b6ccf-c9d9-4c1d-97f4-516b572b2f9d,1697664217586177777
6a69421f-e399-4db8-897a-d8ef21b5e0a7,707b6ccf-c9d9-4c1d-97f4-516b572b2f9d,1697664217613688888
6a69421f-e399-4db8-897a-d8ef21b5e0a7,707b6ccf-c9d9-4c1d-97f4-516b572b2f9d,1697664217651777777
6a69421f-e399-4db8-897a-d8ef21b5e0a7,707b6ccf-c9d9-4c1d-97f4-516b572b2f9d,1697664217682888888
6a69421f-e399-4db8-897a-d8ef21b5e0a7,707b6ccf-c9d9-4c1d-97f4-516b572b2f9d,1697664217706111111
6a69421f-e399-4db8-897a-d8ef21b5e0a7,707b6ccf-c9d9-4c1d-97f4-516b572b2f9d,1697664217750611111
6a69421f-e399-4db8-897a-d8ef21b5e0a7,707b6ccf-c9d9-4c1d-97f4-516b572b2f9d,1697664217783222222
6a69421f-e399-4db8-897a-d8ef21b5e0a7,707b6ccf-c9d9-4c1d-97f4-516b572b2f9d,1697664217807044444
6a69421f-e399-4db8-897a-d8ef21b5e0a7,707b6ccf-c9d9-4c1d-97f4-516b572b2f9d,1697664217851455555
6a69421f-e399-4db8-897a-d8ef21b5e0a7,707b6ccf-c9d9-4c1d-97f4-516b572b2f9d,1697664217873622222
6a69421f-e399-4db8-897a-d8ef21b5e0a7,707b6ccf-c9d9-4c1d-97f4-516b572b2f9d,1697664217920033333
6a69421f-e399-4db8-897a-d8ef21b5e0a7,707b6ccf-c9d9-4c1d-97f4-516b572b2f9d,1697664217936611111
6a69421f-e399-4db8-897a-d8ef21b5e0a7,707b6ccf-c9d9-4c1d-97f4-516b572b2f9d,1697664217976066666
6a69421f-e399-4db8-897a-d8ef21b5e0a7,707b6ccf-c9d9-4c1d-97f4-516b572b2f9d,1697664218016233333
6a69421f-e399-4db8-897a-d8ef21b5e0a7,707b6ccf-c9d9-4c1d-97f4-516b572b2f9d,1697664218044022222
6a69421f-e399-4db8-897a-d8ef21b5e0a7,707b6ccf-c9d9-4c1d-97f4-516b572b2f9d,1697664218084222222
6a69421f-e399-4db8-897a-d8ef21b5e0a7,707b6ccf-c9d9-4c1d-97f4-516b572b2f9d,1697664218113988888
6a69421f-e399-4db8-897a-d8ef21b5e0a7,707b6ccf-c9d9-4c1d-97f4-516b572b2f9d,1697664218147288888
6a69421f-e399-4db8-897a-d8ef21b5e0a7,707b6ccf-c9d9-4c1d-97f4-516b572b2f9d,1697664218181955555
6a69421f-e399-4db8-897a-d8ef21b5e0a7,707b6ccf-c9d9-4c1d-97f4-516b572b2f9d,1697664218213733333
6a69421f-e399-4db8-897a-d8ef21b5e0a7,707b6ccf-c9d9-4c1d-97f4-516b572b2f9d,1697664218246811111
6a69421f-e399-4db8-897a-d8ef21b5e0a7,707b6ccf-c9d9-4c1d-97f4-516b572b2f9d,1697664218287311111
6a69421f-e399-4db8-897a-d8ef21b5e0a7,707b6ccf-c9d9-4c1d-97f4-516b572b2f9d,1697664218318755555
6a69421f-e399-4db8-897a-d8ef21b5e0a7,707b6ccf-c9d9-4c1d-97f4-516b572b2f9d,1697664218348088888
6a69421f-e399-4db8-897a-d8ef21b5e0a7,707b6ccf-c9d9-4c1d-97f4-516b572b2f9d,1697664218383744444
6a69421f-e399-4db8-897a-d8ef21b5e0a7,707b6ccf-c9d9-4c1d-97f4-516b572b2f9d,1697664218404988888
6a69421f-e399-4db8-897a-d8ef21b5e0a7,707b6ccf-c9d9-4c1d-97f4-516b572b2f9d,1697664218452655555
6a69421f-e399-4db8-897a-d8ef21b5e0a7,707b6ccf-c9d9-4c1d-97f4-516b572b2f9d,1697664218482233333
6a69421f-e399-4db8-897a-d8ef21b5e0a7,707b6ccf-c9d9-4c1d-97f4-516b572b2f9d,1697664218520400000
6a69421f-e399-4db8-897a-d8ef21b5e0a7,707b6ccf-c9d9-4c1d-97f4-516b572b2f9d,1697664218544600000
6a69421f-e399-4db8-897a-d8ef21b5e0a7,707b6ccf-c9d9-4c1d-97f4-516b572b2f9d,1697664218570444444
6a69421f-e399-4db8-897a-d8ef21b5e0a7,707b6ccf-c9d9-4c1d-97f4-516b572b2f9d,1697664218606577777
6a69421f-e399-4db8-897a-d8ef21b5e0a7,707b6ccf-c9d9-4c1d-97f4-516b572b2f9d,1697664218642844444
6a69421f-e399-4db8-897a-d8ef21b5e0a7,707b6ccf-c9d9-4c1d-97f4-516b572b2f9d,1697664218676633333
6a69421f-e399-4db8-897a-d8ef21b5e0a7,707b6ccf-c9d9-4c1d-97f4-516b572b2f9d,1697664218714233333
6a69421f-e399-4db8-897a-d8ef21b5e0a7,707b6ccf-c9d9-4c1d-97f4-516b572b2f9d,1697664218747811111
6a69421f-e399-4db8-897a-d8ef21b5e0a7,707b6ccf-c9d9-4c1d-97f4-516b572b2f9d,1697664218783177777
6a69421f-e399-4db8-897a-d8ef21b5e0a7,707b6ccf-c9d9-4c1d-97f4-516b572b2f9d,1697664218806433333
6a69421f-e399-4db8-897a-d8ef21b5e0a7,707b6ccf-c9d9-4c1d-97f4-516b572b2f9d,1697664218854222222
6a69421f-e399-4db8-897a-d8ef21b5e0a7,707b6ccf-c9d9-4c1d-97f4-516b572b2f9d,1697664218878822222
6a69421f-e399-4db8-897a-d8ef21b5e0a7,707b6ccf-c9d9-4c1d-97f4-516b572b2f9d,1697664218916544444
6a69421f-e399-4db8-897a-d8ef21b5e0a7,707b6ccf-c9d9-4c1d-97f4-516b572b2f9d,1697664218944355555
6a69421f-e399-4db8-897a-d8ef21b5e0a7,707b6ccf-c9d9-4c1d-97f4-516b572b2f9d,1697664218977511111
6a69421f-e399-4db8-897a-d8ef21b5e0a7,707b6ccf-c9d9-4c1d-97f4-516b572b2f9d,1697664219013655555
6a69421f-e399-4db8-897a-d8ef21b5e0a7,707b6ccf-c9d9-4c1d-97f4-516b572b2f9d,1697664219050644444
6a69421f-e399-4db8-897a-d8ef21b5e0a7,707b6ccf-c9d9-4c1d-97f4-516b572b2f9d,1697664219076611111
6a69421f-e399-4db8-897a-d8ef21b5e0a7,707b6ccf-c9d9-4c1d-97f4-516b572b2f9d,1697664219114911111
6a69421f-e399-4db8-897a-d8ef21b5e0a7,707b6ccf-c9d9-4c1d-97f4-516b572b2f9d,1697664219161755555
6a69421f-e399-4db8-897a-d8ef21b5e0a7,707b6ccf-c9d9-4c1d-97f4-516b572b2f9d,1697664219174966666
6a69421f-e399-4db8-897a-d8ef21b5e0a7,707b6ccf-c9d9-4c1d-97f4-516b572b2f9d,1697664219203066666
6a69421f-e399-4db8-897a-d8ef21b5e0a7,707b6ccf-c9d9-4c1d-97f4-516b572b2f9d,1697664219241422222
6a69421f-e399-4db8-897a-d8ef21b5e0a7,707b6ccf-c9d9-4c1d-97f4-516b572b2f9d,1697664219268188888
6a69421f-e399-4db8-897a-d8ef21b5e0a7,707b6ccf-c9d9-4c1d-97f4-516b572b2f9d,1697664219315722222
6a69421f-e399-4db8-897a-d8ef21b5e0a7,707b6ccf-c9d9-4c1d-97f4-516b572b2f9d,1697664219348922222
6a69421f-e399-4db8-897a-d8ef21b5e0a7,707b6ccf-c9d9-4c1d-97f4-516b572b2f9d,1697664219382066666
6a69421f-e399-4db8-897a-d8ef21b5e0a7,707b6ccf-c9d9-4c1d-97f4-516b572b2f9d,1697664219405322222
6a69421f-e399-4db8-897a-d8ef21b5e0a7,707b6ccf-c9d9-4c1d-97f4-516b572b2f9d,1697664219448288888
6a69421f-e399-4db8-897a-d8ef21b5e0a7,707b6ccf-c9d9-4c1d-97f4-516b572b2f9d,1697664219483322222
6a69421f-e399-4db8-897a-d8ef21b5e0a7,707b6ccf-c9d9-4c1d-97f4-516b572b2f9d,1697664219518455555
6a69421f-e399-4db8-897a-d8ef21b5e0a7,707b6ccf-c9d9-4c1d-97f4-516b572b2f9d,1697664219548788888
6a69421f-e399-4db8-897a-d8ef21b5e0a7,707b6ccf-c9d9-4c1d-97f4-516b572b2f9d,1697664219581777777
6a69421f-e399-4db8-897a-d8ef21b5e0a7,707b6ccf-c9d9-4c1d-97f4-516b572b2f9d,1697664219613100000
6a69421f-e399-4db8-897a-d8ef21b5e0a7,707b6ccf-c9d9-4c1d-97f4-516b572b2f9d,1697664219645411111
6a69421f-e399-4db8-897a-d8ef21b5e0a7,707b6ccf-c9d9-4c1d-97f4-516b572b2f9d,1697664219678822222
6a69421f-e399-4db8-897a-d8ef21b5e0a7,707b6ccf-c9d9-4c1d-97f4-516b572b2f9d,1697664219715422222
6a69421f-e399-4db8-897a-d8ef21b5e0a7,707b6ccf-c9d9-4c1d-97f4-516b572b2f9d,1697664219744544444
6a69421f-e399-4db8-897a-d8ef21b5e0a7,707b6ccf-c9d9-4c1d-97f4-516b572b2f9d,1697664219777977777
6a69421f-e399-4db8-897a-d8ef21b5e0a7,707b6ccf-c9d9-4c1d-97f4-516b572b2f9d,1697664219811488888
6a69421f-e399-4db8-897a-d8ef21b5e0a7,707b6ccf-c9d9-4c1d-97f4-516b572b2f9d,1697664219835288888
6a69421f-e399-4db8-897a-d8ef21b5e0a7,707b6ccf-c9d9-4c1d-97f4-516b572b2f9d,1697664219868444444
6a69421f-e399-4db8-897a-d8ef21b5e0a7,707b6ccf-c9d9-4c1d-97f4-516b572b2f9d,1697664219911777777
6a69421f-e399-4db8-897a-d8ef21b5e0a7,707b6ccf-c9d9-4c1d-97f4-516b572b2f9d,1697664219936755555
6a69421f-e399-4db8-897a-d8ef21b5e0a7,707b6ccf-c9d9-4c1d-97f4-516b572b2f9d,1697664219967011111
6a69421f-e399-4db8-897a-d8ef21b5e0a7,707b6ccf-c9d9-4c1d-97f4-516b572b2f9d,1697664220028266666
6a69421f-e399-4db8-897a-d8ef21b5e0a7,707b6ccf-c9d9-4c1d-97f4-516b572b2f9d,1697664220043711111
6a69421f-e399-4db8-897a-d8ef21b5e0a7,707b6ccf-c9d9-4c1d-97f4-516b572b2f9d,1697664220070511111
6a69421f-e399-4db8-897a-d8ef21b5e0a7,707b6ccf-c9d9-4c1d-97f4-516b572b2f9d,1697664220115355555
6a69421f-e399-4db8-897a-d8ef21b5e0a7,707b6ccf-c9d9-4c1d-97f4-516b572b2f9d,1697664220151411111
6a69421f-e399-4db8-897a-d8ef21b5e0a7,707b6ccf-c9d9-4c1d-97f4-516b572b2f9d,1697664220177322222
6a69421f-e399-4db8-897a-d8ef21b5e0a7,707b6ccf-c9d9-4c1d-97f4-516b572b2f9d,1697664220214955555
6a69421f-e399-4db8-897a-d8ef21b5e0a7,707b6ccf-c9d9-4c1d-97f4-516b572b2f9d,1697664220244811111
6a69421f-e399-4db8-897a-d8ef21b5e0a7,707b6ccf-c9d9-4c1d-97f4-516b572b2f9d,1697664220279122222
6a69421f-e399-4db8-897a-d8ef21b5e0a7,707b6ccf-c9d9-4c1d-97f4-516b572b2f9d,1697664220311722222
6a69421f-e399-4db8-897a-d8ef21b5e0a7,707b6ccf-c9d9-4c1d-97f4-516b572b2f9d,1697664220343922222
6a69421f-e399-4db8-897a-d8ef21b5e0a7,707b6ccf-c9d9-4c1d-97f4-516b572b2f9d,1697664220378677777
6a69421f-e399-4db8-897a-d8ef21b5e0a7,707b6ccf-c9d9-4c1d-97f4-516b572b2f9d,1697664220414322222
6a69421f-e399-4db8-897a-d8ef21b5e0a7,707b6ccf-c9d9-4c1d-97f4-516b572b2f9d,1697664220446922222
6a69421f-e399-4db8-897a-d8ef21b5e0a7,707b6ccf-c9d9-4c1d-97f4-516b572b2f9d,1697664220472744444
6a69421f-e399-4db8-897a-d8ef21b5e0a7,707b6ccf-c9d9-4c1d-97f4-516b572b2f9d,1697664220505544444
6a69421f-e399-4db8-897a-d8ef21b5e0a7,707b6ccf-c9d9-4c1d-97f4-516b572b2f9d,1697664220536811111
6a69421f-e399-4db8-897a-d8ef21b5e0a7,707b6ccf-c9d9-4c1d-97f4-516b572b2f9d,1697664220564977777
6a69421f-e399-4db8-897a-d8ef21b5e0a7,707b6ccf-c9d9-4c1d-97f4-516b572b2f9d,1697664220607544444
6a69421f-e399-4db8-897a-d8ef21b5e0a7,707b6ccf-c9d9-4c1d-97f4-516b572b2f9d,1697664220650022222
6a69421f-e399-4db8-897a-d8ef21b5e0a7,707b6ccf-c9d9-4c1d-97f4-516b572b2f9d,1697664220675177777
6a69421f-e399-4db8-897a-d8ef21b5e0a7,707b6ccf-c9d9-4c1d-97f4-516b572b2f9d,1697664220713800000
6a69421f-e399-4db8-897a-d8ef21b5e0a7,707b6ccf-c9d9-4c1d-97f4-516b572b2f9d,1697664220751722222
6a69421f-e399-4db8-897a-d8ef21b5e0a7,707b6ccf-c9d9-4c1d-97f4-516b572b2f9d,1697664220783488888
6a69421f-e399-4db8-897a-d8ef21b5e0a7,707b6ccf-c9d9-4c1d-97f4-516b572b2f9d,1697664220805411111
6a69421f-e399-4db8-897a-d8ef21b5e0a7,707b6ccf-c9d9-4c1d-97f4-516b572b2f9d,1697664220850633333
6a69421f-e399-4db8-897a-d8ef21b5e0a7,707b6ccf-c9d9-4c1d-97f4-516b572b2f9d,1697664220883311111
6a69421f-e399-4db8-897a-d8ef21b5e0a7,707b6ccf-c9d9-4c1d-97f4-516b572b2f9d,1697664220907822222
6a69421f-e399-4db8-897a-d8ef21b5e0a7,707b6ccf-c9d9-4c1d-97f4-516b572b2f9d,1697664220951066666
6a69421f-e399-4db8-897a-d8ef21b5e0a7,707b6ccf-c9d9-4c1d-97f4-516b572b2f9d,1697664220977633333
6a69421f-e399-4db8-897a-d8ef21b5e0a7,707b6ccf-c9d9-4c1d-97f4-516b572b2f9d,1697664221015733333
6a69421f-e399-4db8-897a-d8ef21b5e0a7,707b6ccf-c9d9-4c1d-97f4-516b572b2f9d,1697664221046555555
6a69421f-e399-4db8-897a-d8ef21b5e0a7,707b6ccf-c9d9-4c1d-97f4-516b572b2f9d,1697664221079688888
6a69421f-e399-4db8-897a-d8ef21b5e0a7,707b6ccf-c9d9-4c1d-97f4-516b572b2f9d,1697664221116766666
6a69421f-e399-4db8-897a-d8ef21b5e0a7,707b6ccf-c9d9-4c1d-97f4-516b572b2f9d,1697664221163800000
6a69421f-e399-4db8-897a-d8ef21b5e0a7,707b6ccf-c9d9-4c1d-97f4-516b572b2f9d,1697664221179688888
6a69421f-e399-4db8-897a-d8ef21b5e0a7,707b6ccf-c9d9-4c1d-97f4-516b572b2f9d,1697664221202288888
6a69421f-e399-4db8-897a-d8ef21b5e0a7,707b6ccf-c9d9-4c1d-97f4-516b572b2f9d,1697664221235766666
6a69421f-e399-4db8-897a-d8ef21b5e0a7,707b6ccf-c9d9-4c1d-97f4-516b572b2f9d,1697664221268800000
6a69421f-e399-4db8-897a-d8ef21b5e0a7,707b6ccf-c9d9-4c1d-97f4-516b572b2f9d,1697664221315133333
6a69421f-e399-4db8-897a-d8ef21b5e0a7,707b6ccf-c9d9-4c1d-97f4-516b572b2f9d,1697664221349888888
6a69421f-e399-4db8-897a-d8ef21b5e0a7,707b6ccf-c9d9-4c1d-97f4-516b572b2f9d,1697664221379544444
6a69421f-e399-4db8-897a-d8ef21b5e0a7,707b6ccf-c9d9-4c1d-97f4-516b572b2f9d,1697664221415955555
6a69421f-e399-4db8-897a-d8ef21b5e0a7,707b6ccf-c9d9-4c1d-97f4-516b572b2f9d,1697664221446077777
6a69421f-e399-4db8-897a-d8ef21b5e0a7,707b6ccf-c9d9-4c1d-97f4-516b572b2f9d,1697664221478511111
6a69421f-e399-4db8-897a-d8ef21b5e0a7,707b6ccf-c9d9-4c1d-97f4-516b572b2f9d,1697664221513888888
6a69421f-e399-4db8-897a-d8ef21b5e0a7,707b6ccf-c9d9-4c1d-97f4-516b572b2f9d,1697664221550400000
6a69421f-e399-4db8-897a-d8ef21b5e0a7,707b6ccf-c9d9-4c1d-97f4-516b572b2f9d,1697664221581366666
6a69421f-e399-4db8-897a-d8ef21b5e0a7,707b6ccf-c9d9-4c1d-97f4-516b572b2f9d,1697664221604500000
6a69421f-e399-4db8-897a-d8ef21b5e0a7,707b6ccf-c9d9-4c1d-97f4-516b572b2f9d,1697664221650511111
6a69421f-e399-4db8-897a-d8ef21b5e0a7,707b6ccf-c9d9-4c1d-97f4-516b572b2f9d,1697664221679511111
6a69421f-e399-4db8-897a-d8ef21b5e0a7,707b6ccf-c9d9-4c1d-97f4-516b572b2f9d,1697664221713444444
6a69421f-e399-4db8-897a-d8ef21b5e0a7,707b6ccf-c9d9-4c1d-97f4-516b572b2f9d,1697664221743900000
6a69421f-e399-4db8-897a-d8ef21b5e0a7,707b6ccf-c9d9-4c1d-97f4-516b572b2f9d,1697664221778877777
6a69421f-e399-4db8-897a-d8ef21b5e0a7,707b6ccf-c9d9-4c1d-97f4-516b572b2f9d,1697664221821622222
6a69421f-e399-4db8-897a-d8ef21b5e0a7,707b6ccf-c9d9-4c1d-97f4-516b572b2f9d,1697664221840366666
6a69421f-e399-4db8-897a-d8ef21b5e0a7,707b6ccf-c9d9-4c1d-97f4-516b572b2f9d,1697664221865200000
6a69421f-e399-4db8-897a-d8ef21b5e0a7,707b6ccf-c9d9-4c1d-97f4-516b572b2f9d,1697664221896466666
6a69421f-e399-4db8-897a-d8ef21b5e0a7,707b6ccf-c9d9-4c1d-97f4-516b572b2f9d,1697664221936311111
6a69421f-e399-4db8-897a-d8ef21b5e0a7,707b6ccf-c9d9-4c1d-97f4-516b572b2f9d,1697664221965833333
6a69421f-e399-4db8-897a-d8ef21b5e0a7,707b6ccf-c9d9-4c1d-97f4-516b572b2f9d,1697664222007633333
6a69421f-e399-4db8-897a-d8ef21b5e0a7,707b6ccf-c9d9-4c1d-97f4-516b572b2f9d,1697664222052411111
6a69421f-e399-4db8-897a-d8ef21b5e0a7,707b6ccf-c9d9-4c1d-97f4-516b572b2f9d,1697664222082766666
6a69421f-e399-4db8-897a-d8ef21b5e0a7,707b6ccf-c9d9-4c1d-97f4-516b572b2f9d,1697664222102711111
6a69421f-e399-4db8-897a-d8ef21b5e0a7,707b6ccf-c9d9-4c1d-97f4-516b572b2f9d,1697664222147977777
6a69421f-e399-4db8-897a-d8ef21b5e0a7,707b6ccf-c9d9-4c1d-97f4-516b572b2f9d,1697664222176633333
6a69421f-e399-4db8-897a-d8ef21b5e0a7,707b6ccf-c9d9-4c1d-97f4-516b572b2f9d,1697664222210866666
6a69421f-e399-4db8-897a-d8ef21b5e0a7,707b6ccf-c9d9-4c1d-97f4-516b572b2f9d,1697664222249188888
6a69421f-e399-4db8-897a-d8ef21b5e0a7,707b6ccf-c9d9-4c1d-97f4-516b572b2f9d,1697664222277877777
6a69421f-e399-4db8-897a-d8ef21b5e0a7,707b6ccf-c9d9-4c1d-97f4-516b572b2f9d,1697664222309488888
6a69421f-e399-4db8-897a-d8ef21b5e0a7,707b6ccf-c9d9-4c1d-97f4-516b572b2f9d,1697664222345522222
6a69421f-e399-4db8-897a-d8ef21b5e0a7,707b6ccf-c9d9-4c1d-97f4-516b572b2f9d,1697664222378800000
6a69421f-e399-4db8-897a-d8ef21b5e0a7,707b6ccf-c9d9-4c1d-97f4-516b572b2f9d,1697664222411177777
6a69421f-e399-4db8-897a-d8ef21b5e0a7,707b6ccf-c9d9-4c1d-97f4-516b572b2f9d,1697664222451466666
6a69421f-e399-4db8-897a-d8ef21b5e0a7,707b6ccf-c9d9-4c1d-97f4-516b572b2f9d,1697664222486555555
6a69421f-e399-4db8-897a-d8ef21b5e0a7,707b6ccf-c9d9-4c1d-97f4-516b572b2f9d,1697664222500355555
6a69421f-e399-4db8-897a-d8ef21b5e0a7,707b6ccf-c9d9-4c1d-97f4-516b572b2f9d,1697664222534133333
6a69421f-e399-4db8-897a-d8ef21b5e0a7,707b6ccf-c9d9-4c1d-97f4-516b572b2f9d,1697664222581622222
6a69421f-e399-4db8-897a-d8ef21b5e0a7,707b6ccf-c9d9-4c1d-97f4-516b572b2f9d,1697664222601233333
6a69421f-e399-4db8-897a-d8ef21b5e0a7,707b6ccf-c9d9-4c1d-97f4-516b572b2f9d,1697664222634966666
6a69421f-e399-4db8-897a-d8ef21b5e0a7,707b6ccf-c9d9-4c1d-97f4-516b572b2f9d,1697664222679400000
6a69421f-e399-4db8-897a-d8ef21b5e0a7,707b6ccf-c9d9-4c1d-97f4-516b572b2f9d,1697664222710211111
6a69421f-e399-4db8-897a-d8ef21b5e0a7,707b6ccf-c9d9-4c1d-97f4-516b572b2f9d,1697664222745588888
6a69421f-e399-4db8-897a-d8ef21b5e0a7,707b6ccf-c9d9-4c1d-97f4-516b572b2f9d,1697664222779744444
6a69421f-e399-4db8-897a-d8ef21b5e0a7,707b6ccf-c9d9-4c1d-97f4-516b572b2f9d,1697664222811033333
6a69421f-e399-4db8-897a-d8ef21b5e0a7,707b6ccf-c9d9-4c1d-97f4-516b572b2f9d,1697664222847244444
6a69421f-e399-4db8-897a-d8ef21b5e0a7,707b6ccf-c9d9-4c1d-97f4-516b572b2f9d,1697664222877266666
6a69421f-e399-4db8-897a-d8ef21b5e0a7,707b6ccf-c9d9-4c1d-97f4-516b572b2f9d,1697664222915377777
6a69421f-e399-4db8-897a-d8ef21b5e0a7,707b6ccf-c9d9-4c1d-97f4-516b572b2f9d,1697664222943655555
6a69421f-e399-4db8-897a-d8ef21b5e0a7,707b6ccf-c9d9-4c1d-97f4-516b572b2f9d,1697664222978466666
6a69421f-e399-4db8-897a-d8ef21b5e0a7,707b6ccf-c9d9-4c1d-97f4-516b572b2f9d,1697664223010577777
6a69421f-e399-4db8-897a-d8ef21b5e0a7,707b6ccf-c9d9-4c1d-97f4-516b572b2f9d,1697664223050744444
6a69421f-e399-4db8-897a-d8ef21b5e0a7,707b6ccf-c9d9-4c1d-97f4-516b572b2f9d,1697664223076777777
6a69421f-e399-4db8-897a-d8ef21b5e0a7,707b6ccf-c9d9-4c1d-97f4-516b572b2f9d,1697664223112744444
6a69421f-e399-4db8-897a-d8ef21b5e0a7,707b6ccf-c9d9-4c1d-97f4-516b572b2f9d,1697664223151811111
6a69421f-e399-4db8-897a-d8ef21b5e0a7,707b6ccf-c9d9-4c1d-97f4-516b572b2f9d,1697664223166822222
6a69421f-e399-4db8-897a-d8ef21b5e0a7,707b6ccf-c9d9-4c1d-97f4-516b572b2f9d,1697664223222322222
6a69421f-e399-4db8-897a-d8ef21b5e0a7,707b6ccf-c9d9-4c1d-97f4-516b572b2f9d,1697664223236166666
6a69421f-e399-4db8-897a-d8ef21b5e0a7,707b6ccf-c9d9-4c1d-97f4-516b572b2f9d,1697664223269922222
6a69421f-e399-4db8-897a-d8ef21b5e0a7,707b6ccf-c9d9-4c1d-97f4-516b572b2f9d,1697664223320422222
6a69421f-e399-4db8-897a-d8ef21b5e0a7,707b6ccf-c9d9-4c1d-97f4-516b572b2f9d,1697664223334288888
6a69421f-e399-4db8-897a-d8ef21b5e0a7,707b6ccf-c9d9-4c1d-97f4-516b572b2f9d,1697664223384233333
6a69421f-e399-4db8-897a-d8ef21b5e0a7,707b6ccf-c9d9-4c1d-97f4-516b572b2f9d,1697664223400188888
6a69421f-e399-4db8-897a-d8ef21b5e0a7,707b6ccf-c9d9-4c1d-97f4-516b572b2f9d,1697664223453133333
6a69421f-e399-4db8-897a-d8ef21b5e0a7,707b6ccf-c9d9-4c1d-97f4-516b572b2f9d,1697664223483333333
6a69421f-e399-4db8-897a-d8ef21b5e0a7,707b6ccf-c9d9-4c1d-97f4-516b572b2f9d,1697664223498622222
6a69421f-e399-4db8-897a-d8ef21b5e0a7,707b6ccf-c9d9-4c1d-97f4-516b572b2f9d,1697664223557555555
6a69421f-e399-4db8-897a-d8ef21b5e0a7,707b6ccf-c9d9-4c1d-97f4-516b572b2f9d,1697664223583222222
6a69421f-e399-4db8-897a-d8ef21b5e0a7,707b6ccf-c9d9-4c1d-97f4-516b572b2f9d,1697664223599300000
6a69421f-e399-4db8-897a-d8ef21b5e0a7,707b6ccf-c9d9-4c1d-97f4-516b572b2f9d,1697664223647288888
6a69421f-e399-4db8-897a-d8ef21b5e0a7,707b6ccf-c9d9-4c1d-97f4-516b572b2f9d,1697664223679588888
6a69421f-e399-4db8-897a-d8ef21b5e0a7,707b6ccf-c9d9-4c1d-97f4-516b572b2f9d,1697664223714533333
6a69421f-e399-4db8-897a-d8ef21b5e0a7,707b6ccf-c9d9-4c1d-97f4-516b572b2f9d,1697664223744600000
6a69421f-e399-4db8-897a-d8ef21b5e0a7,707b6ccf-c9d9-4c1d-97f4-516b572b2f9d,1697664223779600000
6a69421f-e399-4db8-897a-d8ef21b5e0a7,707b6ccf-c9d9-4c1d-97f4-516b572b2f9d,1697664223811144444
6a69421f-e399-4db8-897a-d8ef21b5e0a7,707b6ccf-c9d9-4c1d-97f4-516b572b2f9d,1697664223857744444
6a69421f-e399-4db8-897a-d8ef21b5e0a7,707b6ccf-c9d9-4c1d-97f4-516b572b2f9d,1697664223866811111
6a69421f-e399-4db8-897a-d8ef21b5e0a7,707b6ccf-c9d9-4c1d-97f4-516b572b2f9d,1697664223898544444
6a69421f-e399-4db8-897a-d8ef21b5e0a7,707b6ccf-c9d9-4c1d-97f4-516b572b2f9d,1697664223935088888
6a69421f-e399-4db8-897a-d8ef21b5e0a7,707b6ccf-c9d9-4c1d-97f4-516b572b2f9d,1697664223983544444
6a69421f-e399-4db8-897a-d8ef21b5e0a7,707b6ccf-c9d9-4c1d-97f4-516b572b2f9d,1697664223998655555
6a69421f-e399-4db8-897a-d8ef21b5e0a7,707b6ccf-c9d9-4c1d-97f4-516b572b2f9d,1697664224051222222
6a69421f-e399-4db8-897a-d8ef21b5e0a7,707b6ccf-c9d9-4c1d-97f4-516b572b2f9d,1697664224082700000
6a69421f-e399-4db8-897a-d8ef21b5e0a7,707b6ccf-c9d9-4c1d-97f4-516b572b2f9d,1697664224100111111
6a69421f-e399-4db8-897a-d8ef21b5e0a7,707b6ccf-c9d9-4c1d-97f4-516b572b2f9d,1697664224154411111
6a69421f-e399-4db8-897a-d8ef21b5e0a7,707b6ccf-c9d9-4c1d-97f4-516b572b2f9d,1697664224181200000
6a69421f-e399-4db8-897a-d8ef21b5e0a7,707b6ccf-c9d9-4c1d-97f4-516b572b2f9d,1697664224199322222
6a69421f-e399-4db8-897a-d8ef21b5e0a7,707b6ccf-c9d9-4c1d-97f4-516b572b2f9d,1697664224248855555
6a69421f-e399-4db8-897a-d8ef21b5e0a7,707b6ccf-c9d9-4c1d-97f4-516b572b2f9d,1697664224276622222
6a69421f-e399-4db8-897a-d8ef21b5e0a7,707b6ccf-c9d9-4c1d-97f4-516b572b2f9d,1697664224315211111
6a69421f-e399-4db8-897a-d8ef21b5e0a7,707b6ccf-c9d9-4c1d-97f4-516b572b2f9d,1697664224346011111
6a69421f-e399-4db8-897a-d8ef21b5e0a7,707b6ccf-c9d9-4c1d-97f4-516b572b2f9d,1697664224377233333
6a69421f-e399-4db8-897a-d8ef21b5e0a7,707b6ccf-c9d9-4c1d-97f4-516b572b2f9d,1697664224409733333
6a69421f-e399-4db8-897a-d8ef21b5e0a7,707b6ccf-c9d9-4c1d-97f4-516b572b2f9d,1697664224444588888
6a69421f-e399-4db8-897a-d8ef21b5e0a7,707b6ccf-c9d9-4c1d-97f4-516b572b2f9d,1697664224478322222
6a69421f-e399-4db8-897a-d8ef21b5e0a7,707b6ccf-c9d9-4c1d-97f4-516b572b2f9d,1697664224529500000
6a69421f-e399-4db8-897a-d8ef21b5e0a7,707b6ccf-c9d9-4c1d-97f4-516b572b2f9d,1697664224538933333
6a69421f-e399-4db8-897a-d8ef21b5e0a7,707b6ccf-c9d9-4c1d-97f4-516b572b2f9d,1697664224565266666
6a69421f-e399-4db8-897a-d8ef21b5e0a7,707b6ccf-c9d9-4c1d-97f4-516b572b2f9d,1697664224600455555
6a69421f-e399-4db8-897a-d8ef21b5e0a7,707b6ccf-c9d9-4c1d-97f4-516b572b2f9d,1697664224634866666
6a69421f-e399-4db8-897a-d8ef21b5e0a7,707b6ccf-c9d9-4c1d-97f4-516b572b2f9d,1697664224666144444
6a69421f-e399-4db8-897a-d8ef21b5e0a7,707b6ccf-c9d9-4c1d-97f4-516b572b2f9d,1697664224710033333
6a69421f-e399-4db8-897a-d8ef21b5e0a7,707b6ccf-c9d9-4c1d-97f4-516b572b2f9d,1697664224748800000
6a69421f-e399-4db8-897a-d8ef21b5e0a7,707b6ccf-c9d9-4c1d-97f4-516b572b2f9d,1697664224777033333
6a69421f-e399-4db8-897a-d8ef21b5e0a7,707b6ccf-c9d9-4c1d-97f4-516b572b2f9d,1697664224815744444
6a69421f-e399-4db8-897a-d8ef21b5e0a7,707b6ccf-c9d9-4c1d-97f4-516b572b2f9d,1697664224843644444
6a69421f-e399-4db8-897a-d8ef21b5e0a7,707b6ccf-c9d9-4c1d-97f4-516b572b2f9d,1697664224876866666
6a69421f-e399-4db8-897a-d8ef21b5e0a7,707b6ccf-c9d9-4c1d-97f4-516b572b2f9d,1697664224910311111
6a69421f-e399-4db8-897a-d8ef21b5e0a7,707b6ccf-c9d9-4c1d-97f4-516b572b2f9d,1697664224949477777
6a69421f-e399-4db8-897a-d8ef21b5e0a7,707b6ccf-c9d9-4c1d-97f4-516b572b2f9d,1697664224980100000
6a69421f-e399-4db8-897a-d8ef21b5e0a7,707b6ccf-c9d9-4c1d-97f4-516b572b2f9d,1697664225010211111
6a69421f-e399-4db8-897a-d8ef21b5e0a7,707b6ccf-c9d9-4c1d-97f4-516b572b2f9d,1697664225041011111
6a69421f-e399-4db8-897a-d8ef21b5e0a7,707b6ccf-c9d9-4c1d-97f4-516b572b2f9d,1697664225073544444
6a69421f-e399-4db8-897a-d8ef21b5e0a7,707b6ccf-c9d9-4c1d-97f4-516b572b2f9d,1697664225110666666
6a69421f-e399-4db8-897a-d8ef21b5e0a7,707b6ccf-c9d9-4c1d-97f4-516b572b2f9d,1697664225147544444
6a69421f-e399-4db8-897a-d8ef21b5e0a7,707b6ccf-c9d9-4c1d-97f4-516b572b2f9d,1697664225182788888
6a69421f-e399-4db8-897a-d8ef21b5e0a7,707b6ccf-c9d9-4c1d-97f4-516b572b2f9d,1697664225203044444
6a69421f-e399-4db8-897a-d8ef21b5e0a7,707b6ccf-c9d9-4c1d-97f4-516b572b2f9d,1697664225229544444
6a69421f-e399-4db8-897a-d8ef21b5e0a7,707b6ccf-c9d9-4c1d-97f4-516b572b2f9d,1697664225266655555
6a69421f-e399-4db8-897a-d8ef21b5e0a7,707b6ccf-c9d9-4c1d-97f4-516b572b2f9d,1697664225317333333
6a69421f-e399-4db8-897a-d8ef21b5e0a7,707b6ccf-c9d9-4c1d-97f4-516b572b2f9d,1697664225332000000
6a69421f-e399-4db8-897a-d8ef21b5e0a7,707b6ccf-c9d9-4c1d-97f4-516b572b2f9d,1697664225378688888
6a69421f-e399-4db8-897a-d8ef21b5e0a7,707b6ccf-c9d9-4c1d-97f4-516b572b2f9d,1697664225412200000
6a69421f-e399-4db8-897a-d8ef21b5e0a7,707b6ccf-c9d9-4c1d-97f4-516b572b2f9d,1697664225439644444
6a69421f-e399-4db8-897a-d8ef21b5e0a7,707b6ccf-c9d9-4c1d-97f4-516b572b2f9d,1697664225476911111
6a69421f-e399-4db8-897a-d8ef21b5e0a7,707b6ccf-c9d9-4c1d-97f4-516b572b2f9d,1697664225515222222
6a69421f-e399-4db8-897a-d8ef21b5e0a7,707b6ccf-c9d9-4c1d-97f4-516b572b2f9d,1697664225543455555
6a69421f-e399-4db8-897a-d8ef21b5e0a7,707b6ccf-c9d9-4c1d-97f4-516b572b2f9d,1697664225574066666
6a69421f-e399-4db8-897a-d8ef21b5e0a7,707b6ccf-c9d9-4c1d-97f4-516b572b2f9d,1697664225609555555
6a69421f-e399-4db8-897a-d8ef21b5e0a7,707b6ccf-c9d9-4c1d-97f4-516b572b2f9d,1697664225642311111
6a69421f-e399-4db8-897a-d8ef21b5e0a7,707b6ccf-c9d9-4c1d-97f4-516b572b2f9d,1697664225676922222
6a69421f-e399-4db8-897a-d8ef21b5e0a7,707b6ccf-c9d9-4c1d-97f4-516b572b2f9d,1697664225712022222
6a69421f-e399-4db8-897a-d8ef21b5e0a7,707b6ccf-c9d9-4c1d-97f4-516b572b2f9d,1697664225740666666
6a69421f-e399-4db8-897a-d8ef21b5e0a7,707b6ccf-c9d9-4c1d-97f4-516b572b2f9d,1697664225773355555
6a69421f-e399-4db8-897a-d8ef21b5e0a7,707b6ccf-c9d9-4c1d-97f4-516b572b2f9d,1697664225812033333
6a69421f-e399-4db8-897a-d8ef21b5e0a7,707b6ccf-c9d9-4c1d-97f4-516b572b2f9d,1697664225844411111
6a69421f-e399-4db8-897a-d8ef21b5e0a7,707b6ccf-c9d9-4c1d-97f4-516b572b2f9d,1697664225865744444
6a69421f-e399-4db8-897a-d8ef21b5e0a7,707b6ccf-c9d9-4c1d-97f4-516b572b2f9d,1697664225901888888
6a69421f-e399-4db8-897a-d8ef21b5e0a7,707b6ccf-c9d9-4c1d-97f4-516b572b2f9d,1697664225939966666
6a69421f-e399-4db8-897a-d8ef21b5e0a7,707b6ccf-c9d9-4c1d-97f4-516b572b2f9d,1697664225970966666
6a69421f-e399-4db8-897a-d8ef21b5e0a7,707b6ccf-c9d9-4c1d-97f4-516b572b2f9d,1697664225997500000
6a69421f-e399-4db8-897a-d8ef21b5e0a7,707b6ccf-c9d9-4c1d-97f4-516b572b2f9d,1697664226044955555
6a69421f-e399-4db8-897a-d8ef21b5e0a7,707b6ccf-c9d9-4c1d-97f4-516b572b2f9d,1697664226080166666
6a69421f-e399-4db8-897a-d8ef21b5e0a7,707b6ccf-c9d9-4c1d-97f4-516b572b2f9d,1697664226103000000
6a69421f-e399-4db8-897a-d8ef21b5e0a7,707b6ccf-c9d9-4c1d-97f4-516b572b2f9d,1697664226152933333
6a69421f-e399-4db8-897a-d8ef21b5e0a7,707b6ccf-c9d9-4c1d-97f4-516b572b2f9d,1697664226183288888
6a69421f-e399-4db8-897a-d8ef21b5e0a7,707b6ccf-c9d9-4c1d-97f4-516b572b2f9d,1697664226203400000
6a69421f-e399-4db8-897a-d8ef21b5e0a7,707b6ccf-c9d9-4c1d-97f4-516b572b2f9d,1697664226247388888
6a69421f-e399-4db8-897a-d8ef21b5e0a7,707b6ccf-c9d9-4c1d-97f4-516b572b2f9d,1697664226278155555
6a69421f-e399-4db8-897a-d8ef21b5e0a7,707b6ccf-c9d9-4c1d-97f4-516b572b2f9d,1697664226309611111
6a69421f-e399-4db8-897a-d8ef21b5e0a7,707b6ccf-c9d9-4c1d-97f4-516b572b2f9d,1697664226343444444
6a69421f-e399-4db8-897a-d8ef21b5e0a7,707b6ccf-c9d9-4c1d-97f4-516b572b2f9d,1697664226377144444
6a69421f-e399-4db8-897a-d8ef21b5e0a7,707b6ccf-c9d9-4c1d-97f4-516b572b2f9d,1697664226408577777
6a69421f-e399-4db8-897a-d8ef21b5e0a7,707b6ccf-c9d9-4c1d-97f4-516b572b2f9d,1697664226440122222
6a69421f-e399-4db8-897a-d8ef21b5e0a7,707b6ccf-c9d9-4c1d-97f4-516b572b2f9d,1697664226475777777
6a69421f-e399-4db8-897a-d8ef21b5e0a7,707b6ccf-c9d9-4c1d-97f4-516b572b2f9d,1697664226507411111
6a69421f-e399-4db8-897a-d8ef21b5e0a7,707b6ccf-c9d9-4c1d-97f4-516b572b2f9d,1697664226553377777
6a69421f-e399-4db8-897a-d8ef21b5e0a7,707b6ccf-c9d9-4c1d-97f4-516b572b2f9d,1697664226566622222
6a69421f-e399-4db8-897a-d8ef21b5e0a7,707b6ccf-c9d9-4c1d-97f4-516b572b2f9d,1697664226629233333
6a69421f-e399-4db8-897a-d8ef21b5e0a7,707b6ccf-c9d9-4c1d-97f4-516b572b2f9d,1697664226641200000
6a69421f-e399-4db8-897a-d8ef21b5e0a7,707b6ccf-c9d9-4c1d-97f4-516b572b2f9d,1697664226668311111
6a69421f-e399-4db8-897a-d8ef21b5e0a7,707b6ccf-c9d9-4c1d-97f4-516b572b2f9d,1697664226706311111
6a69421f-e399-4db8-897a-d8ef21b5e0a7,707b6ccf-c9d9-4c1d-97f4-516b572b2f9d,1697664226740811111
6a69421f-e399-4db8-897a-d8ef21b5e0a7,707b6ccf-c9d9-4c1d-97f4-516b572b2f9d,1697664226783500000
6a69421f-e399-4db8-897a-d8ef21b5e0a7,707b6ccf-c9d9-4c1d-97f4-516b572b2f9d,1697664226809133333
6a69421f-e399-4db8-897a-d8ef21b5e0a7,707b6ccf-c9d9-4c1d-97f4-516b572b2f9d,1697664226839055555
6a69421f-e399-4db8-897a-d8ef21b5e0a7,707b6ccf-c9d9-4c1d-97f4-516b572b2f9d,1697664226880822222
6a69421f-e399-4db8-897a-d8ef21b5e0a7,707b6ccf-c9d9-4c1d-97f4-516b572b2f9d,1697664226905711111
6a69421f-e399-4db8-897a-d8ef21b5e0a7,707b6ccf-c9d9-4c1d-97f4-516b572b2f9d,1697664226942500000
6a69421f-e399-4db8-897a-d8ef21b5e0a7,707b6ccf-c9d9-4c1d-97f4-516b572b2f9d,1697664226969811111
6a69421f-e399-4db8-897a-d8ef21b5e0a7,707b6ccf-c9d9-4c1d-97f4-516b572b2f9d,1697664227011666666
6a69421f-e399-4db8-897a-d8ef21b5e0a7,707b6ccf-c9d9-4c1d-97f4-516b572b2f9d,1697664227043922222
6a69421f-e399-4db8-897a-d8ef21b5e0a7,707b6ccf-c9d9-4c1d-97f4-516b572b2f9d,1697664227085044444
6a69421f-e399-4db8-897a-d8ef21b5e0a7,707b6ccf-c9d9-4c1d-97f4-516b572b2f9d,1697664227108455555
6a69421f-e399-4db8-897a-d8ef21b5e0a7,707b6ccf-c9d9-4c1d-97f4-516b572b2f9d,1697664227143122222
6a69421f-e399-4db8-897a-d8ef21b5e0a7,707b6ccf-c9d9-4c1d-97f4-516b572b2f9d,1697664227181366666
6a69421f-e399-4db8-897a-d8ef21b5e0a7,707b6ccf-c9d9-4c1d-97f4-516b572b2f9d,1697664227201222222
6a69421f-e399-4db8-897a-d8ef21b5e0a7,707b6ccf-c9d9-4c1d-97f4-516b572b2f9d,1697664227238411111
6a69421f-e399-4db8-897a-d8ef21b5e0a7,707b6ccf-c9d9-4c1d-97f4-516b572b2f9d,1697664227267366666
6a69421f-e399-4db8-897a-d8ef21b5e0a7,707b6ccf-c9d9-4c1d-97f4-516b572b2f9d,1697664227298222222
6a69421f-e399-4db8-897a-d8ef21b5e0a7,707b6ccf-c9d9-4c1d-97f4-516b572b2f9d,1697664227330711111
6a69421f-e399-4db8-897a-d8ef21b5e0a7,707b6ccf-c9d9-4c1d-97f4-516b572b2f9d,1697664227380955555
6a69421f-e399-4db8-897a-d8ef21b5e0a7,707b6ccf-c9d9-4c1d-97f4-516b572b2f9d,1697664227410566666
6a69421f-e399-4db8-897a-d8ef21b5e0a7,707b6ccf-c9d9-4c1d-97f4-516b572b2f9d,1697664227445255555
6a69421f-e399-4db8-897a-d8ef21b5e0a7,707b6ccf-c9d9-4c1d-97f4-516b572b2f9d,1697664227477966666
6a69421f-e399-4db8-897a-d8ef21b5e0a7,707b6ccf-c9d9-4c1d-97f4-516b572b2f9d,1697664227511811111
6a69421f-e399-4db8-897a-d8ef21b5e0a7,707b6ccf-c9d9-4c1d-97f4-516b572b2f9d,1697664227542877777
6a69421f-e399-4db8-897a-d8ef21b5e0a7,707b6ccf-c9d9-4c1d-97f4-516b572b2f9d,1697664227575211111
6a69421f-e399-4db8-897a-d8ef21b5e0a7,707b6ccf-c9d9-4c1d-97f4-516b572b2f9d,1697664227615111111
6a69421f-e399-4db8-897a-d8ef21b5e0a7,707b6ccf-c9d9-4c1d-97f4-516b572b2f9d,1697664227643266666
6a69421f-e399-4db8-897a-d8ef21b5e0a7,707b6ccf-c9d9-4c1d-97f4-516b572b2f9d,1697664227675000000
6a69421f-e399-4db8-897a-d8ef21b5e0a7,707b6ccf-c9d9-4c1d-97f4-516b572b2f9d,1697664227710155555
6a69421f-e399-4db8-897a-d8ef21b5e0a7,707b6ccf-c9d9-4c1d-97f4-516b572b2f9d,1697664227741977777
6a69421f-e399-4db8-897a-d8ef21b5e0a7,707b6ccf-c9d9-4c1d-97f4-516b572b2f9d,1697664227778222222
6a69421f-e399-4db8-897a-d8ef21b5e0a7,707b6ccf-c9d9-4c1d-97f4-516b572b2f9d,1697664227810811111
6a69421f-e399-4db8-897a-d8ef21b5e0a7,707b6ccf-c9d9-4c1d-97f4-516b572b2f9d,1697664227838955555
6a69421f-e399-4db8-897a-d8ef21b5e0a7,707b6ccf-c9d9-4c1d-97f4-516b572b2f9d,1697664227870466666
6a69421f-e399-4db8-897a-d8ef21b5e0a7,707b6ccf-c9d9-4c1d-97f4-516b572b2f9d,1697664227904311111
6a69421f-e399-4db8-897a-d8ef21b5e0a7,707b6ccf-c9d9-4c1d-97f4-516b572b2f9d,1697664227942622222
6a69421f-e399-4db8-897a-d8ef21b5e0a7,707b6ccf-c9d9-4c1d-97f4-516b572b2f9d,1697664227972211111
6a69421f-e399-4db8-897a-d8ef21b5e0a7,707b6ccf-c9d9-4c1d-97f4-516b572b2f9d,1697664227997511111
6a69421f-e399-4db8-897a-d8ef21b5e0a7,707b6ccf-c9d9-4c1d-97f4-516b572b2f9d,1697664228050933333
6a69421f-e399-4db8-897a-d8ef21b5e0a7,707b6ccf-c9d9-4c1d-97f4-516b572b2f9d,1697664228079744444
6a69421f-e399-4db8-897a-d8ef21b5e0a7,707b6ccf-c9d9-4c1d-97f4-516b572b2f9d,1697664228100488888
6a69421f-e399-4db8-897a-d8ef21b5e0a7,707b6ccf-c9d9-4c1d-97f4-516b572b2f9d,1697664228152777777
6a69421f-e399-4db8-897a-d8ef21b5e0a7,707b6ccf-c9d9-4c1d-97f4-516b572b2f9d,1697664228181322222
6a69421f-e399-4db8-897a-d8ef21b5e0a7,707b6ccf-c9d9-4c1d-97f4-516b572b2f9d,1697664228199011111
6a69421f-e399-4db8-897a-d8ef21b5e0a7,707b6ccf-c9d9-4c1d-97f4-516b572b2f9d,1697664228252444444
6a69421f-e399-4db8-897a-d8ef21b5e0a7,707b6ccf-c9d9-4c1d-97f4-516b572b2f9d,1697664228276922222
6a69421f-e399-4db8-897a-d8ef21b5e0a7,707b6ccf-c9d9-4c1d-97f4-516b572b2f9d,1697664228313088888
6a69421f-e399-4db8-897a-d8ef21b5e0a7,707b6ccf-c9d9-4c1d-97f4-516b572b2f9d,1697664228341488888
6a69421f-e399-4db8-897a-d8ef21b5e0a7,707b6ccf-c9d9-4c1d-97f4-516b572b2f9d,1697664228372933333
6a69421f-e399-4db8-897a-d8ef21b5e0a7,707b6ccf-c9d9-4c1d-97f4-516b572b2f9d,1697664228408577777
6a69421f-e399-4db8-897a-d8ef21b5e0a7,707b6ccf-c9d9-4c1d-97f4-516b572b2f9d,1697664228441311111
6a69421f-e399-4db8-897a-d8ef21b5e0a7,707b6ccf-c9d9-4c1d-97f4-516b572b2f9d,1697664228478177777
6a69421f-e399-4db8-897a-d8ef21b5e0a7,707b6ccf-c9d9-4c1d-97f4-516b572b2f9d,1697664228502855555
6a69421f-e399-4db8-897a-d8ef21b5e0a7,707b6ccf-c9d9-4c1d-97f4-516b572b2f9d,1697664228541433333
6a69421f-e399-4db8-897a-d8ef21b5e0a7,707b6ccf-c9d9-4c1d-97f4-516b572b2f9d,1697664228563022222
6a69421f-e399-4db8-897a-d8ef21b5e0a7,707b6ccf-c9d9-4c1d-97f4-516b572b2f9d,1697664228598755555
6a69421f-e399-4db8-897a-d8ef21b5e0a7,707b6ccf-c9d9-4c1d-97f4-516b572b2f9d,1697664228631566666
6a69421f-e399-4db8-897a-d8ef21b5e0a7,707b6ccf-c9d9-4c1d-97f4-516b572b2f9d,1697664228669744444
6a69421f-e399-4db8-897a-d8ef21b5e0a7,707b6ccf-c9d9-4c1d-97f4-516b572b2f9d,1697664228715333333
6a69421f-e399-4db8-897a-d8ef21b5e0a7,707b6ccf-c9d9-4c1d-97f4-516b572b2f9d,1697664228743333333
6a69421f-e399-4db8-897a-d8ef21b5e0a7,707b6ccf-c9d9-4c1d-97f4-516b572b2f9d,1697664228772711111
6a69421f-e399-4db8-897a-d8ef21b5e0a7,707b6ccf-c9d9-4c1d-97f4-516b572b2f9d,1697664228812344444
6a69421f-e399-4db8-897a-d8ef21b5e0a7,707b6ccf-c9d9-4c1d-97f4-516b572b2f9d,1697664228843233333
6a69421f-e399-4db8-897a-d8ef21b5e0a7,707b6ccf-c9d9-4c1d-97f4-516b572b2f9d,1697664228866911111
6a69421f-e399-4db8-897a-d8ef21b5e0a7,707b6ccf-c9d9-4c1d-97f4-516b572b2f9d,1697664228917000000
6a69421f-e399-4db8-897a-d8ef21b5e0a7,707b6ccf-c9d9-4c1d-97f4-516b572b2f9d,1697664228945255555
6a69421f-e399-4db8-897a-d8ef21b5e0a7,707b6ccf-c9d9-4c1d-97f4-516b572b2f9d,1697664228964455555
6a69421f-e399-4db8-897a-d8ef21b5e0a7,707b6ccf-c9d9-4c1d-97f4-516b572b2f9d,1697664229015844444
6a69421f-e399-4db8-897a-d8ef21b5e0a7,707b6ccf-c9d9-4c1d-97f4-516b572b2f9d,1697664229041277777
6a69421f-e399-4db8-897a-d8ef21b5e0a7,707b6ccf-c9d9-4c1d-97f4-516b572b2f9d,1697664229069644444
6a69421f-e399-4db8-897a-d8ef21b5e0a7,707b6ccf-c9d9-4c1d-97f4-516b572b2f9d,1697664229114566666
6a69421f-e399-4db8-897a-d8ef21b5e0a7,707b6ccf-c9d9-4c1d-97f4-516b572b2f9d,1697664229140344444
6a69421f-e399-4db8-897a-d8ef21b5e0a7,707b6ccf-c9d9-4c1d-97f4-516b572b2f9d,1697664229171922222
6a69421f-e399-4db8-897a-d8ef21b5e0a7,707b6ccf-c9d9-4c1d-97f4-516b572b2f9d,1697664229202711111
6a69421f-e399-4db8-897a-d8ef21b5e0a7,707b6ccf-c9d9-4c1d-97f4-516b572b2f9d,1697664229235566666
6a69421f-e399-4db8-897a-d8ef21b5e0a7,707b6ccf-c9d9-4c1d-97f4-516b572b2f9d,1697664229263255555
6a69421f-e399-4db8-897a-d8ef21b5e0a7,707b6ccf-c9d9-4c1d-97f4-516b572b2f9d,1697664229311588888
6a69421f-e399-4db8-897a-d8ef21b5e0a7,707b6ccf-c9d9-4c1d-97f4-516b572b2f9d,1697664229343177777
6a69421f-e399-4db8-897a-d8ef21b5e0a7,707b6ccf-c9d9-4c1d-97f4-516b572b2f9d,1697664229363533333
6a69421f-e399-4db8-897a-d8ef21b5e0a7,707b6ccf-c9d9-4c1d-97f4-516b572b2f9d,1697664229412500000
6a69421f-e399-4db8-897a-d8ef21b5e0a7,707b6ccf-c9d9-4c1d-97f4-516b572b2f9d,1697664229443766666
6a69421f-e399-4db8-897a-d8ef21b5e0a7,707b6ccf-c9d9-4c1d-97f4-516b572b2f9d,1697664229463844444
6a69421f-e399-4db8-897a-d8ef21b5e0a7,707b6ccf-c9d9-4c1d-97f4-516b572b2f9d,1697664229518366666
6a69421f-e399-4db8-897a-d8ef21b5e0a7,707b6ccf-c9d9-4c1d-97f4-516b572b2f9d,1697664229545233333
6a69421f-e399-4db8-897a-d8ef21b5e0a7,707b6ccf-c9d9-4c1d-97f4-516b572b2f9d,1697664229564077777
6a69421f-e399-4db8-897a-d8ef21b5e0a7,707b6ccf-c9d9-4c1d-97f4-516b572b2f9d,1697664229616344444
6a69421f-e399-4db8-897a-d8ef21b5e0a7,707b6ccf-c9d9-4c1d-97f4-516b572b2f9d,1697664229640777777
6a69421f-e399-4db8-897a-d8ef21b5e0a7,707b6ccf-c9d9-4c1d-97f4-516b572b2f9d,1697664229665311111
6a69421f-e399-4db8-897a-d8ef21b5e0a7,707b6ccf-c9d9-4c1d-97f4-516b572b2f9d,1697664229711655555
6a69421f-e399-4db8-897a-d8ef21b5e0a7,707b6ccf-c9d9-4c1d-97f4-516b572b2f9d,1697664229742611111
6a69421f-e399-4db8-897a-d8ef21b5e0a7,707b6ccf-c9d9-4c1d-97f4-516b572b2f9d,1697664229772955555
6a69421f-e399-4db8-897a-d8ef21b5e0a7,707b6ccf-c9d9-4c1d-97f4-516b572b2f9d,1697664229813422222
6a69421f-e399-4db8-897a-d8ef21b5e0a7,707b6ccf-c9d9-4c1d-97f4-516b572b2f9d,1697664229847144444
6a69421f-e399-4db8-897a-d8ef21b5e0a7,707b6ccf-c9d9-4c1d-97f4-516b572b2f9d,1697664229862433333
6a69421f-e399-4db8-897a-d8ef21b5e0a7,707b6ccf-c9d9-4c1d-97f4-516b572b2f9d,1697664229920688888
6a69421f-e399-4db8-897a-d8ef21b5e0a7,707b6ccf-c9d9-4c1d-97f4-516b572b2f9d,1697664229940255555
6a69421f-e399-4db8-897a-d8ef21b5e0a7,707b6ccf-c9d9-4c1d-97f4-516b572b2f9d,1697664229978966666
6a69421f-e399-4db8-897a-d8ef21b5e0a7,707b6ccf-c9d9-4c1d-97f4-516b572b2f9d,1697664230010144444
6a69421f-e399-4db8-897a-d8ef21b5e0a7,707b6ccf-c9d9-4c1d-97f4-516b572b2f9d,1697664230043311111
6a69421f-e399-4db8-897a-d8ef21b5e0a7,707b6ccf-c9d9-4c1d-97f4-516b572b2f9d,1697664230062911111
6a69421f-e399-4db8-897a-d8ef21b5e0a7,707b6ccf-c9d9-4c1d-97f4-516b572b2f9d,1697664230115066666
6a69421f-e399-4db8-897a-d8ef21b5e0a7,707b6ccf-c9d9-4c1d-97f4-516b572b2f9d,1697664230143300000
6a69421f-e399-4db8-897a-d8ef21b5e0a7,707b6ccf-c9d9-4c1d-97f4-516b572b2f9d,1697664230165244444
6a69421f-e399-4db8-897a-d8ef21b5e0a7,707b6ccf-c9d9-4c1d-97f4-516b572b2f9d,1697664230210177777
6a69421f-e399-4db8-897a-d8ef21b5e0a7,707b6ccf-c9d9-4c1d-97f4-516b572b2f9d,1697664230240122222
6a69421f-e399-4db8-897a-d8ef21b5e0a7,707b6ccf-c9d9-4c1d-97f4-516b572b2f9d,1697664230272611111
6a69421f-e399-4db8-897a-d8ef21b5e0a7,707b6ccf-c9d9-4c1d-97f4-516b572b2f9d,1697664230310511111
6a69421f-e399-4db8-897a-d8ef21b5e0a7,707b6ccf-c9d9-4c1d-97f4-516b572b2f9d,1697664230347166666
6a69421f-e399-4db8-897a-d8ef21b5e0a7,707b6ccf-c9d9-4c1d-97f4-516b572b2f9d,1697664230377155555
6a69421f-e399-4db8-897a-d8ef21b5e0a7,707b6ccf-c9d9-4c1d-97f4-516b572b2f9d,1697664230412333333
6a69421f-e399-4db8-897a-d8ef21b5e0a7,707b6ccf-c9d9-4c1d-97f4-516b572b2f9d,1697664230440088888
6a69421f-e399-4db8-897a-d8ef21b5e0a7,707b6ccf-c9d9-4c1d-97f4-516b572b2f9d,1697664230468477777
6a69421f-e399-4db8-897a-d8ef21b5e0a7,707b6ccf-c9d9-4c1d-97f4-516b572b2f9d,1697664230529566666
6a69421f-e399-4db8-897a-d8ef21b5e0a7,707b6ccf-c9d9-4c1d-97f4-516b572b2f9d,1697664230545422222
6a69421f-e399-4db8-897a-d8ef21b5e0a7,707b6ccf-c9d9-4c1d-97f4-516b572b2f9d,1697664230562711111
6a69421f-e399-4db8-897a-d8ef21b5e0a7,707b6ccf-c9d9-4c1d-97f4-516b572b2f9d,1697664230600511111
6a69421f-e399-4db8-897a-d8ef21b5e0a7,707b6ccf-c9d9-4c1d-97f4-516b572b2f9d,1697664230648600000
6a69421f-e399-4db8-897a-d8ef21b5e0a7,707b6ccf-c9d9-4c1d-97f4-516b572b2f9d,1697664230661977777
6a69421f-e399-4db8-897a-d8ef21b5e0a7,707b6ccf-c9d9-4c1d-97f4-516b572b2f9d,1697664230710700000
6a69421f-e399-4db8-897a-d8ef21b5e0a7,707b6ccf-c9d9-4c1d-97f4-516b572b2f9d,1697664230740666666
6a69421f-e399-4db8-897a-d8ef21b5e0a7,707b6ccf-c9d9-4c1d-97f4-516b572b2f9d,1697664230776666666
6a69421f-e399-4db8-897a-d8ef21b5e0a7,707b6ccf-c9d9-4c1d-97f4-516b572b2f9d,1697664230814411111
6a69421f-e399-4db8-897a-d8ef21b5e0a7,707b6ccf-c9d9-4c1d-97f4-516b572b2f9d,1697664230843111111
6a69421f-e399-4db8-897a-d8ef21b5e0a7,707b6ccf-c9d9-4c1d-97f4-516b572b2f9d,1697664230864833333
6a69421f-e399-4db8-897a-d8ef21b5e0a7,707b6ccf-c9d9-4c1d-97f4-516b572b2f9d,1697664230910700000
6a69421f-e399-4db8-897a-d8ef21b5e0a7,707b6ccf-c9d9-4c1d-97f4-516b572b2f9d,1697664230941922222
6a69421f-e399-4db8-897a-d8ef21b5e0a7,707b6ccf-c9d9-4c1d-97f4-516b572b2f9d,1697664230975844444
6a69421f-e399-4db8-897a-d8ef21b5e0a7,707b6ccf-c9d9-4c1d-97f4-516b572b2f9d,1697664231012088888
6a69421f-e399-4db8-897a-d8ef21b5e0a7,707b6ccf-c9d9-4c1d-97f4-516b572b2f9d,1697664231042944444
6a69421f-e399-4db8-897a-d8ef21b5e0a7,707b6ccf-c9d9-4c1d-97f4-516b572b2f9d,1697664231066444444
6a69421f-e399-4db8-897a-d8ef21b5e0a7,707b6ccf-c9d9-4c1d-97f4-516b572b2f9d,1697664231119444444
6a69421f-e399-4db8-897a-d8ef21b5e0a7,707b6ccf-c9d9-4c1d-97f4-516b572b2f9d,1697664231143233333
6a69421f-e399-4db8-897a-d8ef21b5e0a7,707b6ccf-c9d9-4c1d-97f4-516b572b2f9d,1697664231166822222
6a69421f-e399-4db8-897a-d8ef21b5e0a7,707b6ccf-c9d9-4c1d-97f4-516b572b2f9d,1697664231209022222
6a69421f-e399-4db8-897a-d8ef21b5e0a7,707b6ccf-c9d9-4c1d-97f4-516b572b2f9d,1697664231242544444
6a69421f-e399-4db8-897a-d8ef21b5e0a7,707b6ccf-c9d9-4c1d-97f4-516b572b2f9d,1697664231268044444
6a69421f-e399-4db8-897a-d8ef21b5e0a7,707b6ccf-c9d9-4c1d-97f4-516b572b2f9d,1697664231304055555
6a69421f-e399-4db8-897a-d8ef21b5e0a7,707b6ccf-c9d9-4c1d-97f4-516b572b2f9d,1697664231343488888
6a69421f-e399-4db8-897a-d8ef21b5e0a7,707b6ccf-c9d9-4c1d-97f4-516b572b2f9d,1697664231361866666
6a69421f-e399-4db8-897a-d8ef21b5e0a7,707b6ccf-c9d9-4c1d-97f4-516b572b2f9d,1697664231410844444
6a69421f-e399-4db8-897a-d8ef21b5e0a7,707b6ccf-c9d9-4c1d-97f4-516b572b2f9d,1697664231441933333
6a69421f-e399-4db8-897a-d8ef21b5e0a7,707b6ccf-c9d9-4c1d-97f4-516b572b2f9d,1697664231464900000
6a69421f-e399-4db8-897a-d8ef21b5e0a7,707b6ccf-c9d9-4c1d-97f4-516b572b2f9d,1697664231509122222
6a69421f-e399-4db8-897a-d8ef21b5e0a7,707b6ccf-c9d9-4c1d-97f4-516b572b2f9d,1697664231543400000
6a69421f-e399-4db8-897a-d8ef21b5e0a7,707b6ccf-c9d9-4c1d-97f4-516b572b2f9d,1697664231565166666
6a69421f-e399-4db8-897a-d8ef21b5e0a7,707b6ccf-c9d9-4c1d-97f4-516b572b2f9d,1697664231607655555
6a69421f-e399-4db8-897a-d8ef21b5e0a7,707b6ccf-c9d9-4c1d-97f4-516b572b2f9d,1697664231646377777
6a69421f-e399-4db8-897a-d8ef21b5e0a7,707b6ccf-c9d9-4c1d-97f4-516b572b2f9d,1697664231675644444
6a69421f-e399-4db8-897a-d8ef21b5e0a7,707b6ccf-c9d9-4c1d-97f4-516b572b2f9d,1697664231704688888
6a69421f-e399-4db8-897a-d8ef21b5e0a7,707b6ccf-c9d9-4c1d-97f4-516b572b2f9d,1697664231743388888
6a69421f-e399-4db8-897a-d8ef21b5e0a7,707b6ccf-c9d9-4c1d-97f4-516b572b2f9d,1697664231775222222
6a69421f-e399-4db8-897a-d8ef21b5e0a7,707b6ccf-c9d9-4c1d-97f4-516b572b2f9d,1697664231807511111
6a69421f-e399-4db8-897a-d8ef21b5e0a7,707b6ccf-c9d9-4c1d-97f4-516b572b2f9d,1697664231846811111
6a69421f-e399-4db8-897a-d8ef21b5e0a7,707b6ccf-c9d9-4c1d-97f4-516b572b2f9d,1697664231862100000
6a69421f-e399-4db8-897a-d8ef21b5e0a7,707b6ccf-c9d9-4c1d-97f4-516b572b2f9d,1697664231903488888
6a69421f-e399-4db8-897a-d8ef21b5e0a7,707b6ccf-c9d9-4c1d-97f4-516b572b2f9d,1697664231937077777
6a69421f-e399-4db8-897a-d8ef21b5e0a7,707b6ccf-c9d9-4c1d-97f4-516b572b2f9d,1697664231974144444
6a69421f-e399-4db8-897a-d8ef21b5e0a7,707b6ccf-c9d9-4c1d-97f4-516b572b2f9d,1697664231994844444
6a69421f-e399-4db8-897a-d8ef21b5e0a7,707b6ccf-c9d9-4c1d-97f4-516b572b2f9d,1697664232043266666
6a69421f-e399-4db8-897a-d8ef21b5e0a7,707b6ccf-c9d9-4c1d-97f4-516b572b2f9d,1697664232064833333
6a69421f-e399-4db8-897a-d8ef21b5e0a7,707b6ccf-c9d9-4c1d-97f4-516b572b2f9d,1697664232114355555
6a69421f-e399-4db8-897a-d8ef21b5e0a7,707b6ccf-c9d9-4c1d-97f4-516b572b2f9d,1697664232149077777
6a69421f-e399-4db8-897a-d8ef21b5e0a7,707b6ccf-c9d9-4c1d-97f4-516b572b2f9d,1697664232176477777
6a69421f-e399-4db8-897a-d8ef21b5e0a7,707b6ccf-c9d9-4c1d-97f4-516b572b2f9d,1697664232202588888
6a69421f-e399-4db8-897a-d8ef21b5e0a7,707b6ccf-c9d9-4c1d-97f4-516b572b2f9d,1697664232245111111
6a69421f-e399-4db8-897a-d8ef21b5e0a7,707b6ccf-c9d9-4c1d-97f4-516b572b2f9d,1697664232273788888
6a69421f-e399-4db8-897a-d8ef21b5e0a7,707b6ccf-c9d9-4c1d-97f4-516b572b2f9d,1697664232303188888
6a69421f-e399-4db8-897a-d8ef21b5e0a7,707b6ccf-c9d9-4c1d-97f4-516b572b2f9d,1697664232344433333
6a69421f-e399-4db8-897a-d8ef21b5e0a7,707b6ccf-c9d9-4c1d-97f4-516b572b2f9d,1697664232373444444
6a69421f-e399-4db8-897a-d8ef21b5e0a7,707b6ccf-c9d9-4c1d-97f4-516b572b2f9d,1697664232404322222
6a69421f-e399-4db8-897a-d8ef21b5e0a7,707b6ccf-c9d9-4c1d-97f4-516b572b2f9d,1697664232446255555
6a69421f-e399-4db8-897a-d8ef21b5e0a7,707b6ccf-c9d9-4c1d-97f4-516b572b2f9d,1697664232475722222
6a69421f-e399-4db8-897a-d8ef21b5e0a7,707b6ccf-c9d9-4c1d-97f4-516b572b2f9d,1697664232508133333
6a69421f-e399-4db8-897a-d8ef21b5e0a7,707b6ccf-c9d9-4c1d-97f4-516b572b2f9d,1697664232545355555
6a69421f-e399-4db8-897a-d8ef21b5e0a7,707b6ccf-c9d9-4c1d-97f4-516b572b2f9d,1697664232561211111
6a69421f-e399-4db8-897a-d8ef21b5e0a7,707b6ccf-c9d9-4c1d-97f4-516b572b2f9d,1697664232593866666
6a69421f-e399-4db8-897a-d8ef21b5e0a7,707b6ccf-c9d9-4c1d-97f4-516b572b2f9d,1697664232633555555
6a69421f-e399-4db8-897a-d8ef21b5e0a7,707b6ccf-c9d9-4c1d-97f4-516b572b2f9d,1697664232661544444
6a69421f-e399-4db8-897a-d8ef21b5e0a7,707b6ccf-c9d9-4c1d-97f4-516b572b2f9d,1697664232702600000
6a69421f-e399-4db8-897a-d8ef21b5e0a7,707b6ccf-c9d9-4c1d-97f4-516b572b2f9d,1697664232746400000
6a69421f-e399-4db8-897a-d8ef21b5e0a7,707b6ccf-c9d9-4c1d-97f4-516b572b2f9d,1697664232780000000
6a69421f-e399-4db8-897a-d8ef21b5e0a7,707b6ccf-c9d9-4c1d-97f4-516b572b2f9d,1697664232808055555
6a69421f-e399-4db8-897a-d8ef21b5e0a7,707b6ccf-c9d9-4c1d-97f4-516b572b2f9d,1697664232842277777
6a69421f-e399-4db8-897a-d8ef21b5e0a7,707b6ccf-c9d9-4c1d-97f4-516b572b2f9d,1697664232865577777
6a69421f-e399-4db8-897a-d8ef21b5e0a7,707b6ccf-c9d9-4c1d-97f4-516b572b2f9d,1697664232912377777
6a69421f-e399-4db8-897a-d8ef21b5e0a7,707b6ccf-c9d9-4c1d-97f4-516b572b2f9d,1697664232941666666
6a69421f-e399-4db8-897a-d8ef21b5e0a7,707b6ccf-c9d9-4c1d-97f4-516b572b2f9d,1697664232974255555
6a69421f-e399-4db8-897a-d8ef21b5e0a7,707b6ccf-c9d9-4c1d-97f4-516b572b2f9d,1697664233004644444
6a69421f-e399-4db8-897a-d8ef21b5e0a7,707b6ccf-c9d9-4c1d-97f4-516b572b2f9d,1697664233043344444
6a69421f-e399-4db8-897a-d8ef21b5e0a7,707b6ccf-c9d9-4c1d-97f4-516b572b2f9d,1697664233073755555
6a69421f-e399-4db8-897a-d8ef21b5e0a7,707b6ccf-c9d9-4c1d-97f4-516b572b2f9d,1697664233104100000
6a69421f-e399-4db8-897a-d8ef21b5e0a7,707b6ccf-c9d9-4c1d-97f4-516b572b2f9d,1697664233144155555
6a69421f-e399-4db8-897a-d8ef21b5e0a7,707b6ccf-c9d9-4c1d-97f4-516b572b2f9d,1697664233173411111
6a69421f-e399-4db8-897a-d8ef21b5e0a7,707b6ccf-c9d9-4c1d-97f4-516b572b2f9d,1697664233202555555
6a69421f-e399-4db8-897a-d8ef21b5e0a7,707b6ccf-c9d9-4c1d-97f4-516b572b2f9d,1697664233244755555
6a69421f-e399-4db8-897a-d8ef21b5e0a7,707b6ccf-c9d9-4c1d-97f4-516b572b2f9d,1697664233284933333
6a69421f-e399-4db8-897a-d8ef21b5e0a7,707b6ccf-c9d9-4c1d-97f4-516b572b2f9d,1697664233305488888
6a69421f-e399-4db8-897a-d8ef21b5e0a7,707b6ccf-c9d9-4c1d-97f4-516b572b2f9d,1697664233332211111
6a69421f-e399-4db8-897a-d8ef21b5e0a7,707b6ccf-c9d9-4c1d-97f4-516b572b2f9d,1697664233375500000
6a69421f-e399-4db8-897a-d8ef21b5e0a7,707b6ccf-c9d9-4c1d-97f4-516b572b2f9d,1697664233406311111
6a69421f-e399-4db8-897a-d8ef21b5e0a7,707b6ccf-c9d9-4c1d-97f4-516b572b2f9d,1697664233444444444
6a69421f-e399-4db8-897a-d8ef21b5e0a7,707b6ccf-c9d9-4c1d-97f4-516b572b2f9d,1697664233473133333
6a69421f-e399-4db8-897a-d8ef21b5e0a7,707b6ccf-c9d9-4c1d-97f4-516b572b2f9d,1697664233505422222
6a69421f-e399-4db8-897a-d8ef21b5e0a7,707b6ccf-c9d9-4c1d-97f4-516b572b2f9d,1697664233549100000
6a69421f-e399-4db8-897a-d8ef21b5e0a7,707b6ccf-c9d9-4c1d-97f4-516b572b2f9d,1697664233572633333
6a69421f-e399-4db8-897a-d8ef21b5e0a7,707b6ccf-c9d9-4c1d-97f4-516b572b2f9d,1697664233608711111
6a69421f-e399-4db8-897a-d8ef21b5e0a7,707b6ccf-c9d9-4c1d-97f4-516b572b2f9d,1697664233642544444
6a69421f-e399-4db8-897a-d8ef21b5e0a7,707b6ccf-c9d9-4c1d-97f4-516b572b2f9d,1697664233675944444
6a69421f-e399-4db8-897a-d8ef21b5e0a7,707b6ccf-c9d9-4c1d-97f4-516b572b2f9d,1697664233707022222
6a69421f-e399-4db8-897a-d8ef21b5e0a7,707b6ccf-c9d9-4c1d-97f4-516b572b2f9d,1697664233753222222
6a69421f-e399-4db8-897a-d8ef21b5e0a7,707b6ccf-c9d9-4c1d-97f4-516b572b2f9d,1697664233767133333
6a69421f-e399-4db8-897a-d8ef21b5e0a7,707b6ccf-c9d9-4c1d-97f4-516b572b2f9d,1697664233806833333
6a69421f-e399-4db8-897a-d8ef21b5e0a7,707b6ccf-c9d9-4c1d-97f4-516b572b2f9d,1697664233844855555
6a69421f-e399-4db8-897a-d8ef21b5e0a7,707b6ccf-c9d9-4c1d-97f4-516b572b2f9d,1697664233876044444
6a69421f-e399-4db8-897a-d8ef21b5e0a7,707b6ccf-c9d9-4c1d-97f4-516b572b2f9d,1697664233918700000
6a69421f-e399-4db8-897a-d8ef21b5e0a7,707b6ccf-c9d9-4c1d-97f4-516b572b2f9d,1697664233930988888
6a69421f-e399-4db8-897a-d8ef21b5e0a7,707b6ccf-c9d9-4c1d-97f4-516b572b2f9d,1697664233965977777
6a69421f-e399-4db8-897a-d8ef21b5e0a7,707b6ccf-c9d9-4c1d-97f4-516b572b2f9d,1697664233994655555
6a69421f-e399-4db8-897a-d8ef21b5e0a7,707b6ccf-c9d9-4c1d-97f4-516b572b2f9d,1697664234033366666
6a69421f-e399-4db8-897a-d8ef21b5e0a7,707b6ccf-c9d9-4c1d-97f4-516b572b2f9d,1697664234060688888
6a69421f-e399-4db8-897a-d8ef21b5e0a7,707b6ccf-c9d9-4c1d-97f4-516b572b2f9d,1697664234098833333
6a69421f-e399-4db8-897a-d8ef21b5e0a7,707b6ccf-c9d9-4c1d-97f4-516b572b2f9d,1697664234154155555
6a69421f-e399-4db8-897a-d8ef21b5e0a7,707b6ccf-c9d9-4c1d-97f4-516b572b2f9d,1697664234172466666
6a69421f-e399-4db8-897a-d8ef21b5e0a7,707b6ccf-c9d9-4c1d-97f4-516b572b2f9d,1697664234204811111
6a69421f-e399-4db8-897a-d8ef21b5e0a7,707b6ccf-c9d9-4c1d-97f4-516b572b2f9d,1697664234242611111
6a69421f-e399-4db8-897a-d8ef21b5e0a7,707b6ccf-c9d9-4c1d-97f4-516b572b2f9d,1697664234273855555
6a69421f-e399-4db8-897a-d8ef21b5e0a7,707b6ccf-c9d9-4c1d-97f4-516b572b2f9d,1697664234304344444
6a69421f-e399-4db8-897a-d8ef21b5e0a7,707b6ccf-c9d9-4c1d-97f4-516b572b2f9d,1697664234346000000
6a69421f-e399-4db8-897a-d8ef21b5e0a7,707b6ccf-c9d9-4c1d-97f4-516b572b2f9d,1697664234375166666
6a69421f-e399-4db8-897a-d8ef21b5e0a7,707b6ccf-c9d9-4c1d-97f4-516b572b2f9d,1697664234403533333
6a69421f-e399-4db8-897a-d8ef21b5e0a7,707b6ccf-c9d9-4c1d-97f4-516b572b2f9d,1697664234442233333
6a69421f-e399-4db8-897a-d8ef21b5e0a7,707b6ccf-c9d9-4c1d-97f4-516b572b2f9d,1697664234472555555
6a69421f-e399-4db8-897a-d8ef21b5e0a7,707b6ccf-c9d9-4c1d-97f4-516b572b2f9d,1697664234504344444
6a69421f-e399-4db8-897a-d8ef21b5e0a7,707b6ccf-c9d9-4c1d-97f4-516b572b2f9d,1697664234544377777
6a69421f-e399-4db8-897a-d8ef21b5e0a7,707b6ccf-c9d9-4c1d-97f4-516b572b2f9d,1697664234569255555
6a69421f-e399-4db8-897a-d8ef21b5e0a7,707b6ccf-c9d9-4c1d-97f4-516b572b2f9d,1697664234595611111
6a69421f-e399-4db8-897a-d8ef21b5e0a7,707b6ccf-c9d9-4c1d-97f4-516b572b2f9d,1697664234631244444
6a69421f-e399-4db8-897a-d8ef21b5e0a7,707b6ccf-c9d9-4c1d-97f4-516b572b2f9d,1697664234663355555
6a69421f-e399-4db8-897a-d8ef21b5e0a7,707b6ccf-c9d9-4c1d-97f4-516b572b2f9d,1697664234695444444
6a69421f-e399-4db8-897a-d8ef21b5e0a7,707b6ccf-c9d9-4c1d-97f4-516b572b2f9d,1697664234735788888
6a69421f-e399-4db8-897a-d8ef21b5e0a7,707b6ccf-c9d9-4c1d-97f4-516b572b2f9d,1697664234777077777
6a69421f-e399-4db8-897a-d8ef21b5e0a7,707b6ccf-c9d9-4c1d-97f4-516b572b2f9d,1697664234811644444
6a69421f-e399-4db8-897a-d8ef21b5e0a7,707b6ccf-c9d9-4c1d-97f4-516b572b2f9d,1697664234842622222
6a69421f-e399-4db8-897a-d8ef21b5e0a7,707b6ccf-c9d9-4c1d-97f4-516b572b2f9d,1697664234865577777
6a69421f-e399-4db8-897a-d8ef21b5e0a7,707b6ccf-c9d9-4c1d-97f4-516b572b2f9d,1697664234905155555
6a69421f-e399-4db8-897a-d8ef21b5e0a7,707b6ccf-c9d9-4c1d-97f4-516b572b2f9d,1697664234939577777
6a69421f-e399-4db8-897a-d8ef21b5e0a7,707b6ccf-c9d9-4c1d-97f4-516b572b2f9d,1697664234974944444
6a69421f-e399-4db8-897a-d8ef21b5e0a7,707b6ccf-c9d9-4c1d-97f4-516b572b2f9d,1697664235005288888
6a69421f-e399-4db8-897a-d8ef21b5e0a7,707b6ccf-c9d9-4c1d-97f4-516b572b2f9d,1697664235039688888
6a69421f-e399-4db8-897a-d8ef21b5e0a7,707b6ccf-c9d9-4c1d-97f4-516b572b2f9d,1697664235073088888
6a69421f-e399-4db8-897a-d8ef21b5e0a7,707b6ccf-c9d9-4c1d-97f4-516b572b2f9d,1697664235105677777
6a69421f-e399-4db8-897a-d8ef21b5e0a7,707b6ccf-c9d9-4c1d-97f4-516b572b2f9d,1697664235143133333
6a69421f-e399-4db8-897a-d8ef21b5e0a7,707b6ccf-c9d9-4c1d-97f4-516b572b2f9d,1697664235164511111
6a69421f-e399-4db8-897a-d8ef21b5e0a7,707b6ccf-c9d9-4c1d-97f4-516b572b2f9d,1697664235211577777
6a69421f-e399-4db8-897a-d8ef21b5e0a7,707b6ccf-c9d9-4c1d-97f4-516b572b2f9d,1697664235231722222
6a69421f-e399-4db8-897a-d8ef21b5e0a7,707b6ccf-c9d9-4c1d-97f4-516b572b2f9d,1697664235272688888
6a69421f-e399-4db8-897a-d8ef21b5e0a7,707b6ccf-c9d9-4c1d-97f4-516b572b2f9d,1697664235313977777
6a69421f-e399-4db8-897a-d8ef21b5e0a7,707b6ccf-c9d9-4c1d-97f4-516b572b2f9d,1697664235328911111
6a69421f-e399-4db8-897a-d8ef21b5e0a7,707b6ccf-c9d9-4c1d-97f4-516b572b2f9d,1697664235362322222
6a69421f-e399-4db8-897a-d8ef21b5e0a7,707b6ccf-c9d9-4c1d-97f4-516b572b2f9d,1697664235407555555
6a69421f-e399-4db8-897a-d8ef21b5e0a7,707b6ccf-c9d9-4c1d-97f4-516b572b2f9d,1697664235438955555
6a69421f-e399-4db8-897a-d8ef21b5e0a7,707b6ccf-c9d9-4c1d-97f4-516b572b2f9d,1697664235473811111
6a69421f-e399-4db8-897a-d8ef21b5e0a7,707b6ccf-c9d9-4c1d-97f4-516b572b2f9d,1697664235509588888
6a69421f-e399-4db8-897a-d8ef21b5e0a7,707b6ccf-c9d9-4c1d-97f4-516b572b2f9d,1697664235541000000
6a69421f-e399-4db8-897a-d8ef21b5e0a7,707b6ccf-c9d9-4c1d-97f4-516b572b2f9d,1697664235574833333
6a69421f-e399-4db8-897a-d8ef21b5e0a7,707b6ccf-c9d9-4c1d-97f4-516b572b2f9d,1697664235605422222
6a69421f-e399-4db8-897a-d8ef21b5e0a7,707b6ccf-c9d9-4c1d-97f4-516b572b2f9d,1697664235640600000
6a69421f-e399-4db8-897a-d8ef21b5e0a7,707b6ccf-c9d9-4c1d-97f4-516b572b2f9d,1697664235668066666
6a69421f-e399-4db8-897a-d8ef21b5e0a7,707b6ccf-c9d9-4c1d-97f4-516b572b2f9d,1697664235706466666
6a69421f-e399-4db8-897a-d8ef21b5e0a7,707b6ccf-c9d9-4c1d-97f4-516b572b2f9d,1697664235736388888
6a69421f-e399-4db8-897a-d8ef21b5e0a7,707b6ccf-c9d9-4c1d-97f4-516b572b2f9d,1697664235774744444
6a69421f-e399-4db8-897a-d8ef21b5e0a7,707b6ccf-c9d9-4c1d-97f4-516b572b2f9d,1697664235806733333
6a69421f-e399-4db8-897a-d8ef21b5e0a7,707b6ccf-c9d9-4c1d-97f4-516b572b2f9d,1697664235839677777
6a69421f-e399-4db8-897a-d8ef21b5e0a7,707b6ccf-c9d9-4c1d-97f4-516b572b2f9d,1697664235875800000
6a69421f-e399-4db8-897a-d8ef21b5e0a7,707b6ccf-c9d9-4c1d-97f4-516b572b2f9d,1697664235909455555
6a69421f-e399-4db8-897a-d8ef21b5e0a7,707b6ccf-c9d9-4c1d-97f4-516b572b2f9d,1697664235945688888
6a69421f-e399-4db8-897a-d8ef21b5e0a7,707b6ccf-c9d9-4c1d-97f4-516b572b2f9d,1697664235964700000
6a69421f-e399-4db8-897a-d8ef21b5e0a7,707b6ccf-c9d9-4c1d-97f4-516b572b2f9d,1697664235999777777
6a69421f-e399-4db8-897a-d8ef21b5e0a7,707b6ccf-c9d9-4c1d-97f4-516b572b2f9d,1697664236027033333
6a69421f-e399-4db8-897a-d8ef21b5e0a7,707b6ccf-c9d9-4c1d-97f4-516b572b2f9d,1697664236075622222
6a69421f-e399-4db8-897a-d8ef21b5e0a7,707b6ccf-c9d9-4c1d-97f4-516b572b2f9d,1697664236102322222
6a69421f-e399-4db8-897a-d8ef21b5e0a7,707b6ccf-c9d9-4c1d-97f4-516b572b2f9d,1697664236141300000
6a69421f-e399-4db8-897a-d8ef21b5e0a7,707b6ccf-c9d9-4c1d-97f4-516b572b2f9d,1697664236174555555
6a69421f-e399-4db8-897a-d8ef21b5e0a7,707b6ccf-c9d9-4c1d-97f4-516b572b2f9d,1697664236210588888
6a69421f-e399-4db8-897a-d8ef21b5e0a7,707b6ccf-c9d9-4c1d-97f4-516b572b2f9d,1697664236243188888
6a69421f-e399-4db8-897a-d8ef21b5e0a7,707b6ccf-c9d9-4c1d-97f4-516b572b2f9d,1697664236268944444
6a69421f-e399-4db8-897a-d8ef21b5e0a7,707b6ccf-c9d9-4c1d-97f4-516b572b2f9d,1697664236306555555
6a69421f-e399-4db8-897a-d8ef21b5e0a7,707b6ccf-c9d9-4c1d-97f4-516b572b2f9d,1697664236339566666
6a69421f-e399-4db8-897a-d8ef21b5e0a7,707b6ccf-c9d9-4c1d-97f4-516b572b2f9d,1697664236377688888
6a69421f-e399-4db8-897a-d8ef21b5e0a7,707b6ccf-c9d9-4c1d-97f4-516b572b2f9d,1697664236409255555
6a69421f-e399-4db8-897a-d8ef21b5e0a7,707b6ccf-c9d9-4c1d-97f4-516b572b2f9d,1697664236439700000
6a69421f-e399-4db8-897a-d8ef21b5e0a7,707b6ccf-c9d9-4c1d-97f4-516b572b2f9d,1697664236472855555
6a69421f-e399-4db8-897a-d8ef21b5e0a7,707b6ccf-c9d9-4c1d-97f4-516b572b2f9d,1697664236504855555
6a69421f-e399-4db8-897a-d8ef21b5e0a7,707b6ccf-c9d9-4c1d-97f4-516b572b2f9d,1697664236539588888
6a69421f-e399-4db8-897a-d8ef21b5e0a7,707b6ccf-c9d9-4c1d-97f4-516b572b2f9d,1697664236579388888
6a69421f-e399-4db8-897a-d8ef21b5e0a7,707b6ccf-c9d9-4c1d-97f4-516b572b2f9d,1697664236597388888
6a69421f-e399-4db8-897a-d8ef21b5e0a7,707b6ccf-c9d9-4c1d-97f4-516b572b2f9d,1697664236625944444
6a69421f-e399-4db8-897a-d8ef21b5e0a7,707b6ccf-c9d9-4c1d-97f4-516b572b2f9d,1697664236661355555
6a69421f-e399-4db8-897a-d8ef21b5e0a7,707b6ccf-c9d9-4c1d-97f4-516b572b2f9d,1697664236693655555
6a69421f-e399-4db8-897a-d8ef21b5e0a7,707b6ccf-c9d9-4c1d-97f4-516b572b2f9d,1697664236732077777
6a69421f-e399-4db8-897a-d8ef21b5e0a7,707b6ccf-c9d9-4c1d-97f4-516b572b2f9d,1697664236760977777
6a69421f-e399-4db8-897a-d8ef21b5e0a7,707b6ccf-c9d9-4c1d-97f4-516b572b2f9d,1697664236814744444
6a69421f-e399-4db8-897a-d8ef21b5e0a7,707b6ccf-c9d9-4c1d-97f4-516b572b2f9d,1697664236839277777
6a69421f-e399-4db8-897a-d8ef21b5e0a7,707b6ccf-c9d9-4c1d-97f4-516b572b2f9d,1697664236874622222
6a69421f-e399-4db8-897a-d8ef21b5e0a7,707b6ccf-c9d9-4c1d-97f4-516b572b2f9d,1697664236903700000
6a69421f-e399-4db8-897a-d8ef21b5e0a7,707b6ccf-c9d9-4c1d-97f4-516b572b2f9d,1697664236938833333
6a69421f-e399-4db8-897a-d8ef21b5e0a7,707b6ccf-c9d9-4c1d-97f4-516b572b2f9d,1697664236973355555
6a69421f-e399-4db8-897a-d8ef21b5e0a7,707b6ccf-c9d9-4c1d-97f4-516b572b2f9d,1697664237005522222
6a69421f-e399-4db8-897a-d8ef21b5e0a7,707b6ccf-c9d9-4c1d-97f4-516b572b2f9d,1697664237039166666
6a69421f-e399-4db8-897a-d8ef21b5e0a7,707b6ccf-c9d9-4c1d-97f4-516b572b2f9d,1697664237073666666
6a69421f-e399-4db8-897a-d8ef21b5e0a7,707b6ccf-c9d9-4c1d-97f4-516b572b2f9d,1697664237104633333
6a69421f-e399-4db8-897a-d8ef21b5e0a7,707b6ccf-c9d9-4c1d-97f4-516b572b2f9d,1697664237139611111
6a69421f-e399-4db8-897a-d8ef21b5e0a7,707b6ccf-c9d9-4c1d-97f4-516b572b2f9d,1697664237169200000
6a69421f-e399-4db8-897a-d8ef21b5e0a7,707b6ccf-c9d9-4c1d-97f4-516b572b2f9d,1697664237207055555
6a69421f-e399-4db8-897a-d8ef21b5e0a7,707b6ccf-c9d9-4c1d-97f4-516b572b2f9d,1697664237239977777
6a69421f-e399-4db8-897a-d8ef21b5e0a7,707b6ccf-c9d9-4c1d-97f4-516b572b2f9d,1697664237278400000
6a69421f-e399-4db8-897a-d8ef21b5e0a7,707b6ccf-c9d9-4c1d-97f4-516b572b2f9d,1697664237307400000
6a69421f-e399-4db8-897a-d8ef21b5e0a7,707b6ccf-c9d9-4c1d-97f4-516b572b2f9d,1697664237328033333
6a69421f-e399-4db8-897a-d8ef21b5e0a7,707b6ccf-c9d9-4c1d-97f4-516b572b2f9d,1697664237365688888
6a69421f-e399-4db8-897a-d8ef21b5e0a7,707b6ccf-c9d9-4c1d-97f4-516b572b2f9d,1697664237395511111
6a69421f-e399-4db8-897a-d8ef21b5e0a7,707b6ccf-c9d9-4c1d-97f4-516b572b2f9d,1697664237426566666
6a69421f-e399-4db8-897a-d8ef21b5e0a7,707b6ccf-c9d9-4c1d-97f4-516b572b2f9d,1697664237482100000
6a69421f-e399-4db8-897a-d8ef21b5e0a7,707b6ccf-c9d9-4c1d-97f4-516b572b2f9d,1697664237511388888
6a69421f-e399-4db8-897a-d8ef21b5e0a7,707b6ccf-c9d9-4c1d-97f4-516b572b2f9d,1697664237537455555
6a69421f-e399-4db8-897a-d8ef21b5e0a7,707b6ccf-c9d9-4c1d-97f4-516b572b2f9d,1697664237574122222
6a69421f-e399-4db8-897a-d8ef21b5e0a7,707b6ccf-c9d9-4c1d-97f4-516b572b2f9d,1697664237604200000
6a69421f-e399-4db8-897a-d8ef21b5e0a7,707b6ccf-c9d9-4c1d-97f4-516b572b2f9d,1697664237638066666
6a69421f-e399-4db8-897a-d8ef21b5e0a7,707b6ccf-c9d9-4c1d-97f4-516b572b2f9d,1697664237672677777
6a69421f-e399-4db8-897a-d8ef21b5e0a7,707b6ccf-c9d9-4c1d-97f4-516b572b2f9d,1697664237703833333
6a69421f-e399-4db8-897a-d8ef21b5e0a7,707b6ccf-c9d9-4c1d-97f4-516b572b2f9d,1697664237736555555
6a69421f-e399-4db8-897a-d8ef21b5e0a7,707b6ccf-c9d9-4c1d-97f4-516b572b2f9d,1697664237773633333
6a69421f-e399-4db8-897a-d8ef21b5e0a7,707b6ccf-c9d9-4c1d-97f4-516b572b2f9d,1697664237805711111
6a69421f-e399-4db8-897a-d8ef21b5e0a7,707b6ccf-c9d9-4c1d-97f4-516b572b2f9d,1697664237836344444
6a69421f-e399-4db8-897a-d8ef21b5e0a7,707b6ccf-c9d9-4c1d-97f4-516b572b2f9d,1697664237874900000
6a69421f-e399-4db8-897a-d8ef21b5e0a7,707b6ccf-c9d9-4c1d-97f4-516b572b2f9d,1697664237910100000
6a69421f-e399-4db8-897a-d8ef21b5e0a7,707b6ccf-c9d9-4c1d-97f4-516b572b2f9d,1697664237943188888
6a69421f-e399-4db8-897a-d8ef21b5e0a7,707b6ccf-c9d9-4c1d-97f4-516b572b2f9d,1697664237959077777
6a69421f-e399-4db8-897a-d8ef21b5e0a7,707b6ccf-c9d9-4c1d-97f4-516b572b2f9d,1697664238002511111
6a69421f-e399-4db8-897a-d8ef21b5e0a7,707b6ccf-c9d9-4c1d-97f4-516b572b2f9d,1697664238034633333
6a69421f-e399-4db8-897a-d8ef21b5e0a7,707b6ccf-c9d9-4c1d-97f4-516b572b2f9d,1697664238065177777
6a69421f-e399-4db8-897a-d8ef21b5e0a7,707b6ccf-c9d9-4c1d-97f4-516b572b2f9d,1697664238093488888
6a69421f-e399-4db8-897a-d8ef21b5e0a7,707b6ccf-c9d9-4c1d-97f4-516b572b2f9d,1697664238145188888
6a69421f-e399-4db8-897a-d8ef21b5e0a7,707b6ccf-c9d9-4c1d-97f4-516b572b2f9d,1697664238173822222
6a69421f-e399-4db8-897a-d8ef21b5e0a7,707b6ccf-c9d9-4c1d-97f4-516b572b2f9d,1697664238210300000
6a69421f-e399-4db8-897a-d8ef21b5e0a7,707b6ccf-c9d9-4c1d-97f4-516b572b2f9d,1697664238236733333
6a69421f-e399-4db8-897a-d8ef21b5e0a7,707b6ccf-c9d9-4c1d-97f4-516b572b2f9d,1697664238272900000
6a69421f-e399-4db8-897a-d8ef21b5e0a7,707b6ccf-c9d9-4c1d-97f4-516b572b2f9d,1697664238306766666
6a69421f-e399-4db8-897a-d8ef21b5e0a7,707b6ccf-c9d9-4c1d-97f4-516b572b2f9d,1697664238339711111
6a69421f-e399-4db8-897a-d8ef21b5e0a7,707b6ccf-c9d9-4c1d-97f4-516b572b2f9d,1697664238370700000
6a69421f-e399-4db8-897a-d8ef21b5e0a7,707b6ccf-c9d9-4c1d-97f4-516b572b2f9d,1697664238408144444
6a69421f-e399-4db8-897a-d8ef21b5e0a7,707b6ccf-c9d9-4c1d-97f4-516b572b2f9d,1697664238439277777
6a69421f-e399-4db8-897a-d8ef21b5e0a7,707b6ccf-c9d9-4c1d-97f4-516b572b2f9d,1697664238472366666
6a69421f-e399-4db8-897a-d8ef21b5e0a7,707b6ccf-c9d9-4c1d-97f4-516b572b2f9d,1697664238507433333
6a69421f-e399-4db8-897a-d8ef21b5e0a7,707b6ccf-c9d9-4c1d-97f4-516b572b2f9d,1697664238543555555
6a69421f-e399-4db8-897a-d8ef21b5e0a7,707b6ccf-c9d9-4c1d-97f4-516b572b2f9d,1697664238561422222
6a69421f-e399-4db8-897a-d8ef21b5e0a7,707b6ccf-c9d9-4c1d-97f4-516b572b2f9d,1697664238601077777
6a69421f-e399-4db8-897a-d8ef21b5e0a7,707b6ccf-c9d9-4c1d-97f4-516b572b2f9d,1697664238627755555
6a69421f-e399-4db8-897a-d8ef21b5e0a7,707b6ccf-c9d9-4c1d-97f4-516b572b2f9d,1697664238670033333
6a69421f-e399-4db8-897a-d8ef21b5e0a7,707b6ccf-c9d9-4c1d-97f4-516b572b2f9d,1697664238699655555
6a69421f-e399-4db8-897a-d8ef21b5e0a7,707b6ccf-c9d9-4c1d-97f4-516b572b2f9d,1697664238726400000
6a69421f-e399-4db8-897a-d8ef21b5e0a7,707b6ccf-c9d9-4c1d-97f4-516b572b2f9d,1697664238770722222
6a69421f-e399-4db8-897a-d8ef21b5e0a7,707b6ccf-c9d9-4c1d-97f4-516b572b2f9d,1697664238805711111
6a69421f-e399-4db8-897a-d8ef21b5e0a7,707b6ccf-c9d9-4c1d-97f4-516b572b2f9d,1697664238839100000
6a69421f-e399-4db8-897a-d8ef21b5e0a7,707b6ccf-c9d9-4c1d-97f4-516b572b2f9d,1697664238872022222
6a69421f-e399-4db8-897a-d8ef21b5e0a7,707b6ccf-c9d9-4c1d-97f4-516b572b2f9d,1697664238906211111
6a69421f-e399-4db8-897a-d8ef21b5e0a7,707b6ccf-c9d9-4c1d-97f4-516b572b2f9d,1697664238937822222
6a69421f-e399-4db8-897a-d8ef21b5e0a7,707b6ccf-c9d9-4c1d-97f4-516b572b2f9d,1697664238972433333
6a69421f-e399-4db8-897a-d8ef21b5e0a7,707b6ccf-c9d9-4c1d-97f4-516b572b2f9d,1697664239006588888
6a69421f-e399-4db8-897a-d8ef21b5e0a7,707b6ccf-c9d9-4c1d-97f4-516b572b2f9d,1697664239041433333
6a69421f-e399-4db8-897a-d8ef21b5e0a7,707b6ccf-c9d9-4c1d-97f4-516b572b2f9d,1697664239061833333
6a69421f-e399-4db8-897a-d8ef21b5e0a7,707b6ccf-c9d9-4c1d-97f4-516b572b2f9d,1697664239109977777
6a69421f-e399-4db8-897a-d8ef21b5e0a7,707b6ccf-c9d9-4c1d-97f4-516b572b2f9d,1697664239138588888
6a69421f-e399-4db8-897a-d8ef21b5e0a7,707b6ccf-c9d9-4c1d-97f4-516b572b2f9d,1697664239173000000
6a69421f-e399-4db8-897a-d8ef21b5e0a7,707b6ccf-c9d9-4c1d-97f4-516b572b2f9d,1697664239206344444
6a69421f-e399-4db8-897a-d8ef21b5e0a7,707b6ccf-c9d9-4c1d-97f4-516b572b2f9d,1697664239242077777
6a69421f-e399-4db8-897a-d8ef21b5e0a7,707b6ccf-c9d9-4c1d-97f4-516b572b2f9d,1697664239280177777
6a69421f-e399-4db8-897a-d8ef21b5e0a7,707b6ccf-c9d9-4c1d-97f4-516b572b2f9d,1697664239307555555
6a69421f-e399-4db8-897a-d8ef21b5e0a7,707b6ccf-c9d9-4c1d-97f4-516b572b2f9d,1697664239340744444
6a69421f-e399-4db8-897a-d8ef21b5e0a7,707b6ccf-c9d9-4c1d-97f4-516b572b2f9d,1697664239359088888
6a69421f-e399-4db8-897a-d8ef21b5e0a7,707b6ccf-c9d9-4c1d-97f4-516b572b2f9d,1697664239401822222
6a69421f-e399-4db8-897a-d8ef21b5e0a7,707b6ccf-c9d9-4c1d-97f4-516b572b2f9d,1697664239435066666
6a69421f-e399-4db8-897a-d8ef21b5e0a7,707b6ccf-c9d9-4c1d-97f4-516b572b2f9d,1697664239465800000
6a69421f-e399-4db8-897a-d8ef21b5e0a7,707b6ccf-c9d9-4c1d-97f4-516b572b2f9d,1697664239507588888
6a69421f-e399-4db8-897a-d8ef21b5e0a7,707b6ccf-c9d9-4c1d-97f4-516b572b2f9d,1697664239537000000
6a69421f-e399-4db8-897a-d8ef21b5e0a7,707b6ccf-c9d9-4c1d-97f4-516b572b2f9d,1697664239570566666
6a69421f-e399-4db8-897a-d8ef21b5e0a7,707b6ccf-c9d9-4c1d-97f4-516b572b2f9d,1697664239608188888
6a69421f-e399-4db8-897a-d8ef21b5e0a7,707b6ccf-c9d9-4c1d-97f4-516b572b2f9d,1697664239647033333
6a69421f-e399-4db8-897a-d8ef21b5e0a7,707b6ccf-c9d9-4c1d-97f4-516b572b2f9d,1697664239671544444
6a69421f-e399-4db8-897a-d8ef21b5e0a7,707b6ccf-c9d9-4c1d-97f4-516b572b2f9d,1697664239709000000
6a69421f-e399-4db8-897a-d8ef21b5e0a7,707b6ccf-c9d9-4c1d-97f4-516b572b2f9d,1697664239743033333
6a69421f-e399-4db8-897a-d8ef21b5e0a7,707b6ccf-c9d9-4c1d-97f4-516b572b2f9d,1697664239760255555
6a69421f-e399-4db8-897a-d8ef21b5e0a7,707b6ccf-c9d9-4c1d-97f4-516b572b2f9d,1697664239809422222
6a69421f-e399-4db8-897a-d8ef21b5e0a7,707b6ccf-c9d9-4c1d-97f4-516b572b2f9d,1697664239843266666
6a69421f-e399-4db8-897a-d8ef21b5e0a7,707b6ccf-c9d9-4c1d-97f4-516b572b2f9d,1697664239861255555
6a69421f-e399-4db8-897a-d8ef21b5e0a7,707b6ccf-c9d9-4c1d-97f4-516b572b2f9d,1697664239909200000
6a69421f-e399-4db8-897a-d8ef21b5e0a7,707b6ccf-c9d9-4c1d-97f4-516b572b2f9d,1697664239939233333
6a69421f-e399-4db8-897a-d8ef21b5e0a7,707b6ccf-c9d9-4c1d-97f4-516b572b2f9d,1697664239960844444
6a69421f-e399-4db8-897a-d8ef21b5e0a7,707b6ccf-c9d9-4c1d-97f4-516b572b2f9d,1697664240011955555
6a69421f-e399-4db8-897a-d8ef21b5e0a7,707b6ccf-c9d9-4c1d-97f4-516b572b2f9d,1697664240029477777
6a69421f-e399-4db8-897a-d8ef21b5e0a7,707b6ccf-c9d9-4c1d-97f4-516b572b2f9d,1697664240074533333
6a69421f-e399-4db8-897a-d8ef21b5e0a7,707b6ccf-c9d9-4c1d-97f4-516b572b2f9d,1697664240101822222
6a69421f-e399-4db8-897a-d8ef21b5e0a7,707b6ccf-c9d9-4c1d-97f4-516b572b2f9d,1697664240135800000
6a69421f-e399-4db8-897a-d8ef21b5e0a7,707b6ccf-c9d9-4c1d-97f4-516b572b2f9d,1697664240170833333
6a69421f-e399-4db8-897a-d8ef21b5e0a7,707b6ccf-c9d9-4c1d-97f4-516b572b2f9d,1697664240204088888
6a69421f-e399-4db8-897a-d8ef21b5e0a7,707b6ccf-c9d9-4c1d-97f4-516b572b2f9d,1697664240236544444
6a69421f-e399-4db8-897a-d8ef21b5e0a7,707b6ccf-c9d9-4c1d-97f4-516b572b2f9d,1697664240270133333
6a69421f-e399-4db8-897a-d8ef21b5e0a7,707b6ccf-c9d9-4c1d-97f4-516b572b2f9d,1697664240306800000
6a69421f-e399-4db8-897a-d8ef21b5e0a7,707b6ccf-c9d9-4c1d-97f4-516b572b2f9d,1697664240338866666
6a69421f-e399-4db8-897a-d8ef21b5e0a7,707b6ccf-c9d9-4c1d-97f4-516b572b2f9d,1697664240370077777
6a69421f-e399-4db8-897a-d8ef21b5e0a7,707b6ccf-c9d9-4c1d-97f4-516b572b2f9d,1697664240407988888
6a69421f-e399-4db8-897a-d8ef21b5e0a7,707b6ccf-c9d9-4c1d-97f4-516b572b2f9d,1697664240436933333
6a69421f-e399-4db8-897a-d8ef21b5e0a7,707b6ccf-c9d9-4c1d-97f4-516b572b2f9d,1697664240469711111
6a69421f-e399-4db8-897a-d8ef21b5e0a7,707b6ccf-c9d9-4c1d-97f4-516b572b2f9d,1697664240508211111
6a69421f-e399-4db8-897a-d8ef21b5e0a7,707b6ccf-c9d9-4c1d-97f4-516b572b2f9d,1697664240538677777
6a69421f-e399-4db8-897a-d8ef21b5e0a7,707b6ccf-c9d9-4c1d-97f4-516b572b2f9d,1697664240570900000
6a69421f-e399-4db8-897a-d8ef21b5e0a7,707b6ccf-c9d9-4c1d-97f4-516b572b2f9d,1697664240610500000
6a69421f-e399-4db8-897a-d8ef21b5e0a7,707b6ccf-c9d9-4c1d-97f4-516b572b2f9d,1697664240648966666
6a69421f-e399-4db8-897a-d8ef21b5e0a7,707b6ccf-c9d9-4c1d-97f4-516b572b2f9d,1697664240659722222
6a69421f-e399-4db8-897a-d8ef21b5e0a7,707b6ccf-c9d9-4c1d-97f4-516b572b2f9d,1697664240694755555
6a69421f-e399-4db8-897a-d8ef21b5e0a7,707b6ccf-c9d9-4c1d-97f4-516b572b2f9d,1697664240738055555
6a69421f-e399-4db8-897a-d8ef21b5e0a7,707b6ccf-c9d9-4c1d-97f4-516b572b2f9d,1697664240773511111
6a69421f-e399-4db8-897a-d8ef21b5e0a7,707b6ccf-c9d9-4c1d-97f4-516b572b2f9d,1697664240802433333
6a69421f-e399-4db8-897a-d8ef21b5e0a7,707b6ccf-c9d9-4c1d-97f4-516b572b2f9d,1697664240840177777
6a69421f-e399-4db8-897a-d8ef21b5e0a7,707b6ccf-c9d9-4c1d-97f4-516b572b2f9d,1697664240869800000
6a69421f-e399-4db8-897a-d8ef21b5e0a7,707b6ccf-c9d9-4c1d-97f4-516b572b2f9d,1697664240908422222
6a69421f-e399-4db8-897a-d8ef21b5e0a7,707b6ccf-c9d9-4c1d-97f4-516b572b2f9d,1697664240939500000
6a69421f-e399-4db8-897a-d8ef21b5e0a7,707b6ccf-c9d9-4c1d-97f4-516b572b2f9d,1697664240970033333
6a69421f-e399-4db8-897a-d8ef21b5e0a7,707b6ccf-c9d9-4c1d-97f4-516b572b2f9d,1697664241004033333
6a69421f-e399-4db8-897a-d8ef21b5e0a7,707b6ccf-c9d9-4c1d-97f4-516b572b2f9d,1697664241036277777
6a69421f-e399-4db8-897a-d8ef21b5e0a7,707b6ccf-c9d9-4c1d-97f4-516b572b2f9d,1697664241068500000
6a69421f-e399-4db8-897a-d8ef21b5e0a7,707b6ccf-c9d9-4c1d-97f4-516b572b2f9d,1697664241107544444
6a69421f-e399-4db8-897a-d8ef21b5e0a7,707b6ccf-c9d9-4c1d-97f4-516b572b2f9d,1697664241139077777
6a69421f-e399-4db8-897a-d8ef21b5e0a7,707b6ccf-c9d9-4c1d-97f4-516b572b2f9d,1697664241174355555
6a69421f-e399-4db8-897a-d8ef21b5e0a7,707b6ccf-c9d9-4c1d-97f4-516b572b2f9d,1697664241203088888
6a69421f-e399-4db8-897a-d8ef21b5e0a7,707b6ccf-c9d9-4c1d-97f4-516b572b2f9d,1697664241232644444
6a69421f-e399-4db8-897a-d8ef21b5e0a7,707b6ccf-c9d9-4c1d-97f4-516b572b2f9d,1697664241276055555
6a69421f-e399-4db8-897a-d8ef21b5e0a7,707b6ccf-c9d9-4c1d-97f4-516b572b2f9d,1697664241308666666
6a69421f-e399-4db8-897a-d8ef21b5e0a7,707b6ccf-c9d9-4c1d-97f4-516b572b2f9d,1697664241331266666
6a69421f-e399-4db8-897a-d8ef21b5e0a7,707b6ccf-c9d9-4c1d-97f4-516b572b2f9d,1697664241380877777
6a69421f-e399-4db8-897a-d8ef21b5e0a7,707b6ccf-c9d9-4c1d-97f4-516b572b2f9d,1697664241403044444
6a69421f-e399-4db8-897a-d8ef21b5e0a7,707b6ccf-c9d9-4c1d-97f4-516b572b2f9d,1697664241431333333
6a69421f-e399-4db8-897a-d8ef21b5e0a7,707b6ccf-c9d9-4c1d-97f4-516b572b2f9d,1697664241467077777
6a69421f-e399-4db8-897a-d8ef21b5e0a7,707b6ccf-c9d9-4c1d-97f4-516b572b2f9d,1697664241501766666
6a69421f-e399-4db8-897a-d8ef21b5e0a7,707b6ccf-c9d9-4c1d-97f4-516b572b2f9d,1697664241540766666
6a69421f-e399-4db8-897a-d8ef21b5e0a7,707b6ccf-c9d9-4c1d-97f4-516b572b2f9d,1697664241571133333
6a69421f-e399-4db8-897a-d8ef21b5e0a7,707b6ccf-c9d9-4c1d-97f4-516b572b2f9d,1697664241606333333
6a69421f-e399-4db8-897a-d8ef21b5e0a7,707b6ccf-c9d9-4c1d-97f4-516b572b2f9d,1697664241636233333
6a69421f-e399-4db8-897a-d8ef21b5e0a7,707b6ccf-c9d9-4c1d-97f4-516b572b2f9d,1697664241673700000
6a69421f-e399-4db8-897a-d8ef21b5e0a7,707b6ccf-c9d9-4c1d-97f4-516b572b2f9d,1697664241706022222
6a69421f-e399-4db8-897a-d8ef21b5e0a7,707b6ccf-c9d9-4c1d-97f4-516b572b2f9d,1697664241742111111
6a69421f-e399-4db8-897a-d8ef21b5e0a7,707b6ccf-c9d9-4c1d-97f4-516b572b2f9d,1697664241758866666
6a69421f-e399-4db8-897a-d8ef21b5e0a7,707b6ccf-c9d9-4c1d-97f4-516b572b2f9d,1697664241807033333
6a69421f-e399-4db8-897a-d8ef21b5e0a7,707b6ccf-c9d9-4c1d-97f4-516b572b2f9d,1697664241837477777
6a69421f-e399-4db8-897a-d8ef21b5e0a7,707b6ccf-c9d9-4c1d-97f4-516b572b2f9d,1697664241870733333
6a69421f-e399-4db8-897a-d8ef21b5e0a7,707b6ccf-c9d9-4c1d-97f4-516b572b2f9d,1697664241902066666
6a69421f-e399-4db8-897a-d8ef21b5e0a7,707b6ccf-c9d9-4c1d-97f4-516b572b2f9d,1697664241942800000
6a69421f-e399-4db8-897a-d8ef21b5e0a7,707b6ccf-c9d9-4c1d-97f4-516b572b2f9d,1697664241973244444
6a69421f-e399-4db8-897a-d8ef21b5e0a7,707b6ccf-c9d9-4c1d-97f4-516b572b2f9d,1697664242007000000
6a69421f-e399-4db8-897a-d8ef21b5e0a7,707b6ccf-c9d9-4c1d-97f4-516b572b2f9d,1697664242027633333
6a69421f-e399-4db8-897a-d8ef21b5e0a7,707b6ccf-c9d9-4c1d-97f4-516b572b2f9d,1697664242057844444
6a69421f-e399-4db8-897a-d8ef21b5e0a7,707b6ccf-c9d9-4c1d-97f4-516b572b2f9d,1697664242093755555
6a69421f-e399-4db8-897a-d8ef21b5e0a7,707b6ccf-c9d9-4c1d-97f4-516b572b2f9d,1697664242138544444
6a69421f-e399-4db8-897a-d8ef21b5e0a7,707b6ccf-c9d9-4c1d-97f4-516b572b2f9d,1697664242173222222
6a69421f-e399-4db8-897a-d8ef21b5e0a7,707b6ccf-c9d9-4c1d-97f4-516b572b2f9d,1697664242202844444
6a69421f-e399-4db8-897a-d8ef21b5e0a7,707b6ccf-c9d9-4c1d-97f4-516b572b2f9d,1697664242233300000
6a69421f-e399-4db8-897a-d8ef21b5e0a7,707b6ccf-c9d9-4c1d-97f4-516b572b2f9d,1697664242269777777
6a69421f-e399-4db8-897a-d8ef21b5e0a7,707b6ccf-c9d9-4c1d-97f4-516b572b2f9d,1697664242299611111
6a69421f-e399-4db8-897a-d8ef21b5e0a7,707b6ccf-c9d9-4c1d-97f4-516b572b2f9d,1697664242343422222
6a69421f-e399-4db8-897a-d8ef21b5e0a7,707b6ccf-c9d9-4c1d-97f4-516b572b2f9d,1697664242369144444
6a69421f-e399-4db8-897a-d8ef21b5e0a7,707b6ccf-c9d9-4c1d-97f4-516b572b2f9d,1697664242407122222
6a69421f-e399-4db8-897a-d8ef21b5e0a7,707b6ccf-c9d9-4c1d-97f4-516b572b2f9d,1697664242440066666
6a69421f-e399-4db8-897a-d8ef21b5e0a7,707b6ccf-c9d9-4c1d-97f4-516b572b2f9d,1697664242469611111
6a69421f-e399-4db8-897a-d8ef21b5e0a7,707b6ccf-c9d9-4c1d-97f4-516b572b2f9d,1697664242501088888
6a69421f-e399-4db8-897a-d8ef21b5e0a7,707b6ccf-c9d9-4c1d-97f4-516b572b2f9d,1697664242538644444
6a69421f-e399-4db8-897a-d8ef21b5e0a7,707b6ccf-c9d9-4c1d-97f4-516b572b2f9d,1697664242573822222
6a69421f-e399-4db8-897a-d8ef21b5e0a7,707b6ccf-c9d9-4c1d-97f4-516b572b2f9d,1697664242604466666
6a69421f-e399-4db8-897a-d8ef21b5e0a7,707b6ccf-c9d9-4c1d-97f4-516b572b2f9d,1697664242628577777
6a69421f-e399-4db8-897a-d8ef21b5e0a7,707b6ccf-c9d9-4c1d-97f4-516b572b2f9d,1697664242665122222
6a69421f-e399-4db8-897a-d8ef21b5e0a7,707b6ccf-c9d9-4c1d-97f4-516b572b2f9d,1697664242701522222
6a69421f-e399-4db8-897a-d8ef21b5e0a7,707b6ccf-c9d9-4c1d-97f4-516b572b2f9d,1697664242743700000
6a69421f-e399-4db8-897a-d8ef21b5e0a7,707b6ccf-c9d9-4c1d-97f4-516b572b2f9d,1697664242761322222
6a69421f-e399-4db8-897a-d8ef21b5e0a7,707b6ccf-c9d9-4c1d-97f4-516b572b2f9d,1697664242802800000
6a69421f-e399-4db8-897a-d8ef21b5e0a7,707b6ccf-c9d9-4c1d-97f4-516b572b2f9d,1697664242828700000
6a69421f-e399-4db8-897a-d8ef21b5e0a7,707b6ccf-c9d9-4c1d-97f4-516b572b2f9d,1697664242869044444
6a69421f-e399-4db8-897a-d8ef21b5e0a7,707b6ccf-c9d9-4c1d-97f4-516b572b2f9d,1697664242900755555
6a69421f-e399-4db8-897a-d8ef21b5e0a7,707b6ccf-c9d9-4c1d-97f4-516b572b2f9d,1697664242943677777
6a69421f-e399-4db8-897a-d8ef21b5e0a7,707b6ccf-c9d9-4c1d-97f4-516b572b2f9d,1697664242960488888
6a69421f-e399-4db8-897a-d8ef21b5e0a7,707b6ccf-c9d9-4c1d-97f4-516b572b2f9d,1697664243004311111
6a69421f-e399-4db8-897a-d8ef21b5e0a7,707b6ccf-c9d9-4c1d-97f4-516b572b2f9d,1697664243038844444
6a69421f-e399-4db8-897a-d8ef21b5e0a7,707b6ccf-c9d9-4c1d-97f4-516b572b2f9d,1697664243068511111
6a69421f-e399-4db8-897a-d8ef21b5e0a7,707b6ccf-c9d9-4c1d-97f4-516b572b2f9d,1697664243100855555
6a69421f-e399-4db8-897a-d8ef21b5e0a7,707b6ccf-c9d9-4c1d-97f4-516b572b2f9d,1697664243131300000
6a69421f-e399-4db8-897a-d8ef21b5e0a7,707b6ccf-c9d9-4c1d-97f4-516b572b2f9d,1697664243169466666
6a69421f-e399-4db8-897a-d8ef21b5e0a7,707b6ccf-c9d9-4c1d-97f4-516b572b2f9d,1697664243201266666
6a69421f-e399-4db8-897a-d8ef21b5e0a7,707b6ccf-c9d9-4c1d-97f4-516b572b2f9d,1697664243232022222
6a69421f-e399-4db8-897a-d8ef21b5e0a7,707b6ccf-c9d9-4c1d-97f4-516b572b2f9d,1697664243273044444
6a69421f-e399-4db8-897a-d8ef21b5e0a7,707b6ccf-c9d9-4c1d-97f4-516b572b2f9d,1697664243304366666
6a69421f-e399-4db8-897a-d8ef21b5e0a7,707b6ccf-c9d9-4c1d-97f4-516b572b2f9d,1697664243331977777
6a69421f-e399-4db8-897a-d8ef21b5e0a7,707b6ccf-c9d9-4c1d-97f4-516b572b2f9d,1697664243361177777
6a69421f-e399-4db8-897a-d8ef21b5e0a7,707b6ccf-c9d9-4c1d-97f4-516b572b2f9d,1697664243390600000
6a69421f-e399-4db8-897a-d8ef21b5e0a7,707b6ccf-c9d9-4c1d-97f4-516b572b2f9d,1697664243432266666
6a69421f-e399-4db8-897a-d8ef21b5e0a7,707b6ccf-c9d9-4c1d-97f4-516b572b2f9d,1697664243471066666
6a69421f-e399-4db8-897a-d8ef21b5e0a7,707b6ccf-c9d9-4c1d-97f4-516b572b2f9d,1697664243503055555
6a69421f-e399-4db8-897a-d8ef21b5e0a7,707b6ccf-c9d9-4c1d-97f4-516b572b2f9d,1697664243532200000
6a69421f-e399-4db8-897a-d8ef21b5e0a7,707b6ccf-c9d9-4c1d-97f4-516b572b2f9d,1697664243578888888
6a69421f-e399-4db8-897a-d8ef21b5e0a7,707b6ccf-c9d9-4c1d-97f4-516b572b2f9d,1697664243591600000
6a69421f-e399-4db8-897a-d8ef21b5e0a7,707b6ccf-c9d9-4c1d-97f4-516b572b2f9d,1697664243639966666
6a69421f-e399-4db8-897a-d8ef21b5e0a7,707b6ccf-c9d9-4c1d-97f4-516b572b2f9d,1697664243668988888
6a69421f-e399-4db8-897a-d8ef21b5e0a7,707b6ccf-c9d9-4c1d-97f4-516b572b2f9d,1697664243703155555
6a69421f-e399-4db8-897a-d8ef21b5e0a7,707b6ccf-c9d9-4c1d-97f4-516b572b2f9d,1697664243731722222
6a69421f-e399-4db8-897a-d8ef21b5e0a7,707b6ccf-c9d9-4c1d-97f4-516b572b2f9d,1697664243771100000
6a69421f-e399-4db8-897a-d8ef21b5e0a7,707b6ccf-c9d9-4c1d-97f4-516b572b2f9d,1697664243800933333
6a69421f-e399-4db8-897a-d8ef21b5e0a7,707b6ccf-c9d9-4c1d-97f4-516b572b2f9d,1697664243837288888
6a69421f-e399-4db8-897a-d8ef21b5e0a7,707b6ccf-c9d9-4c1d-97f4-516b572b2f9d,1697664243875077777
6a69421f-e399-4db8-897a-d8ef21b5e0a7,707b6ccf-c9d9-4c1d-97f4-516b572b2f9d,1697664243903222222
6a69421f-e399-4db8-897a-d8ef21b5e0a7,707b6ccf-c9d9-4c1d-97f4-516b572b2f9d,1697664243934755555
6a69421f-e399-4db8-897a-d8ef21b5e0a7,707b6ccf-c9d9-4c1d-97f4-516b572b2f9d,1697664243993488888
6a69421f-e399-4db8-897a-d8ef21b5e0a7,707b6ccf-c9d9-4c1d-97f4-516b572b2f9d,1697664244003422222
6a69421f-e399-4db8-897a-d8ef21b5e0a7,707b6ccf-c9d9-4c1d-97f4-516b572b2f9d,1697664244027844444
6a69421f-e399-4db8-897a-d8ef21b5e0a7,707b6ccf-c9d9-4c1d-97f4-516b572b2f9d,1697664244059477777
6a69421f-e399-4db8-897a-d8ef21b5e0a7,707b6ccf-c9d9-4c1d-97f4-516b572b2f9d,1697664244093355555
6a69421f-e399-4db8-897a-d8ef21b5e0a7,707b6ccf-c9d9-4c1d-97f4-516b572b2f9d,1697664244126755555
6a69421f-e399-4db8-897a-d8ef21b5e0a7,707b6ccf-c9d9-4c1d-97f4-516b572b2f9d,1697664244172344444
6a69421f-e399-4db8-897a-d8ef21b5e0a7,707b6ccf-c9d9-4c1d-97f4-516b572b2f9d,1697664244203188888
6a69421f-e399-4db8-897a-d8ef21b5e0a7,707b6ccf-c9d9-4c1d-97f4-516b572b2f9d,1697664244233577777
6a69421f-e399-4db8-897a-d8ef21b5e0a7,707b6ccf-c9d9-4c1d-97f4-516b572b2f9d,1697664244270433333
6a69421f-e399-4db8-897a-d8ef21b5e0a7,707b6ccf-c9d9-4c1d-97f4-516b572b2f9d,1697664244301866666
6a69421f-e399-4db8-897a-d8ef21b5e0a7,707b6ccf-c9d9-4c1d-97f4-516b572b2f9d,1697664244338200000
6a69421f-e399-4db8-897a-d8ef21b5e0a7,707b6ccf-c9d9-4c1d-97f4-516b572b2f9d,1697664244370300000
6a69421f-e399-4db8-897a-d8ef21b5e0a7,707b6ccf-c9d9-4c1d-97f4-516b572b2f9d,1697664244401111111
6a69421f-e399-4db8-897a-d8ef21b5e0a7,707b6ccf-c9d9-4c1d-97f4-516b572b2f9d,1697664244425922222
6a69421f-e399-4db8-897a-d8ef21b5e0a7,707b6ccf-c9d9-4c1d-97f4-516b572b2f9d,1697664244471155555
6a69421f-e399-4db8-897a-d8ef21b5e0a7,707b6ccf-c9d9-4c1d-97f4-516b572b2f9d,1697664244500800000
6a69421f-e399-4db8-897a-d8ef21b5e0a7,707b6ccf-c9d9-4c1d-97f4-516b572b2f9d,1697664244524944444
6a69421f-e399-4db8-897a-d8ef21b5e0a7,707b6ccf-c9d9-4c1d-97f4-516b572b2f9d,1697664244572755555
6a69421f-e399-4db8-897a-d8ef21b5e0a7,707b6ccf-c9d9-4c1d-97f4-516b572b2f9d,1697664244603233333
6a69421f-e399-4db8-897a-d8ef21b5e0a7,707b6ccf-c9d9-4c1d-97f4-516b572b2f9d,1697664244627788888
6a69421f-e399-4db8-897a-d8ef21b5e0a7,707b6ccf-c9d9-4c1d-97f4-516b572b2f9d,1697664244657488888
6a69421f-e399-4db8-897a-d8ef21b5e0a7,707b6ccf-c9d9-4c1d-97f4-516b572b2f9d,1697664244698122222
6a69421f-e399-4db8-897a-d8ef21b5e0a7,707b6ccf-c9d9-4c1d-97f4-516b572b2f9d,1697664244724755555
6a69421f-e399-4db8-897a-d8ef21b5e0a7,707b6ccf-c9d9-4c1d-97f4-516b572b2f9d,1697664244777044444
6a69421f-e399-4db8-897a-d8ef21b5e0a7,707b6ccf-c9d9-4c1d-97f4-516b572b2f9d,1697664244799822222
6a69421f-e399-4db8-897a-d8ef21b5e0a7,707b6ccf-c9d9-4c1d-97f4-516b572b2f9d,1697664244834244444
6a69421f-e399-4db8-897a-d8ef21b5e0a7,707b6ccf-c9d9-4c1d-97f4-516b572b2f9d,1697664244872955555
6a69421f-e399-4db8-897a-d8ef21b5e0a7,707b6ccf-c9d9-4c1d-97f4-516b572b2f9d,1697664244903433333
6a69421f-e399-4db8-897a-d8ef21b5e0a7,707b6ccf-c9d9-4c1d-97f4-516b572b2f9d,1697664244930166666
6a69421f-e399-4db8-897a-d8ef21b5e0a7,707b6ccf-c9d9-4c1d-97f4-516b572b2f9d,1697664244971533333
6a69421f-e399-4db8-897a-d8ef21b5e0a7,707b6ccf-c9d9-4c1d-97f4-516b572b2f9d,1697664245001388888
6a69421f-e399-4db8-897a-d8ef21b5e0a7,707b6ccf-c9d9-4c1d-97f4-516b572b2f9d,1697664245031966666
6a69421f-e399-4db8-897a-d8ef21b5e0a7,707b6ccf-c9d9-4c1d-97f4-516b572b2f9d,1697664245076344444
6a69421f-e399-4db8-897a-d8ef21b5e0a7,707b6ccf-c9d9-4c1d-97f4-516b572b2f9d,1697664245102944444
6a69421f-e399-4db8-897a-d8ef21b5e0a7,707b6ccf-c9d9-4c1d-97f4-516b572b2f9d,1697664245123244444
6a69421f-e399-4db8-897a-d8ef21b5e0a7,707b6ccf-c9d9-4c1d-97f4-516b572b2f9d,1697664245175833333
6a69421f-e399-4db8-897a-d8ef21b5e0a7,707b6ccf-c9d9-4c1d-97f4-516b572b2f9d,1697664245200800000
6a69421f-e399-4db8-897a-d8ef21b5e0a7,707b6ccf-c9d9-4c1d-97f4-516b572b2f9d,1697664245232700000
6a69421f-e399-4db8-897a-d8ef21b5e0a7,707b6ccf-c9d9-4c1d-97f4-516b572b2f9d,1697664245271588888
6a69421f-e399-4db8-897a-d8ef21b5e0a7,707b6ccf-c9d9-4c1d-97f4-516b572b2f9d,1697664245317944444
6a69421f-e399-4db8-897a-d8ef21b5e0a7,707b6ccf-c9d9-4c1d-97f4-516b572b2f9d,1697664245328300000
6a69421f-e399-4db8-897a-d8ef21b5e0a7,707b6ccf-c9d9-4c1d-97f4-516b572b2f9d,1697664245365788888
6a69421f-e399-4db8-897a-d8ef21b5e0a7,707b6ccf-c9d9-4c1d-97f4-516b572b2f9d,1697664245394600000
6a69421f-e399-4db8-897a-d8ef21b5e0a7,707b6ccf-c9d9-4c1d-97f4-516b572b2f9d,1697664245422988888
6a69421f-e399-4db8-897a-d8ef21b5e0a7,707b6ccf-c9d9-4c1d-97f4-516b572b2f9d,1697664245465300000
6a69421f-e399-4db8-897a-d8ef21b5e0a7,707b6ccf-c9d9-4c1d-97f4-516b572b2f9d,1697664245504555555
6a69421f-e399-4db8-897a-d8ef21b5e0a7,707b6ccf-c9d9-4c1d-97f4-516b572b2f9d,1697664245532255555
6a69421f-e399-4db8-897a-d8ef21b5e0a7,707b6ccf-c9d9-4c1d-97f4-516b572b2f9d,1697664245570111111
6a69421f-e399-4db8-897a-d8ef21b5e0a7,707b6ccf-c9d9-4c1d-97f4-516b572b2f9d,1697664245600588888
6a69421f-e399-4db8-897a-d8ef21b5e0a7,707b6ccf-c9d9-4c1d-97f4-516b572b2f9d,1697664245626500000
6a69421f-e399-4db8-897a-d8ef21b5e0a7,707b6ccf-c9d9-4c1d-97f4-516b572b2f9d,1697664245674400000
6a69421f-e399-4db8-897a-d8ef21b5e0a7,707b6ccf-c9d9-4c1d-97f4-516b572b2f9d,1697664245703811111
6a69421f-e399-4db8-897a-d8ef21b5e0a7,707b6ccf-c9d9-4c1d-97f4-516b572b2f9d,1697664245724077777
6a69421f-e399-4db8-897a-d8ef21b5e0a7,707b6ccf-c9d9-4c1d-97f4-516b572b2f9d,1697664245768944444
6a69421f-e399-4db8-897a-d8ef21b5e0a7,707b6ccf-c9d9-4c1d-97f4-516b572b2f9d,1697664245801200000
6a69421f-e399-4db8-897a-d8ef21b5e0a7,707b6ccf-c9d9-4c1d-97f4-516b572b2f9d,1697664245832088888
6a69421f-e399-4db8-897a-d8ef21b5e0a7,707b6ccf-c9d9-4c1d-97f4-516b572b2f9d,1697664245870922222
6a69421f-e399-4db8-897a-d8ef21b5e0a7,707b6ccf-c9d9-4c1d-97f4-516b572b2f9d,1697664245901788888
6a69421f-e399-4db8-897a-d8ef21b5e0a7,707b6ccf-c9d9-4c1d-97f4-516b572b2f9d,1697664245934566666
6a69421f-e399-4db8-897a-d8ef21b5e0a7,707b6ccf-c9d9-4c1d-97f4-516b572b2f9d,1697664245971177777
6a69421f-e399-4db8-897a-d8ef21b5e0a7,707b6ccf-c9d9-4c1d-97f4-516b572b2f9d,1697664245991444444
6a69421f-e399-4db8-897a-d8ef21b5e0a7,707b6ccf-c9d9-4c1d-97f4-516b572b2f9d,1697664246037477777
6a69421f-e399-4db8-897a-d8ef21b5e0a7,707b6ccf-c9d9-4c1d-97f4-516b572b2f9d,1697664246064633333
6a69421f-e399-4db8-897a-d8ef21b5e0a7,707b6ccf-c9d9-4c1d-97f4-516b572b2f9d,1697664246105011111
6a69421f-e399-4db8-897a-d8ef21b5e0a7,707b6ccf-c9d9-4c1d-97f4-516b572b2f9d,1697664246120911111
6a69421f-e399-4db8-897a-d8ef21b5e0a7,707b6ccf-c9d9-4c1d-97f4-516b572b2f9d,1697664246169833333
6a69421f-e399-4db8-897a-d8ef21b5e0a7,707b6ccf-c9d9-4c1d-97f4-516b572b2f9d,1697664246202333333
6a69421f-e399-4db8-897a-d8ef21b5e0a7,707b6ccf-c9d9-4c1d-97f4-516b572b2f9d,1697664246229044444
6a69421f-e399-4db8-897a-d8ef21b5e0a7,707b6ccf-c9d9-4c1d-97f4-516b572b2f9d,1697664246275177777
6a69421f-e399-4db8-897a-d8ef21b5e0a7,707b6ccf-c9d9-4c1d-97f4-516b572b2f9d,1697664246301500000
6a69421f-e399-4db8-897a-d8ef21b5e0a7,707b6ccf-c9d9-4c1d-97f4-516b572b2f9d,1697664246325366666
6a69421f-e399-4db8-897a-d8ef21b5e0a7,707b6ccf-c9d9-4c1d-97f4-516b572b2f9d,1697664246375777777
6a69421f-e399-4db8-897a-d8ef21b5e0a7,707b6ccf-c9d9-4c1d-97f4-516b572b2f9d,1697664246400855555
6a69421f-e399-4db8-897a-d8ef21b5e0a7,707b6ccf-c9d9-4c1d-97f4-516b572b2f9d,1697664246426800000
6a69421f-e399-4db8-897a-d8ef21b5e0a7,707b6ccf-c9d9-4c1d-97f4-516b572b2f9d,1697664246471444444
6a69421f-e399-4db8-897a-d8ef21b5e0a7,707b6ccf-c9d9-4c1d-97f4-516b572b2f9d,1697664246499533333
6a69421f-e399-4db8-897a-d8ef21b5e0a7,707b6ccf-c9d9-4c1d-97f4-516b572b2f9d,1697664246532700000
6a69421f-e399-4db8-897a-d8ef21b5e0a7,707b6ccf-c9d9-4c1d-97f4-516b572b2f9d,1697664246572711111
6a69421f-e399-4db8-897a-d8ef21b5e0a7,707b6ccf-c9d9-4c1d-97f4-516b572b2f9d,1697664246600333333
6a69421f-e399-4db8-897a-d8ef21b5e0a7,707b6ccf-c9d9-4c1d-97f4-516b572b2f9d,1697664246628511111
6a69421f-e399-4db8-897a-d8ef21b5e0a7,707b6ccf-c9d9-4c1d-97f4-516b572b2f9d,1697664246671511111
6a69421f-e399-4db8-897a-d8ef21b5e0a7,707b6ccf-c9d9-4c1d-97f4-516b572b2f9d,1697664246700522222
6a69421f-e399-4db8-897a-d8ef21b5e0a7,707b6ccf-c9d9-4c1d-97f4-516b572b2f9d,1697664246722366666
6a69421f-e399-4db8-897a-d8ef21b5e0a7,707b6ccf-c9d9-4c1d-97f4-516b572b2f9d,1697664246777455555
6a69421f-e399-4db8-897a-d8ef21b5e0a7,707b6ccf-c9d9-4c1d-97f4-516b572b2f9d,1697664246790155555
6a69421f-e399-4db8-897a-d8ef21b5e0a7,707b6ccf-c9d9-4c1d-97f4-516b572b2f9d,1697664246838066666
6a69421f-e399-4db8-897a-d8ef21b5e0a7,707b6ccf-c9d9-4c1d-97f4-516b572b2f9d,1697664246869444444
6a69421f-e399-4db8-897a-d8ef21b5e0a7,707b6ccf-c9d9-4c1d-97f4-516b572b2f9d,1697664246900777777
6a69421f-e399-4db8-897a-d8ef21b5e0a7,707b6ccf-c9d9-4c1d-97f4-516b572b2f9d,1697664246933055555
6a69421f-e399-4db8-897a-d8ef21b5e0a7,707b6ccf-c9d9-4c1d-97f4-516b572b2f9d,1697664246974766666
6a69421f-e399-4db8-897a-d8ef21b5e0a7,707b6ccf-c9d9-4c1d-97f4-516b572b2f9d,1697664247002700000
6a69421f-e399-4db8-897a-d8ef21b5e0a7,707b6ccf-c9d9-4c1d-97f4-516b572b2f9d,1697664247023844444
6a69421f-e399-4db8-897a-d8ef21b5e0a7,707b6ccf-c9d9-4c1d-97f4-516b572b2f9d,1697664247075266666
6a69421f-e399-4db8-897a-d8ef21b5e0a7,707b6ccf-c9d9-4c1d-97f4-516b572b2f9d,1697664247103455555
6a69421f-e399-4db8-897a-d8ef21b5e0a7,707b6ccf-c9d9-4c1d-97f4-516b572b2f9d,1697664247128266666
6a69421f-e399-4db8-897a-d8ef21b5e0a7,707b6ccf-c9d9-4c1d-97f4-516b572b2f9d,1697664247174566666
6a69421f-e399-4db8-897a-d8ef21b5e0a7,707b6ccf-c9d9-4c1d-97f4-516b572b2f9d,1697664247200955555
6a69421f-e399-4db8-897a-d8ef21b5e0a7,707b6ccf-c9d9-4c1d-97f4-516b572b2f9d,1697664247225200000
6a69421f-e399-4db8-897a-d8ef21b5e0a7,707b6ccf-c9d9-4c1d-97f4-516b572b2f9d,1697664247270855555
6a69421f-e399-4db8-897a-d8ef21b5e0a7,707b6ccf-c9d9-4c1d-97f4-516b572b2f9d,1697664247313277777
6a69421f-e399-4db8-897a-d8ef21b5e0a7,707b6ccf-c9d9-4c1d-97f4-516b572b2f9d,1697664247322677777
6a69421f-e399-4db8-897a-d8ef21b5e0a7,707b6ccf-c9d9-4c1d-97f4-516b572b2f9d,1697664247356633333
6a69421f-e399-4db8-897a-d8ef21b5e0a7,707b6ccf-c9d9-4c1d-97f4-516b572b2f9d,1697664247390466666
6a69421f-e399-4db8-897a-d8ef21b5e0a7,707b6ccf-c9d9-4c1d-97f4-516b572b2f9d,1697664247428888888
6a69421f-e399-4db8-897a-d8ef21b5e0a7,707b6ccf-c9d9-4c1d-97f4-516b572b2f9d,1697664247473422222
6a69421f-e399-4db8-897a-d8ef21b5e0a7,707b6ccf-c9d9-4c1d-97f4-516b572b2f9d,1697664247501377777
6a69421f-e399-4db8-897a-d8ef21b5e0a7,707b6ccf-c9d9-4c1d-97f4-516b572b2f9d,1697664247523755555
6a69421f-e399-4db8-897a-d8ef21b5e0a7,707b6ccf-c9d9-4c1d-97f4-516b572b2f9d,1697664247578677777
6a69421f-e399-4db8-897a-d8ef21b5e0a7,707b6ccf-c9d9-4c1d-97f4-516b572b2f9d,1697664247602855555
6a69421f-e399-4db8-897a-d8ef21b5e0a7,707b6ccf-c9d9-4c1d-97f4-516b572b2f9d,1697664247626200000
6a69421f-e399-4db8-897a-d8ef21b5e0a7,707b6ccf-c9d9-4c1d-97f4-516b572b2f9d,1697664247673166666
6a69421f-e399-4db8-897a-d8ef21b5e0a7,707b6ccf-c9d9-4c1d-97f4-516b572b2f9d,1697664247690833333
6a69421f-e399-4db8-897a-d8ef21b5e0a7,707b6ccf-c9d9-4c1d-97f4-516b572b2f9d,1697664247729622222
6a69421f-e399-4db8-897a-d8ef21b5e0a7,707b6ccf-c9d9-4c1d-97f4-516b572b2f9d,1697664247765588888
6a69421f-e399-4db8-897a-d8ef21b5e0a7,707b6ccf-c9d9-4c1d-97f4-516b572b2f9d,1697664247802888888
6a69421f-e399-4db8-897a-d8ef21b5e0a7,707b6ccf-c9d9-4c1d-97f4-516b572b2f9d,1697664247825355555
6a69421f-e399-4db8-897a-d8ef21b5e0a7,707b6ccf-c9d9-4c1d-97f4-516b572b2f9d,1697664247869033333
6a69421f-e399-4db8-897a-d8ef21b5e0a7,707b6ccf-c9d9-4c1d-97f4-516b572b2f9d,1697664247905511111
6a69421f-e399-4db8-897a-d8ef21b5e0a7,707b6ccf-c9d9-4c1d-97f4-516b572b2f9d,1697664247935222222
6a69421f-e399-4db8-897a-d8ef21b5e0a7,707b6ccf-c9d9-4c1d-97f4-516b572b2f9d,1697664247972988888
6a69421f-e399-4db8-897a-d8ef21b5e0a7,707b6ccf-c9d9-4c1d-97f4-516b572b2f9d,1697664247995155555
6a69421f-e399-4db8-897a-d8ef21b5e0a7,707b6ccf-c9d9-4c1d-97f4-516b572b2f9d,1697664248026466666
6a69421f-e399-4db8-897a-d8ef21b5e0a7,707b6ccf-c9d9-4c1d-97f4-516b572b2f9d,1697664248054633333
6a69421f-e399-4db8-897a-d8ef21b5e0a7,707b6ccf-c9d9-4c1d-97f4-516b572b2f9d,1697664248101677777
6a69421f-e399-4db8-897a-d8ef21b5e0a7,707b6ccf-c9d9-4c1d-97f4-516b572b2f9d,1697664248120600000
6a69421f-e399-4db8-897a-d8ef21b5e0a7,707b6ccf-c9d9-4c1d-97f4-516b572b2f9d,1697664248168955555
6a69421f-e399-4db8-897a-d8ef21b5e0a7,707b6ccf-c9d9-4c1d-97f4-516b572b2f9d,1697664248202355555
6a69421f-e399-4db8-897a-d8ef21b5e0a7,707b6ccf-c9d9-4c1d-97f4-516b572b2f9d,1697664248223333333
6a69421f-e399-4db8-897a-d8ef21b5e0a7,707b6ccf-c9d9-4c1d-97f4-516b572b2f9d,1697664248275633333
6a69421f-e399-4db8-897a-d8ef21b5e0a7,707b6ccf-c9d9-4c1d-97f4-516b572b2f9d,1697664248302822222
6a69421f-e399-4db8-897a-d8ef21b5e0a7,707b6ccf-c9d9-4c1d-97f4-516b572b2f9d,1697664248334011111
6a69421f-e399-4db8-897a-d8ef21b5e0a7,707b6ccf-c9d9-4c1d-97f4-516b572b2f9d,1697664248364600000
6a69421f-e399-4db8-897a-d8ef21b5e0a7,707b6ccf-c9d9-4c1d-97f4-516b572b2f9d,1697664248404611111
6a69421f-e399-4db8-897a-d8ef21b5e0a7,707b6ccf-c9d9-4c1d-97f4-516b572b2f9d,1697664248434900000
6a69421f-e399-4db8-897a-d8ef21b5e0a7,707b6ccf-c9d9-4c1d-97f4-516b572b2f9d,1697664248463988888
6a69421f-e399-4db8-897a-d8ef21b5e0a7,707b6ccf-c9d9-4c1d-97f4-516b572b2f9d,1697664248504188888
6a69421f-e399-4db8-897a-d8ef21b5e0a7,707b6ccf-c9d9-4c1d-97f4-516b572b2f9d,1697664248533722222
6a69421f-e399-4db8-897a-d8ef21b5e0a7,707b6ccf-c9d9-4c1d-97f4-516b572b2f9d,1697664248564588888
6a69421f-e399-4db8-897a-d8ef21b5e0a7,707b6ccf-c9d9-4c1d-97f4-516b572b2f9d,1697664248601966666
6a69421f-e399-4db8-897a-d8ef21b5e0a7,707b6ccf-c9d9-4c1d-97f4-516b572b2f9d,1697664248642966666
6a69421f-e399-4db8-897a-d8ef21b5e0a7,707b6ccf-c9d9-4c1d-97f4-516b572b2f9d,1697664248654777777
6a69421f-e399-4db8-897a-d8ef21b5e0a7,707b6ccf-c9d9-4c1d-97f4-516b572b2f9d,1697664248694588888
6a69421f-e399-4db8-897a-d8ef21b5e0a7,707b6ccf-c9d9-4c1d-97f4-516b572b2f9d,1697664248721488888
6a69421f-e399-4db8-897a-d8ef21b5e0a7,707b6ccf-c9d9-4c1d-97f4-516b572b2f9d,1697664248764544444
6a69421f-e399-4db8-897a-d8ef21b5e0a7,707b6ccf-c9d9-4c1d-97f4-516b572b2f9d,1697664248792177777
6a69421f-e399-4db8-897a-d8ef21b5e0a7,707b6ccf-c9d9-4c1d-97f4-516b572b2f9d,1697664248834033333
6a69421f-e399-4db8-897a-d8ef21b5e0a7,707b6ccf-c9d9-4c1d-97f4-516b572b2f9d,1697664248868877777
6a69421f-e399-4db8-897a-d8ef21b5e0a7,707b6ccf-c9d9-4c1d-97f4-516b572b2f9d,1697664248902433333
6a69421f-e399-4db8-897a-d8ef21b5e0a7,707b6ccf-c9d9-4c1d-97f4-516b572b2f9d,1697664248933244444
6a69421f-e399-4db8-897a-d8ef21b5e0a7,707b6ccf-c9d9-4c1d-97f4-516b572b2f9d,1697664248972888888
6a69421f-e399-4db8-897a-d8ef21b5e0a7,707b6ccf-c9d9-4c1d-97f4-516b572b2f9d,1697664249003033333
6a69421f-e399-4db8-897a-d8ef21b5e0a7,707b6ccf-c9d9-4c1d-97f4-516b572b2f9d,1697664249027311111
6a69421f-e399-4db8-897a-d8ef21b5e0a7,707b6ccf-c9d9-4c1d-97f4-516b572b2f9d,1697664249075211111
6a69421f-e399-4db8-897a-d8ef21b5e0a7,707b6ccf-c9d9-4c1d-97f4-516b572b2f9d,1697664249108666666
6a69421f-e399-4db8-897a-d8ef21b5e0a7,707b6ccf-c9d9-4c1d-97f4-516b572b2f9d,1697664249136500000
6a69421f-e399-4db8-897a-d8ef21b5e0a7,707b6ccf-c9d9-4c1d-97f4-516b572b2f9d,1697664249165766666
6a69421f-e399-4db8-897a-d8ef21b5e0a7,707b6ccf-c9d9-4c1d-97f4-516b572b2f9d,1697664249203700000
6a69421f-e399-4db8-897a-d8ef21b5e0a7,707b6ccf-c9d9-4c1d-97f4-516b572b2f9d,1697664249232111111
6a69421f-e399-4db8-897a-d8ef21b5e0a7,707b6ccf-c9d9-4c1d-97f4-516b572b2f9d,1697664249265888888
6a69421f-e399-4db8-897a-d8ef21b5e0a7,707b6ccf-c9d9-4c1d-97f4-516b572b2f9d,1697664249304200000
6a69421f-e399-4db8-897a-d8ef21b5e0a7,707b6ccf-c9d9-4c1d-97f4-516b572b2f9d,1697664249325988888
6a69421f-e399-4db8-897a-d8ef21b5e0a7,707b6ccf-c9d9-4c1d-97f4-516b572b2f9d,1697664249361777777
6a69421f-e399-4db8-897a-d8ef21b5e0a7,707b6ccf-c9d9-4c1d-97f4-516b572b2f9d,1697664249408322222
6a69421f-e399-4db8-897a-d8ef21b5e0a7,707b6ccf-c9d9-4c1d-97f4-516b572b2f9d,1697664249424533333
6a69421f-e399-4db8-897a-d8ef21b5e0a7,707b6ccf-c9d9-4c1d-97f4-516b572b2f9d,1697664249453411111
6a69421f-e399-4db8-897a-d8ef21b5e0a7,707b6ccf-c9d9-4c1d-97f4-516b572b2f9d,1697664249516533333
6a69421f-e399-4db8-897a-d8ef21b5e0a7,707b6ccf-c9d9-4c1d-97f4-516b572b2f9d,1697664249543477777
6a69421f-e399-4db8-897a-d8ef21b5e0a7,707b6ccf-c9d9-4c1d-97f4-516b572b2f9d,1697664249555522222
6a69421f-e399-4db8-897a-d8ef21b5e0a7,707b6ccf-c9d9-4c1d-97f4-516b572b2f9d,1697664249613011111
6a69421f-e399-4db8-897a-d8ef21b5e0a7,707b6ccf-c9d9-4c1d-97f4-516b572b2f9d,1697664249637333333
6a69421f-e399-4db8-897a-d8ef21b5e0a7,707b6ccf-c9d9-4c1d-97f4-516b572b2f9d,1697664249668477777
6a69421f-e399-4db8-897a-d8ef21b5e0a7,707b6ccf-c9d9-4c1d-97f4-516b572b2f9d,1697664249700744444
6a69421f-e399-4db8-897a-d8ef21b5e0a7,707b6ccf-c9d9-4c1d-97f4-516b572b2f9d,1697664249726188888
6a69421f-e399-4db8-897a-d8ef21b5e0a7,707b6ccf-c9d9-4c1d-97f4-516b572b2f9d,1697664249776900000
6a69421f-e399-4db8-897a-d8ef21b5e0a7,707b6ccf-c9d9-4c1d-97f4-516b572b2f9d,1697664249803266666
6a69421f-e399-4db8-897a-d8ef21b5e0a7,707b6ccf-c9d9-4c1d-97f4-516b572b2f9d,1697664249826277777
6a69421f-e399-4db8-897a-d8ef21b5e0a7,707b6ccf-c9d9-4c1d-97f4-516b572b2f9d,1697664249866444444
6a69421f-e399-4db8-897a-d8ef21b5e0a7,707b6ccf-c9d9-4c1d-97f4-516b572b2f9d,1697664249901877777
6a69421f-e399-4db8-897a-d8ef21b5e0a7,707b6ccf-c9d9-4c1d-97f4-516b572b2f9d,1697664249941855555
6a69421f-e399-4db8-897a-d8ef21b5e0a7,707b6ccf-c9d9-4c1d-97f4-516b572b2f9d,1697664249956833333
6a69421f-e399-4db8-897a-d8ef21b5e0a7,707b6ccf-c9d9-4c1d-97f4-516b572b2f9d,1697664249993000000
6a69421f-e399-4db8-897a-d8ef21b5e0a7,707b6ccf-c9d9-4c1d-97f4-516b572b2f9d,1697664250026388888
6a69421f-e399-4db8-897a-d8ef21b5e0a7,707b6ccf-c9d9-4c1d-97f4-516b572b2f9d,1697664250063244444
6a69421f-e399-4db8-897a-d8ef21b5e0a7,707b6ccf-c9d9-4c1d-97f4-516b572b2f9d,1697664250089966666
6a69421f-e399-4db8-897a-d8ef21b5e0a7,707b6ccf-c9d9-4c1d-97f4-516b572b2f9d,1697664250132977777
6a69421f-e399-4db8-897a-d8ef21b5e0a7,707b6ccf-c9d9-4c1d-97f4-516b572b2f9d,1697664250167411111
6a69421f-e399-4db8-897a-d8ef21b5e0a7,707b6ccf-c9d9-4c1d-97f4-516b572b2f9d,1697664250201744444
6a69421f-e399-4db8-897a-d8ef21b5e0a7,707b6ccf-c9d9-4c1d-97f4-516b572b2f9d,1697664250234466666
6a69421f-e399-4db8-897a-d8ef21b5e0a7,707b6ccf-c9d9-4c1d-97f4-516b572b2f9d,1697664250272244444
6a69421f-e399-4db8-897a-d8ef21b5e0a7,707b6ccf-c9d9-4c1d-97f4-516b572b2f9d,1697664250301211111
6a69421f-e399-4db8-897a-d8ef21b5e0a7,707b6ccf-c9d9-4c1d-97f4-516b572b2f9d,1697664250332566666
6a69421f-e399-4db8-897a-d8ef21b5e0a7,707b6ccf-c9d9-4c1d-97f4-516b572b2f9d,1697664250364355555
6a69421f-e399-4db8-897a-d8ef21b5e0a7,707b6ccf-c9d9-4c1d-97f4-516b572b2f9d,1697664250404444444
6a69421f-e399-4db8-897a-d8ef21b5e0a7,707b6ccf-c9d9-4c1d-97f4-516b572b2f9d,1697664250434144444
6a69421f-e399-4db8-897a-d8ef21b5e0a7,707b6ccf-c9d9-4c1d-97f4-516b572b2f9d,1697664250466122222
6a69421f-e399-4db8-897a-d8ef21b5e0a7,707b6ccf-c9d9-4c1d-97f4-516b572b2f9d,1697664250504888888
6a69421f-e399-4db8-897a-d8ef21b5e0a7,707b6ccf-c9d9-4c1d-97f4-516b572b2f9d,1697664250535733333
6a69421f-e399-4db8-897a-d8ef21b5e0a7,707b6ccf-c9d9-4c1d-97f4-516b572b2f9d,1697664250568500000
6a69421f-e399-4db8-897a-d8ef21b5e0a7,707b6ccf-c9d9-4c1d-97f4-516b572b2f9d,1697664250599644444
6a69421f-e399-4db8-897a-d8ef21b5e0a7,707b6ccf-c9d9-4c1d-97f4-516b572b2f9d,1697664250649411111
6a69421f-e399-4db8-897a-d8ef21b5e0a7,707b6ccf-c9d9-4c1d-97f4-516b572b2f9d,1697664250656266666
6a69421f-e399-4db8-897a-d8ef21b5e0a7,707b6ccf-c9d9-4c1d-97f4-516b572b2f9d,1697664250694488888
6a69421f-e399-4db8-897a-d8ef21b5e0a7,707b6ccf-c9d9-4c1d-97f4-516b572b2f9d,1697664250725377777
6a69421f-e399-4db8-897a-d8ef21b5e0a7,707b6ccf-c9d9-4c1d-97f4-516b572b2f9d,1697664250757300000
6a69421f-e399-4db8-897a-d8ef21b5e0a7,707b6ccf-c9d9-4c1d-97f4-516b572b2f9d,1697664250802822222
6a69421f-e399-4db8-897a-d8ef21b5e0a7,707b6ccf-c9d9-4c1d-97f4-516b572b2f9d,1697664250823255555
6a69421f-e399-4db8-897a-d8ef21b5e0a7,707b6ccf-c9d9-4c1d-97f4-516b572b2f9d,1697664250872077777
6a69421f-e399-4db8-897a-d8ef21b5e0a7,707b6ccf-c9d9-4c1d-97f4-516b572b2f9d,1697664250898133333
6a69421f-e399-4db8-897a-d8ef21b5e0a7,707b6ccf-c9d9-4c1d-97f4-516b572b2f9d,1697664250934644444
6a69421f-e399-4db8-897a-d8ef21b5e0a7,707b6ccf-c9d9-4c1d-97f4-516b572b2f9d,1697664250965844444
6a69421f-e399-4db8-897a-d8ef21b5e0a7,707b6ccf-c9d9-4c1d-97f4-516b572b2f9d,1697664250999633333
6a69421f-e399-4db8-897a-d8ef21b5e0a7,707b6ccf-c9d9-4c1d-97f4-516b572b2f9d,1697664251033122222
6a69421f-e399-4db8-897a-d8ef21b5e0a7,707b6ccf-c9d9-4c1d-97f4-516b572b2f9d,1697664251064077777
6a69421f-e399-4db8-897a-d8ef21b5e0a7,707b6ccf-c9d9-4c1d-97f4-516b572b2f9d,1697664251099188888
6a69421f-e399-4db8-897a-d8ef21b5e0a7,707b6ccf-c9d9-4c1d-97f4-516b572b2f9d,1697664251136800000
6a69421f-e399-4db8-897a-d8ef21b5e0a7,707b6ccf-c9d9-4c1d-97f4-516b572b2f9d,1697664251163188888
6a69421f-e399-4db8-897a-d8ef21b5e0a7,707b6ccf-c9d9-4c1d-97f4-516b572b2f9d,1697664251200022222
6a69421f-e399-4db8-897a-d8ef21b5e0a7,707b6ccf-c9d9-4c1d-97f4-516b572b2f9d,1697664251233511111
6a69421f-e399-4db8-897a-d8ef21b5e0a7,707b6ccf-c9d9-4c1d-97f4-516b572b2f9d,1697664251270266666
6a69421f-e399-4db8-897a-d8ef21b5e0a7,707b6ccf-c9d9-4c1d-97f4-516b572b2f9d,1697664251308944444
6a69421f-e399-4db8-897a-d8ef21b5e0a7,707b6ccf-c9d9-4c1d-97f4-516b572b2f9d,1697664251322766666
6a69421f-e399-4db8-897a-d8ef21b5e0a7,707b6ccf-c9d9-4c1d-97f4-516b572b2f9d,1697664251367288888
6a69421f-e399-4db8-897a-d8ef21b5e0a7,707b6ccf-c9d9-4c1d-97f4-516b572b2f9d,1697664251385588888
6a69421f-e399-4db8-897a-d8ef21b5e0a7,707b6ccf-c9d9-4c1d-97f4-516b572b2f9d,1697664251424500000
6a69421f-e399-4db8-897a-d8ef21b5e0a7,707b6ccf-c9d9-4c1d-97f4-516b572b2f9d,1697664251470988888
6a69421f-e399-4db8-897a-d8ef21b5e0a7,707b6ccf-c9d9-4c1d-97f4-516b572b2f9d,1697664251495944444
6a69421f-e399-4db8-897a-d8ef21b5e0a7,707b6ccf-c9d9-4c1d-97f4-516b572b2f9d,1697664251533388888
6a69421f-e399-4db8-897a-d8ef21b5e0a7,707b6ccf-c9d9-4c1d-97f4-516b572b2f9d,1697664251569500000
6a69421f-e399-4db8-897a-d8ef21b5e0a7,707b6ccf-c9d9-4c1d-97f4-516b572b2f9d,1697664251598544444
6a69421f-e399-4db8-897a-d8ef21b5e0a7,707b6ccf-c9d9-4c1d-97f4-516b572b2f9d,1697664251640277777
6a69421f-e399-4db8-897a-d8ef21b5e0a7,707b6ccf-c9d9-4c1d-97f4-516b572b2f9d,1697664251672677777
6a69421f-e399-4db8-897a-d8ef21b5e0a7,707b6ccf-c9d9-4c1d-97f4-516b572b2f9d,1697664251694788888
6a69421f-e399-4db8-897a-d8ef21b5e0a7,707b6ccf-c9d9-4c1d-97f4-516b572b2f9d,1697664251734266666
6a69421f-e399-4db8-897a-d8ef21b5e0a7,707b6ccf-c9d9-4c1d-97f4-516b572b2f9d,1697664251764477777
6a69421f-e399-4db8-897a-d8ef21b5e0a7,707b6ccf-c9d9-4c1d-97f4-516b572b2f9d,1697664251798033333
6a69421f-e399-4db8-897a-d8ef21b5e0a7,707b6ccf-c9d9-4c1d-97f4-516b572b2f9d,1697664251834722222
6a69421f-e399-4db8-897a-d8ef21b5e0a7,707b6ccf-c9d9-4c1d-97f4-516b572b2f9d,1697664251864422222
6a69421f-e399-4db8-897a-d8ef21b5e0a7,707b6ccf-c9d9-4c1d-97f4-516b572b2f9d,1697664251898033333
6a69421f-e399-4db8-897a-d8ef21b5e0a7,707b6ccf-c9d9-4c1d-97f4-516b572b2f9d,1697664251932677777
6a69421f-e399-4db8-897a-d8ef21b5e0a7,707b6ccf-c9d9-4c1d-97f4-516b572b2f9d,1697664251964400000
6a69421f-e399-4db8-897a-d8ef21b5e0a7,707b6ccf-c9d9-4c1d-97f4-516b572b2f9d,1697664251988233333
6a69421f-e399-4db8-897a-d8ef21b5e0a7,707b6ccf-c9d9-4c1d-97f4-516b572b2f9d,1697664252036733333
6a69421f-e399-4db8-897a-d8ef21b5e0a7,707b6ccf-c9d9-4c1d-97f4-516b572b2f9d,1697664252057177777
6a69421f-e399-4db8-897a-d8ef21b5e0a7,707b6ccf-c9d9-4c1d-97f4-516b572b2f9d,1697664252087633333
6a69421f-e399-4db8-897a-d8ef21b5e0a7,707b6ccf-c9d9-4c1d-97f4-516b572b2f9d,1697664252134088888
6a69421f-e399-4db8-897a-d8ef21b5e0a7,707b6ccf-c9d9-4c1d-97f4-516b572b2f9d,1697664252170811111
6a69421f-e399-4db8-897a-d8ef21b5e0a7,707b6ccf-c9d9-4c1d-97f4-516b572b2f9d,1697664252200666666
6a69421f-e399-4db8-897a-d8ef21b5e0a7,707b6ccf-c9d9-4c1d-97f4-516b572b2f9d,1697664252231233333
6a69421f-e399-4db8-897a-d8ef21b5e0a7,707b6ccf-c9d9-4c1d-97f4-516b572b2f9d,1697664252266877777
6a69421f-e399-4db8-897a-d8ef21b5e0a7,707b6ccf-c9d9-4c1d-97f4-516b572b2f9d,1697664252299733333
6a69421f-e399-4db8-897a-d8ef21b5e0a7,707b6ccf-c9d9-4c1d-97f4-516b572b2f9d,1697664252333733333
6a69421f-e399-4db8-897a-d8ef21b5e0a7,707b6ccf-c9d9-4c1d-97f4-516b572b2f9d,1697664252364488888
6a69421f-e399-4db8-897a-d8ef21b5e0a7,707b6ccf-c9d9-4c1d-97f4-516b572b2f9d,1697664252397722222
6a69421f-e399-4db8-897a-d8ef21b5e0a7,707b6ccf-c9d9-4c1d-97f4-516b572b2f9d,1697664252437266666
6a69421f-e399-4db8-897a-d8ef21b5e0a7,707b6ccf-c9d9-4c1d-97f4-516b572b2f9d,1697664252470255555
6a69421f-e399-4db8-897a-d8ef21b5e0a7,707b6ccf-c9d9-4c1d-97f4-516b572b2f9d,1697664252497777777
6a69421f-e399-4db8-897a-d8ef21b5e0a7,707b6ccf-c9d9-4c1d-97f4-516b572b2f9d,1697664252534411111
6a69421f-e399-4db8-897a-d8ef21b5e0a7,707b6ccf-c9d9-4c1d-97f4-516b572b2f9d,1697664252564788888
6a69421f-e399-4db8-897a-d8ef21b5e0a7,707b6ccf-c9d9-4c1d-97f4-516b572b2f9d,1697664252597433333
6a69421f-e399-4db8-897a-d8ef21b5e0a7,707b6ccf-c9d9-4c1d-97f4-516b572b2f9d,1697664252642144444
6a69421f-e399-4db8-897a-d8ef21b5e0a7,707b6ccf-c9d9-4c1d-97f4-516b572b2f9d,1697664252655466666
6a69421f-e399-4db8-897a-d8ef21b5e0a7,707b6ccf-c9d9-4c1d-97f4-516b572b2f9d,1697664252686788888
6a69421f-e399-4db8-897a-d8ef21b5e0a7,707b6ccf-c9d9-4c1d-97f4-516b572b2f9d,1697664252722844444
6a69421f-e399-4db8-897a-d8ef21b5e0a7,707b6ccf-c9d9-4c1d-97f4-516b572b2f9d,1697664252777122222
6a69421f-e399-4db8-897a-d8ef21b5e0a7,707b6ccf-c9d9-4c1d-97f4-516b572b2f9d,1697664252788577777
6a69421f-e399-4db8-897a-d8ef21b5e0a7,707b6ccf-c9d9-4c1d-97f4-516b572b2f9d,1697664252834222222
6a69421f-e399-4db8-897a-d8ef21b5e0a7,707b6ccf-c9d9-4c1d-97f4-516b572b2f9d,1697664252863477777
6a69421f-e399-4db8-897a-d8ef21b5e0a7,707b6ccf-c9d9-4c1d-97f4-516b572b2f9d,1697664252899466666
6a69421f-e399-4db8-897a-d8ef21b5e0a7,707b6ccf-c9d9-4c1d-97f4-516b572b2f9d,1697664252933744444
6a69421f-e399-4db8-897a-d8ef21b5e0a7,707b6ccf-c9d9-4c1d-97f4-516b572b2f9d,1697664252964555555
6a69421f-e399-4db8-897a-d8ef21b5e0a7,707b6ccf-c9d9-4c1d-97f4-516b572b2f9d,1697664252997955555
6a69421f-e399-4db8-897a-d8ef21b5e0a7,707b6ccf-c9d9-4c1d-97f4-516b572b2f9d,1697664253033788888
6a69421f-e399-4db8-897a-d8ef21b5e0a7,707b6ccf-c9d9-4c1d-97f4-516b572b2f9d,1697664253065588888
6a69421f-e399-4db8-897a-d8ef21b5e0a7,707b6ccf-c9d9-4c1d-97f4-516b572b2f9d,1697664253099188888
6a69421f-e399-4db8-897a-d8ef21b5e0a7,707b6ccf-c9d9-4c1d-97f4-516b572b2f9d,1697664253133466666
6a69421f-e399-4db8-897a-d8ef21b5e0a7,707b6ccf-c9d9-4c1d-97f4-516b572b2f9d,1697664253168011111
6a69421f-e399-4db8-897a-d8ef21b5e0a7,707b6ccf-c9d9-4c1d-97f4-516b572b2f9d,1697664253200244444
6a69421f-e399-4db8-897a-d8ef21b5e0a7,707b6ccf-c9d9-4c1d-97f4-516b572b2f9d,1697664253235155555
6a69421f-e399-4db8-897a-d8ef21b5e0a7,707b6ccf-c9d9-4c1d-97f4-516b572b2f9d,1697664253264188888
6a69421f-e399-4db8-897a-d8ef21b5e0a7,707b6ccf-c9d9-4c1d-97f4-516b572b2f9d,1697664253292488888
6a69421f-e399-4db8-897a-d8ef21b5e0a7,707b6ccf-c9d9-4c1d-97f4-516b572b2f9d,1697664253324755555
6a69421f-e399-4db8-897a-d8ef21b5e0a7,707b6ccf-c9d9-4c1d-97f4-516b572b2f9d,1697664253371388888
6a69421f-e399-4db8-897a-d8ef21b5e0a7,707b6ccf-c9d9-4c1d-97f4-516b572b2f9d,1697664253395144444
6a69421f-e399-4db8-897a-d8ef21b5e0a7,707b6ccf-c9d9-4c1d-97f4-516b572b2f9d,1697664253427677777
6a69421f-e399-4db8-897a-d8ef21b5e0a7,707b6ccf-c9d9-4c1d-97f4-516b572b2f9d,1697664253465833333
6a69421f-e399-4db8-897a-d8ef21b5e0a7,707b6ccf-c9d9-4c1d-97f4-516b572b2f9d,1697664253498144444
6a69421f-e399-4db8-897a-d8ef21b5e0a7,707b6ccf-c9d9-4c1d-97f4-516b572b2f9d,1697664253534044444
6a69421f-e399-4db8-897a-d8ef21b5e0a7,707b6ccf-c9d9-4c1d-97f4-516b572b2f9d,1697664253569822222
6a69421f-e399-4db8-897a-d8ef21b5e0a7,707b6ccf-c9d9-4c1d-97f4-516b572b2f9d,1697664253605055555
6a69421f-e399-4db8-897a-d8ef21b5e0a7,707b6ccf-c9d9-4c1d-97f4-516b572b2f9d,1697664253639466666
6a69421f-e399-4db8-897a-d8ef21b5e0a7,707b6ccf-c9d9-4c1d-97f4-516b572b2f9d,1697664253669766666
6a69421f-e399-4db8-897a-d8ef21b5e0a7,707b6ccf-c9d9-4c1d-97f4-516b572b2f9d,1697664253703144444
6a69421f-e399-4db8-897a-d8ef21b5e0a7,707b6ccf-c9d9-4c1d-97f4-516b572b2f9d,1697664253726100000
6a69421f-e399-4db8-897a-d8ef21b5e0a7,707b6ccf-c9d9-4c1d-97f4-516b572b2f9d,1697664253768011111
6a69421f-e399-4db8-897a-d8ef21b5e0a7,707b6ccf-c9d9-4c1d-97f4-516b572b2f9d,1697664253799477777
6a69421f-e399-4db8-897a-d8ef21b5e0a7,707b6ccf-c9d9-4c1d-97f4-516b572b2f9d,1697664253834633333
6a69421f-e399-4db8-897a-d8ef21b5e0a7,707b6ccf-c9d9-4c1d-97f4-516b572b2f9d,1697664253865733333
6a69421f-e399-4db8-897a-d8ef21b5e0a7,707b6ccf-c9d9-4c1d-97f4-516b572b2f9d,1697664253899600000
6a69421f-e399-4db8-897a-d8ef21b5e0a7,707b6ccf-c9d9-4c1d-97f4-516b572b2f9d,1697664253935311111
6a69421f-e399-4db8-897a-d8ef21b5e0a7,707b6ccf-c9d9-4c1d-97f4-516b572b2f9d,1697664253971533333
6a69421f-e399-4db8-897a-d8ef21b5e0a7,707b6ccf-c9d9-4c1d-97f4-516b572b2f9d,1697664253987577777
6a69421f-e399-4db8-897a-d8ef21b5e0a7,707b6ccf-c9d9-4c1d-97f4-516b572b2f9d,1697664254042477777
6a69421f-e399-4db8-897a-d8ef21b5e0a7,707b6ccf-c9d9-4c1d-97f4-516b572b2f9d,1697664254058344444
6a69421f-e399-4db8-897a-d8ef21b5e0a7,707b6ccf-c9d9-4c1d-97f4-516b572b2f9d,1697664254101633333
6a69421f-e399-4db8-897a-d8ef21b5e0a7,707b6ccf-c9d9-4c1d-97f4-516b572b2f9d,1697664254119144444
6a69421f-e399-4db8-897a-d8ef21b5e0a7,707b6ccf-c9d9-4c1d-97f4-516b572b2f9d,1697664254167222222
6a69421f-e399-4db8-897a-d8ef21b5e0a7,707b6ccf-c9d9-4c1d-97f4-516b572b2f9d,1697664254198622222
6a69421f-e399-4db8-897a-d8ef21b5e0a7,707b6ccf-c9d9-4c1d-97f4-516b572b2f9d,1697664254235177777
6a69421f-e399-4db8-897a-d8ef21b5e0a7,707b6ccf-c9d9-4c1d-97f4-516b572b2f9d,1697664254268222222
6a69421f-e399-4db8-897a-d8ef21b5e0a7,707b6ccf-c9d9-4c1d-97f4-516b572b2f9d,1697664254302177777
6a69421f-e399-4db8-897a-d8ef21b5e0a7,707b6ccf-c9d9-4c1d-97f4-516b572b2f9d,1697664254321266666
6a69421f-e399-4db8-897a-d8ef21b5e0a7,707b6ccf-c9d9-4c1d-97f4-516b572b2f9d,1697664254371211111
6a69421f-e399-4db8-897a-d8ef21b5e0a7,707b6ccf-c9d9-4c1d-97f4-516b572b2f9d,1697664254402633333
6a69421f-e399-4db8-897a-d8ef21b5e0a7,707b6ccf-c9d9-4c1d-97f4-516b572b2f9d,1697664254419488888
6a69421f-e399-4db8-897a-d8ef21b5e0a7,707b6ccf-c9d9-4c1d-97f4-516b572b2f9d,1697664254473422222
6a69421f-e399-4db8-897a-d8ef21b5e0a7,707b6ccf-c9d9-4c1d-97f4-516b572b2f9d,1697664254499022222
6a69421f-e399-4db8-897a-d8ef21b5e0a7,707b6ccf-c9d9-4c1d-97f4-516b572b2f9d,1697664254534455555
6a69421f-e399-4db8-897a-d8ef21b5e0a7,707b6ccf-c9d9-4c1d-97f4-516b572b2f9d,1697664254568933333
6a69421f-e399-4db8-897a-d8ef21b5e0a7,707b6ccf-c9d9-4c1d-97f4-516b572b2f9d,1697664254597211111
6a69421f-e399-4db8-897a-d8ef21b5e0a7,707b6ccf-c9d9-4c1d-97f4-516b572b2f9d,1697664254645577777
6a69421f-e399-4db8-897a-d8ef21b5e0a7,707b6ccf-c9d9-4c1d-97f4-516b572b2f9d,1697664254658944444
6a69421f-e399-4db8-897a-d8ef21b5e0a7,707b6ccf-c9d9-4c1d-97f4-516b572b2f9d,1697664254687444444
6a69421f-e399-4db8-897a-d8ef21b5e0a7,707b6ccf-c9d9-4c1d-97f4-516b572b2f9d,1697664254723377777
6a69421f-e399-4db8-897a-d8ef21b5e0a7,707b6ccf-c9d9-4c1d-97f4-516b572b2f9d,1697664254777844444
6a69421f-e399-4db8-897a-d8ef21b5e0a7,707b6ccf-c9d9-4c1d-97f4-516b572b2f9d,1697664254789588888
6a69421f-e399-4db8-897a-d8ef21b5e0a7,707b6ccf-c9d9-4c1d-97f4-516b572b2f9d,1697664254828222222
6a69421f-e399-4db8-897a-d8ef21b5e0a7,707b6ccf-c9d9-4c1d-97f4-516b572b2f9d,1697664254863677777
6a69421f-e399-4db8-897a-d8ef21b5e0a7,707b6ccf-c9d9-4c1d-97f4-516b572b2f9d,1697664254897566666
6a69421f-e399-4db8-897a-d8ef21b5e0a7,707b6ccf-c9d9-4c1d-97f4-516b572b2f9d,1697664254927411111
6a69421f-e399-4db8-897a-d8ef21b5e0a7,707b6ccf-c9d9-4c1d-97f4-516b572b2f9d,1697664254967411111
6a69421f-e399-4db8-897a-d8ef21b5e0a7,707b6ccf-c9d9-4c1d-97f4-516b572b2f9d,1697664254998888888
6a69421f-e399-4db8-897a-d8ef21b5e0a7,707b6ccf-c9d9-4c1d-97f4-516b572b2f9d,1697664255031622222
6a69421f-e399-4db8-897a-d8ef21b5e0a7,707b6ccf-c9d9-4c1d-97f4-516b572b2f9d,1697664255065433333
6a69421f-e399-4db8-897a-d8ef21b5e0a7,707b6ccf-c9d9-4c1d-97f4-516b572b2f9d,1697664255098744444
6a69421f-e399-4db8-897a-d8ef21b5e0a7,707b6ccf-c9d9-4c1d-97f4-516b572b2f9d,1697664255137455555
6a69421f-e399-4db8-897a-d8ef21b5e0a7,707b6ccf-c9d9-4c1d-97f4-516b572b2f9d,1697664255172255555
6a69421f-e399-4db8-897a-d8ef21b5e0a7,707b6ccf-c9d9-4c1d-97f4-516b572b2f9d,1697664255202777777
6a69421f-e399-4db8-897a-d8ef21b5e0a7,707b6ccf-c9d9-4c1d-97f4-516b572b2f9d,1697664255219700000
6a69421f-e399-4db8-897a-d8ef21b5e0a7,707b6ccf-c9d9-4c1d-97f4-516b572b2f9d,1697664255272944444
6a69421f-e399-4db8-897a-d8ef21b5e0a7,707b6ccf-c9d9-4c1d-97f4-516b572b2f9d,1697664255306577777
6a69421f-e399-4db8-897a-d8ef21b5e0a7,707b6ccf-c9d9-4c1d-97f4-516b572b2f9d,1697664255319433333
6a69421f-e399-4db8-897a-d8ef21b5e0a7,707b6ccf-c9d9-4c1d-97f4-516b572b2f9d,1697664255366755555
6a69421f-e399-4db8-897a-d8ef21b5e0a7,707b6ccf-c9d9-4c1d-97f4-516b572b2f9d,1697664255398166666
6a69421f-e399-4db8-897a-d8ef21b5e0a7,707b6ccf-c9d9-4c1d-97f4-516b572b2f9d,1697664255417911111
6a69421f-e399-4db8-897a-d8ef21b5e0a7,707b6ccf-c9d9-4c1d-97f4-516b572b2f9d,1697664255464977777
6a69421f-e399-4db8-897a-d8ef21b5e0a7,707b6ccf-c9d9-4c1d-97f4-516b572b2f9d,1697664255497677777
6a69421f-e399-4db8-897a-d8ef21b5e0a7,707b6ccf-c9d9-4c1d-97f4-516b572b2f9d,1697664255531644444
6a69421f-e399-4db8-897a-d8ef21b5e0a7,707b6ccf-c9d9-4c1d-97f4-516b572b2f9d,1697664255565400000
6a69421f-e399-4db8-897a-d8ef21b5e0a7,707b6ccf-c9d9-4c1d-97f4-516b572b2f9d,1697664255600877777
6a69421f-e399-4db8-897a-d8ef21b5e0a7,707b6ccf-c9d9-4c1d-97f4-516b572b2f9d,1697664255620233333
6a69421f-e399-4db8-897a-d8ef21b5e0a7,707b6ccf-c9d9-4c1d-97f4-516b572b2f9d,1697664255664822222
6a69421f-e399-4db8-897a-d8ef21b5e0a7,707b6ccf-c9d9-4c1d-97f4-516b572b2f9d,1697664255696922222
6a69421f-e399-4db8-897a-d8ef21b5e0a7,707b6ccf-c9d9-4c1d-97f4-516b572b2f9d,1697664255728811111
6a69421f-e399-4db8-897a-d8ef21b5e0a7,707b6ccf-c9d9-4c1d-97f4-516b572b2f9d,1697664255769366666
6a69421f-e399-4db8-897a-d8ef21b5e0a7,707b6ccf-c9d9-4c1d-97f4-516b572b2f9d,1697664255799200000
6a69421f-e399-4db8-897a-d8ef21b5e0a7,707b6ccf-c9d9-4c1d-97f4-516b572b2f9d,1697664255831622222
6a69421f-e399-4db8-897a-d8ef21b5e0a7,707b6ccf-c9d9-4c1d-97f4-516b572b2f9d,1697664255872655555
6a69421f-e399-4db8-897a-d8ef21b5e0a7,707b6ccf-c9d9-4c1d-97f4-516b572b2f9d,1697664255901422222
6a69421f-e399-4db8-897a-d8ef21b5e0a7,707b6ccf-c9d9-4c1d-97f4-516b572b2f9d,1697664255919411111
6a69421f-e399-4db8-897a-d8ef21b5e0a7,707b6ccf-c9d9-4c1d-97f4-516b572b2f9d,1697664255958911111
6a69421f-e399-4db8-897a-d8ef21b5e0a7,707b6ccf-c9d9-4c1d-97f4-516b572b2f9d,1697664255992566666
6a69421f-e399-4db8-897a-d8ef21b5e0a7,707b6ccf-c9d9-4c1d-97f4-516b572b2f9d,1697664256019677777
6a69421f-e399-4db8-897a-d8ef21b5e0a7,707b6ccf-c9d9-4c1d-97f4-516b572b2f9d,1697664256053866666
6a69421f-e399-4db8-897a-d8ef21b5e0a7,707b6ccf-c9d9-4c1d-97f4-516b572b2f9d,1697664256086911111
6a69421f-e399-4db8-897a-d8ef21b5e0a7,707b6ccf-c9d9-4c1d-97f4-516b572b2f9d,1697664256131277777
6a69421f-e399-4db8-897a-d8ef21b5e0a7,707b6ccf-c9d9-4c1d-97f4-516b572b2f9d,1697664256170088888
6a69421f-e399-4db8-897a-d8ef21b5e0a7,707b6ccf-c9d9-4c1d-97f4-516b572b2f9d,1697664256196655555
6a69421f-e399-4db8-897a-d8ef21b5e0a7,707b6ccf-c9d9-4c1d-97f4-516b572b2f9d,1697664256233155555
6a69421f-e399-4db8-897a-d8ef21b5e0a7,707b6ccf-c9d9-4c1d-97f4-516b572b2f9d,1697664256264222222
6a69421f-e399-4db8-897a-d8ef21b5e0a7,707b6ccf-c9d9-4c1d-97f4-516b572b2f9d,1697664256300344444
6a69421f-e399-4db8-897a-d8ef21b5e0a7,707b6ccf-c9d9-4c1d-97f4-516b572b2f9d,1697664256334200000
6a69421f-e399-4db8-897a-d8ef21b5e0a7,707b6ccf-c9d9-4c1d-97f4-516b572b2f9d,1697664256363422222
6a69421f-e399-4db8-897a-d8ef21b5e0a7,707b6ccf-c9d9-4c1d-97f4-516b572b2f9d,1697664256397966666
6a69421f-e399-4db8-897a-d8ef21b5e0a7,707b6ccf-c9d9-4c1d-97f4-516b572b2f9d,1697664256431255555
6a69421f-e399-4db8-897a-d8ef21b5e0a7,707b6ccf-c9d9-4c1d-97f4-516b572b2f9d,1697664256466955555
6a69421f-e399-4db8-897a-d8ef21b5e0a7,707b6ccf-c9d9-4c1d-97f4-516b572b2f9d,1697664256498777777
6a69421f-e399-4db8-897a-d8ef21b5e0a7,707b6ccf-c9d9-4c1d-97f4-516b572b2f9d,1697664256532155555
6a69421f-e399-4db8-897a-d8ef21b5e0a7,707b6ccf-c9d9-4c1d-97f4-516b572b2f9d,1697664256569388888
6a69421f-e399-4db8-897a-d8ef21b5e0a7,707b6ccf-c9d9-4c1d-97f4-516b572b2f9d,1697664256599055555
6a69421f-e399-4db8-897a-d8ef21b5e0a7,707b6ccf-c9d9-4c1d-97f4-516b572b2f9d,1697664256624922222
6a69421f-e399-4db8-897a-d8ef21b5e0a7,707b6ccf-c9d9-4c1d-97f4-516b572b2f9d,1697664256675444444
6a69421f-e399-4db8-897a-d8ef21b5e0a7,707b6ccf-c9d9-4c1d-97f4-516b572b2f9d,1697664256690722222
6a69421f-e399-4db8-897a-d8ef21b5e0a7,707b6ccf-c9d9-4c1d-97f4-516b572b2f9d,1697664256718200000
6a69421f-e399-4db8-897a-d8ef21b5e0a7,707b6ccf-c9d9-4c1d-97f4-516b572b2f9d,1697664256755188888
6a69421f-e399-4db8-897a-d8ef21b5e0a7,707b6ccf-c9d9-4c1d-97f4-516b572b2f9d,1697664256800133333
6a69421f-e399-4db8-897a-d8ef21b5e0a7,707b6ccf-c9d9-4c1d-97f4-516b572b2f9d,1697664256833544444
6a69421f-e399-4db8-897a-d8ef21b5e0a7,707b6ccf-c9d9-4c1d-97f4-516b572b2f9d,1697664256870933333
6a69421f-e399-4db8-897a-d8ef21b5e0a7,707b6ccf-c9d9-4c1d-97f4-516b572b2f9d,1697664256904211111
6a69421f-e399-4db8-897a-d8ef21b5e0a7,707b6ccf-c9d9-4c1d-97f4-516b572b2f9d,1697664256919411111
6a69421f-e399-4db8-897a-d8ef21b5e0a7,707b6ccf-c9d9-4c1d-97f4-516b572b2f9d,1697664256977366666
6a69421f-e399-4db8-897a-d8ef21b5e0a7,707b6ccf-c9d9-4c1d-97f4-516b572b2f9d,1697664256990244444
6a69421f-e399-4db8-897a-d8ef21b5e0a7,707b6ccf-c9d9-4c1d-97f4-516b572b2f9d,1697664257033100000
6a69421f-e399-4db8-897a-d8ef21b5e0a7,707b6ccf-c9d9-4c1d-97f4-516b572b2f9d,1697664257064755555
6a69421f-e399-4db8-897a-d8ef21b5e0a7,707b6ccf-c9d9-4c1d-97f4-516b572b2f9d,1697664257101122222
6a69421f-e399-4db8-897a-d8ef21b5e0a7,707b6ccf-c9d9-4c1d-97f4-516b572b2f9d,1697664257130777777
6a69421f-e399-4db8-897a-d8ef21b5e0a7,707b6ccf-c9d9-4c1d-97f4-516b572b2f9d,1697664257166088888
6a69421f-e399-4db8-897a-d8ef21b5e0a7,707b6ccf-c9d9-4c1d-97f4-516b572b2f9d,1697664257199566666
6a69421f-e399-4db8-897a-d8ef21b5e0a7,707b6ccf-c9d9-4c1d-97f4-516b572b2f9d,1697664257234966666
6a69421f-e399-4db8-897a-d8ef21b5e0a7,707b6ccf-c9d9-4c1d-97f4-516b572b2f9d,1697664257272611111
6a69421f-e399-4db8-897a-d8ef21b5e0a7,707b6ccf-c9d9-4c1d-97f4-516b572b2f9d,1697664257291144444
6a69421f-e399-4db8-897a-d8ef21b5e0a7,707b6ccf-c9d9-4c1d-97f4-516b572b2f9d,1697664257344066666
6a69421f-e399-4db8-897a-d8ef21b5e0a7,707b6ccf-c9d9-4c1d-97f4-516b572b2f9d,1697664257352622222
6a69421f-e399-4db8-897a-d8ef21b5e0a7,707b6ccf-c9d9-4c1d-97f4-516b572b2f9d,1697664257395444444
6a69421f-e399-4db8-897a-d8ef21b5e0a7,707b6ccf-c9d9-4c1d-97f4-516b572b2f9d,1697664257418922222
6a69421f-e399-4db8-897a-d8ef21b5e0a7,707b6ccf-c9d9-4c1d-97f4-516b572b2f9d,1697664257461233333
6a69421f-e399-4db8-897a-d8ef21b5e0a7,707b6ccf-c9d9-4c1d-97f4-516b572b2f9d,1697664257490666666
6a69421f-e399-4db8-897a-d8ef21b5e0a7,707b6ccf-c9d9-4c1d-97f4-516b572b2f9d,1697664257534744444
6a69421f-e399-4db8-897a-d8ef21b5e0a7,707b6ccf-c9d9-4c1d-97f4-516b572b2f9d,1697664257563088888
6a69421f-e399-4db8-897a-d8ef21b5e0a7,707b6ccf-c9d9-4c1d-97f4-516b572b2f9d,1697664257594055555
6a69421f-e399-4db8-897a-d8ef21b5e0a7,707b6ccf-c9d9-4c1d-97f4-516b572b2f9d,1697664257632711111
6a69421f-e399-4db8-897a-d8ef21b5e0a7,707b6ccf-c9d9-4c1d-97f4-516b572b2f9d,1697664257659511111
6a69421f-e399-4db8-897a-d8ef21b5e0a7,707b6ccf-c9d9-4c1d-97f4-516b572b2f9d,1697664257695277777
6a69421f-e399-4db8-897a-d8ef21b5e0a7,707b6ccf-c9d9-4c1d-97f4-516b572b2f9d,1697664257727300000
6a69421f-e399-4db8-897a-d8ef21b5e0a7,707b6ccf-c9d9-4c1d-97f4-516b572b2f9d,1697664257762266666
6a69421f-e399-4db8-897a-d8ef21b5e0a7,707b6ccf-c9d9-4c1d-97f4-516b572b2f9d,1697664257799688888
6a69421f-e399-4db8-897a-d8ef21b5e0a7,707b6ccf-c9d9-4c1d-97f4-516b572b2f9d,1697664257830900000
6a69421f-e399-4db8-897a-d8ef21b5e0a7,707b6ccf-c9d9-4c1d-97f4-516b572b2f9d,1697664257860955555
6a69421f-e399-4db8-897a-d8ef21b5e0a7,707b6ccf-c9d9-4c1d-97f4-516b572b2f9d,1697664257893077777
6a69421f-e399-4db8-897a-d8ef21b5e0a7,707b6ccf-c9d9-4c1d-97f4-516b572b2f9d,1697664257944544444
6a69421f-e399-4db8-897a-d8ef21b5e0a7,707b6ccf-c9d9-4c1d-97f4-516b572b2f9d,1697664257956911111
6a69421f-e399-4db8-897a-d8ef21b5e0a7,707b6ccf-c9d9-4c1d-97f4-516b572b2f9d,1697664257986322222
6a69421f-e399-4db8-897a-d8ef21b5e0a7,707b6ccf-c9d9-4c1d-97f4-516b572b2f9d,1697664258018888888
6a69421f-e399-4db8-897a-d8ef21b5e0a7,707b6ccf-c9d9-4c1d-97f4-516b572b2f9d,1697664258064377777
6a69421f-e399-4db8-897a-d8ef21b5e0a7,707b6ccf-c9d9-4c1d-97f4-516b572b2f9d,1697664258102122222
6a69421f-e399-4db8-897a-d8ef21b5e0a7,707b6ccf-c9d9-4c1d-97f4-516b572b2f9d,1697664258118622222
6a69421f-e399-4db8-897a-d8ef21b5e0a7,707b6ccf-c9d9-4c1d-97f4-516b572b2f9d,1697664258170966666
6a69421f-e399-4db8-897a-d8ef21b5e0a7,707b6ccf-c9d9-4c1d-97f4-516b572b2f9d,1697664258210944444
6a69421f-e399-4db8-897a-d8ef21b5e0a7,707b6ccf-c9d9-4c1d-97f4-516b572b2f9d,1697664258231944444
6a69421f-e399-4db8-897a-d8ef21b5e0a7,707b6ccf-c9d9-4c1d-97f4-516b572b2f9d,1697664258262077777
6a69421f-e399-4db8-897a-d8ef21b5e0a7,707b6ccf-c9d9-4c1d-97f4-516b572b2f9d,1697664258307255555
6a69421f-e399-4db8-897a-d8ef21b5e0a7,707b6ccf-c9d9-4c1d-97f4-516b572b2f9d,1697664258334411111
6a69421f-e399-4db8-897a-d8ef21b5e0a7,707b6ccf-c9d9-4c1d-97f4-516b572b2f9d,1697664258362777777
6a69421f-e399-4db8-897a-d8ef21b5e0a7,707b6ccf-c9d9-4c1d-97f4-516b572b2f9d,1697664258394333333
6a69421f-e399-4db8-897a-d8ef21b5e0a7,707b6ccf-c9d9-4c1d-97f4-516b572b2f9d,1697664258434422222
6a69421f-e399-4db8-897a-d8ef21b5e0a7,707b6ccf-c9d9-4c1d-97f4-516b572b2f9d,1697664258460488888
6a69421f-e399-4db8-897a-d8ef21b5e0a7,707b6ccf-c9d9-4c1d-97f4-516b572b2f9d,1697664258493022222
6a69421f-e399-4db8-897a-d8ef21b5e0a7,707b6ccf-c9d9-4c1d-97f4-516b572b2f9d,1697664258531288888
6a69421f-e399-4db8-897a-d8ef21b5e0a7,707b6ccf-c9d9-4c1d-97f4-516b572b2f9d,1697664258564655555
6a69421f-e399-4db8-897a-d8ef21b5e0a7,707b6ccf-c9d9-4c1d-97f4-516b572b2f9d,1697664258602900000
6a69421f-e399-4db8-897a-d8ef21b5e0a7,707b6ccf-c9d9-4c1d-97f4-516b572b2f9d,1697664258637566666
6a69421f-e399-4db8-897a-d8ef21b5e0a7,707b6ccf-c9d9-4c1d-97f4-516b572b2f9d,1697664258656244444
6a69421f-e399-4db8-897a-d8ef21b5e0a7,707b6ccf-c9d9-4c1d-97f4-516b572b2f9d,1697664258695755555
6a69421f-e399-4db8-897a-d8ef21b5e0a7,707b6ccf-c9d9-4c1d-97f4-516b572b2f9d,1697664258718955555
6a69421f-e399-4db8-897a-d8ef21b5e0a7,707b6ccf-c9d9-4c1d-97f4-516b572b2f9d,1697664258752966666
6a69421f-e399-4db8-897a-d8ef21b5e0a7,707b6ccf-c9d9-4c1d-97f4-516b572b2f9d,1697664258792400000
6a69421f-e399-4db8-897a-d8ef21b5e0a7,707b6ccf-c9d9-4c1d-97f4-516b572b2f9d,1697664258838455555
6a69421f-e399-4db8-897a-d8ef21b5e0a7,707b6ccf-c9d9-4c1d-97f4-516b572b2f9d,1697664258863433333
6a69421f-e399-4db8-897a-d8ef21b5e0a7,707b6ccf-c9d9-4c1d-97f4-516b572b2f9d,1697664258892577777
6a69421f-e399-4db8-897a-d8ef21b5e0a7,707b6ccf-c9d9-4c1d-97f4-516b572b2f9d,1697664258933522222
6a69421f-e399-4db8-897a-d8ef21b5e0a7,707b6ccf-c9d9-4c1d-97f4-516b572b2f9d,1697664258964388888
6a69421f-e399-4db8-897a-d8ef21b5e0a7,707b6ccf-c9d9-4c1d-97f4-516b572b2f9d,1697664258999277777
6a69421f-e399-4db8-897a-d8ef21b5e0a7,707b6ccf-c9d9-4c1d-97f4-516b572b2f9d,1697664259032000000
6a69421f-e399-4db8-897a-d8ef21b5e0a7,707b6ccf-c9d9-4c1d-97f4-516b572b2f9d,1697664259063333333
6a69421f-e399-4db8-897a-d8ef21b5e0a7,707b6ccf-c9d9-4c1d-97f4-516b572b2f9d,1697664259094833333
6a69421f-e399-4db8-897a-d8ef21b5e0a7,707b6ccf-c9d9-4c1d-97f4-516b572b2f9d,1697664259130211111
6a69421f-e399-4db8-897a-d8ef21b5e0a7,707b6ccf-c9d9-4c1d-97f4-516b572b2f9d,1697664259162711111
6a69421f-e399-4db8-897a-d8ef21b5e0a7,707b6ccf-c9d9-4c1d-97f4-516b572b2f9d,1697664259192144444
6a69421f-e399-4db8-897a-d8ef21b5e0a7,707b6ccf-c9d9-4c1d-97f4-516b572b2f9d,1697664259232200000
6a69421f-e399-4db8-897a-d8ef21b5e0a7,707b6ccf-c9d9-4c1d-97f4-516b572b2f9d,1697664259266766666
6a69421f-e399-4db8-897a-d8ef21b5e0a7,707b6ccf-c9d9-4c1d-97f4-516b572b2f9d,1697664259289888888
6a69421f-e399-4db8-897a-d8ef21b5e0a7,707b6ccf-c9d9-4c1d-97f4-516b572b2f9d,1697664259320033333
6a69421f-e399-4db8-897a-d8ef21b5e0a7,707b6ccf-c9d9-4c1d-97f4-516b572b2f9d,1697664259351177777
6a69421f-e399-4db8-897a-d8ef21b5e0a7,707b6ccf-c9d9-4c1d-97f4-516b572b2f9d,1697664259387011111
6a69421f-e399-4db8-897a-d8ef21b5e0a7,707b6ccf-c9d9-4c1d-97f4-516b572b2f9d,1697664259420000000
6a69421f-e399-4db8-897a-d8ef21b5e0a7,707b6ccf-c9d9-4c1d-97f4-516b572b2f9d,1697664259473511111
6a69421f-e399-4db8-897a-d8ef21b5e0a7,707b6ccf-c9d9-4c1d-97f4-516b572b2f9d,1697664259502288888
6a69421f-e399-4db8-897a-d8ef21b5e0a7,707b6ccf-c9d9-4c1d-97f4-516b572b2f9d,1697664259520911111
6a69421f-e399-4db8-897a-d8ef21b5e0a7,707b6ccf-c9d9-4c1d-97f4-516b572b2f9d,1697664259562544444
6a69421f-e399-4db8-897a-d8ef21b5e0a7,707b6ccf-c9d9-4c1d-97f4-516b572b2f9d,1697664259597122222
6a69421f-e399-4db8-897a-d8ef21b5e0a7,707b6ccf-c9d9-4c1d-97f4-516b572b2f9d,1697664259631566666
6a69421f-e399-4db8-897a-d8ef21b5e0a7,707b6ccf-c9d9-4c1d-97f4-516b572b2f9d,1697664259664977777
6a69421f-e399-4db8-897a-d8ef21b5e0a7,707b6ccf-c9d9-4c1d-97f4-516b572b2f9d,1697664259699633333
6a69421f-e399-4db8-897a-d8ef21b5e0a7,707b6ccf-c9d9-4c1d-97f4-516b572b2f9d,1697664259731822222
6a69421f-e399-4db8-897a-d8ef21b5e0a7,707b6ccf-c9d9-4c1d-97f4-516b572b2f9d,1697664259766755555
6a69421f-e399-4db8-897a-d8ef21b5e0a7,707b6ccf-c9d9-4c1d-97f4-516b572b2f9d,1697664259802188888
6a69421f-e399-4db8-897a-d8ef21b5e0a7,707b6ccf-c9d9-4c1d-97f4-516b572b2f9d,1697664259822666666
6a69421f-e399-4db8-897a-d8ef21b5e0a7,707b6ccf-c9d9-4c1d-97f4-516b572b2f9d,1697664259874900000
6a69421f-e399-4db8-897a-d8ef21b5e0a7,707b6ccf-c9d9-4c1d-97f4-516b572b2f9d,1697664259899555555
6a69421f-e399-4db8-897a-d8ef21b5e0a7,707b6ccf-c9d9-4c1d-97f4-516b572b2f9d,1697664259941633333
6a69421f-e399-4db8-897a-d8ef21b5e0a7,707b6ccf-c9d9-4c1d-97f4-516b572b2f9d,1697664259953022222
6a69421f-e399-4db8-897a-d8ef21b5e0a7,707b6ccf-c9d9-4c1d-97f4-516b572b2f9d,1697664259987100000
6a69421f-e399-4db8-897a-d8ef21b5e0a7,707b6ccf-c9d9-4c1d-97f4-516b572b2f9d,1697664260025555555
6a69421f-e399-4db8-897a-d8ef21b5e0a7,707b6ccf-c9d9-4c1d-97f4-516b572b2f9d,1697664260055144444
6a69421f-e399-4db8-897a-d8ef21b5e0a7,707b6ccf-c9d9-4c1d-97f4-516b572b2f9d,1697664260097344444
6a69421f-e399-4db8-897a-d8ef21b5e0a7,707b6ccf-c9d9-4c1d-97f4-516b572b2f9d,1697664260128611111
6a69421f-e399-4db8-897a-d8ef21b5e0a7,707b6ccf-c9d9-4c1d-97f4-516b572b2f9d,1697664260160233333
6a69421f-e399-4db8-897a-d8ef21b5e0a7,707b6ccf-c9d9-4c1d-97f4-516b572b2f9d,1697664260198011111
6a69421f-e399-4db8-897a-d8ef21b5e0a7,707b6ccf-c9d9-4c1d-97f4-516b572b2f9d,1697664260231944444
6a69421f-e399-4db8-897a-d8ef21b5e0a7,707b6ccf-c9d9-4c1d-97f4-516b572b2f9d,1697664260260566666
6a69421f-e399-4db8-897a-d8ef21b5e0a7,707b6ccf-c9d9-4c1d-97f4-516b572b2f9d,1697664260293222222
6a69421f-e399-4db8-897a-d8ef21b5e0a7,707b6ccf-c9d9-4c1d-97f4-516b572b2f9d,1697664260331077777
6a69421f-e399-4db8-897a-d8ef21b5e0a7,707b6ccf-c9d9-4c1d-97f4-516b572b2f9d,1697664260361322222
6a69421f-e399-4db8-897a-d8ef21b5e0a7,707b6ccf-c9d9-4c1d-97f4-516b572b2f9d,1697664260392066666
6a69421f-e399-4db8-897a-d8ef21b5e0a7,707b6ccf-c9d9-4c1d-97f4-516b572b2f9d,1697664260432955555
6a69421f-e399-4db8-897a-d8ef21b5e0a7,707b6ccf-c9d9-4c1d-97f4-516b572b2f9d,1697664260461833333
6a69421f-e399-4db8-897a-d8ef21b5e0a7,707b6ccf-c9d9-4c1d-97f4-516b572b2f9d,1697664260496155555
6a69421f-e399-4db8-897a-d8ef21b5e0a7,707b6ccf-c9d9-4c1d-97f4-516b572b2f9d,1697664260536100000
6a69421f-e399-4db8-897a-d8ef21b5e0a7,707b6ccf-c9d9-4c1d-97f4-516b572b2f9d,1697664260560400000
6a69421f-e399-4db8-897a-d8ef21b5e0a7,707b6ccf-c9d9-4c1d-97f4-516b572b2f9d,1697664260592644444
6a69421f-e399-4db8-897a-d8ef21b5e0a7,707b6ccf-c9d9-4c1d-97f4-516b572b2f9d,1697664260625100000
6a69421f-e399-4db8-897a-d8ef21b5e0a7,707b6ccf-c9d9-4c1d-97f4-516b572b2f9d,1697664260651788888
6a69421f-e399-4db8-897a-d8ef21b5e0a7,707b6ccf-c9d9-4c1d-97f4-516b572b2f9d,1697664260708422222
6a69421f-e399-4db8-897a-d8ef21b5e0a7,707b6ccf-c9d9-4c1d-97f4-516b572b2f9d,1697664260720177777
6a69421f-e399-4db8-897a-d8ef21b5e0a7,707b6ccf-c9d9-4c1d-97f4-516b572b2f9d,1697664260751433333
6a69421f-e399-4db8-897a-d8ef21b5e0a7,707b6ccf-c9d9-4c1d-97f4-516b572b2f9d,1697664260793333333
6a69421f-e399-4db8-897a-d8ef21b5e0a7,707b6ccf-c9d9-4c1d-97f4-516b572b2f9d,1697664260834266666
6a69421f-e399-4db8-897a-d8ef21b5e0a7,707b6ccf-c9d9-4c1d-97f4-516b572b2f9d,1697664260864100000
6a69421f-e399-4db8-897a-d8ef21b5e0a7,707b6ccf-c9d9-4c1d-97f4-516b572b2f9d,1697664260893044444
6a69421f-e399-4db8-897a-d8ef21b5e0a7,707b6ccf-c9d9-4c1d-97f4-516b572b2f9d,1697664260929588888
6a69421f-e399-4db8-897a-d8ef21b5e0a7,707b6ccf-c9d9-4c1d-97f4-516b572b2f9d,1697664260960500000
6a69421f-e399-4db8-897a-d8ef21b5e0a7,707b6ccf-c9d9-4c1d-97f4-516b572b2f9d,1697664260994877777
6a69421f-e399-4db8-897a-d8ef21b5e0a7,707b6ccf-c9d9-4c1d-97f4-516b572b2f9d,1697664261036911111
6a69421f-e399-4db8-897a-d8ef21b5e0a7,707b6ccf-c9d9-4c1d-97f4-516b572b2f9d,1697664261063177777
6a69421f-e399-4db8-897a-d8ef21b5e0a7,707b6ccf-c9d9-4c1d-97f4-516b572b2f9d,1697664261085255555
6a69421f-e399-4db8-897a-d8ef21b5e0a7,707b6ccf-c9d9-4c1d-97f4-516b572b2f9d,1697664261132144444
6a69421f-e399-4db8-897a-d8ef21b5e0a7,707b6ccf-c9d9-4c1d-97f4-516b572b2f9d,1697664261163511111
6a69421f-e399-4db8-897a-d8ef21b5e0a7,707b6ccf-c9d9-4c1d-97f4-516b572b2f9d,1697664261187600000
6a69421f-e399-4db8-897a-d8ef21b5e0a7,707b6ccf-c9d9-4c1d-97f4-516b572b2f9d,1697664261243177777
6a69421f-e399-4db8-897a-d8ef21b5e0a7,707b6ccf-c9d9-4c1d-97f4-516b572b2f9d,1697664261263544444
6a69421f-e399-4db8-897a-d8ef21b5e0a7,707b6ccf-c9d9-4c1d-97f4-516b572b2f9d,1697664261284711111
6a69421f-e399-4db8-897a-d8ef21b5e0a7,707b6ccf-c9d9-4c1d-97f4-516b572b2f9d,1697664261318833333
6a69421f-e399-4db8-897a-d8ef21b5e0a7,707b6ccf-c9d9-4c1d-97f4-516b572b2f9d,1697664261349288888
6a69421f-e399-4db8-897a-d8ef21b5e0a7,707b6ccf-c9d9-4c1d-97f4-516b572b2f9d,1697664261383077777
6a69421f-e399-4db8-897a-d8ef21b5e0a7,707b6ccf-c9d9-4c1d-97f4-516b572b2f9d,1697664261433222222
6a69421f-e399-4db8-897a-d8ef21b5e0a7,707b6ccf-c9d9-4c1d-97f4-516b572b2f9d,1697664261461011111
6a69421f-e399-4db8-897a-d8ef21b5e0a7,707b6ccf-c9d9-4c1d-97f4-516b572b2f9d,1697664261482588888
6a69421f-e399-4db8-897a-d8ef21b5e0a7,707b6ccf-c9d9-4c1d-97f4-516b572b2f9d,1697664261542900000
6a69421f-e399-4db8-897a-d8ef21b5e0a7,707b6ccf-c9d9-4c1d-97f4-516b572b2f9d,1697664261563233333
6a69421f-e399-4db8-897a-d8ef21b5e0a7,707b6ccf-c9d9-4c1d-97f4-516b572b2f9d,1697664261594911111
6a69421f-e399-4db8-897a-d8ef21b5e0a7,707b6ccf-c9d9-4c1d-97f4-516b572b2f9d,1697664261629733333
6a69421f-e399-4db8-897a-d8ef21b5e0a7,707b6ccf-c9d9-4c1d-97f4-516b572b2f9d,1697664261662722222
6a69421f-e399-4db8-897a-d8ef21b5e0a7,707b6ccf-c9d9-4c1d-97f4-516b572b2f9d,1697664261685300000
6a69421f-e399-4db8-897a-d8ef21b5e0a7,707b6ccf-c9d9-4c1d-97f4-516b572b2f9d,1697664261736177777
6a69421f-e399-4db8-897a-d8ef21b5e0a7,707b6ccf-c9d9-4c1d-97f4-516b572b2f9d,1697664261760566666
6a69421f-e399-4db8-897a-d8ef21b5e0a7,707b6ccf-c9d9-4c1d-97f4-516b572b2f9d,1697664261791033333
6a69421f-e399-4db8-897a-d8ef21b5e0a7,707b6ccf-c9d9-4c1d-97f4-516b572b2f9d,1697664261829933333
6a69421f-e399-4db8-897a-d8ef21b5e0a7,707b6ccf-c9d9-4c1d-97f4-516b572b2f9d,1697664261863733333
6a69421f-e399-4db8-897a-d8ef21b5e0a7,707b6ccf-c9d9-4c1d-97f4-516b572b2f9d,1697664261894488888
6a69421f-e399-4db8-897a-d8ef21b5e0a7,707b6ccf-c9d9-4c1d-97f4-516b572b2f9d,1697664261926911111
6a69421f-e399-4db8-897a-d8ef21b5e0a7,707b6ccf-c9d9-4c1d-97f4-516b572b2f9d,1697664261972633333
6a69421f-e399-4db8-897a-d8ef21b5e0a7,707b6ccf-c9d9-4c1d-97f4-516b572b2f9d,1697664261981322222
6a69421f-e399-4db8-897a-d8ef21b5e0a7,707b6ccf-c9d9-4c1d-97f4-516b572b2f9d,1697664262039355555
6a69421f-e399-4db8-897a-d8ef21b5e0a7,707b6ccf-c9d9-4c1d-97f4-516b572b2f9d,1697664262062677777
6a69421f-e399-4db8-897a-d8ef21b5e0a7,707b6ccf-c9d9-4c1d-97f4-516b572b2f9d,1697664262090811111
6a69421f-e399-4db8-897a-d8ef21b5e0a7,707b6ccf-c9d9-4c1d-97f4-516b572b2f9d,1697664262120366666
6a69421f-e399-4db8-897a-d8ef21b5e0a7,707b6ccf-c9d9-4c1d-97f4-516b572b2f9d,1697664262160955555
6a69421f-e399-4db8-897a-d8ef21b5e0a7,707b6ccf-c9d9-4c1d-97f4-516b572b2f9d,1697664262190844444
6a69421f-e399-4db8-897a-d8ef21b5e0a7,707b6ccf-c9d9-4c1d-97f4-516b572b2f9d,1697664262230855555
6a69421f-e399-4db8-897a-d8ef21b5e0a7,707b6ccf-c9d9-4c1d-97f4-516b572b2f9d,1697664262264344444
6a69421f-e399-4db8-897a-d8ef21b5e0a7,707b6ccf-c9d9-4c1d-97f4-516b572b2f9d,1697664262292066666
6a69421f-e399-4db8-897a-d8ef21b5e0a7,707b6ccf-c9d9-4c1d-97f4-516b572b2f9d,1697664262335122222
6a69421f-e399-4db8-897a-d8ef21b5e0a7,707b6ccf-c9d9-4c1d-97f4-516b572b2f9d,1697664262363111111
6a69421f-e399-4db8-897a-d8ef21b5e0a7,707b6ccf-c9d9-4c1d-97f4-516b572b2f9d,1697664262392688888
6a69421f-e399-4db8-897a-d8ef21b5e0a7,707b6ccf-c9d9-4c1d-97f4-516b572b2f9d,1697664262432588888
6a69421f-e399-4db8-897a-d8ef21b5e0a7,707b6ccf-c9d9-4c1d-97f4-516b572b2f9d,1697664262460444444
6a69421f-e399-4db8-897a-d8ef21b5e0a7,707b6ccf-c9d9-4c1d-97f4-516b572b2f9d,1697664262492222222
6a69421f-e399-4db8-897a-d8ef21b5e0a7,707b6ccf-c9d9-4c1d-97f4-516b572b2f9d,1697664262531544444
6a69421f-e399-4db8-897a-d8ef21b5e0a7,707b6ccf-c9d9-4c1d-97f4-516b572b2f9d,1697664262565022222
6a69421f-e399-4db8-897a-d8ef21b5e0a7,707b6ccf-c9d9-4c1d-97f4-516b572b2f9d,1697664262594188888
6a69421f-e399-4db8-897a-d8ef21b5e0a7,707b6ccf-c9d9-4c1d-97f4-516b572b2f9d,1697664262649211111
6a69421f-e399-4db8-897a-d8ef21b5e0a7,707b6ccf-c9d9-4c1d-97f4-516b572b2f9d,1697664262663611111
6a69421f-e399-4db8-897a-d8ef21b5e0a7,707b6ccf-c9d9-4c1d-97f4-516b572b2f9d,1697664262686966666
6a69421f-e399-4db8-897a-d8ef21b5e0a7,707b6ccf-c9d9-4c1d-97f4-516b572b2f9d,1697664262723044444
6a69421f-e399-4db8-897a-d8ef21b5e0a7,707b6ccf-c9d9-4c1d-97f4-516b572b2f9d,1697664262756466666
6a69421f-e399-4db8-897a-d8ef21b5e0a7,707b6ccf-c9d9-4c1d-97f4-516b572b2f9d,1697664262785522222
6a69421f-e399-4db8-897a-d8ef21b5e0a7,707b6ccf-c9d9-4c1d-97f4-516b572b2f9d,1697664262831077777
6a69421f-e399-4db8-897a-d8ef21b5e0a7,707b6ccf-c9d9-4c1d-97f4-516b572b2f9d,1697664262869277777
6a69421f-e399-4db8-897a-d8ef21b5e0a7,707b6ccf-c9d9-4c1d-97f4-516b572b2f9d,1697664262898311111
6a69421f-e399-4db8-897a-d8ef21b5e0a7,707b6ccf-c9d9-4c1d-97f4-516b572b2f9d,1697664262933111111
6a69421f-e399-4db8-897a-d8ef21b5e0a7,707b6ccf-c9d9-4c1d-97f4-516b572b2f9d,1697664262962277777
6a69421f-e399-4db8-897a-d8ef21b5e0a7,707b6ccf-c9d9-4c1d-97f4-516b572b2f9d,1697664262987155555
6a69421f-e399-4db8-897a-d8ef21b5e0a7,707b6ccf-c9d9-4c1d-97f4-516b572b2f9d,1697664263040277777
6a69421f-e399-4db8-897a-d8ef21b5e0a7,707b6ccf-c9d9-4c1d-97f4-516b572b2f9d,1697664263063000000
6a69421f-e399-4db8-897a-d8ef21b5e0a7,707b6ccf-c9d9-4c1d-97f4-516b572b2f9d,1697664263090311111
6a69421f-e399-4db8-897a-d8ef21b5e0a7,707b6ccf-c9d9-4c1d-97f4-516b572b2f9d,1697664263141588888
6a69421f-e399-4db8-897a-d8ef21b5e0a7,707b6ccf-c9d9-4c1d-97f4-516b572b2f9d,1697664263164822222
6a69421f-e399-4db8-897a-d8ef21b5e0a7,707b6ccf-c9d9-4c1d-97f4-516b572b2f9d,1697664263186411111
6a69421f-e399-4db8-897a-d8ef21b5e0a7,707b6ccf-c9d9-4c1d-97f4-516b572b2f9d,1697664263231244444
6a69421f-e399-4db8-897a-d8ef21b5e0a7,707b6ccf-c9d9-4c1d-97f4-516b572b2f9d,1697664263262288888
6a69421f-e399-4db8-897a-d8ef21b5e0a7,707b6ccf-c9d9-4c1d-97f4-516b572b2f9d,1697664263289422222
6a69421f-e399-4db8-897a-d8ef21b5e0a7,707b6ccf-c9d9-4c1d-97f4-516b572b2f9d,1697664263347500000
6a69421f-e399-4db8-897a-d8ef21b5e0a7,707b6ccf-c9d9-4c1d-97f4-516b572b2f9d,1697664263361077777
6a69421f-e399-4db8-897a-d8ef21b5e0a7,707b6ccf-c9d9-4c1d-97f4-516b572b2f9d,1697664263397833333
6a69421f-e399-4db8-897a-d8ef21b5e0a7,707b6ccf-c9d9-4c1d-97f4-516b572b2f9d,1697664263443977777
6a69421f-e399-4db8-897a-d8ef21b5e0a7,707b6ccf-c9d9-4c1d-97f4-516b572b2f9d,1697664263457400000
6a69421f-e399-4db8-897a-d8ef21b5e0a7,707b6ccf-c9d9-4c1d-97f4-516b572b2f9d,1697664263482733333
6a69421f-e399-4db8-897a-d8ef21b5e0a7,707b6ccf-c9d9-4c1d-97f4-516b572b2f9d,1697664263533011111
6a69421f-e399-4db8-897a-d8ef21b5e0a7,707b6ccf-c9d9-4c1d-97f4-516b572b2f9d,1697664263562833333
6a69421f-e399-4db8-897a-d8ef21b5e0a7,707b6ccf-c9d9-4c1d-97f4-516b572b2f9d,1697664263594922222
6a69421f-e399-4db8-897a-d8ef21b5e0a7,707b6ccf-c9d9-4c1d-97f4-516b572b2f9d,1697664263631744444
6a69421f-e399-4db8-897a-d8ef21b5e0a7,707b6ccf-c9d9-4c1d-97f4-516b572b2f9d,1697664263663844444
6a69421f-e399-4db8-897a-d8ef21b5e0a7,707b6ccf-c9d9-4c1d-97f4-516b572b2f9d,1697664263687611111
6a69421f-e399-4db8-897a-d8ef21b5e0a7,707b6ccf-c9d9-4c1d-97f4-516b572b2f9d,1697664263731322222
6a69421f-e399-4db8-897a-d8ef21b5e0a7,707b6ccf-c9d9-4c1d-97f4-516b572b2f9d,1697664263770566666
6a69421f-e399-4db8-897a-d8ef21b5e0a7,707b6ccf-c9d9-4c1d-97f4-516b572b2f9d,1697664263798288888
6a69421f-e399-4db8-897a-d8ef21b5e0a7,707b6ccf-c9d9-4c1d-97f4-516b572b2f9d,1697664263832166666
6a69421f-e399-4db8-897a-d8ef21b5e0a7,707b6ccf-c9d9-4c1d-97f4-516b572b2f9d,1697664263863611111
6a69421f-e399-4db8-897a-d8ef21b5e0a7,707b6ccf-c9d9-4c1d-97f4-516b572b2f9d,1697664263889122222
6a69421f-e399-4db8-897a-d8ef21b5e0a7,707b6ccf-c9d9-4c1d-97f4-516b572b2f9d,1697664263925466666
6a69421f-e399-4db8-897a-d8ef21b5e0a7,707b6ccf-c9d9-4c1d-97f4-516b572b2f9d,1697664263973711111
6a69421f-e399-4db8-897a-d8ef21b5e0a7,707b6ccf-c9d9-4c1d-97f4-516b572b2f9d,1697664264003800000
6a69421f-e399-4db8-897a-d8ef21b5e0a7,707b6ccf-c9d9-4c1d-97f4-516b572b2f9d,1697664264017200000
6a69421f-e399-4db8-897a-d8ef21b5e0a7,707b6ccf-c9d9-4c1d-97f4-516b572b2f9d,1697664264054022222
6a69421f-e399-4db8-897a-d8ef21b5e0a7,707b6ccf-c9d9-4c1d-97f4-516b572b2f9d,1697664264083733333
6a69421f-e399-4db8-897a-d8ef21b5e0a7,707b6ccf-c9d9-4c1d-97f4-516b572b2f9d,1697664264121500000
6a69421f-e399-4db8-897a-d8ef21b5e0a7,707b6ccf-c9d9-4c1d-97f4-516b572b2f9d,1697664264152866666
6a69421f-e399-4db8-897a-d8ef21b5e0a7,707b6ccf-c9d9-4c1d-97f4-516b572b2f9d,1697664264193922222
6a69421f-e399-4db8-897a-d8ef21b5e0a7,707b6ccf-c9d9-4c1d-97f4-516b572b2f9d,1697664264247133333
6a69421f-e399-4db8-897a-d8ef21b5e0a7,707b6ccf-c9d9-4c1d-97f4-516b572b2f9d,1697664264271155555
6a69421f-e399-4db8-897a-d8ef21b5e0a7,707b6ccf-c9d9-4c1d-97f4-516b572b2f9d,1697664264291488888
6a69421f-e399-4db8-897a-d8ef21b5e0a7,707b6ccf-c9d9-4c1d-97f4-516b572b2f9d,1697664264323688888
6a69421f-e399-4db8-897a-d8ef21b5e0a7,707b6ccf-c9d9-4c1d-97f4-516b572b2f9d,1697664264359655555
6a69421f-e399-4db8-897a-d8ef21b5e0a7,707b6ccf-c9d9-4c1d-97f4-516b572b2f9d,1697664264392677777
6a69421f-e399-4db8-897a-d8ef21b5e0a7,707b6ccf-c9d9-4c1d-97f4-516b572b2f9d,1697664264430044444
6a69421f-e399-4db8-897a-d8ef21b5e0a7,707b6ccf-c9d9-4c1d-97f4-516b572b2f9d,1697664264465233333
6a69421f-e399-4db8-897a-d8ef21b5e0a7,707b6ccf-c9d9-4c1d-97f4-516b572b2f9d,1697664264494511111
6a69421f-e399-4db8-897a-d8ef21b5e0a7,707b6ccf-c9d9-4c1d-97f4-516b572b2f9d,1697664264526022222
6a69421f-e399-4db8-897a-d8ef21b5e0a7,707b6ccf-c9d9-4c1d-97f4-516b572b2f9d,1697664264564433333
6a69421f-e399-4db8-897a-d8ef21b5e0a7,707b6ccf-c9d9-4c1d-97f4-516b572b2f9d,1697664264594300000
6a69421f-e399-4db8-897a-d8ef21b5e0a7,707b6ccf-c9d9-4c1d-97f4-516b572b2f9d,1697664264625611111
6a69421f-e399-4db8-897a-d8ef21b5e0a7,707b6ccf-c9d9-4c1d-97f4-516b572b2f9d,1697664264671344444
6a69421f-e399-4db8-897a-d8ef21b5e0a7,707b6ccf-c9d9-4c1d-97f4-516b572b2f9d,1697664264687788888
6a69421f-e399-4db8-897a-d8ef21b5e0a7,707b6ccf-c9d9-4c1d-97f4-516b572b2f9d,1697664264714877777
6a69421f-e399-4db8-897a-d8ef21b5e0a7,707b6ccf-c9d9-4c1d-97f4-516b572b2f9d,1697664264749633333
6a69421f-e399-4db8-897a-d8ef21b5e0a7,707b6ccf-c9d9-4c1d-97f4-516b572b2f9d,1697664264782711111
6a69421f-e399-4db8-897a-d8ef21b5e0a7,707b6ccf-c9d9-4c1d-97f4-516b572b2f9d,1697664264824755555
6a69421f-e399-4db8-897a-d8ef21b5e0a7,707b6ccf-c9d9-4c1d-97f4-516b572b2f9d,1697664264864222222
6a69421f-e399-4db8-897a-d8ef21b5e0a7,707b6ccf-c9d9-4c1d-97f4-516b572b2f9d,1697664264899533333
6a69421f-e399-4db8-897a-d8ef21b5e0a7,707b6ccf-c9d9-4c1d-97f4-516b572b2f9d,1697664264926666666
6a69421f-e399-4db8-897a-d8ef21b5e0a7,707b6ccf-c9d9-4c1d-97f4-516b572b2f9d,1697664264971811111
6a69421f-e399-4db8-897a-d8ef21b5e0a7,707b6ccf-c9d9-4c1d-97f4-516b572b2f9d,1697664264991600000
6a69421f-e399-4db8-897a-d8ef21b5e0a7,707b6ccf-c9d9-4c1d-97f4-516b572b2f9d,1697664265026533333
6a69421f-e399-4db8-897a-d8ef21b5e0a7,707b6ccf-c9d9-4c1d-97f4-516b572b2f9d,1697664265064588888
6a69421f-e399-4db8-897a-d8ef21b5e0a7,707b6ccf-c9d9-4c1d-97f4-516b572b2f9d,1697664265099500000
6a69421f-e399-4db8-897a-d8ef21b5e0a7,707b6ccf-c9d9-4c1d-97f4-516b572b2f9d,1697664265127277777
6a69421f-e399-4db8-897a-d8ef21b5e0a7,707b6ccf-c9d9-4c1d-97f4-516b572b2f9d,1697664265162955555
6a69421f-e399-4db8-897a-d8ef21b5e0a7,707b6ccf-c9d9-4c1d-97f4-516b572b2f9d,1697664265185433333
6a69421f-e399-4db8-897a-d8ef21b5e0a7,707b6ccf-c9d9-4c1d-97f4-516b572b2f9d,1697664265229188888
6a69421f-e399-4db8-897a-d8ef21b5e0a7,707b6ccf-c9d9-4c1d-97f4-516b572b2f9d,1697664265264488888
6a69421f-e399-4db8-897a-d8ef21b5e0a7,707b6ccf-c9d9-4c1d-97f4-516b572b2f9d,1697664265298744444
6a69421f-e399-4db8-897a-d8ef21b5e0a7,707b6ccf-c9d9-4c1d-97f4-516b572b2f9d,1697664265320288888
6a69421f-e399-4db8-897a-d8ef21b5e0a7,707b6ccf-c9d9-4c1d-97f4-516b572b2f9d,1697664265352200000
6a69421f-e399-4db8-897a-d8ef21b5e0a7,707b6ccf-c9d9-4c1d-97f4-516b572b2f9d,1697664265388511111
6a69421f-e399-4db8-897a-d8ef21b5e0a7,707b6ccf-c9d9-4c1d-97f4-516b572b2f9d,1697664265418633333
6a69421f-e399-4db8-897a-d8ef21b5e0a7,707b6ccf-c9d9-4c1d-97f4-516b572b2f9d,1697664265450988888
6a69421f-e399-4db8-897a-d8ef21b5e0a7,707b6ccf-c9d9-4c1d-97f4-516b572b2f9d,1697664265492522222
6a69421f-e399-4db8-897a-d8ef21b5e0a7,707b6ccf-c9d9-4c1d-97f4-516b572b2f9d,1697664265529255555
6a69421f-e399-4db8-897a-d8ef21b5e0a7,707b6ccf-c9d9-4c1d-97f4-516b572b2f9d,1697664265566777777
6a69421f-e399-4db8-897a-d8ef21b5e0a7,707b6ccf-c9d9-4c1d-97f4-516b572b2f9d,1697664265594833333
6a69421f-e399-4db8-897a-d8ef21b5e0a7,707b6ccf-c9d9-4c1d-97f4-516b572b2f9d,1697664265628800000
6a69421f-e399-4db8-897a-d8ef21b5e0a7,707b6ccf-c9d9-4c1d-97f4-516b572b2f9d,1697664265666077777
6a69421f-e399-4db8-897a-d8ef21b5e0a7,707b6ccf-c9d9-4c1d-97f4-516b572b2f9d,1697664265686055555
6a69421f-e399-4db8-897a-d8ef21b5e0a7,707b6ccf-c9d9-4c1d-97f4-516b572b2f9d,1697664265731511111
6a69421f-e399-4db8-897a-d8ef21b5e0a7,707b6ccf-c9d9-4c1d-97f4-516b572b2f9d,1697664265761066666
6a69421f-e399-4db8-897a-d8ef21b5e0a7,707b6ccf-c9d9-4c1d-97f4-516b572b2f9d,1697664265786577777
6a69421f-e399-4db8-897a-d8ef21b5e0a7,707b6ccf-c9d9-4c1d-97f4-516b572b2f9d,1697664265834966666
6a69421f-e399-4db8-897a-d8ef21b5e0a7,707b6ccf-c9d9-4c1d-97f4-516b572b2f9d,1697664265865700000
6a69421f-e399-4db8-897a-d8ef21b5e0a7,707b6ccf-c9d9-4c1d-97f4-516b572b2f9d,1697664265897311111
6a69421f-e399-4db8-897a-d8ef21b5e0a7,707b6ccf-c9d9-4c1d-97f4-516b572b2f9d,1697664265930066666
6a69421f-e399-4db8-897a-d8ef21b5e0a7,707b6ccf-c9d9-4c1d-97f4-516b572b2f9d,1697664265962444444
6a69421f-e399-4db8-897a-d8ef21b5e0a7,707b6ccf-c9d9-4c1d-97f4-516b572b2f9d,1697664265986366666
6a69421f-e399-4db8-897a-d8ef21b5e0a7,707b6ccf-c9d9-4c1d-97f4-516b572b2f9d,1697664266017400000
6a69421f-e399-4db8-897a-d8ef21b5e0a7,707b6ccf-c9d9-4c1d-97f4-516b572b2f9d,1697664266065255555
6a69421f-e399-4db8-897a-d8ef21b5e0a7,707b6ccf-c9d9-4c1d-97f4-516b572b2f9d,1697664266101144444
6a69421f-e399-4db8-897a-d8ef21b5e0a7,707b6ccf-c9d9-4c1d-97f4-516b572b2f9d,1697664266116777777
6a69421f-e399-4db8-897a-d8ef21b5e0a7,707b6ccf-c9d9-4c1d-97f4-516b572b2f9d,1697664266162822222
6a69421f-e399-4db8-897a-d8ef21b5e0a7,707b6ccf-c9d9-4c1d-97f4-516b572b2f9d,1697664266186355555
6a69421f-e399-4db8-897a-d8ef21b5e0a7,707b6ccf-c9d9-4c1d-97f4-516b572b2f9d,1697664266230311111
6a69421f-e399-4db8-897a-d8ef21b5e0a7,707b6ccf-c9d9-4c1d-97f4-516b572b2f9d,1697664266260766666
6a69421f-e399-4db8-897a-d8ef21b5e0a7,707b6ccf-c9d9-4c1d-97f4-516b572b2f9d,1697664266286555555
6a69421f-e399-4db8-897a-d8ef21b5e0a7,707b6ccf-c9d9-4c1d-97f4-516b572b2f9d,1697664266332688888
6a69421f-e399-4db8-897a-d8ef21b5e0a7,707b6ccf-c9d9-4c1d-97f4-516b572b2f9d,1697664266363488888
6a69421f-e399-4db8-897a-d8ef21b5e0a7,707b6ccf-c9d9-4c1d-97f4-516b572b2f9d,1697664266384466666
6a69421f-e399-4db8-897a-d8ef21b5e0a7,707b6ccf-c9d9-4c1d-97f4-516b572b2f9d,1697664266428455555
6a69421f-e399-4db8-897a-d8ef21b5e0a7,707b6ccf-c9d9-4c1d-97f4-516b572b2f9d,1697664266464277777
6a69421f-e399-4db8-897a-d8ef21b5e0a7,707b6ccf-c9d9-4c1d-97f4-516b572b2f9d,1697664266486322222
6a69421f-e399-4db8-897a-d8ef21b5e0a7,707b6ccf-c9d9-4c1d-97f4-516b572b2f9d,1697664266534077777
6a69421f-e399-4db8-897a-d8ef21b5e0a7,707b6ccf-c9d9-4c1d-97f4-516b572b2f9d,1697664266563655555
6a69421f-e399-4db8-897a-d8ef21b5e0a7,707b6ccf-c9d9-4c1d-97f4-516b572b2f9d,1697664266587822222
6a69421f-e399-4db8-897a-d8ef21b5e0a7,707b6ccf-c9d9-4c1d-97f4-516b572b2f9d,1697664266635522222
6a69421f-e399-4db8-897a-d8ef21b5e0a7,707b6ccf-c9d9-4c1d-97f4-516b572b2f9d,1697664266675588888
6a69421f-e399-4db8-897a-d8ef21b5e0a7,707b6ccf-c9d9-4c1d-97f4-516b572b2f9d,1697664266689311111
6a69421f-e399-4db8-897a-d8ef21b5e0a7,707b6ccf-c9d9-4c1d-97f4-516b572b2f9d,1697664266713522222
6a69421f-e399-4db8-897a-d8ef21b5e0a7,707b6ccf-c9d9-4c1d-97f4-516b572b2f9d,1697664266750488888
6a69421f-e399-4db8-897a-d8ef21b5e0a7,707b6ccf-c9d9-4c1d-97f4-516b572b2f9d,1697664266783655555
6a69421f-e399-4db8-897a-d8ef21b5e0a7,707b6ccf-c9d9-4c1d-97f4-516b572b2f9d,1697664266824155555
6a69421f-e399-4db8-897a-d8ef21b5e0a7,707b6ccf-c9d9-4c1d-97f4-516b572b2f9d,1697664266859400000
6a69421f-e399-4db8-897a-d8ef21b5e0a7,707b6ccf-c9d9-4c1d-97f4-516b572b2f9d,1697664266893488888
6a69421f-e399-4db8-897a-d8ef21b5e0a7,707b6ccf-c9d9-4c1d-97f4-516b572b2f9d,1697664266925077777
6a69421f-e399-4db8-897a-d8ef21b5e0a7,707b6ccf-c9d9-4c1d-97f4-516b572b2f9d,1697664266961922222
6a69421f-e399-4db8-897a-d8ef21b5e0a7,707b6ccf-c9d9-4c1d-97f4-516b572b2f9d,1697664266995055555
6a69421f-e399-4db8-897a-d8ef21b5e0a7,707b6ccf-c9d9-4c1d-97f4-516b572b2f9d,1697664267030366666
6a69421f-e399-4db8-897a-d8ef21b5e0a7,707b6ccf-c9d9-4c1d-97f4-516b572b2f9d,1697664267058233333
6a69421f-e399-4db8-897a-d8ef21b5e0a7,707b6ccf-c9d9-4c1d-97f4-516b572b2f9d,1697664267096922222
6a69421f-e399-4db8-897a-d8ef21b5e0a7,707b6ccf-c9d9-4c1d-97f4-516b572b2f9d,1697664267131344444
6a69421f-e399-4db8-897a-d8ef21b5e0a7,707b6ccf-c9d9-4c1d-97f4-516b572b2f9d,1697664267163000000
6a69421f-e399-4db8-897a-d8ef21b5e0a7,707b6ccf-c9d9-4c1d-97f4-516b572b2f9d,1697664267191622222
6a69421f-e399-4db8-897a-d8ef21b5e0a7,707b6ccf-c9d9-4c1d-97f4-516b572b2f9d,1697664267231433333
6a69421f-e399-4db8-897a-d8ef21b5e0a7,707b6ccf-c9d9-4c1d-97f4-516b572b2f9d,1697664267259066666
6a69421f-e399-4db8-897a-d8ef21b5e0a7,707b6ccf-c9d9-4c1d-97f4-516b572b2f9d,1697664267294466666
6a69421f-e399-4db8-897a-d8ef21b5e0a7,707b6ccf-c9d9-4c1d-97f4-516b572b2f9d,1697664267326077777
6a69421f-e399-4db8-897a-d8ef21b5e0a7,707b6ccf-c9d9-4c1d-97f4-516b572b2f9d,1697664267349077777
6a69421f-e399-4db8-897a-d8ef21b5e0a7,707b6ccf-c9d9-4c1d-97f4-516b572b2f9d,1697664267381777777
6a69421f-e399-4db8-897a-d8ef21b5e0a7,707b6ccf-c9d9-4c1d-97f4-516b572b2f9d,1697664267427400000
6a69421f-e399-4db8-897a-d8ef21b5e0a7,707b6ccf-c9d9-4c1d-97f4-516b572b2f9d,1697664267454311111
6a69421f-e399-4db8-897a-d8ef21b5e0a7,707b6ccf-c9d9-4c1d-97f4-516b572b2f9d,1697664267493111111
6a69421f-e399-4db8-897a-d8ef21b5e0a7,707b6ccf-c9d9-4c1d-97f4-516b572b2f9d,1697664267523622222
6a69421f-e399-4db8-897a-d8ef21b5e0a7,707b6ccf-c9d9-4c1d-97f4-516b572b2f9d,1697664267559144444
6a69421f-e399-4db8-897a-d8ef21b5e0a7,707b6ccf-c9d9-4c1d-97f4-516b572b2f9d,1697664267597488888
6a69421f-e399-4db8-897a-d8ef21b5e0a7,707b6ccf-c9d9-4c1d-97f4-516b572b2f9d,1697664267624144444
6a69421f-e399-4db8-897a-d8ef21b5e0a7,707b6ccf-c9d9-4c1d-97f4-516b572b2f9d,1697664267657344444
6a69421f-e399-4db8-897a-d8ef21b5e0a7,707b6ccf-c9d9-4c1d-97f4-516b572b2f9d,1697664267697588888
6a69421f-e399-4db8-897a-d8ef21b5e0a7,707b6ccf-c9d9-4c1d-97f4-516b572b2f9d,1697664267724811111
6a69421f-e399-4db8-897a-d8ef21b5e0a7,707b6ccf-c9d9-4c1d-97f4-516b572b2f9d,1697664267759088888
6a69421f-e399-4db8-897a-d8ef21b5e0a7,707b6ccf-c9d9-4c1d-97f4-516b572b2f9d,1697664267797066666
6a69421f-e399-4db8-897a-d8ef21b5e0a7,707b6ccf-c9d9-4c1d-97f4-516b572b2f9d,1697664267824166666
6a69421f-e399-4db8-897a-d8ef21b5e0a7,707b6ccf-c9d9-4c1d-97f4-516b572b2f9d,1697664267858100000
6a69421f-e399-4db8-897a-d8ef21b5e0a7,707b6ccf-c9d9-4c1d-97f4-516b572b2f9d,1697664267894755555
6a69421f-e399-4db8-897a-d8ef21b5e0a7,707b6ccf-c9d9-4c1d-97f4-516b572b2f9d,1697664267924277777
6a69421f-e399-4db8-897a-d8ef21b5e0a7,707b6ccf-c9d9-4c1d-97f4-516b572b2f9d,1697664267956200000
6a69421f-e399-4db8-897a-d8ef21b5e0a7,707b6ccf-c9d9-4c1d-97f4-516b572b2f9d,1697664267985622222
6a69421f-e399-4db8-897a-d8ef21b5e0a7,707b6ccf-c9d9-4c1d-97f4-516b572b2f9d,1697664268017766666
6a69421f-e399-4db8-897a-d8ef21b5e0a7,707b6ccf-c9d9-4c1d-97f4-516b572b2f9d,1697664268047133333
6a69421f-e399-4db8-897a-d8ef21b5e0a7,707b6ccf-c9d9-4c1d-97f4-516b572b2f9d,1697664268086011111
6a69421f-e399-4db8-897a-d8ef21b5e0a7,707b6ccf-c9d9-4c1d-97f4-516b572b2f9d,1697664268114244444
6a69421f-e399-4db8-897a-d8ef21b5e0a7,707b6ccf-c9d9-4c1d-97f4-516b572b2f9d,1697664268149155555
6a69421f-e399-4db8-897a-d8ef21b5e0a7,707b6ccf-c9d9-4c1d-97f4-516b572b2f9d,1697664268202711111
6a69421f-e399-4db8-897a-d8ef21b5e0a7,707b6ccf-c9d9-4c1d-97f4-516b572b2f9d,1697664268231488888
6a69421f-e399-4db8-897a-d8ef21b5e0a7,707b6ccf-c9d9-4c1d-97f4-516b572b2f9d,1697664268262244444
6a69421f-e399-4db8-897a-d8ef21b5e0a7,707b6ccf-c9d9-4c1d-97f4-516b572b2f9d,1697664268289177777
6a69421f-e399-4db8-897a-d8ef21b5e0a7,707b6ccf-c9d9-4c1d-97f4-516b572b2f9d,1697664268331055555
6a69421f-e399-4db8-897a-d8ef21b5e0a7,707b6ccf-c9d9-4c1d-97f4-516b572b2f9d,1697664268360777777
6a69421f-e399-4db8-897a-d8ef21b5e0a7,707b6ccf-c9d9-4c1d-97f4-516b572b2f9d,1697664268394566666
6a69421f-e399-4db8-897a-d8ef21b5e0a7,707b6ccf-c9d9-4c1d-97f4-516b572b2f9d,1697664268427188888
6a69421f-e399-4db8-897a-d8ef21b5e0a7,707b6ccf-c9d9-4c1d-97f4-516b572b2f9d,1697664268457177777
6a69421f-e399-4db8-897a-d8ef21b5e0a7,707b6ccf-c9d9-4c1d-97f4-516b572b2f9d,1697664268492422222
6a69421f-e399-4db8-897a-d8ef21b5e0a7,707b6ccf-c9d9-4c1d-97f4-516b572b2f9d,1697664268526344444
6a69421f-e399-4db8-897a-d8ef21b5e0a7,707b6ccf-c9d9-4c1d-97f4-516b572b2f9d,1697664268557688888
6a69421f-e399-4db8-897a-d8ef21b5e0a7,707b6ccf-c9d9-4c1d-97f4-516b572b2f9d,1697664268592977777
6a69421f-e399-4db8-897a-d8ef21b5e0a7,707b6ccf-c9d9-4c1d-97f4-516b572b2f9d,1697664268626200000
6a69421f-e399-4db8-897a-d8ef21b5e0a7,707b6ccf-c9d9-4c1d-97f4-516b572b2f9d,1697664268676400000
6a69421f-e399-4db8-897a-d8ef21b5e0a7,707b6ccf-c9d9-4c1d-97f4-516b572b2f9d,1697664268697555555
6a69421f-e399-4db8-897a-d8ef21b5e0a7,707b6ccf-c9d9-4c1d-97f4-516b572b2f9d,1697664268716122222
6a69421f-e399-4db8-897a-d8ef21b5e0a7,707b6ccf-c9d9-4c1d-97f4-516b572b2f9d,1697664268753288888
6a69421f-e399-4db8-897a-d8ef21b5e0a7,707b6ccf-c9d9-4c1d-97f4-516b572b2f9d,1697664268793433333
6a69421f-e399-4db8-897a-d8ef21b5e0a7,707b6ccf-c9d9-4c1d-97f4-516b572b2f9d,1697664268816111111
6a69421f-e399-4db8-897a-d8ef21b5e0a7,707b6ccf-c9d9-4c1d-97f4-516b572b2f9d,1697664268858366666
6a69421f-e399-4db8-897a-d8ef21b5e0a7,707b6ccf-c9d9-4c1d-97f4-516b572b2f9d,1697664268897277777
6a69421f-e399-4db8-897a-d8ef21b5e0a7,707b6ccf-c9d9-4c1d-97f4-516b572b2f9d,1697664268930922222
6a69421f-e399-4db8-897a-d8ef21b5e0a7,707b6ccf-c9d9-4c1d-97f4-516b572b2f9d,1697664268958488888
6a69421f-e399-4db8-897a-d8ef21b5e0a7,707b6ccf-c9d9-4c1d-97f4-516b572b2f9d,1697664268993811111
6a69421f-e399-4db8-897a-d8ef21b5e0a7,707b6ccf-c9d9-4c1d-97f4-516b572b2f9d,1697664269026044444
6a69421f-e399-4db8-897a-d8ef21b5e0a7,707b6ccf-c9d9-4c1d-97f4-516b572b2f9d,1697664269058266666
6a69421f-e399-4db8-897a-d8ef21b5e0a7,707b6ccf-c9d9-4c1d-97f4-516b572b2f9d,1697664269099511111
6a69421f-e399-4db8-897a-d8ef21b5e0a7,707b6ccf-c9d9-4c1d-97f4-516b572b2f9d,1697664269127100000
6a69421f-e399-4db8-897a-d8ef21b5e0a7,707b6ccf-c9d9-4c1d-97f4-516b572b2f9d,1697664269163688888
6a69421f-e399-4db8-897a-d8ef21b5e0a7,707b6ccf-c9d9-4c1d-97f4-516b572b2f9d,1697664269190355555
6a69421f-e399-4db8-897a-d8ef21b5e0a7,707b6ccf-c9d9-4c1d-97f4-516b572b2f9d,1697664269225877777
6a69421f-e399-4db8-897a-d8ef21b5e0a7,707b6ccf-c9d9-4c1d-97f4-516b572b2f9d,1697664269257355555
6a69421f-e399-4db8-897a-d8ef21b5e0a7,707b6ccf-c9d9-4c1d-97f4-516b572b2f9d,1697664269301022222
6a69421f-e399-4db8-897a-d8ef21b5e0a7,707b6ccf-c9d9-4c1d-97f4-516b572b2f9d,1697664269316244444
6a69421f-e399-4db8-897a-d8ef21b5e0a7,707b6ccf-c9d9-4c1d-97f4-516b572b2f9d,1697664269352311111
6a69421f-e399-4db8-897a-d8ef21b5e0a7,707b6ccf-c9d9-4c1d-97f4-516b572b2f9d,1697664269381588888
6a69421f-e399-4db8-897a-d8ef21b5e0a7,707b6ccf-c9d9-4c1d-97f4-516b572b2f9d,1697664269421966666
6a69421f-e399-4db8-897a-d8ef21b5e0a7,707b6ccf-c9d9-4c1d-97f4-516b572b2f9d,1697664269446900000
6a69421f-e399-4db8-897a-d8ef21b5e0a7,707b6ccf-c9d9-4c1d-97f4-516b572b2f9d,1697664269491711111
6a69421f-e399-4db8-897a-d8ef21b5e0a7,707b6ccf-c9d9-4c1d-97f4-516b572b2f9d,1697664269523188888
6a69421f-e399-4db8-897a-d8ef21b5e0a7,707b6ccf-c9d9-4c1d-97f4-516b572b2f9d,1697664269563711111
6a69421f-e399-4db8-897a-d8ef21b5e0a7,707b6ccf-c9d9-4c1d-97f4-516b572b2f9d,1697664269602744444
6a69421f-e399-4db8-897a-d8ef21b5e0a7,707b6ccf-c9d9-4c1d-97f4-516b572b2f9d,1697664269616966666
6a69421f-e399-4db8-897a-d8ef21b5e0a7,707b6ccf-c9d9-4c1d-97f4-516b572b2f9d,1697664269660722222
6a69421f-e399-4db8-897a-d8ef21b5e0a7,707b6ccf-c9d9-4c1d-97f4-516b572b2f9d,1697664269700433333
6a69421f-e399-4db8-897a-d8ef21b5e0a7,707b6ccf-c9d9-4c1d-97f4-516b572b2f9d,1697664269730044444
6a69421f-e399-4db8-897a-d8ef21b5e0a7,707b6ccf-c9d9-4c1d-97f4-516b572b2f9d,1697664269761033333
6a69421f-e399-4db8-897a-d8ef21b5e0a7,707b6ccf-c9d9-4c1d-97f4-516b572b2f9d,1697664269790088888
6a69421f-e399-4db8-897a-d8ef21b5e0a7,707b6ccf-c9d9-4c1d-97f4-516b572b2f9d,1697664269825200000
6a69421f-e399-4db8-897a-d8ef21b5e0a7,707b6ccf-c9d9-4c1d-97f4-516b572b2f9d,1697664269856622222
6a69421f-e399-4db8-897a-d8ef21b5e0a7,707b6ccf-c9d9-4c1d-97f4-516b572b2f9d,1697664269895944444
6a69421f-e399-4db8-897a-d8ef21b5e0a7,707b6ccf-c9d9-4c1d-97f4-516b572b2f9d,1697664269925600000
6a69421f-e399-4db8-897a-d8ef21b5e0a7,707b6ccf-c9d9-4c1d-97f4-516b572b2f9d,1697664269961633333
6a69421f-e399-4db8-897a-d8ef21b5e0a7,707b6ccf-c9d9-4c1d-97f4-516b572b2f9d,1697664269993422222
6a69421f-e399-4db8-897a-d8ef21b5e0a7,707b6ccf-c9d9-4c1d-97f4-516b572b2f9d,1697664270020755555
6a69421f-e399-4db8-897a-d8ef21b5e0a7,707b6ccf-c9d9-4c1d-97f4-516b572b2f9d,1697664270047288888
6a69421f-e399-4db8-897a-d8ef21b5e0a7,707b6ccf-c9d9-4c1d-97f4-516b572b2f9d,1697664270082622222
6a69421f-e399-4db8-897a-d8ef21b5e0a7,707b6ccf-c9d9-4c1d-97f4-516b572b2f9d,1697664270123555555
6a69421f-e399-4db8-897a-d8ef21b5e0a7,707b6ccf-c9d9-4c1d-97f4-516b572b2f9d,1697664270150144444
6a69421f-e399-4db8-897a-d8ef21b5e0a7,707b6ccf-c9d9-4c1d-97f4-516b572b2f9d,1697664270191488888
6a69421f-e399-4db8-897a-d8ef21b5e0a7,707b6ccf-c9d9-4c1d-97f4-516b572b2f9d,1697664270226355555
6a69421f-e399-4db8-897a-d8ef21b5e0a7,707b6ccf-c9d9-4c1d-97f4-516b572b2f9d,1697664270258088888
6a69421f-e399-4db8-897a-d8ef21b5e0a7,707b6ccf-c9d9-4c1d-97f4-516b572b2f9d,1697664270290988888
6a69421f-e399-4db8-897a-d8ef21b5e0a7,707b6ccf-c9d9-4c1d-97f4-516b572b2f9d,1697664270325700000
6a69421f-e399-4db8-897a-d8ef21b5e0a7,707b6ccf-c9d9-4c1d-97f4-516b572b2f9d,1697664270361466666
6a69421f-e399-4db8-897a-d8ef21b5e0a7,707b6ccf-c9d9-4c1d-97f4-516b572b2f9d,1697664270389033333
6a69421f-e399-4db8-897a-d8ef21b5e0a7,707b6ccf-c9d9-4c1d-97f4-516b572b2f9d,1697664270427111111
6a69421f-e399-4db8-897a-d8ef21b5e0a7,707b6ccf-c9d9-4c1d-97f4-516b572b2f9d,1697664270463333333
6a69421f-e399-4db8-897a-d8ef21b5e0a7,707b6ccf-c9d9-4c1d-97f4-516b572b2f9d,1697664270481811111
6a69421f-e399-4db8-897a-d8ef21b5e0a7,707b6ccf-c9d9-4c1d-97f4-516b572b2f9d,1697664270533800000
6a69421f-e399-4db8-897a-d8ef21b5e0a7,707b6ccf-c9d9-4c1d-97f4-516b572b2f9d,1697664270558833333
6a69421f-e399-4db8-897a-d8ef21b5e0a7,707b6ccf-c9d9-4c1d-97f4-516b572b2f9d,1697664270589433333
6a69421f-e399-4db8-897a-d8ef21b5e0a7,707b6ccf-c9d9-4c1d-97f4-516b572b2f9d,1697664270623822222
6a69421f-e399-4db8-897a-d8ef21b5e0a7,707b6ccf-c9d9-4c1d-97f4-516b572b2f9d,1697664270657755555
6a69421f-e399-4db8-897a-d8ef21b5e0a7,707b6ccf-c9d9-4c1d-97f4-516b572b2f9d,1697664270690855555
6a69421f-e399-4db8-897a-d8ef21b5e0a7,707b6ccf-c9d9-4c1d-97f4-516b572b2f9d,1697664270717288888
6a69421f-e399-4db8-897a-d8ef21b5e0a7,707b6ccf-c9d9-4c1d-97f4-516b572b2f9d,1697664270753155555
6a69421f-e399-4db8-897a-d8ef21b5e0a7,707b6ccf-c9d9-4c1d-97f4-516b572b2f9d,1697664270784366666
6a69421f-e399-4db8-897a-d8ef21b5e0a7,707b6ccf-c9d9-4c1d-97f4-516b572b2f9d,1697664270824233333
6a69421f-e399-4db8-897a-d8ef21b5e0a7,707b6ccf-c9d9-4c1d-97f4-516b572b2f9d,1697664270847222222
6a69421f-e399-4db8-897a-d8ef21b5e0a7,707b6ccf-c9d9-4c1d-97f4-516b572b2f9d,1697664270889944444
6a69421f-e399-4db8-897a-d8ef21b5e0a7,707b6ccf-c9d9-4c1d-97f4-516b572b2f9d,1697664270929300000
6a69421f-e399-4db8-897a-d8ef21b5e0a7,707b6ccf-c9d9-4c1d-97f4-516b572b2f9d,1697664270957588888
6a69421f-e399-4db8-897a-d8ef21b5e0a7,707b6ccf-c9d9-4c1d-97f4-516b572b2f9d,1697664270991600000
6a69421f-e399-4db8-897a-d8ef21b5e0a7,707b6ccf-c9d9-4c1d-97f4-516b572b2f9d,1697664271025211111
6a69421f-e399-4db8-897a-d8ef21b5e0a7,707b6ccf-c9d9-4c1d-97f4-516b572b2f9d,1697664271055844444
6a69421f-e399-4db8-897a-d8ef21b5e0a7,707b6ccf-c9d9-4c1d-97f4-516b572b2f9d,1697664271088211111
6a69421f-e399-4db8-897a-d8ef21b5e0a7,707b6ccf-c9d9-4c1d-97f4-516b572b2f9d,1697664271126344444
6a69421f-e399-4db8-897a-d8ef21b5e0a7,707b6ccf-c9d9-4c1d-97f4-516b572b2f9d,1697664271158933333
6a69421f-e399-4db8-897a-d8ef21b5e0a7,707b6ccf-c9d9-4c1d-97f4-516b572b2f9d,1697664271190655555
6a69421f-e399-4db8-897a-d8ef21b5e0a7,707b6ccf-c9d9-4c1d-97f4-516b572b2f9d,1697664271233533333
6a69421f-e399-4db8-897a-d8ef21b5e0a7,707b6ccf-c9d9-4c1d-97f4-516b572b2f9d,1697664271260644444
6a69421f-e399-4db8-897a-d8ef21b5e0a7,707b6ccf-c9d9-4c1d-97f4-516b572b2f9d,1697664271287033333
6a69421f-e399-4db8-897a-d8ef21b5e0a7,707b6ccf-c9d9-4c1d-97f4-516b572b2f9d,1697664271323844444
6a69421f-e399-4db8-897a-d8ef21b5e0a7,707b6ccf-c9d9-4c1d-97f4-516b572b2f9d,1697664271366911111
6a69421f-e399-4db8-897a-d8ef21b5e0a7,707b6ccf-c9d9-4c1d-97f4-516b572b2f9d,1697664271381066666
6a69421f-e399-4db8-897a-d8ef21b5e0a7,707b6ccf-c9d9-4c1d-97f4-516b572b2f9d,1697664271414455555
6a69421f-e399-4db8-897a-d8ef21b5e0a7,707b6ccf-c9d9-4c1d-97f4-516b572b2f9d,1697664271445688888
6a69421f-e399-4db8-897a-d8ef21b5e0a7,707b6ccf-c9d9-4c1d-97f4-516b572b2f9d,1697664271500800000
6a69421f-e399-4db8-897a-d8ef21b5e0a7,707b6ccf-c9d9-4c1d-97f4-516b572b2f9d,1697664271523511111
6a69421f-e399-4db8-897a-d8ef21b5e0a7,707b6ccf-c9d9-4c1d-97f4-516b572b2f9d,1697664271555911111
6a69421f-e399-4db8-897a-d8ef21b5e0a7,707b6ccf-c9d9-4c1d-97f4-516b572b2f9d,1697664271590822222
6a69421f-e399-4db8-897a-d8ef21b5e0a7,707b6ccf-c9d9-4c1d-97f4-516b572b2f9d,1697664271630077777
6a69421f-e399-4db8-897a-d8ef21b5e0a7,707b6ccf-c9d9-4c1d-97f4-516b572b2f9d,1697664271658411111
6a69421f-e399-4db8-897a-d8ef21b5e0a7,707b6ccf-c9d9-4c1d-97f4-516b572b2f9d,1697664271689677777
6a69421f-e399-4db8-897a-d8ef21b5e0a7,707b6ccf-c9d9-4c1d-97f4-516b572b2f9d,1697664271725122222
6a69421f-e399-4db8-897a-d8ef21b5e0a7,707b6ccf-c9d9-4c1d-97f4-516b572b2f9d,1697664271759333333
6a69421f-e399-4db8-897a-d8ef21b5e0a7,707b6ccf-c9d9-4c1d-97f4-516b572b2f9d,1697664271796033333
6a69421f-e399-4db8-897a-d8ef21b5e0a7,707b6ccf-c9d9-4c1d-97f4-516b572b2f9d,1697664271835288888
6a69421f-e399-4db8-897a-d8ef21b5e0a7,707b6ccf-c9d9-4c1d-97f4-516b572b2f9d,1697664271862677777
6a69421f-e399-4db8-897a-d8ef21b5e0a7,707b6ccf-c9d9-4c1d-97f4-516b572b2f9d,1697664271881133333
6a69421f-e399-4db8-897a-d8ef21b5e0a7,707b6ccf-c9d9-4c1d-97f4-516b572b2f9d,1697664271919688888
6a69421f-e399-4db8-897a-d8ef21b5e0a7,707b6ccf-c9d9-4c1d-97f4-516b572b2f9d,1697664271962744444
6a69421f-e399-4db8-897a-d8ef21b5e0a7,707b6ccf-c9d9-4c1d-97f4-516b572b2f9d,1697664271983355555
6a69421f-e399-4db8-897a-d8ef21b5e0a7,707b6ccf-c9d9-4c1d-97f4-516b572b2f9d,1697664272037111111
6a69421f-e399-4db8-897a-d8ef21b5e0a7,707b6ccf-c9d9-4c1d-97f4-516b572b2f9d,1697664272050344444
6a69421f-e399-4db8-897a-d8ef21b5e0a7,707b6ccf-c9d9-4c1d-97f4-516b572b2f9d,1697664272079300000
6a69421f-e399-4db8-897a-d8ef21b5e0a7,707b6ccf-c9d9-4c1d-97f4-516b572b2f9d,1697664272115677777
6a69421f-e399-4db8-897a-d8ef21b5e0a7,707b6ccf-c9d9-4c1d-97f4-516b572b2f9d,1697664272149655555
6a69421f-e399-4db8-897a-d8ef21b5e0a7,707b6ccf-c9d9-4c1d-97f4-516b572b2f9d,1697664272194755555
6a69421f-e399-4db8-897a-d8ef21b5e0a7,707b6ccf-c9d9-4c1d-97f4-516b572b2f9d,1697664272226800000
6a69421f-e399-4db8-897a-d8ef21b5e0a7,707b6ccf-c9d9-4c1d-97f4-516b572b2f9d,1697664272255011111
6a69421f-e399-4db8-897a-d8ef21b5e0a7,707b6ccf-c9d9-4c1d-97f4-516b572b2f9d,1697664272290466666
6a69421f-e399-4db8-897a-d8ef21b5e0a7,707b6ccf-c9d9-4c1d-97f4-516b572b2f9d,1697664272332311111
6a69421f-e399-4db8-897a-d8ef21b5e0a7,707b6ccf-c9d9-4c1d-97f4-516b572b2f9d,1697664272357700000
6a69421f-e399-4db8-897a-d8ef21b5e0a7,707b6ccf-c9d9-4c1d-97f4-516b572b2f9d,1697664272392288888
6a69421f-e399-4db8-897a-d8ef21b5e0a7,707b6ccf-c9d9-4c1d-97f4-516b572b2f9d,1697664272428944444
6a69421f-e399-4db8-897a-d8ef21b5e0a7,707b6ccf-c9d9-4c1d-97f4-516b572b2f9d,1697664272460577777
6a69421f-e399-4db8-897a-d8ef21b5e0a7,707b6ccf-c9d9-4c1d-97f4-516b572b2f9d,1697664272481266666
6a69421f-e399-4db8-897a-d8ef21b5e0a7,707b6ccf-c9d9-4c1d-97f4-516b572b2f9d,1697664272524966666
6a69421f-e399-4db8-897a-d8ef21b5e0a7,707b6ccf-c9d9-4c1d-97f4-516b572b2f9d,1697664272560011111
6a69421f-e399-4db8-897a-d8ef21b5e0a7,707b6ccf-c9d9-4c1d-97f4-516b572b2f9d,1697664272589611111
6a69421f-e399-4db8-897a-d8ef21b5e0a7,707b6ccf-c9d9-4c1d-97f4-516b572b2f9d,1697664272627688888
6a69421f-e399-4db8-897a-d8ef21b5e0a7,707b6ccf-c9d9-4c1d-97f4-516b572b2f9d,1697664272661088888
6a69421f-e399-4db8-897a-d8ef21b5e0a7,707b6ccf-c9d9-4c1d-97f4-516b572b2f9d,1697664272682588888
6a69421f-e399-4db8-897a-d8ef21b5e0a7,707b6ccf-c9d9-4c1d-97f4-516b572b2f9d,1697664272716811111
6a69421f-e399-4db8-897a-d8ef21b5e0a7,707b6ccf-c9d9-4c1d-97f4-516b572b2f9d,1697664272750400000
6a69421f-e399-4db8-897a-d8ef21b5e0a7,707b6ccf-c9d9-4c1d-97f4-516b572b2f9d,1697664272789700000
6a69421f-e399-4db8-897a-d8ef21b5e0a7,707b6ccf-c9d9-4c1d-97f4-516b572b2f9d,1697664272813866666
6a69421f-e399-4db8-897a-d8ef21b5e0a7,707b6ccf-c9d9-4c1d-97f4-516b572b2f9d,1697664272853044444
6a69421f-e399-4db8-897a-d8ef21b5e0a7,707b6ccf-c9d9-4c1d-97f4-516b572b2f9d,1697664272878200000
6a69421f-e399-4db8-897a-d8ef21b5e0a7,707b6ccf-c9d9-4c1d-97f4-516b572b2f9d,1697664272926688888
6a69421f-e399-4db8-897a-d8ef21b5e0a7,707b6ccf-c9d9-4c1d-97f4-516b572b2f9d,1697664272957511111
6a69421f-e399-4db8-897a-d8ef21b5e0a7,707b6ccf-c9d9-4c1d-97f4-516b572b2f9d,1697664272991377777
6a69421f-e399-4db8-897a-d8ef21b5e0a7,707b6ccf-c9d9-4c1d-97f4-516b572b2f9d,1697664273024577777
6a69421f-e399-4db8-897a-d8ef21b5e0a7,707b6ccf-c9d9-4c1d-97f4-516b572b2f9d,1697664273060111111
6a69421f-e399-4db8-897a-d8ef21b5e0a7,707b6ccf-c9d9-4c1d-97f4-516b572b2f9d,1697664273092711111
6a69421f-e399-4db8-897a-d8ef21b5e0a7,707b6ccf-c9d9-4c1d-97f4-516b572b2f9d,1697664273125211111
6a69421f-e399-4db8-897a-d8ef21b5e0a7,707b6ccf-c9d9-4c1d-97f4-516b572b2f9d,1697664273158288888
6a69421f-e399-4db8-897a-d8ef21b5e0a7,707b6ccf-c9d9-4c1d-97f4-516b572b2f9d,1697664273188544444
6a69421f-e399-4db8-897a-d8ef21b5e0a7,707b6ccf-c9d9-4c1d-97f4-516b572b2f9d,1697664273225188888
6a69421f-e399-4db8-897a-d8ef21b5e0a7,707b6ccf-c9d9-4c1d-97f4-516b572b2f9d,1697664273262711111
6a69421f-e399-4db8-897a-d8ef21b5e0a7,707b6ccf-c9d9-4c1d-97f4-516b572b2f9d,1697664273280611111
6a69421f-e399-4db8-897a-d8ef21b5e0a7,707b6ccf-c9d9-4c1d-97f4-516b572b2f9d,1697664273326200000
6a69421f-e399-4db8-897a-d8ef21b5e0a7,707b6ccf-c9d9-4c1d-97f4-516b572b2f9d,1697664273361955555
6a69421f-e399-4db8-897a-d8ef21b5e0a7,707b6ccf-c9d9-4c1d-97f4-516b572b2f9d,1697664273400833333
6a69421f-e399-4db8-897a-d8ef21b5e0a7,707b6ccf-c9d9-4c1d-97f4-516b572b2f9d,1697664273420622222
6a69421f-e399-4db8-897a-d8ef21b5e0a7,707b6ccf-c9d9-4c1d-97f4-516b572b2f9d,1697664273451700000
6a69421f-e399-4db8-897a-d8ef21b5e0a7,707b6ccf-c9d9-4c1d-97f4-516b572b2f9d,1697664273479400000
6a69421f-e399-4db8-897a-d8ef21b5e0a7,707b6ccf-c9d9-4c1d-97f4-516b572b2f9d,1697664273523555555
6a69421f-e399-4db8-897a-d8ef21b5e0a7,707b6ccf-c9d9-4c1d-97f4-516b572b2f9d,1697664273550388888
6a69421f-e399-4db8-897a-d8ef21b5e0a7,707b6ccf-c9d9-4c1d-97f4-516b572b2f9d,1697664273594111111
6a69421f-e399-4db8-897a-d8ef21b5e0a7,707b6ccf-c9d9-4c1d-97f4-516b572b2f9d,1697664273622366666
6a69421f-e399-4db8-897a-d8ef21b5e0a7,707b6ccf-c9d9-4c1d-97f4-516b572b2f9d,1697664273655188888
6a69421f-e399-4db8-897a-d8ef21b5e0a7,707b6ccf-c9d9-4c1d-97f4-516b572b2f9d,1697664273697055555
6a69421f-e399-4db8-897a-d8ef21b5e0a7,707b6ccf-c9d9-4c1d-97f4-516b572b2f9d,1697664273723311111
6a69421f-e399-4db8-897a-d8ef21b5e0a7,707b6ccf-c9d9-4c1d-97f4-516b572b2f9d,1697664273754666666
6a69421f-e399-4db8-897a-d8ef21b5e0a7,707b6ccf-c9d9-4c1d-97f4-516b572b2f9d,1697664273789400000
6a69421f-e399-4db8-897a-d8ef21b5e0a7,707b6ccf-c9d9-4c1d-97f4-516b572b2f9d,1697664273822900000
6a69421f-e399-4db8-897a-d8ef21b5e0a7,707b6ccf-c9d9-4c1d-97f4-516b572b2f9d,1697664273853977777
6a69421f-e399-4db8-897a-d8ef21b5e0a7,707b6ccf-c9d9-4c1d-97f4-516b572b2f9d,1697664273900088888
6a69421f-e399-4db8-897a-d8ef21b5e0a7,707b6ccf-c9d9-4c1d-97f4-516b572b2f9d,1697664273923200000
6a69421f-e399-4db8-897a-d8ef21b5e0a7,707b6ccf-c9d9-4c1d-97f4-516b572b2f9d,1697664273954200000
6a69421f-e399-4db8-897a-d8ef21b5e0a7,707b6ccf-c9d9-4c1d-97f4-516b572b2f9d,1697664273990588888
6a69421f-e399-4db8-897a-d8ef21b5e0a7,707b6ccf-c9d9-4c1d-97f4-516b572b2f9d,1697664274021411111
6a69421f-e399-4db8-897a-d8ef21b5e0a7,707b6ccf-c9d9-4c1d-97f4-516b572b2f9d,1697664274063200000
6a69421f-e399-4db8-897a-d8ef21b5e0a7,707b6ccf-c9d9-4c1d-97f4-516b572b2f9d,1697664274079722222
6a69421f-e399-4db8-897a-d8ef21b5e0a7,707b6ccf-c9d9-4c1d-97f4-516b572b2f9d,1697664274114677777
6a69421f-e399-4db8-897a-d8ef21b5e0a7,707b6ccf-c9d9-4c1d-97f4-516b572b2f9d,1697664274147688888
6a69421f-e399-4db8-897a-d8ef21b5e0a7,707b6ccf-c9d9-4c1d-97f4-516b572b2f9d,1697664274184866666
6a69421f-e399-4db8-897a-d8ef21b5e0a7,707b6ccf-c9d9-4c1d-97f4-516b572b2f9d,1697664274218077777
6a69421f-e399-4db8-897a-d8ef21b5e0a7,707b6ccf-c9d9-4c1d-97f4-516b572b2f9d,1697664274251111111
6a69421f-e399-4db8-897a-d8ef21b5e0a7,707b6ccf-c9d9-4c1d-97f4-516b572b2f9d,1697664274290933333
6a69421f-e399-4db8-897a-d8ef21b5e0a7,707b6ccf-c9d9-4c1d-97f4-516b572b2f9d,1697664274323322222
6a69421f-e399-4db8-897a-d8ef21b5e0a7,707b6ccf-c9d9-4c1d-97f4-516b572b2f9d,1697664274352388888
6a69421f-e399-4db8-897a-d8ef21b5e0a7,707b6ccf-c9d9-4c1d-97f4-516b572b2f9d,1697664274395022222
6a69421f-e399-4db8-897a-d8ef21b5e0a7,707b6ccf-c9d9-4c1d-97f4-516b572b2f9d,1697664274428000000
6a69421f-e399-4db8-897a-d8ef21b5e0a7,707b6ccf-c9d9-4c1d-97f4-516b572b2f9d,1697664274450911111
6a69421f-e399-4db8-897a-d8ef21b5e0a7,707b6ccf-c9d9-4c1d-97f4-516b572b2f9d,1697664274492977777
6a69421f-e399-4db8-897a-d8ef21b5e0a7,707b6ccf-c9d9-4c1d-97f4-516b572b2f9d,1697664274523700000
6a69421f-e399-4db8-897a-d8ef21b5e0a7,707b6ccf-c9d9-4c1d-97f4-516b572b2f9d,1697664274547477777
6a69421f-e399-4db8-897a-d8ef21b5e0a7,707b6ccf-c9d9-4c1d-97f4-516b572b2f9d,1697664274593788888
6a69421f-e399-4db8-897a-d8ef21b5e0a7,707b6ccf-c9d9-4c1d-97f4-516b572b2f9d,1697664274616733333
6a69421f-e399-4db8-897a-d8ef21b5e0a7,707b6ccf-c9d9-4c1d-97f4-516b572b2f9d,1697664274660588888
6a69421f-e399-4db8-897a-d8ef21b5e0a7,707b6ccf-c9d9-4c1d-97f4-516b572b2f9d,1697664274689966666
6a69421f-e399-4db8-897a-d8ef21b5e0a7,707b6ccf-c9d9-4c1d-97f4-516b572b2f9d,1697664274718377777
6a69421f-e399-4db8-897a-d8ef21b5e0a7,707b6ccf-c9d9-4c1d-97f4-516b572b2f9d,1697664274748311111
6a69421f-e399-4db8-897a-d8ef21b5e0a7,707b6ccf-c9d9-4c1d-97f4-516b572b2f9d,1697664274795011111
6a69421f-e399-4db8-897a-d8ef21b5e0a7,707b6ccf-c9d9-4c1d-97f4-516b572b2f9d,1697664274820622222
6a69421f-e399-4db8-897a-d8ef21b5e0a7,707b6ccf-c9d9-4c1d-97f4-516b572b2f9d,1697664274859500000
6a69421f-e399-4db8-897a-d8ef21b5e0a7,707b6ccf-c9d9-4c1d-97f4-516b572b2f9d,1697664274879022222
6a69421f-e399-4db8-897a-d8ef21b5e0a7,707b6ccf-c9d9-4c1d-97f4-516b572b2f9d,1697664274924022222
6a69421f-e399-4db8-897a-d8ef21b5e0a7,707b6ccf-c9d9-4c1d-97f4-516b572b2f9d,1697664274958822222
6a69421f-e399-4db8-897a-d8ef21b5e0a7,707b6ccf-c9d9-4c1d-97f4-516b572b2f9d,1697664274988888888
6a69421f-e399-4db8-897a-d8ef21b5e0a7,707b6ccf-c9d9-4c1d-97f4-516b572b2f9d,1697664275021855555
6a69421f-e399-4db8-897a-d8ef21b5e0a7,707b6ccf-c9d9-4c1d-97f4-516b572b2f9d,1697664275053288888
6a69421f-e399-4db8-897a-d8ef21b5e0a7,707b6ccf-c9d9-4c1d-97f4-516b572b2f9d,1697664275090266666
6a69421f-e399-4db8-897a-d8ef21b5e0a7,707b6ccf-c9d9-4c1d-97f4-516b572b2f9d,1697664275122655555
6a69421f-e399-4db8-897a-d8ef21b5e0a7,707b6ccf-c9d9-4c1d-97f4-516b572b2f9d,1697664275152566666
6a69421f-e399-4db8-897a-d8ef21b5e0a7,707b6ccf-c9d9-4c1d-97f4-516b572b2f9d,1697664275189155555
6a69421f-e399-4db8-897a-d8ef21b5e0a7,707b6ccf-c9d9-4c1d-97f4-516b572b2f9d,1697664275223744444
6a69421f-e399-4db8-897a-d8ef21b5e0a7,707b6ccf-c9d9-4c1d-97f4-516b572b2f9d,1697664275262822222
6a69421f-e399-4db8-897a-d8ef21b5e0a7,707b6ccf-c9d9-4c1d-97f4-516b572b2f9d,1697664275291488888
6a69421f-e399-4db8-897a-d8ef21b5e0a7,707b6ccf-c9d9-4c1d-97f4-516b572b2f9d,1697664275323188888
6a69421f-e399-4db8-897a-d8ef21b5e0a7,707b6ccf-c9d9-4c1d-97f4-516b572b2f9d,1697664275354255555
6a69421f-e399-4db8-897a-d8ef21b5e0a7,707b6ccf-c9d9-4c1d-97f4-516b572b2f9d,1697664275390777777
6a69421f-e399-4db8-897a-d8ef21b5e0a7,707b6ccf-c9d9-4c1d-97f4-516b572b2f9d,1697664275414988888
6a69421f-e399-4db8-897a-d8ef21b5e0a7,707b6ccf-c9d9-4c1d-97f4-516b572b2f9d,1697664275449744444
6a69421f-e399-4db8-897a-d8ef21b5e0a7,707b6ccf-c9d9-4c1d-97f4-516b572b2f9d,1697664275484066666
6a69421f-e399-4db8-897a-d8ef21b5e0a7,707b6ccf-c9d9-4c1d-97f4-516b572b2f9d,1697664275514244444
6a69421f-e399-4db8-897a-d8ef21b5e0a7,707b6ccf-c9d9-4c1d-97f4-516b572b2f9d,1697664275546266666
6a69421f-e399-4db8-897a-d8ef21b5e0a7,707b6ccf-c9d9-4c1d-97f4-516b572b2f9d,1697664275591844444
6a69421f-e399-4db8-897a-d8ef21b5e0a7,707b6ccf-c9d9-4c1d-97f4-516b572b2f9d,1697664275622900000
6a69421f-e399-4db8-897a-d8ef21b5e0a7,707b6ccf-c9d9-4c1d-97f4-516b572b2f9d,1697664275652911111
6a69421f-e399-4db8-897a-d8ef21b5e0a7,707b6ccf-c9d9-4c1d-97f4-516b572b2f9d,1697664275694611111
6a69421f-e399-4db8-897a-d8ef21b5e0a7,707b6ccf-c9d9-4c1d-97f4-516b572b2f9d,1697664275721677777
6a69421f-e399-4db8-897a-d8ef21b5e0a7,707b6ccf-c9d9-4c1d-97f4-516b572b2f9d,1697664275753766666
6a69421f-e399-4db8-897a-d8ef21b5e0a7,707b6ccf-c9d9-4c1d-97f4-516b572b2f9d,1697664275789144444
6a69421f-e399-4db8-897a-d8ef21b5e0a7,707b6ccf-c9d9-4c1d-97f4-516b572b2f9d,1697664275820955555
6a69421f-e399-4db8-897a-d8ef21b5e0a7,707b6ccf-c9d9-4c1d-97f4-516b572b2f9d,1697664275853444444
6a69421f-e399-4db8-897a-d8ef21b5e0a7,707b6ccf-c9d9-4c1d-97f4-516b572b2f9d,1697664275889911111
6a69421f-e399-4db8-897a-d8ef21b5e0a7,707b6ccf-c9d9-4c1d-97f4-516b572b2f9d,1697664275923422222
6a69421f-e399-4db8-897a-d8ef21b5e0a7,707b6ccf-c9d9-4c1d-97f4-516b572b2f9d,1697664275953133333
6a69421f-e399-4db8-897a-d8ef21b5e0a7,707b6ccf-c9d9-4c1d-97f4-516b572b2f9d,1697664275995177777
6a69421f-e399-4db8-897a-d8ef21b5e0a7,707b6ccf-c9d9-4c1d-97f4-516b572b2f9d,1697664276020700000
6a69421f-e399-4db8-897a-d8ef21b5e0a7,707b6ccf-c9d9-4c1d-97f4-516b572b2f9d,1697664276057688888
6a69421f-e399-4db8-897a-d8ef21b5e0a7,707b6ccf-c9d9-4c1d-97f4-516b572b2f9d,1697664276080800000
6a69421f-e399-4db8-897a-d8ef21b5e0a7,707b6ccf-c9d9-4c1d-97f4-516b572b2f9d,1697664276125800000
6a69421f-e399-4db8-897a-d8ef21b5e0a7,707b6ccf-c9d9-4c1d-97f4-516b572b2f9d,1697664276158555555
6a69421f-e399-4db8-897a-d8ef21b5e0a7,707b6ccf-c9d9-4c1d-97f4-516b572b2f9d,1697664276180411111
6a69421f-e399-4db8-897a-d8ef21b5e0a7,707b6ccf-c9d9-4c1d-97f4-516b572b2f9d,1697664276209711111
6a69421f-e399-4db8-897a-d8ef21b5e0a7,707b6ccf-c9d9-4c1d-97f4-516b572b2f9d,1697664276265177777
6a69421f-e399-4db8-897a-d8ef21b5e0a7,707b6ccf-c9d9-4c1d-97f4-516b572b2f9d,1697664276291666666
6a69421f-e399-4db8-897a-d8ef21b5e0a7,707b6ccf-c9d9-4c1d-97f4-516b572b2f9d,1697664276321044444
6a69421f-e399-4db8-897a-d8ef21b5e0a7,707b6ccf-c9d9-4c1d-97f4-516b572b2f9d,1697664276352522222
6a69421f-e399-4db8-897a-d8ef21b5e0a7,707b6ccf-c9d9-4c1d-97f4-516b572b2f9d,1697664276394866666
6a69421f-e399-4db8-897a-d8ef21b5e0a7,707b6ccf-c9d9-4c1d-97f4-516b572b2f9d,1697664276423422222
6a69421f-e399-4db8-897a-d8ef21b5e0a7,707b6ccf-c9d9-4c1d-97f4-516b572b2f9d,1697664276454822222
6a69421f-e399-4db8-897a-d8ef21b5e0a7,707b6ccf-c9d9-4c1d-97f4-516b572b2f9d,1697664276492544444
6a69421f-e399-4db8-897a-d8ef21b5e0a7,707b6ccf-c9d9-4c1d-97f4-516b572b2f9d,1697664276519644444
6a69421f-e399-4db8-897a-d8ef21b5e0a7,707b6ccf-c9d9-4c1d-97f4-516b572b2f9d,1697664276558600000
6a69421f-e399-4db8-897a-d8ef21b5e0a7,707b6ccf-c9d9-4c1d-97f4-516b572b2f9d,1697664276592588888
6a69421f-e399-4db8-897a-d8ef21b5e0a7,707b6ccf-c9d9-4c1d-97f4-516b572b2f9d,1697664276622788888
6a69421f-e399-4db8-897a-d8ef21b5e0a7,707b6ccf-c9d9-4c1d-97f4-516b572b2f9d,1697664276657988888
6a69421f-e399-4db8-897a-d8ef21b5e0a7,707b6ccf-c9d9-4c1d-97f4-516b572b2f9d,1697664276695666666
6a69421f-e399-4db8-897a-d8ef21b5e0a7,707b6ccf-c9d9-4c1d-97f4-516b572b2f9d,1697664276724122222
6a69421f-e399-4db8-897a-d8ef21b5e0a7,707b6ccf-c9d9-4c1d-97f4-516b572b2f9d,1697664276742877777
6a69421f-e399-4db8-897a-d8ef21b5e0a7,707b6ccf-c9d9-4c1d-97f4-516b572b2f9d,1697664276778344444
6a69421f-e399-4db8-897a-d8ef21b5e0a7,707b6ccf-c9d9-4c1d-97f4-516b572b2f9d,1697664276813622222
6a69421f-e399-4db8-897a-d8ef21b5e0a7,707b6ccf-c9d9-4c1d-97f4-516b572b2f9d,1697664276844500000
6a69421f-e399-4db8-897a-d8ef21b5e0a7,707b6ccf-c9d9-4c1d-97f4-516b572b2f9d,1697664276889244444
6a69421f-e399-4db8-897a-d8ef21b5e0a7,707b6ccf-c9d9-4c1d-97f4-516b572b2f9d,1697664276922644444
6a69421f-e399-4db8-897a-d8ef21b5e0a7,707b6ccf-c9d9-4c1d-97f4-516b572b2f9d,1697664276947644444
6a69421f-e399-4db8-897a-d8ef21b5e0a7,707b6ccf-c9d9-4c1d-97f4-516b572b2f9d,1697664276995288888
6a69421f-e399-4db8-897a-d8ef21b5e0a7,707b6ccf-c9d9-4c1d-97f4-516b572b2f9d,1697664277023944444
6a69421f-e399-4db8-897a-d8ef21b5e0a7,707b6ccf-c9d9-4c1d-97f4-516b572b2f9d,1697664277057877777
6a69421f-e399-4db8-897a-d8ef21b5e0a7,707b6ccf-c9d9-4c1d-97f4-516b572b2f9d,1697664277093566666
6a69421f-e399-4db8-897a-d8ef21b5e0a7,707b6ccf-c9d9-4c1d-97f4-516b572b2f9d,1697664277123422222
6a69421f-e399-4db8-897a-d8ef21b5e0a7,707b6ccf-c9d9-4c1d-97f4-516b572b2f9d,1697664277145533333
6a69421f-e399-4db8-897a-d8ef21b5e0a7,707b6ccf-c9d9-4c1d-97f4-516b572b2f9d,1697664277193388888
6a69421f-e399-4db8-897a-d8ef21b5e0a7,707b6ccf-c9d9-4c1d-97f4-516b572b2f9d,1697664277230655555
6a69421f-e399-4db8-897a-d8ef21b5e0a7,707b6ccf-c9d9-4c1d-97f4-516b572b2f9d,1697664277260055555
6a69421f-e399-4db8-897a-d8ef21b5e0a7,707b6ccf-c9d9-4c1d-97f4-516b572b2f9d,1697664277281355555
6a69421f-e399-4db8-897a-d8ef21b5e0a7,707b6ccf-c9d9-4c1d-97f4-516b572b2f9d,1697664277330744444
6a69421f-e399-4db8-897a-d8ef21b5e0a7,707b6ccf-c9d9-4c1d-97f4-516b572b2f9d,1697664277356700000
6a69421f-e399-4db8-897a-d8ef21b5e0a7,707b6ccf-c9d9-4c1d-97f4-516b572b2f9d,1697664277384877777
6a69421f-e399-4db8-897a-d8ef21b5e0a7,707b6ccf-c9d9-4c1d-97f4-516b572b2f9d,1697664277411111111
6a69421f-e399-4db8-897a-d8ef21b5e0a7,707b6ccf-c9d9-4c1d-97f4-516b572b2f9d,1697664277442577777
6a69421f-e399-4db8-897a-d8ef21b5e0a7,707b6ccf-c9d9-4c1d-97f4-516b572b2f9d,1697664277478877777
6a69421f-e399-4db8-897a-d8ef21b5e0a7,707b6ccf-c9d9-4c1d-97f4-516b572b2f9d,1697664277512066666
6a69421f-e399-4db8-897a-d8ef21b5e0a7,707b6ccf-c9d9-4c1d-97f4-516b572b2f9d,1697664277554666666
6a69421f-e399-4db8-897a-d8ef21b5e0a7,707b6ccf-c9d9-4c1d-97f4-516b572b2f9d,1697664277598233333
6a69421f-e399-4db8-897a-d8ef21b5e0a7,707b6ccf-c9d9-4c1d-97f4-516b572b2f9d,1697664277623488888
6a69421f-e399-4db8-897a-d8ef21b5e0a7,707b6ccf-c9d9-4c1d-97f4-516b572b2f9d,1697664277643800000
6a69421f-e399-4db8-897a-d8ef21b5e0a7,707b6ccf-c9d9-4c1d-97f4-516b572b2f9d,1697664277689677777
6a69421f-e399-4db8-897a-d8ef21b5e0a7,707b6ccf-c9d9-4c1d-97f4-516b572b2f9d,1697664277721811111
6a69421f-e399-4db8-897a-d8ef21b5e0a7,707b6ccf-c9d9-4c1d-97f4-516b572b2f9d,1697664277753666666
6a69421f-e399-4db8-897a-d8ef21b5e0a7,707b6ccf-c9d9-4c1d-97f4-516b572b2f9d,1697664277789266666
6a69421f-e399-4db8-897a-d8ef21b5e0a7,707b6ccf-c9d9-4c1d-97f4-516b572b2f9d,1697664277824633333
6a69421f-e399-4db8-897a-d8ef21b5e0a7,707b6ccf-c9d9-4c1d-97f4-516b572b2f9d,1697664277853388888
6a69421f-e399-4db8-897a-d8ef21b5e0a7,707b6ccf-c9d9-4c1d-97f4-516b572b2f9d,1697664277892433333
6a69421f-e399-4db8-897a-d8ef21b5e0a7,707b6ccf-c9d9-4c1d-97f4-516b572b2f9d,1697664277931011111
6a69421f-e399-4db8-897a-d8ef21b5e0a7,707b6ccf-c9d9-4c1d-97f4-516b572b2f9d,1697664277958422222
6a69421f-e399-4db8-897a-d8ef21b5e0a7,707b6ccf-c9d9-4c1d-97f4-516b572b2f9d,1697664277991111111
6a69421f-e399-4db8-897a-d8ef21b5e0a7,707b6ccf-c9d9-4c1d-97f4-516b572b2f9d,1697664278022822222
6a69421f-e399-4db8-897a-d8ef21b5e0a7,707b6ccf-c9d9-4c1d-97f4-516b572b2f9d,1697664278043977777
6a69421f-e399-4db8-897a-d8ef21b5e0a7,707b6ccf-c9d9-4c1d-97f4-516b572b2f9d,1697664278077466666
6a69421f-e399-4db8-897a-d8ef21b5e0a7,707b6ccf-c9d9-4c1d-97f4-516b572b2f9d,1697664278113088888
6a69421f-e399-4db8-897a-d8ef21b5e0a7,707b6ccf-c9d9-4c1d-97f4-516b572b2f9d,1697664278159700000
6a69421f-e399-4db8-897a-d8ef21b5e0a7,707b6ccf-c9d9-4c1d-97f4-516b572b2f9d,1697664278199988888
6a69421f-e399-4db8-897a-d8ef21b5e0a7,707b6ccf-c9d9-4c1d-97f4-516b572b2f9d,1697664278211588888
6a69421f-e399-4db8-897a-d8ef21b5e0a7,707b6ccf-c9d9-4c1d-97f4-516b572b2f9d,1697664278250277777
6a69421f-e399-4db8-897a-d8ef21b5e0a7,707b6ccf-c9d9-4c1d-97f4-516b572b2f9d,1697664278291822222
6a69421f-e399-4db8-897a-d8ef21b5e0a7,707b6ccf-c9d9-4c1d-97f4-516b572b2f9d,1697664278322655555
6a69421f-e399-4db8-897a-d8ef21b5e0a7,707b6ccf-c9d9-4c1d-97f4-516b572b2f9d,1697664278353100000
6a69421f-e399-4db8-897a-d8ef21b5e0a7,707b6ccf-c9d9-4c1d-97f4-516b572b2f9d,1697664278394288888
6a69421f-e399-4db8-897a-d8ef21b5e0a7,707b6ccf-c9d9-4c1d-97f4-516b572b2f9d,1697664278421788888
6a69421f-e399-4db8-897a-d8ef21b5e0a7,707b6ccf-c9d9-4c1d-97f4-516b572b2f9d,1697664278452888888
6a69421f-e399-4db8-897a-d8ef21b5e0a7,707b6ccf-c9d9-4c1d-97f4-516b572b2f9d,1697664278490033333
6a69421f-e399-4db8-897a-d8ef21b5e0a7,707b6ccf-c9d9-4c1d-97f4-516b572b2f9d,1697664278522011111
6a69421f-e399-4db8-897a-d8ef21b5e0a7,707b6ccf-c9d9-4c1d-97f4-516b572b2f9d,1697664278554144444
6a69421f-e399-4db8-897a-d8ef21b5e0a7,707b6ccf-c9d9-4c1d-97f4-516b572b2f9d,1697664278590711111
6a69421f-e399-4db8-897a-d8ef21b5e0a7,707b6ccf-c9d9-4c1d-97f4-516b572b2f9d,1697664278623722222
6a69421f-e399-4db8-897a-d8ef21b5e0a7,707b6ccf-c9d9-4c1d-97f4-516b572b2f9d,1697664278646166666
6a69421f-e399-4db8-897a-d8ef21b5e0a7,707b6ccf-c9d9-4c1d-97f4-516b572b2f9d,1697664278703444444
6a69421f-e399-4db8-897a-d8ef21b5e0a7,707b6ccf-c9d9-4c1d-97f4-516b572b2f9d,1697664278716388888
6a69421f-e399-4db8-897a-d8ef21b5e0a7,707b6ccf-c9d9-4c1d-97f4-516b572b2f9d,1697664278742677777
6a69421f-e399-4db8-897a-d8ef21b5e0a7,707b6ccf-c9d9-4c1d-97f4-516b572b2f9d,1697664278778544444
6a69421f-e399-4db8-897a-d8ef21b5e0a7,707b6ccf-c9d9-4c1d-97f4-516b572b2f9d,1697664278815577777
6a69421f-e399-4db8-897a-d8ef21b5e0a7,707b6ccf-c9d9-4c1d-97f4-516b572b2f9d,1697664278853622222
6a69421f-e399-4db8-897a-d8ef21b5e0a7,707b6ccf-c9d9-4c1d-97f4-516b572b2f9d,1697664278877166666
6a69421f-e399-4db8-897a-d8ef21b5e0a7,707b6ccf-c9d9-4c1d-97f4-516b572b2f9d,1697664278929188888
6a69421f-e399-4db8-897a-d8ef21b5e0a7,707b6ccf-c9d9-4c1d-97f4-516b572b2f9d,1697664278959477777
6a69421f-e399-4db8-897a-d8ef21b5e0a7,707b6ccf-c9d9-4c1d-97f4-516b572b2f9d,1697664278979077777
6a69421f-e399-4db8-897a-d8ef21b5e0a7,707b6ccf-c9d9-4c1d-97f4-516b572b2f9d,1697664279029988888
6a69421f-e399-4db8-897a-d8ef21b5e0a7,707b6ccf-c9d9-4c1d-97f4-516b572b2f9d,1697664279058788888
6a69421f-e399-4db8-897a-d8ef21b5e0a7,707b6ccf-c9d9-4c1d-97f4-516b572b2f9d,1697664279095955555
6a69421f-e399-4db8-897a-d8ef21b5e0a7,707b6ccf-c9d9-4c1d-97f4-516b572b2f9d,1697664279123722222
6a69421f-e399-4db8-897a-d8ef21b5e0a7,707b6ccf-c9d9-4c1d-97f4-516b572b2f9d,1697664279147366666
6a69421f-e399-4db8-897a-d8ef21b5e0a7,707b6ccf-c9d9-4c1d-97f4-516b572b2f9d,1697664279191455555
6a69421f-e399-4db8-897a-d8ef21b5e0a7,707b6ccf-c9d9-4c1d-97f4-516b572b2f9d,1697664279229622222
6a69421f-e399-4db8-897a-d8ef21b5e0a7,707b6ccf-c9d9-4c1d-97f4-516b572b2f9d,1697664279258333333
6a69421f-e399-4db8-897a-d8ef21b5e0a7,707b6ccf-c9d9-4c1d-97f4-516b572b2f9d,1697664279288444444
6a69421f-e399-4db8-897a-d8ef21b5e0a7,707b6ccf-c9d9-4c1d-97f4-516b572b2f9d,1697664279322577777
6a69421f-e399-4db8-897a-d8ef21b5e0a7,707b6ccf-c9d9-4c1d-97f4-516b572b2f9d,1697664279353644444
6a69421f-e399-4db8-897a-d8ef21b5e0a7,707b6ccf-c9d9-4c1d-97f4-516b572b2f9d,1697664279394233333
6a69421f-e399-4db8-897a-d8ef21b5e0a7,707b6ccf-c9d9-4c1d-97f4-516b572b2f9d,1697664279422244444
6a69421f-e399-4db8-897a-d8ef21b5e0a7,707b6ccf-c9d9-4c1d-97f4-516b572b2f9d,1697664279444500000
6a69421f-e399-4db8-897a-d8ef21b5e0a7,707b6ccf-c9d9-4c1d-97f4-516b572b2f9d,1697664279484322222
6a69421f-e399-4db8-897a-d8ef21b5e0a7,707b6ccf-c9d9-4c1d-97f4-516b572b2f9d,1697664279513611111
6a69421f-e399-4db8-897a-d8ef21b5e0a7,707b6ccf-c9d9-4c1d-97f4-516b572b2f9d,1697664279553588888
6a69421f-e399-4db8-897a-d8ef21b5e0a7,707b6ccf-c9d9-4c1d-97f4-516b572b2f9d,1697664279589211111
6a69421f-e399-4db8-897a-d8ef21b5e0a7,707b6ccf-c9d9-4c1d-97f4-516b572b2f9d,1697664279623377777
6a69421f-e399-4db8-897a-d8ef21b5e0a7,707b6ccf-c9d9-4c1d-97f4-516b572b2f9d,1697664279647622222
6a69421f-e399-4db8-897a-d8ef21b5e0a7,707b6ccf-c9d9-4c1d-97f4-516b572b2f9d,1697664279693811111
6a69421f-e399-4db8-897a-d8ef21b5e0a7,707b6ccf-c9d9-4c1d-97f4-516b572b2f9d,1697664279721822222
6a69421f-e399-4db8-897a-d8ef21b5e0a7,707b6ccf-c9d9-4c1d-97f4-516b572b2f9d,1697664279748355555
6a69421f-e399-4db8-897a-d8ef21b5e0a7,707b6ccf-c9d9-4c1d-97f4-516b572b2f9d,1697664279790955555
6a69421f-e399-4db8-897a-d8ef21b5e0a7,707b6ccf-c9d9-4c1d-97f4-516b572b2f9d,1697664279822411111
6a69421f-e399-4db8-897a-d8ef21b5e0a7,707b6ccf-c9d9-4c1d-97f4-516b572b2f9d,1697664279855511111
6a69421f-e399-4db8-897a-d8ef21b5e0a7,707b6ccf-c9d9-4c1d-97f4-516b572b2f9d,1697664279888555555
6a69421f-e399-4db8-897a-d8ef21b5e0a7,707b6ccf-c9d9-4c1d-97f4-516b572b2f9d,1697664279922177777
6a69421f-e399-4db8-897a-d8ef21b5e0a7,707b6ccf-c9d9-4c1d-97f4-516b572b2f9d,1697664279953111111
6a69421f-e399-4db8-897a-d8ef21b5e0a7,707b6ccf-c9d9-4c1d-97f4-516b572b2f9d,1697664279987244444
6a69421f-e399-4db8-897a-d8ef21b5e0a7,707b6ccf-c9d9-4c1d-97f4-516b572b2f9d,1697664280023522222
6a69421f-e399-4db8-897a-d8ef21b5e0a7,707b6ccf-c9d9-4c1d-97f4-516b572b2f9d,1697664280051100000
6a69421f-e399-4db8-897a-d8ef21b5e0a7,707b6ccf-c9d9-4c1d-97f4-516b572b2f9d,1697664280075488888
6a69421f-e399-4db8-897a-d8ef21b5e0a7,707b6ccf-c9d9-4c1d-97f4-516b572b2f9d,1697664280112133333
6a69421f-e399-4db8-897a-d8ef21b5e0a7,707b6ccf-c9d9-4c1d-97f4-516b572b2f9d,1697664280152133333
6a69421f-e399-4db8-897a-d8ef21b5e0a7,707b6ccf-c9d9-4c1d-97f4-516b572b2f9d,1697664280181922222
6a69421f-e399-4db8-897a-d8ef21b5e0a7,707b6ccf-c9d9-4c1d-97f4-516b572b2f9d,1697664280211477777
6a69421f-e399-4db8-897a-d8ef21b5e0a7,707b6ccf-c9d9-4c1d-97f4-516b572b2f9d,1697664280252933333
6a69421f-e399-4db8-897a-d8ef21b5e0a7,707b6ccf-c9d9-4c1d-97f4-516b572b2f9d,1697664280290322222
6a69421f-e399-4db8-897a-d8ef21b5e0a7,707b6ccf-c9d9-4c1d-97f4-516b572b2f9d,1697664280326933333
6a69421f-e399-4db8-897a-d8ef21b5e0a7,707b6ccf-c9d9-4c1d-97f4-516b572b2f9d,1697664280353711111
6a69421f-e399-4db8-897a-d8ef21b5e0a7,707b6ccf-c9d9-4c1d-97f4-516b572b2f9d,1697664280384455555
6a69421f-e399-4db8-897a-d8ef21b5e0a7,707b6ccf-c9d9-4c1d-97f4-516b572b2f9d,1697664280421988888
6a69421f-e399-4db8-897a-d8ef21b5e0a7,707b6ccf-c9d9-4c1d-97f4-516b572b2f9d,1697664280454777777
6a69421f-e399-4db8-897a-d8ef21b5e0a7,707b6ccf-c9d9-4c1d-97f4-516b572b2f9d,1697664280485522222
6a69421f-e399-4db8-897a-d8ef21b5e0a7,707b6ccf-c9d9-4c1d-97f4-516b572b2f9d,1697664280524266666
6a69421f-e399-4db8-897a-d8ef21b5e0a7,707b6ccf-c9d9-4c1d-97f4-516b572b2f9d,1697664280545955555
6a69421f-e399-4db8-897a-d8ef21b5e0a7,707b6ccf-c9d9-4c1d-97f4-516b572b2f9d,1697664280591122222
6a69421f-e399-4db8-897a-d8ef21b5e0a7,707b6ccf-c9d9-4c1d-97f4-516b572b2f9d,1697664280623122222
6a69421f-e399-4db8-897a-d8ef21b5e0a7,707b6ccf-c9d9-4c1d-97f4-516b572b2f9d,1697664280645588888
6a69421f-e399-4db8-897a-d8ef21b5e0a7,707b6ccf-c9d9-4c1d-97f4-516b572b2f9d,1697664280689855555
6a69421f-e399-4db8-897a-d8ef21b5e0a7,707b6ccf-c9d9-4c1d-97f4-516b572b2f9d,1697664280724066666
6a69421f-e399-4db8-897a-d8ef21b5e0a7,707b6ccf-c9d9-4c1d-97f4-516b572b2f9d,1697664280751233333
6a69421f-e399-4db8-897a-d8ef21b5e0a7,707b6ccf-c9d9-4c1d-97f4-516b572b2f9d,1697664280777855555
6a69421f-e399-4db8-897a-d8ef21b5e0a7,707b6ccf-c9d9-4c1d-97f4-516b572b2f9d,1697664280808900000
6a69421f-e399-4db8-897a-d8ef21b5e0a7,707b6ccf-c9d9-4c1d-97f4-516b572b2f9d,1697664280842766666
6a69421f-e399-4db8-897a-d8ef21b5e0a7,707b6ccf-c9d9-4c1d-97f4-516b572b2f9d,1697664280875111111
6a69421f-e399-4db8-897a-d8ef21b5e0a7,707b6ccf-c9d9-4c1d-97f4-516b572b2f9d,1697664280927355555
6a69421f-e399-4db8-897a-d8ef21b5e0a7,707b6ccf-c9d9-4c1d-97f4-516b572b2f9d,1697664280955122222
6a69421f-e399-4db8-897a-d8ef21b5e0a7,707b6ccf-c9d9-4c1d-97f4-516b572b2f9d,1697664280983811111
6a69421f-e399-4db8-897a-d8ef21b5e0a7,707b6ccf-c9d9-4c1d-97f4-516b572b2f9d,1697664281025044444
6a69421f-e399-4db8-897a-d8ef21b5e0a7,707b6ccf-c9d9-4c1d-97f4-516b572b2f9d,1697664281053966666
6a69421f-e399-4db8-897a-d8ef21b5e0a7,707b6ccf-c9d9-4c1d-97f4-516b572b2f9d,1697664281086133333
6a69421f-e399-4db8-897a-d8ef21b5e0a7,707b6ccf-c9d9-4c1d-97f4-516b572b2f9d,1697664281126777777
6a69421f-e399-4db8-897a-d8ef21b5e0a7,707b6ccf-c9d9-4c1d-97f4-516b572b2f9d,1697664281158866666
6a69421f-e399-4db8-897a-d8ef21b5e0a7,707b6ccf-c9d9-4c1d-97f4-516b572b2f9d,1697664281189988888
6a69421f-e399-4db8-897a-d8ef21b5e0a7,707b6ccf-c9d9-4c1d-97f4-516b572b2f9d,1697664281223300000
6a69421f-e399-4db8-897a-d8ef21b5e0a7,707b6ccf-c9d9-4c1d-97f4-516b572b2f9d,1697664281249733333
6a69421f-e399-4db8-897a-d8ef21b5e0a7,707b6ccf-c9d9-4c1d-97f4-516b572b2f9d,1697664281291455555
6a69421f-e399-4db8-897a-d8ef21b5e0a7,707b6ccf-c9d9-4c1d-97f4-516b572b2f9d,1697664281329433333
6a69421f-e399-4db8-897a-d8ef21b5e0a7,707b6ccf-c9d9-4c1d-97f4-516b572b2f9d,1697664281355955555
6a69421f-e399-4db8-897a-d8ef21b5e0a7,707b6ccf-c9d9-4c1d-97f4-516b572b2f9d,1697664281391266666
6a69421f-e399-4db8-897a-d8ef21b5e0a7,707b6ccf-c9d9-4c1d-97f4-516b572b2f9d,1697664281419355555
6a69421f-e399-4db8-897a-d8ef21b5e0a7,707b6ccf-c9d9-4c1d-97f4-516b572b2f9d,1697664281444800000
6a69421f-e399-4db8-897a-d8ef21b5e0a7,707b6ccf-c9d9-4c1d-97f4-516b572b2f9d,1697664281475166666
6a69421f-e399-4db8-897a-d8ef21b5e0a7,707b6ccf-c9d9-4c1d-97f4-516b572b2f9d,1697664281509866666
6a69421f-e399-4db8-897a-d8ef21b5e0a7,707b6ccf-c9d9-4c1d-97f4-516b572b2f9d,1697664281542311111
6a69421f-e399-4db8-897a-d8ef21b5e0a7,707b6ccf-c9d9-4c1d-97f4-516b572b2f9d,1697664281582566666
6a69421f-e399-4db8-897a-d8ef21b5e0a7,707b6ccf-c9d9-4c1d-97f4-516b572b2f9d,1697664281633222222
6a69421f-e399-4db8-897a-d8ef21b5e0a7,707b6ccf-c9d9-4c1d-97f4-516b572b2f9d,1697664281658155555
6a69421f-e399-4db8-897a-d8ef21b5e0a7,707b6ccf-c9d9-4c1d-97f4-516b572b2f9d,1697664281693611111
6a69421f-e399-4db8-897a-d8ef21b5e0a7,707b6ccf-c9d9-4c1d-97f4-516b572b2f9d,1697664281723133333
6a69421f-e399-4db8-897a-d8ef21b5e0a7,707b6ccf-c9d9-4c1d-97f4-516b572b2f9d,1697664281746866666
6a69421f-e399-4db8-897a-d8ef21b5e0a7,707b6ccf-c9d9-4c1d-97f4-516b572b2f9d,1697664281786611111
6a69421f-e399-4db8-897a-d8ef21b5e0a7,707b6ccf-c9d9-4c1d-97f4-516b572b2f9d,1697664281822033333
6a69421f-e399-4db8-897a-d8ef21b5e0a7,707b6ccf-c9d9-4c1d-97f4-516b572b2f9d,1697664281851922222
6a69421f-e399-4db8-897a-d8ef21b5e0a7,707b6ccf-c9d9-4c1d-97f4-516b572b2f9d,1697664281886155555
6a69421f-e399-4db8-897a-d8ef21b5e0a7,707b6ccf-c9d9-4c1d-97f4-516b572b2f9d,1697664281925211111
6a69421f-e399-4db8-897a-d8ef21b5e0a7,707b6ccf-c9d9-4c1d-97f4-516b572b2f9d,1697664281953844444
6a69421f-e399-4db8-897a-d8ef21b5e0a7,707b6ccf-c9d9-4c1d-97f4-516b572b2f9d,1697664281992077777
6a69421f-e399-4db8-897a-d8ef21b5e0a7,707b6ccf-c9d9-4c1d-97f4-516b572b2f9d,1697664282024044444
6a69421f-e399-4db8-897a-d8ef21b5e0a7,707b6ccf-c9d9-4c1d-97f4-516b572b2f9d,1697664282045866666
6a69421f-e399-4db8-897a-d8ef21b5e0a7,707b6ccf-c9d9-4c1d-97f4-516b572b2f9d,1697664282080588888
6a69421f-e399-4db8-897a-d8ef21b5e0a7,707b6ccf-c9d9-4c1d-97f4-516b572b2f9d,1697664282109877777
6a69421f-e399-4db8-897a-d8ef21b5e0a7,707b6ccf-c9d9-4c1d-97f4-516b572b2f9d,1697664282144288888
6a69421f-e399-4db8-897a-d8ef21b5e0a7,707b6ccf-c9d9-4c1d-97f4-516b572b2f9d,1697664282178988888
6a69421f-e399-4db8-897a-d8ef21b5e0a7,707b6ccf-c9d9-4c1d-97f4-516b572b2f9d,1697664282216655555
6a69421f-e399-4db8-897a-d8ef21b5e0a7,707b6ccf-c9d9-4c1d-97f4-516b572b2f9d,1697664282243022222
6a69421f-e399-4db8-897a-d8ef21b5e0a7,707b6ccf-c9d9-4c1d-97f4-516b572b2f9d,1697664282295344444
6a69421f-e399-4db8-897a-d8ef21b5e0a7,707b6ccf-c9d9-4c1d-97f4-516b572b2f9d,1697664282322722222
6a69421f-e399-4db8-897a-d8ef21b5e0a7,707b6ccf-c9d9-4c1d-97f4-516b572b2f9d,1697664282349055555
6a69421f-e399-4db8-897a-d8ef21b5e0a7,707b6ccf-c9d9-4c1d-97f4-516b572b2f9d,1697664282389100000
6a69421f-e399-4db8-897a-d8ef21b5e0a7,707b6ccf-c9d9-4c1d-97f4-516b572b2f9d,1697664282426122222
6a69421f-e399-4db8-897a-d8ef21b5e0a7,707b6ccf-c9d9-4c1d-97f4-516b572b2f9d,1697664282455200000
6a69421f-e399-4db8-897a-d8ef21b5e0a7,707b6ccf-c9d9-4c1d-97f4-516b572b2f9d,1697664282489011111
6a69421f-e399-4db8-897a-d8ef21b5e0a7,707b6ccf-c9d9-4c1d-97f4-516b572b2f9d,1697664282530411111
6a69421f-e399-4db8-897a-d8ef21b5e0a7,707b6ccf-c9d9-4c1d-97f4-516b572b2f9d,1697664282555533333
6a69421f-e399-4db8-897a-d8ef21b5e0a7,707b6ccf-c9d9-4c1d-97f4-516b572b2f9d,1697664282583377777
6a69421f-e399-4db8-897a-d8ef21b5e0a7,707b6ccf-c9d9-4c1d-97f4-516b572b2f9d,1697664282623711111
6a69421f-e399-4db8-897a-d8ef21b5e0a7,707b6ccf-c9d9-4c1d-97f4-516b572b2f9d,1697664282643255555
6a69421f-e399-4db8-897a-d8ef21b5e0a7,707b6ccf-c9d9-4c1d-97f4-516b572b2f9d,1697664282691533333
6a69421f-e399-4db8-897a-d8ef21b5e0a7,707b6ccf-c9d9-4c1d-97f4-516b572b2f9d,1697664282724488888
6a69421f-e399-4db8-897a-d8ef21b5e0a7,707b6ccf-c9d9-4c1d-97f4-516b572b2f9d,1697664282749488888
6a69421f-e399-4db8-897a-d8ef21b5e0a7,707b6ccf-c9d9-4c1d-97f4-516b572b2f9d,1697664282776633333
6a69421f-e399-4db8-897a-d8ef21b5e0a7,707b6ccf-c9d9-4c1d-97f4-516b572b2f9d,1697664282821633333
6a69421f-e399-4db8-897a-d8ef21b5e0a7,707b6ccf-c9d9-4c1d-97f4-516b572b2f9d,1697664282844000000
6a69421f-e399-4db8-897a-d8ef21b5e0a7,707b6ccf-c9d9-4c1d-97f4-516b572b2f9d,1697664282892888888
6a69421f-e399-4db8-897a-d8ef21b5e0a7,707b6ccf-c9d9-4c1d-97f4-516b572b2f9d,1697664282918611111
6a69421f-e399-4db8-897a-d8ef21b5e0a7,707b6ccf-c9d9-4c1d-97f4-516b572b2f9d,1697664282951988888
6a69421f-e399-4db8-897a-d8ef21b5e0a7,707b6ccf-c9d9-4c1d-97f4-516b572b2f9d,1697664282985755555
6a69421f-e399-4db8-897a-d8ef21b5e0a7,707b6ccf-c9d9-4c1d-97f4-516b572b2f9d,1697664283021533333
6a69421f-e399-4db8-897a-d8ef21b5e0a7,707b6ccf-c9d9-4c1d-97f4-516b572b2f9d,1697664283054177777
6a69421f-e399-4db8-897a-d8ef21b5e0a7,707b6ccf-c9d9-4c1d-97f4-516b572b2f9d,1697664283084155555
6a69421f-e399-4db8-897a-d8ef21b5e0a7,707b6ccf-c9d9-4c1d-97f4-516b572b2f9d,1697664283121222222
6a69421f-e399-4db8-897a-d8ef21b5e0a7,707b6ccf-c9d9-4c1d-97f4-516b572b2f9d,1697664283148777777
6a69421f-e399-4db8-897a-d8ef21b5e0a7,707b6ccf-c9d9-4c1d-97f4-516b572b2f9d,1697664283190611111
6a69421f-e399-4db8-897a-d8ef21b5e0a7,707b6ccf-c9d9-4c1d-97f4-516b572b2f9d,1697664283220555555
6a69421f-e399-4db8-897a-d8ef21b5e0a7,707b6ccf-c9d9-4c1d-97f4-516b572b2f9d,1697664283244066666
6a69421f-e399-4db8-897a-d8ef21b5e0a7,707b6ccf-c9d9-4c1d-97f4-516b572b2f9d,1697664283287300000
6a69421f-e399-4db8-897a-d8ef21b5e0a7,707b6ccf-c9d9-4c1d-97f4-516b572b2f9d,1697664283317511111
6a69421f-e399-4db8-897a-d8ef21b5e0a7,707b6ccf-c9d9-4c1d-97f4-516b572b2f9d,1697664283354044444
6a69421f-e399-4db8-897a-d8ef21b5e0a7,707b6ccf-c9d9-4c1d-97f4-516b572b2f9d,1697664283382244444
6a69421f-e399-4db8-897a-d8ef21b5e0a7,707b6ccf-c9d9-4c1d-97f4-516b572b2f9d,1697664283429733333
6a69421f-e399-4db8-897a-d8ef21b5e0a7,707b6ccf-c9d9-4c1d-97f4-516b572b2f9d,1697664283442477777
6a69421f-e399-4db8-897a-d8ef21b5e0a7,707b6ccf-c9d9-4c1d-97f4-516b572b2f9d,1697664283478266666
6a69421f-e399-4db8-897a-d8ef21b5e0a7,707b6ccf-c9d9-4c1d-97f4-516b572b2f9d,1697664283517422222
6a69421f-e399-4db8-897a-d8ef21b5e0a7,707b6ccf-c9d9-4c1d-97f4-516b572b2f9d,1697664283542100000
6a69421f-e399-4db8-897a-d8ef21b5e0a7,707b6ccf-c9d9-4c1d-97f4-516b572b2f9d,1697664283587733333
6a69421f-e399-4db8-897a-d8ef21b5e0a7,707b6ccf-c9d9-4c1d-97f4-516b572b2f9d,1697664283617300000
6a69421f-e399-4db8-897a-d8ef21b5e0a7,707b6ccf-c9d9-4c1d-97f4-516b572b2f9d,1697664283660700000
6a69421f-e399-4db8-897a-d8ef21b5e0a7,707b6ccf-c9d9-4c1d-97f4-516b572b2f9d,1697664283675400000
6a69421f-e399-4db8-897a-d8ef21b5e0a7,707b6ccf-c9d9-4c1d-97f4-516b572b2f9d,1697664283723588888
6a69421f-e399-4db8-897a-d8ef21b5e0a7,707b6ccf-c9d9-4c1d-97f4-516b572b2f9d,1697664283754466666
6a69421f-e399-4db8-897a-d8ef21b5e0a7,707b6ccf-c9d9-4c1d-97f4-516b572b2f9d,1697664283790144444
6a69421f-e399-4db8-897a-d8ef21b5e0a7,707b6ccf-c9d9-4c1d-97f4-516b572b2f9d,1697664283820822222
6a69421f-e399-4db8-897a-d8ef21b5e0a7,707b6ccf-c9d9-4c1d-97f4-516b572b2f9d,1697664283845222222
6a69421f-e399-4db8-897a-d8ef21b5e0a7,707b6ccf-c9d9-4c1d-97f4-516b572b2f9d,1697664283892177777
6a69421f-e399-4db8-897a-d8ef21b5e0a7,707b6ccf-c9d9-4c1d-97f4-516b572b2f9d,1697664283918877777
6a69421f-e399-4db8-897a-d8ef21b5e0a7,707b6ccf-c9d9-4c1d-97f4-516b572b2f9d,1697664283956066666
6a69421f-e399-4db8-897a-d8ef21b5e0a7,707b6ccf-c9d9-4c1d-97f4-516b572b2f9d,1697664283988111111
6a69421f-e399-4db8-897a-d8ef21b5e0a7,707b6ccf-c9d9-4c1d-97f4-516b572b2f9d,1697664284016655555
6a69421f-e399-4db8-897a-d8ef21b5e0a7,707b6ccf-c9d9-4c1d-97f4-516b572b2f9d,1697664284069300000
6a69421f-e399-4db8-897a-d8ef21b5e0a7,707b6ccf-c9d9-4c1d-97f4-516b572b2f9d,1697664284080511111
6a69421f-e399-4db8-897a-d8ef21b5e0a7,707b6ccf-c9d9-4c1d-97f4-516b572b2f9d,1697664284107288888
6a69421f-e399-4db8-897a-d8ef21b5e0a7,707b6ccf-c9d9-4c1d-97f4-516b572b2f9d,1697664284143244444
6a69421f-e399-4db8-897a-d8ef21b5e0a7,707b6ccf-c9d9-4c1d-97f4-516b572b2f9d,1697664284173522222
6a69421f-e399-4db8-897a-d8ef21b5e0a7,707b6ccf-c9d9-4c1d-97f4-516b572b2f9d,1697664284206955555
6a69421f-e399-4db8-897a-d8ef21b5e0a7,707b6ccf-c9d9-4c1d-97f4-516b572b2f9d,1697664284251777777
6a69421f-e399-4db8-897a-d8ef21b5e0a7,707b6ccf-c9d9-4c1d-97f4-516b572b2f9d,1697664284289366666
6a69421f-e399-4db8-897a-d8ef21b5e0a7,707b6ccf-c9d9-4c1d-97f4-516b572b2f9d,1697664284321388888
6a69421f-e399-4db8-897a-d8ef21b5e0a7,707b6ccf-c9d9-4c1d-97f4-516b572b2f9d,1697664284346844444
6a69421f-e399-4db8-897a-d8ef21b5e0a7,707b6ccf-c9d9-4c1d-97f4-516b572b2f9d,1697664284389800000
6a69421f-e399-4db8-897a-d8ef21b5e0a7,707b6ccf-c9d9-4c1d-97f4-516b572b2f9d,1697664284416955555
6a69421f-e399-4db8-897a-d8ef21b5e0a7,707b6ccf-c9d9-4c1d-97f4-516b572b2f9d,1697664284455711111
6a69421f-e399-4db8-897a-d8ef21b5e0a7,707b6ccf-c9d9-4c1d-97f4-516b572b2f9d,1697664284486200000
6a69421f-e399-4db8-897a-d8ef21b5e0a7,707b6ccf-c9d9-4c1d-97f4-516b572b2f9d,1697664284521377777
6a69421f-e399-4db8-897a-d8ef21b5e0a7,707b6ccf-c9d9-4c1d-97f4-516b572b2f9d,1697664284554100000
6a69421f-e399-4db8-897a-d8ef21b5e0a7,707b6ccf-c9d9-4c1d-97f4-516b572b2f9d,1697664284587722222
6a69421f-e399-4db8-897a-d8ef21b5e0a7,707b6ccf-c9d9-4c1d-97f4-516b572b2f9d,1697664284617222222
6a69421f-e399-4db8-897a-d8ef21b5e0a7,707b6ccf-c9d9-4c1d-97f4-516b572b2f9d,1697664284652455555
6a69421f-e399-4db8-897a-d8ef21b5e0a7,707b6ccf-c9d9-4c1d-97f4-516b572b2f9d,1697664284683822222
6a69421f-e399-4db8-897a-d8ef21b5e0a7,707b6ccf-c9d9-4c1d-97f4-516b572b2f9d,1697664284720944444
6a69421f-e399-4db8-897a-d8ef21b5e0a7,707b6ccf-c9d9-4c1d-97f4-516b572b2f9d,1697664284746311111
6a69421f-e399-4db8-897a-d8ef21b5e0a7,707b6ccf-c9d9-4c1d-97f4-516b572b2f9d,1697664284781033333
6a69421f-e399-4db8-897a-d8ef21b5e0a7,707b6ccf-c9d9-4c1d-97f4-516b572b2f9d,1697664284811277777
6a69421f-e399-4db8-897a-d8ef21b5e0a7,707b6ccf-c9d9-4c1d-97f4-516b572b2f9d,1697664284857388888
6a69421f-e399-4db8-897a-d8ef21b5e0a7,707b6ccf-c9d9-4c1d-97f4-516b572b2f9d,1697664284875466666
6a69421f-e399-4db8-897a-d8ef21b5e0a7,707b6ccf-c9d9-4c1d-97f4-516b572b2f9d,1697664284915488888
6a69421f-e399-4db8-897a-d8ef21b5e0a7,707b6ccf-c9d9-4c1d-97f4-516b572b2f9d,1697664284954800000
6a69421f-e399-4db8-897a-d8ef21b5e0a7,707b6ccf-c9d9-4c1d-97f4-516b572b2f9d,1697664284989955555
6a69421f-e399-4db8-897a-d8ef21b5e0a7,707b6ccf-c9d9-4c1d-97f4-516b572b2f9d,1697664285021166666
6a69421f-e399-4db8-897a-d8ef21b5e0a7,707b6ccf-c9d9-4c1d-97f4-516b572b2f9d,1697664285047311111
6a69421f-e399-4db8-897a-d8ef21b5e0a7,707b6ccf-c9d9-4c1d-97f4-516b572b2f9d,1697664285084888888
6a69421f-e399-4db8-897a-d8ef21b5e0a7,707b6ccf-c9d9-4c1d-97f4-516b572b2f9d,1697664285117611111
6a69421f-e399-4db8-897a-d8ef21b5e0a7,707b6ccf-c9d9-4c1d-97f4-516b572b2f9d,1697664285153766666
6a69421f-e399-4db8-897a-d8ef21b5e0a7,707b6ccf-c9d9-4c1d-97f4-516b572b2f9d,1697664285186988888
6a69421f-e399-4db8-897a-d8ef21b5e0a7,707b6ccf-c9d9-4c1d-97f4-516b572b2f9d,1697664285217811111
6a69421f-e399-4db8-897a-d8ef21b5e0a7,707b6ccf-c9d9-4c1d-97f4-516b572b2f9d,1697664285253144444
6a69421f-e399-4db8-897a-d8ef21b5e0a7,707b6ccf-c9d9-4c1d-97f4-516b572b2f9d,1697664285282600000
6a69421f-e399-4db8-897a-d8ef21b5e0a7,707b6ccf-c9d9-4c1d-97f4-516b572b2f9d,1697664285319966666
6a69421f-e399-4db8-897a-d8ef21b5e0a7,707b6ccf-c9d9-4c1d-97f4-516b572b2f9d,1697664285353422222
6a69421f-e399-4db8-897a-d8ef21b5e0a7,707b6ccf-c9d9-4c1d-97f4-516b572b2f9d,1697664285389400000
6a69421f-e399-4db8-897a-d8ef21b5e0a7,707b6ccf-c9d9-4c1d-97f4-516b572b2f9d,1697664285423422222
6a69421f-e399-4db8-897a-d8ef21b5e0a7,707b6ccf-c9d9-4c1d-97f4-516b572b2f9d,1697664285444566666
6a69421f-e399-4db8-897a-d8ef21b5e0a7,707b6ccf-c9d9-4c1d-97f4-516b572b2f9d,1697664285477811111
6a69421f-e399-4db8-897a-d8ef21b5e0a7,707b6ccf-c9d9-4c1d-97f4-516b572b2f9d,1697664285526111111
6a69421f-e399-4db8-897a-d8ef21b5e0a7,707b6ccf-c9d9-4c1d-97f4-516b572b2f9d,1697664285541244444
6a69421f-e399-4db8-897a-d8ef21b5e0a7,707b6ccf-c9d9-4c1d-97f4-516b572b2f9d,1697664285584244444
6a69421f-e399-4db8-897a-d8ef21b5e0a7,707b6ccf-c9d9-4c1d-97f4-516b572b2f9d,1697664285616844444
6a69421f-e399-4db8-897a-d8ef21b5e0a7,707b6ccf-c9d9-4c1d-97f4-516b572b2f9d,1697664285656044444
6a69421f-e399-4db8-897a-d8ef21b5e0a7,707b6ccf-c9d9-4c1d-97f4-516b572b2f9d,1697664285683700000
6a69421f-e399-4db8-897a-d8ef21b5e0a7,707b6ccf-c9d9-4c1d-97f4-516b572b2f9d,1697664285718322222
6a69421f-e399-4db8-897a-d8ef21b5e0a7,707b6ccf-c9d9-4c1d-97f4-516b572b2f9d,1697664285753622222
6a69421f-e399-4db8-897a-d8ef21b5e0a7,707b6ccf-c9d9-4c1d-97f4-516b572b2f9d,1697664285783788888
6a69421f-e399-4db8-897a-d8ef21b5e0a7,707b6ccf-c9d9-4c1d-97f4-516b572b2f9d,1697664285817144444
6a69421f-e399-4db8-897a-d8ef21b5e0a7,707b6ccf-c9d9-4c1d-97f4-516b572b2f9d,1697664285854800000
6a69421f-e399-4db8-897a-d8ef21b5e0a7,707b6ccf-c9d9-4c1d-97f4-516b572b2f9d,1697664285886388888
6a69421f-e399-4db8-897a-d8ef21b5e0a7,707b6ccf-c9d9-4c1d-97f4-516b572b2f9d,1697664285918988888
6a69421f-e399-4db8-897a-d8ef21b5e0a7,707b6ccf-c9d9-4c1d-97f4-516b572b2f9d,1697664285951200000
6a69421f-e399-4db8-897a-d8ef21b5e0a7,707b6ccf-c9d9-4c1d-97f4-516b572b2f9d,1697664285986077777
6a69421f-e399-4db8-897a-d8ef21b5e0a7,707b6ccf-c9d9-4c1d-97f4-516b572b2f9d,1697664286023033333
6a69421f-e399-4db8-897a-d8ef21b5e0a7,707b6ccf-c9d9-4c1d-97f4-516b572b2f9d,1697664286053922222
6a69421f-e399-4db8-897a-d8ef21b5e0a7,707b6ccf-c9d9-4c1d-97f4-516b572b2f9d,1697664286092377777
6a69421f-e399-4db8-897a-d8ef21b5e0a7,707b6ccf-c9d9-4c1d-97f4-516b572b2f9d,1697664286111822222
6a69421f-e399-4db8-897a-d8ef21b5e0a7,707b6ccf-c9d9-4c1d-97f4-516b572b2f9d,1697664286146633333
6a69421f-e399-4db8-897a-d8ef21b5e0a7,707b6ccf-c9d9-4c1d-97f4-516b572b2f9d,1697664286196688888
6a69421f-e399-4db8-897a-d8ef21b5e0a7,707b6ccf-c9d9-4c1d-97f4-516b572b2f9d,1697664286205122222
6a69421f-e399-4db8-897a-d8ef21b5e0a7,707b6ccf-c9d9-4c1d-97f4-516b572b2f9d,1697664286252422222
6a69421f-e399-4db8-897a-d8ef21b5e0a7,707b6ccf-c9d9-4c1d-97f4-516b572b2f9d,1697664286282111111
6a69421f-e399-4db8-897a-d8ef21b5e0a7,707b6ccf-c9d9-4c1d-97f4-516b572b2f9d,1697664286318377777
6a69421f-e399-4db8-897a-d8ef21b5e0a7,707b6ccf-c9d9-4c1d-97f4-516b572b2f9d,1697664286353488888
6a69421f-e399-4db8-897a-d8ef21b5e0a7,707b6ccf-c9d9-4c1d-97f4-516b572b2f9d,1697664286383077777
6a69421f-e399-4db8-897a-d8ef21b5e0a7,707b6ccf-c9d9-4c1d-97f4-516b572b2f9d,1697664286420322222
6a69421f-e399-4db8-897a-d8ef21b5e0a7,707b6ccf-c9d9-4c1d-97f4-516b572b2f9d,1697664286451511111
6a69421f-e399-4db8-897a-d8ef21b5e0a7,707b6ccf-c9d9-4c1d-97f4-516b572b2f9d,1697664286483633333
6a69421f-e399-4db8-897a-d8ef21b5e0a7,707b6ccf-c9d9-4c1d-97f4-516b572b2f9d,1697664286516866666
6a69421f-e399-4db8-897a-d8ef21b5e0a7,707b6ccf-c9d9-4c1d-97f4-516b572b2f9d,1697664286551355555
6a69421f-e399-4db8-897a-d8ef21b5e0a7,707b6ccf-c9d9-4c1d-97f4-516b572b2f9d,1697664286583055555
6a69421f-e399-4db8-897a-d8ef21b5e0a7,707b6ccf-c9d9-4c1d-97f4-516b572b2f9d,1697664286619066666
6a69421f-e399-4db8-897a-d8ef21b5e0a7,707b6ccf-c9d9-4c1d-97f4-516b572b2f9d,1697664286652000000
6a69421f-e399-4db8-897a-d8ef21b5e0a7,707b6ccf-c9d9-4c1d-97f4-516b572b2f9d,1697664286685200000
6a69421f-e399-4db8-897a-d8ef21b5e0a7,707b6ccf-c9d9-4c1d-97f4-516b572b2f9d,1697664286717833333
6a69421f-e399-4db8-897a-d8ef21b5e0a7,707b6ccf-c9d9-4c1d-97f4-516b572b2f9d,1697664286742966666
6a69421f-e399-4db8-897a-d8ef21b5e0a7,707b6ccf-c9d9-4c1d-97f4-516b572b2f9d,1697664286775144444
6a69421f-e399-4db8-897a-d8ef21b5e0a7,707b6ccf-c9d9-4c1d-97f4-516b572b2f9d,1697664286813200000
6a69421f-e399-4db8-897a-d8ef21b5e0a7,707b6ccf-c9d9-4c1d-97f4-516b572b2f9d,1697664286864344444
6a69421f-e399-4db8-897a-d8ef21b5e0a7,707b6ccf-c9d9-4c1d-97f4-516b572b2f9d,1697664286882833333
6a69421f-e399-4db8-897a-d8ef21b5e0a7,707b6ccf-c9d9-4c1d-97f4-516b572b2f9d,1697664286908622222
6a69421f-e399-4db8-897a-d8ef21b5e0a7,707b6ccf-c9d9-4c1d-97f4-516b572b2f9d,1697664286949944444
6a69421f-e399-4db8-897a-d8ef21b5e0a7,707b6ccf-c9d9-4c1d-97f4-516b572b2f9d,1697664286990566666
6a69421f-e399-4db8-897a-d8ef21b5e0a7,707b6ccf-c9d9-4c1d-97f4-516b572b2f9d,1697664287022955555
6a69421f-e399-4db8-897a-d8ef21b5e0a7,707b6ccf-c9d9-4c1d-97f4-516b572b2f9d,1697664287043155555
6a69421f-e399-4db8-897a-d8ef21b5e0a7,707b6ccf-c9d9-4c1d-97f4-516b572b2f9d,1697664287091700000
6a69421f-e399-4db8-897a-d8ef21b5e0a7,707b6ccf-c9d9-4c1d-97f4-516b572b2f9d,1697664287116200000
6a69421f-e399-4db8-897a-d8ef21b5e0a7,707b6ccf-c9d9-4c1d-97f4-516b572b2f9d,1697664287151633333
6a69421f-e399-4db8-897a-d8ef21b5e0a7,707b6ccf-c9d9-4c1d-97f4-516b572b2f9d,1697664287188700000
6a69421f-e399-4db8-897a-d8ef21b5e0a7,707b6ccf-c9d9-4c1d-97f4-516b572b2f9d,1697664287220088888
6a69421f-e399-4db8-897a-d8ef21b5e0a7,707b6ccf-c9d9-4c1d-97f4-516b572b2f9d,1697664287249677777
6a69421f-e399-4db8-897a-d8ef21b5e0a7,707b6ccf-c9d9-4c1d-97f4-516b572b2f9d,1697664287287755555
6a69421f-e399-4db8-897a-d8ef21b5e0a7,707b6ccf-c9d9-4c1d-97f4-516b572b2f9d,1697664287320611111
6a69421f-e399-4db8-897a-d8ef21b5e0a7,707b6ccf-c9d9-4c1d-97f4-516b572b2f9d,1697664287344700000
6a69421f-e399-4db8-897a-d8ef21b5e0a7,707b6ccf-c9d9-4c1d-97f4-516b572b2f9d,1697664287391844444
6a69421f-e399-4db8-897a-d8ef21b5e0a7,707b6ccf-c9d9-4c1d-97f4-516b572b2f9d,1697664287425522222
6a69421f-e399-4db8-897a-d8ef21b5e0a7,707b6ccf-c9d9-4c1d-97f4-516b572b2f9d,1697664287440733333
6a69421f-e399-4db8-897a-d8ef21b5e0a7,707b6ccf-c9d9-4c1d-97f4-516b572b2f9d,1697664287494588888
6a69421f-e399-4db8-897a-d8ef21b5e0a7,707b6ccf-c9d9-4c1d-97f4-516b572b2f9d,1697664287507066666
6a69421f-e399-4db8-897a-d8ef21b5e0a7,707b6ccf-c9d9-4c1d-97f4-516b572b2f9d,1697664287544000000
6a69421f-e399-4db8-897a-d8ef21b5e0a7,707b6ccf-c9d9-4c1d-97f4-516b572b2f9d,1697664287582322222
6a69421f-e399-4db8-897a-d8ef21b5e0a7,707b6ccf-c9d9-4c1d-97f4-516b572b2f9d,1697664287618033333
6a69421f-e399-4db8-897a-d8ef21b5e0a7,707b6ccf-c9d9-4c1d-97f4-516b572b2f9d,1697664287646344444
6a69421f-e399-4db8-897a-d8ef21b5e0a7,707b6ccf-c9d9-4c1d-97f4-516b572b2f9d,1697664287693388888
6a69421f-e399-4db8-897a-d8ef21b5e0a7,707b6ccf-c9d9-4c1d-97f4-516b572b2f9d,1697664287723577777
6a69421f-e399-4db8-897a-d8ef21b5e0a7,707b6ccf-c9d9-4c1d-97f4-516b572b2f9d,1697664287739244444
6a69421f-e399-4db8-897a-d8ef21b5e0a7,707b6ccf-c9d9-4c1d-97f4-516b572b2f9d,1697664287784988888
6a69421f-e399-4db8-897a-d8ef21b5e0a7,707b6ccf-c9d9-4c1d-97f4-516b572b2f9d,1697664287816522222
6a69421f-e399-4db8-897a-d8ef21b5e0a7,707b6ccf-c9d9-4c1d-97f4-516b572b2f9d,1697664287851577777
6a69421f-e399-4db8-897a-d8ef21b5e0a7,707b6ccf-c9d9-4c1d-97f4-516b572b2f9d,1697664287887233333
6a69421f-e399-4db8-897a-d8ef21b5e0a7,707b6ccf-c9d9-4c1d-97f4-516b572b2f9d,1697664287918711111
6a69421f-e399-4db8-897a-d8ef21b5e0a7,707b6ccf-c9d9-4c1d-97f4-516b572b2f9d,1697664287955055555
6a69421f-e399-4db8-897a-d8ef21b5e0a7,707b6ccf-c9d9-4c1d-97f4-516b572b2f9d,1697664287982966666
6a69421f-e399-4db8-897a-d8ef21b5e0a7,707b6ccf-c9d9-4c1d-97f4-516b572b2f9d,1697664288020511111
6a69421f-e399-4db8-897a-d8ef21b5e0a7,707b6ccf-c9d9-4c1d-97f4-516b572b2f9d,1697664288053366666
6a69421f-e399-4db8-897a-d8ef21b5e0a7,707b6ccf-c9d9-4c1d-97f4-516b572b2f9d,1697664288081855555
6a69421f-e399-4db8-897a-d8ef21b5e0a7,707b6ccf-c9d9-4c1d-97f4-516b572b2f9d,1697664288109577777
6a69421f-e399-4db8-897a-d8ef21b5e0a7,707b6ccf-c9d9-4c1d-97f4-516b572b2f9d,1697664288139200000
6a69421f-e399-4db8-897a-d8ef21b5e0a7,707b6ccf-c9d9-4c1d-97f4-516b572b2f9d,1697664288174977777
6a69421f-e399-4db8-897a-d8ef21b5e0a7,707b6ccf-c9d9-4c1d-97f4-516b572b2f9d,1697664288220866666
6a69421f-e399-4db8-897a-d8ef21b5e0a7,707b6ccf-c9d9-4c1d-97f4-516b572b2f9d,1697664288237555555
6a69421f-e399-4db8-897a-d8ef21b5e0a7,707b6ccf-c9d9-4c1d-97f4-516b572b2f9d,1697664288282800000
6a69421f-e399-4db8-897a-d8ef21b5e0a7,707b6ccf-c9d9-4c1d-97f4-516b572b2f9d,1697664288319488888
6a69421f-e399-4db8-897a-d8ef21b5e0a7,707b6ccf-c9d9-4c1d-97f4-516b572b2f9d,1697664288352177777
6a69421f-e399-4db8-897a-d8ef21b5e0a7,707b6ccf-c9d9-4c1d-97f4-516b572b2f9d,1697664288385311111
6a69421f-e399-4db8-897a-d8ef21b5e0a7,707b6ccf-c9d9-4c1d-97f4-516b572b2f9d,1697664288423511111
6a69421f-e399-4db8-897a-d8ef21b5e0a7,707b6ccf-c9d9-4c1d-97f4-516b572b2f9d,1697664288438900000
6a69421f-e399-4db8-897a-d8ef21b5e0a7,707b6ccf-c9d9-4c1d-97f4-516b572b2f9d,1697664288482544444
6a69421f-e399-4db8-897a-d8ef21b5e0a7,707b6ccf-c9d9-4c1d-97f4-516b572b2f9d,1697664288521888888
6a69421f-e399-4db8-897a-d8ef21b5e0a7,707b6ccf-c9d9-4c1d-97f4-516b572b2f9d,1697664288550077777
6a69421f-e399-4db8-897a-d8ef21b5e0a7,707b6ccf-c9d9-4c1d-97f4-516b572b2f9d,1697664288589355555
6a69421f-e399-4db8-897a-d8ef21b5e0a7,707b6ccf-c9d9-4c1d-97f4-516b572b2f9d,1697664288617533333
6a69421f-e399-4db8-897a-d8ef21b5e0a7,707b6ccf-c9d9-4c1d-97f4-516b572b2f9d,1697664288645300000
6a69421f-e399-4db8-897a-d8ef21b5e0a7,707b6ccf-c9d9-4c1d-97f4-516b572b2f9d,1697664288689311111
6a69421f-e399-4db8-897a-d8ef21b5e0a7,707b6ccf-c9d9-4c1d-97f4-516b572b2f9d,1697664288717822222
6a69421f-e399-4db8-897a-d8ef21b5e0a7,707b6ccf-c9d9-4c1d-97f4-516b572b2f9d,1697664288753811111
6a69421f-e399-4db8-897a-d8ef21b5e0a7,707b6ccf-c9d9-4c1d-97f4-516b572b2f9d,1697664288773722222
6a69421f-e399-4db8-897a-d8ef21b5e0a7,707b6ccf-c9d9-4c1d-97f4-516b572b2f9d,1697664288809200000
6a69421f-e399-4db8-897a-d8ef21b5e0a7,707b6ccf-c9d9-4c1d-97f4-516b572b2f9d,1697664288839944444
6a69421f-e399-4db8-897a-d8ef21b5e0a7,707b6ccf-c9d9-4c1d-97f4-516b572b2f9d,1697664288878922222
6a69421f-e399-4db8-897a-d8ef21b5e0a7,707b6ccf-c9d9-4c1d-97f4-516b572b2f9d,1697664288906277777
6a69421f-e399-4db8-897a-d8ef21b5e0a7,707b6ccf-c9d9-4c1d-97f4-516b572b2f9d,1697664288947777777
6a69421f-e399-4db8-897a-d8ef21b5e0a7,707b6ccf-c9d9-4c1d-97f4-516b572b2f9d,1697664288991155555
6a69421f-e399-4db8-897a-d8ef21b5e0a7,707b6ccf-c9d9-4c1d-97f4-516b572b2f9d,1697664289017488888
6a69421f-e399-4db8-897a-d8ef21b5e0a7,707b6ccf-c9d9-4c1d-97f4-516b572b2f9d,1697664289043688888
6a69421f-e399-4db8-897a-d8ef21b5e0a7,707b6ccf-c9d9-4c1d-97f4-516b572b2f9d,1697664289083744444
6a69421f-e399-4db8-897a-d8ef21b5e0a7,707b6ccf-c9d9-4c1d-97f4-516b572b2f9d,1697664289119300000
6a69421f-e399-4db8-897a-d8ef21b5e0a7,707b6ccf-c9d9-4c1d-97f4-516b572b2f9d,1697664289145000000
6a69421f-e399-4db8-897a-d8ef21b5e0a7,707b6ccf-c9d9-4c1d-97f4-516b572b2f9d,1697664289183255555
6a69421f-e399-4db8-897a-d8ef21b5e0a7,707b6ccf-c9d9-4c1d-97f4-516b572b2f9d,1697664289219744444
6a69421f-e399-4db8-897a-d8ef21b5e0a7,707b6ccf-c9d9-4c1d-97f4-516b572b2f9d,1697664289243444444
6a69421f-e399-4db8-897a-d8ef21b5e0a7,707b6ccf-c9d9-4c1d-97f4-516b572b2f9d,1697664289287722222
6a69421f-e399-4db8-897a-d8ef21b5e0a7,707b6ccf-c9d9-4c1d-97f4-516b572b2f9d,1697664289316544444
6a69421f-e399-4db8-897a-d8ef21b5e0a7,707b6ccf-c9d9-4c1d-97f4-516b572b2f9d,1697664289346722222
6a69421f-e399-4db8-897a-d8ef21b5e0a7,707b6ccf-c9d9-4c1d-97f4-516b572b2f9d,1697664289391144444
6a69421f-e399-4db8-897a-d8ef21b5e0a7,707b6ccf-c9d9-4c1d-97f4-516b572b2f9d,1697664289429100000
6a69421f-e399-4db8-897a-d8ef21b5e0a7,707b6ccf-c9d9-4c1d-97f4-516b572b2f9d,1697664289440422222
6a69421f-e399-4db8-897a-d8ef21b5e0a7,707b6ccf-c9d9-4c1d-97f4-516b572b2f9d,1697664289473666666
6a69421f-e399-4db8-897a-d8ef21b5e0a7,707b6ccf-c9d9-4c1d-97f4-516b572b2f9d,1697664289505611111
6a69421f-e399-4db8-897a-d8ef21b5e0a7,707b6ccf-c9d9-4c1d-97f4-516b572b2f9d,1697664289560555555
6a69421f-e399-4db8-897a-d8ef21b5e0a7,707b6ccf-c9d9-4c1d-97f4-516b572b2f9d,1697664289574988888
6a69421f-e399-4db8-897a-d8ef21b5e0a7,707b6ccf-c9d9-4c1d-97f4-516b572b2f9d,1697664289618555555
6a69421f-e399-4db8-897a-d8ef21b5e0a7,707b6ccf-c9d9-4c1d-97f4-516b572b2f9d,1697664289650155555
6a69421f-e399-4db8-897a-d8ef21b5e0a7,707b6ccf-c9d9-4c1d-97f4-516b572b2f9d,1697664289684966666
6a69421f-e399-4db8-897a-d8ef21b5e0a7,707b6ccf-c9d9-4c1d-97f4-516b572b2f9d,1697664289717888888
6a69421f-e399-4db8-897a-d8ef21b5e0a7,707b6ccf-c9d9-4c1d-97f4-516b572b2f9d,1697664289750244444
6a69421f-e399-4db8-897a-d8ef21b5e0a7,707b6ccf-c9d9-4c1d-97f4-516b572b2f9d,1697664289781511111
6a69421f-e399-4db8-897a-d8ef21b5e0a7,707b6ccf-c9d9-4c1d-97f4-516b572b2f9d,1697664289812688888
6a69421f-e399-4db8-897a-d8ef21b5e0a7,707b6ccf-c9d9-4c1d-97f4-516b572b2f9d,1697664289851977777
6a69421f-e399-4db8-897a-d8ef21b5e0a7,707b6ccf-c9d9-4c1d-97f4-516b572b2f9d,1697664289880911111
6a69421f-e399-4db8-897a-d8ef21b5e0a7,707b6ccf-c9d9-4c1d-97f4-516b572b2f9d,1697664289920355555
6a69421f-e399-4db8-897a-d8ef21b5e0a7,707b6ccf-c9d9-4c1d-97f4-516b572b2f9d,1697664289950688888
6a69421f-e399-4db8-897a-d8ef21b5e0a7,707b6ccf-c9d9-4c1d-97f4-516b572b2f9d,1697664289979533333
6a69421f-e399-4db8-897a-d8ef21b5e0a7,707b6ccf-c9d9-4c1d-97f4-516b572b2f9d,1697664290019133333
6a69421f-e399-4db8-897a-d8ef21b5e0a7,707b6ccf-c9d9-4c1d-97f4-516b572b2f9d,1697664290052011111
6a69421f-e399-4db8-897a-d8ef21b5e0a7,707b6ccf-c9d9-4c1d-97f4-516b572b2f9d,1697664290079133333
6a69421f-e399-4db8-897a-d8ef21b5e0a7,707b6ccf-c9d9-4c1d-97f4-516b572b2f9d,1697664290107700000
6a69421f-e399-4db8-897a-d8ef21b5e0a7,707b6ccf-c9d9-4c1d-97f4-516b572b2f9d,1697664290166777777
6a69421f-e399-4db8-897a-d8ef21b5e0a7,707b6ccf-c9d9-4c1d-97f4-516b572b2f9d,1697664290177744444
6a69421f-e399-4db8-897a-d8ef21b5e0a7,707b6ccf-c9d9-4c1d-97f4-516b572b2f9d,1697664290208177777
6a69421f-e399-4db8-897a-d8ef21b5e0a7,707b6ccf-c9d9-4c1d-97f4-516b572b2f9d,1697664290239333333
6a69421f-e399-4db8-897a-d8ef21b5e0a7,707b6ccf-c9d9-4c1d-97f4-516b572b2f9d,1697664290282388888
6a69421f-e399-4db8-897a-d8ef21b5e0a7,707b6ccf-c9d9-4c1d-97f4-516b572b2f9d,1697664290317433333
6a69421f-e399-4db8-897a-d8ef21b5e0a7,707b6ccf-c9d9-4c1d-97f4-516b572b2f9d,1697664290351311111
6a69421f-e399-4db8-897a-d8ef21b5e0a7,707b6ccf-c9d9-4c1d-97f4-516b572b2f9d,1697664290384788888
6a69421f-e399-4db8-897a-d8ef21b5e0a7,707b6ccf-c9d9-4c1d-97f4-516b572b2f9d,1697664290418922222
6a69421f-e399-4db8-897a-d8ef21b5e0a7,707b6ccf-c9d9-4c1d-97f4-516b572b2f9d,1697664290449400000
6a69421f-e399-4db8-897a-d8ef21b5e0a7,707b6ccf-c9d9-4c1d-97f4-516b572b2f9d,1697664290480855555
6a69421f-e399-4db8-897a-d8ef21b5e0a7,707b6ccf-c9d9-4c1d-97f4-516b572b2f9d,1697664290512988888
6a69421f-e399-4db8-897a-d8ef21b5e0a7,707b6ccf-c9d9-4c1d-97f4-516b572b2f9d,1697664290550877777
6a69421f-e399-4db8-897a-d8ef21b5e0a7,707b6ccf-c9d9-4c1d-97f4-516b572b2f9d,1697664290579977777
6a69421f-e399-4db8-897a-d8ef21b5e0a7,707b6ccf-c9d9-4c1d-97f4-516b572b2f9d,1697664290619022222
6a69421f-e399-4db8-897a-d8ef21b5e0a7,707b6ccf-c9d9-4c1d-97f4-516b572b2f9d,1697664290662722222
6a69421f-e399-4db8-897a-d8ef21b5e0a7,707b6ccf-c9d9-4c1d-97f4-516b572b2f9d,1697664290674344444
6a69421f-e399-4db8-897a-d8ef21b5e0a7,707b6ccf-c9d9-4c1d-97f4-516b572b2f9d,1697664290717211111
6a69421f-e399-4db8-897a-d8ef21b5e0a7,707b6ccf-c9d9-4c1d-97f4-516b572b2f9d,1697664290751377777
6a69421f-e399-4db8-897a-d8ef21b5e0a7,707b6ccf-c9d9-4c1d-97f4-516b572b2f9d,1697664290785311111
6a69421f-e399-4db8-897a-d8ef21b5e0a7,707b6ccf-c9d9-4c1d-97f4-516b572b2f9d,1697664290806600000
6a69421f-e399-4db8-897a-d8ef21b5e0a7,707b6ccf-c9d9-4c1d-97f4-516b572b2f9d,1697664290839244444
6a69421f-e399-4db8-897a-d8ef21b5e0a7,707b6ccf-c9d9-4c1d-97f4-516b572b2f9d,1697664290874733333
6a69421f-e399-4db8-897a-d8ef21b5e0a7,707b6ccf-c9d9-4c1d-97f4-516b572b2f9d,1697664290912244444
6a69421f-e399-4db8-897a-d8ef21b5e0a7,707b6ccf-c9d9-4c1d-97f4-516b572b2f9d,1697664290950177777
6a69421f-e399-4db8-897a-d8ef21b5e0a7,707b6ccf-c9d9-4c1d-97f4-516b572b2f9d,1697664290982444444
6a69421f-e399-4db8-897a-d8ef21b5e0a7,707b6ccf-c9d9-4c1d-97f4-516b572b2f9d,1697664291010733333
6a69421f-e399-4db8-897a-d8ef21b5e0a7,707b6ccf-c9d9-4c1d-97f4-516b572b2f9d,1697664291051766666
6a69421f-e399-4db8-897a-d8ef21b5e0a7,707b6ccf-c9d9-4c1d-97f4-516b572b2f9d,1697664291082177777
6a69421f-e399-4db8-897a-d8ef21b5e0a7,707b6ccf-c9d9-4c1d-97f4-516b572b2f9d,1697664291118688888
6a69421f-e399-4db8-897a-d8ef21b5e0a7,707b6ccf-c9d9-4c1d-97f4-516b572b2f9d,1697664291148300000
6a69421f-e399-4db8-897a-d8ef21b5e0a7,707b6ccf-c9d9-4c1d-97f4-516b572b2f9d,1697664291179600000
6a69421f-e399-4db8-897a-d8ef21b5e0a7,707b6ccf-c9d9-4c1d-97f4-516b572b2f9d,1697664291217511111
6a69421f-e399-4db8-897a-d8ef21b5e0a7,707b6ccf-c9d9-4c1d-97f4-516b572b2f9d,1697664291251022222
6a69421f-e399-4db8-897a-d8ef21b5e0a7,707b6ccf-c9d9-4c1d-97f4-516b572b2f9d,1697664291282088888
6a69421f-e399-4db8-897a-d8ef21b5e0a7,707b6ccf-c9d9-4c1d-97f4-516b572b2f9d,1697664291317788888
6a69421f-e399-4db8-897a-d8ef21b5e0a7,707b6ccf-c9d9-4c1d-97f4-516b572b2f9d,1697664291349533333
6a69421f-e399-4db8-897a-d8ef21b5e0a7,707b6ccf-c9d9-4c1d-97f4-516b572b2f9d,1697664291380744444
6a69421f-e399-4db8-897a-d8ef21b5e0a7,707b6ccf-c9d9-4c1d-97f4-516b572b2f9d,1697664291412622222
6a69421f-e399-4db8-897a-d8ef21b5e0a7,707b6ccf-c9d9-4c1d-97f4-516b572b2f9d,1697664291449433333
6a69421f-e399-4db8-897a-d8ef21b5e0a7,707b6ccf-c9d9-4c1d-97f4-516b572b2f9d,1697664291471377777
6a69421f-e399-4db8-897a-d8ef21b5e0a7,707b6ccf-c9d9-4c1d-97f4-516b572b2f9d,1697664291516433333
6a69421f-e399-4db8-897a-d8ef21b5e0a7,707b6ccf-c9d9-4c1d-97f4-516b572b2f9d,1697664291538322222
6a69421f-e399-4db8-897a-d8ef21b5e0a7,707b6ccf-c9d9-4c1d-97f4-516b572b2f9d,1697664291579166666
6a69421f-e399-4db8-897a-d8ef21b5e0a7,707b6ccf-c9d9-4c1d-97f4-516b572b2f9d,1697664291609566666
6a69421f-e399-4db8-897a-d8ef21b5e0a7,707b6ccf-c9d9-4c1d-97f4-516b572b2f9d,1697664291655711111
6a69421f-e399-4db8-897a-d8ef21b5e0a7,707b6ccf-c9d9-4c1d-97f4-516b572b2f9d,1697664291679666666
6a69421f-e399-4db8-897a-d8ef21b5e0a7,707b6ccf-c9d9-4c1d-97f4-516b572b2f9d,1697664291716422222
6a69421f-e399-4db8-897a-d8ef21b5e0a7,707b6ccf-c9d9-4c1d-97f4-516b572b2f9d,1697664291751066666
6a69421f-e399-4db8-897a-d8ef21b5e0a7,707b6ccf-c9d9-4c1d-97f4-516b572b2f9d,1697664291781966666
6a69421f-e399-4db8-897a-d8ef21b5e0a7,707b6ccf-c9d9-4c1d-97f4-516b572b2f9d,1697664291818433333
6a69421f-e399-4db8-897a-d8ef21b5e0a7,707b6ccf-c9d9-4c1d-97f4-516b572b2f9d,1697664291851122222
6a69421f-e399-4db8-897a-d8ef21b5e0a7,707b6ccf-c9d9-4c1d-97f4-516b572b2f9d,1697664291880677777
6a69421f-e399-4db8-897a-d8ef21b5e0a7,707b6ccf-c9d9-4c1d-97f4-516b572b2f9d,1697664291913255555
6a69421f-e399-4db8-897a-d8ef21b5e0a7,707b6ccf-c9d9-4c1d-97f4-516b572b2f9d,1697664291950888888
6a69421f-e399-4db8-897a-d8ef21b5e0a7,707b6ccf-c9d9-4c1d-97f4-516b572b2f9d,1697664291980955555
6a69421f-e399-4db8-897a-d8ef21b5e0a7,707b6ccf-c9d9-4c1d-97f4-516b572b2f9d,1697664292012655555
6a69421f-e399-4db8-897a-d8ef21b5e0a7,707b6ccf-c9d9-4c1d-97f4-516b572b2f9d,1697664292052722222
6a69421f-e399-4db8-897a-d8ef21b5e0a7,707b6ccf-c9d9-4c1d-97f4-516b572b2f9d,1697664292082144444
6a69421f-e399-4db8-897a-d8ef21b5e0a7,707b6ccf-c9d9-4c1d-97f4-516b572b2f9d,1697664292130122222
6a69421f-e399-4db8-897a-d8ef21b5e0a7,707b6ccf-c9d9-4c1d-97f4-516b572b2f9d,1697664292139111111
6a69421f-e399-4db8-897a-d8ef21b5e0a7,707b6ccf-c9d9-4c1d-97f4-516b572b2f9d,1697664292176477777
6a69421f-e399-4db8-897a-d8ef21b5e0a7,707b6ccf-c9d9-4c1d-97f4-516b572b2f9d,1697664292208400000
6a69421f-e399-4db8-897a-d8ef21b5e0a7,707b6ccf-c9d9-4c1d-97f4-516b572b2f9d,1697664292254200000
6a69421f-e399-4db8-897a-d8ef21b5e0a7,707b6ccf-c9d9-4c1d-97f4-516b572b2f9d,1697664292279111111
6a69421f-e399-4db8-897a-d8ef21b5e0a7,707b6ccf-c9d9-4c1d-97f4-516b572b2f9d,1697664292318522222
6a69421f-e399-4db8-897a-d8ef21b5e0a7,707b6ccf-c9d9-4c1d-97f4-516b572b2f9d,1697664292350266666
6a69421f-e399-4db8-897a-d8ef21b5e0a7,707b6ccf-c9d9-4c1d-97f4-516b572b2f9d,1697664292380755555
6a69421f-e399-4db8-897a-d8ef21b5e0a7,707b6ccf-c9d9-4c1d-97f4-516b572b2f9d,1697664292413488888
6a69421f-e399-4db8-897a-d8ef21b5e0a7,707b6ccf-c9d9-4c1d-97f4-516b572b2f9d,1697664292456777777
6a69421f-e399-4db8-897a-d8ef21b5e0a7,707b6ccf-c9d9-4c1d-97f4-516b572b2f9d,1697664292480533333
6a69421f-e399-4db8-897a-d8ef21b5e0a7,707b6ccf-c9d9-4c1d-97f4-516b572b2f9d,1697664292512055555
6a69421f-e399-4db8-897a-d8ef21b5e0a7,707b6ccf-c9d9-4c1d-97f4-516b572b2f9d,1697664292554933333
6a69421f-e399-4db8-897a-d8ef21b5e0a7,707b6ccf-c9d9-4c1d-97f4-516b572b2f9d,1697664292583622222
6a69421f-e399-4db8-897a-d8ef21b5e0a7,707b6ccf-c9d9-4c1d-97f4-516b572b2f9d,1697664292613744444
6a69421f-e399-4db8-897a-d8ef21b5e0a7,707b6ccf-c9d9-4c1d-97f4-516b572b2f9d,1697664292650922222
6a69421f-e399-4db8-897a-d8ef21b5e0a7,707b6ccf-c9d9-4c1d-97f4-516b572b2f9d,1697664292680688888
6a69421f-e399-4db8-897a-d8ef21b5e0a7,707b6ccf-c9d9-4c1d-97f4-516b572b2f9d,1697664292713177777
6a69421f-e399-4db8-897a-d8ef21b5e0a7,707b6ccf-c9d9-4c1d-97f4-516b572b2f9d,1697664292749322222
6a69421f-e399-4db8-897a-d8ef21b5e0a7,707b6ccf-c9d9-4c1d-97f4-516b572b2f9d,1697664292781844444
6a69421f-e399-4db8-897a-d8ef21b5e0a7,707b6ccf-c9d9-4c1d-97f4-516b572b2f9d,1697664292807266666
6a69421f-e399-4db8-897a-d8ef21b5e0a7,707b6ccf-c9d9-4c1d-97f4-516b572b2f9d,1697664292838755555
6a69421f-e399-4db8-897a-d8ef21b5e0a7,707b6ccf-c9d9-4c1d-97f4-516b572b2f9d,1697664292872211111
6a69421f-e399-4db8-897a-d8ef21b5e0a7,707b6ccf-c9d9-4c1d-97f4-516b572b2f9d,1697664292914288888
6a69421f-e399-4db8-897a-d8ef21b5e0a7,707b6ccf-c9d9-4c1d-97f4-516b572b2f9d,1697664292947255555
6a69421f-e399-4db8-897a-d8ef21b5e0a7,707b6ccf-c9d9-4c1d-97f4-516b572b2f9d,1697664292984022222
6a69421f-e399-4db8-897a-d8ef21b5e0a7,707b6ccf-c9d9-4c1d-97f4-516b572b2f9d,1697664293011822222
6a69421f-e399-4db8-897a-d8ef21b5e0a7,707b6ccf-c9d9-4c1d-97f4-516b572b2f9d,1697664293052633333
6a69421f-e399-4db8-897a-d8ef21b5e0a7,707b6ccf-c9d9-4c1d-97f4-516b572b2f9d,1697664293083566666
6a69421f-e399-4db8-897a-d8ef21b5e0a7,707b6ccf-c9d9-4c1d-97f4-516b572b2f9d,1697664293110066666
6a69421f-e399-4db8-897a-d8ef21b5e0a7,707b6ccf-c9d9-4c1d-97f4-516b572b2f9d,1697664293149155555
6a69421f-e399-4db8-897a-d8ef21b5e0a7,707b6ccf-c9d9-4c1d-97f4-516b572b2f9d,1697664293183844444
6a69421f-e399-4db8-897a-d8ef21b5e0a7,707b6ccf-c9d9-4c1d-97f4-516b572b2f9d,1697664293217433333
6a69421f-e399-4db8-897a-d8ef21b5e0a7,707b6ccf-c9d9-4c1d-97f4-516b572b2f9d,1697664293252066666
6a69421f-e399-4db8-897a-d8ef21b5e0a7,707b6ccf-c9d9-4c1d-97f4-516b572b2f9d,1697664293282700000
6a69421f-e399-4db8-897a-d8ef21b5e0a7,707b6ccf-c9d9-4c1d-97f4-516b572b2f9d,1697664293314055555
6a69421f-e399-4db8-897a-d8ef21b5e0a7,707b6ccf-c9d9-4c1d-97f4-516b572b2f9d,1697664293354600000
6a69421f-e399-4db8-897a-d8ef21b5e0a7,707b6ccf-c9d9-4c1d-97f4-516b572b2f9d,1697664293384855555
6a69421f-e399-4db8-897a-d8ef21b5e0a7,707b6ccf-c9d9-4c1d-97f4-516b572b2f9d,1697664293412511111
6a69421f-e399-4db8-897a-d8ef21b5e0a7,707b6ccf-c9d9-4c1d-97f4-516b572b2f9d,1697664293448088888
6a69421f-e399-4db8-897a-d8ef21b5e0a7,707b6ccf-c9d9-4c1d-97f4-516b572b2f9d,1697664293472833333
6a69421f-e399-4db8-897a-d8ef21b5e0a7,707b6ccf-c9d9-4c1d-97f4-516b572b2f9d,1697664293523255555
6a69421f-e399-4db8-897a-d8ef21b5e0a7,707b6ccf-c9d9-4c1d-97f4-516b572b2f9d,1697664293541600000
6a69421f-e399-4db8-897a-d8ef21b5e0a7,707b6ccf-c9d9-4c1d-97f4-516b572b2f9d,1697664293576844444
6a69421f-e399-4db8-897a-d8ef21b5e0a7,707b6ccf-c9d9-4c1d-97f4-516b572b2f9d,1697664293601155555
6a69421f-e399-4db8-897a-d8ef21b5e0a7,707b6ccf-c9d9-4c1d-97f4-516b572b2f9d,1697664293656522222
6a69421f-e399-4db8-897a-d8ef21b5e0a7,707b6ccf-c9d9-4c1d-97f4-516b572b2f9d,1697664293683600000
6a69421f-e399-4db8-897a-d8ef21b5e0a7,707b6ccf-c9d9-4c1d-97f4-516b572b2f9d,1697664293704644444
6a69421f-e399-4db8-897a-d8ef21b5e0a7,707b6ccf-c9d9-4c1d-97f4-516b572b2f9d,1697664293756666666
6a69421f-e399-4db8-897a-d8ef21b5e0a7,707b6ccf-c9d9-4c1d-97f4-516b572b2f9d,1697664293787422222
6a69421f-e399-4db8-897a-d8ef21b5e0a7,707b6ccf-c9d9-4c1d-97f4-516b572b2f9d,1697664293814688888
6a69421f-e399-4db8-897a-d8ef21b5e0a7,707b6ccf-c9d9-4c1d-97f4-516b572b2f9d,1697664293851066666
6a69421f-e399-4db8-897a-d8ef21b5e0a7,707b6ccf-c9d9-4c1d-97f4-516b572b2f9d,1697664293883755555
6a69421f-e399-4db8-897a-d8ef21b5e0a7,707b6ccf-c9d9-4c1d-97f4-516b572b2f9d,1697664293914200000
6a69421f-e399-4db8-897a-d8ef21b5e0a7,707b6ccf-c9d9-4c1d-97f4-516b572b2f9d,1697664293950300000
6a69421f-e399-4db8-897a-d8ef21b5e0a7,707b6ccf-c9d9-4c1d-97f4-516b572b2f9d,1697664293979722222
6a69421f-e399-4db8-897a-d8ef21b5e0a7,707b6ccf-c9d9-4c1d-97f4-516b572b2f9d,1697664294013900000
6a69421f-e399-4db8-897a-d8ef21b5e0a7,707b6ccf-c9d9-4c1d-97f4-516b572b2f9d,1697664294051488888
6a69421f-e399-4db8-897a-d8ef21b5e0a7,707b6ccf-c9d9-4c1d-97f4-516b572b2f9d,1697664294083011111
6a69421f-e399-4db8-897a-d8ef21b5e0a7,707b6ccf-c9d9-4c1d-97f4-516b572b2f9d,1697664294120977777
6a69421f-e399-4db8-897a-d8ef21b5e0a7,707b6ccf-c9d9-4c1d-97f4-516b572b2f9d,1697664294141611111
6a69421f-e399-4db8-897a-d8ef21b5e0a7,707b6ccf-c9d9-4c1d-97f4-516b572b2f9d,1697664294174500000
6a69421f-e399-4db8-897a-d8ef21b5e0a7,707b6ccf-c9d9-4c1d-97f4-516b572b2f9d,1697664294201966666
6a69421f-e399-4db8-897a-d8ef21b5e0a7,707b6ccf-c9d9-4c1d-97f4-516b572b2f9d,1697664294260100000
6a69421f-e399-4db8-897a-d8ef21b5e0a7,707b6ccf-c9d9-4c1d-97f4-516b572b2f9d,1697664294272455555
6a69421f-e399-4db8-897a-d8ef21b5e0a7,707b6ccf-c9d9-4c1d-97f4-516b572b2f9d,1697664294312388888
6a69421f-e399-4db8-897a-d8ef21b5e0a7,707b6ccf-c9d9-4c1d-97f4-516b572b2f9d,1697664294350966666
6a69421f-e399-4db8-897a-d8ef21b5e0a7,707b6ccf-c9d9-4c1d-97f4-516b572b2f9d,1697664294381300000
6a69421f-e399-4db8-897a-d8ef21b5e0a7,707b6ccf-c9d9-4c1d-97f4-516b572b2f9d,1697664294410455555
6a69421f-e399-4db8-897a-d8ef21b5e0a7,707b6ccf-c9d9-4c1d-97f4-516b572b2f9d,1697664294451088888
6a69421f-e399-4db8-897a-d8ef21b5e0a7,707b6ccf-c9d9-4c1d-97f4-516b572b2f9d,1697664294490977777
6a69421f-e399-4db8-897a-d8ef21b5e0a7,707b6ccf-c9d9-4c1d-97f4-516b572b2f9d,1697664294504922222
6a69421f-e399-4db8-897a-d8ef21b5e0a7,707b6ccf-c9d9-4c1d-97f4-516b572b2f9d,1697664294554833333
6a69421f-e399-4db8-897a-d8ef21b5e0a7,707b6ccf-c9d9-4c1d-97f4-516b572b2f9d,1697664294582577777
6a69421f-e399-4db8-897a-d8ef21b5e0a7,707b6ccf-c9d9-4c1d-97f4-516b572b2f9d,1697664294606044444
6a69421f-e399-4db8-897a-d8ef21b5e0a7,707b6ccf-c9d9-4c1d-97f4-516b572b2f9d,1697664294649266666
6a69421f-e399-4db8-897a-d8ef21b5e0a7,707b6ccf-c9d9-4c1d-97f4-516b572b2f9d,1697664294684022222
6a69421f-e399-4db8-897a-d8ef21b5e0a7,707b6ccf-c9d9-4c1d-97f4-516b572b2f9d,1697664294715833333
6a69421f-e399-4db8-897a-d8ef21b5e0a7,707b6ccf-c9d9-4c1d-97f4-516b572b2f9d,1697664294750566666
6a69421f-e399-4db8-897a-d8ef21b5e0a7,707b6ccf-c9d9-4c1d-97f4-516b572b2f9d,1697664294792511111
6a69421f-e399-4db8-897a-d8ef21b5e0a7,707b6ccf-c9d9-4c1d-97f4-516b572b2f9d,1697664294806677777
6a69421f-e399-4db8-897a-d8ef21b5e0a7,707b6ccf-c9d9-4c1d-97f4-516b572b2f9d,1697664294854344444
6a69421f-e399-4db8-897a-d8ef21b5e0a7,707b6ccf-c9d9-4c1d-97f4-516b572b2f9d,1697664294873800000
6a69421f-e399-4db8-897a-d8ef21b5e0a7,707b6ccf-c9d9-4c1d-97f4-516b572b2f9d,1697664294908655555
6a69421f-e399-4db8-897a-d8ef21b5e0a7,707b6ccf-c9d9-4c1d-97f4-516b572b2f9d,1697664294953233333
6a69421f-e399-4db8-897a-d8ef21b5e0a7,707b6ccf-c9d9-4c1d-97f4-516b572b2f9d,1697664294979822222
6a69421f-e399-4db8-897a-d8ef21b5e0a7,707b6ccf-c9d9-4c1d-97f4-516b572b2f9d,1697664295013744444
6a69421f-e399-4db8-897a-d8ef21b5e0a7,707b6ccf-c9d9-4c1d-97f4-516b572b2f9d,1697664295050588888
6a69421f-e399-4db8-897a-d8ef21b5e0a7,707b6ccf-c9d9-4c1d-97f4-516b572b2f9d,1697664295088166666
6a69421f-e399-4db8-897a-d8ef21b5e0a7,707b6ccf-c9d9-4c1d-97f4-516b572b2f9d,1697664295116166666
6a69421f-e399-4db8-897a-d8ef21b5e0a7,707b6ccf-c9d9-4c1d-97f4-516b572b2f9d,1697664295152322222
6a69421f-e399-4db8-897a-d8ef21b5e0a7,707b6ccf-c9d9-4c1d-97f4-516b572b2f9d,1697664295182955555
6a69421f-e399-4db8-897a-d8ef21b5e0a7,707b6ccf-c9d9-4c1d-97f4-516b572b2f9d,1697664295205966666
6a69421f-e399-4db8-897a-d8ef21b5e0a7,707b6ccf-c9d9-4c1d-97f4-516b572b2f9d,1697664295257311111
6a69421f-e399-4db8-897a-d8ef21b5e0a7,707b6ccf-c9d9-4c1d-97f4-516b572b2f9d,1697664295281700000
6a69421f-e399-4db8-897a-d8ef21b5e0a7,707b6ccf-c9d9-4c1d-97f4-516b572b2f9d,1697664295313566666
6a69421f-e399-4db8-897a-d8ef21b5e0a7,707b6ccf-c9d9-4c1d-97f4-516b572b2f9d,1697664295355288888
6a69421f-e399-4db8-897a-d8ef21b5e0a7,707b6ccf-c9d9-4c1d-97f4-516b572b2f9d,1697664295382200000
6a69421f-e399-4db8-897a-d8ef21b5e0a7,707b6ccf-c9d9-4c1d-97f4-516b572b2f9d,1697664295404988888
6a69421f-e399-4db8-897a-d8ef21b5e0a7,707b6ccf-c9d9-4c1d-97f4-516b572b2f9d,1697664295466788888
6a69421f-e399-4db8-897a-d8ef21b5e0a7,707b6ccf-c9d9-4c1d-97f4-516b572b2f9d,1697664295473577777
6a69421f-e399-4db8-897a-d8ef21b5e0a7,707b6ccf-c9d9-4c1d-97f4-516b572b2f9d,1697664295529177777
6a69421f-e399-4db8-897a-d8ef21b5e0a7,707b6ccf-c9d9-4c1d-97f4-516b572b2f9d,1697664295550800000
6a69421f-e399-4db8-897a-d8ef21b5e0a7,707b6ccf-c9d9-4c1d-97f4-516b572b2f9d,1697664295578611111
6a69421f-e399-4db8-897a-d8ef21b5e0a7,707b6ccf-c9d9-4c1d-97f4-516b572b2f9d,1697664295603255555
6a69421f-e399-4db8-897a-d8ef21b5e0a7,707b6ccf-c9d9-4c1d-97f4-516b572b2f9d,1697664295649711111
6a69421f-e399-4db8-897a-d8ef21b5e0a7,707b6ccf-c9d9-4c1d-97f4-516b572b2f9d,1697664295682511111
6a69421f-e399-4db8-897a-d8ef21b5e0a7,707b6ccf-c9d9-4c1d-97f4-516b572b2f9d,1697664295712633333
6a69421f-e399-4db8-897a-d8ef21b5e0a7,707b6ccf-c9d9-4c1d-97f4-516b572b2f9d,1697664295749755555
6a69421f-e399-4db8-897a-d8ef21b5e0a7,707b6ccf-c9d9-4c1d-97f4-516b572b2f9d,1697664295782355555
6a69421f-e399-4db8-897a-d8ef21b5e0a7,707b6ccf-c9d9-4c1d-97f4-516b572b2f9d,1697664295813022222
6a69421f-e399-4db8-897a-d8ef21b5e0a7,707b6ccf-c9d9-4c1d-97f4-516b572b2f9d,1697664295854822222
6a69421f-e399-4db8-897a-d8ef21b5e0a7,707b6ccf-c9d9-4c1d-97f4-516b572b2f9d,1697664295883388888
6a69421f-e399-4db8-897a-d8ef21b5e0a7,707b6ccf-c9d9-4c1d-97f4-516b572b2f9d,1697664295907677777
6a69421f-e399-4db8-897a-d8ef21b5e0a7,707b6ccf-c9d9-4c1d-97f4-516b572b2f9d,1697664295958922222
6a69421f-e399-4db8-897a-d8ef21b5e0a7,707b6ccf-c9d9-4c1d-97f4-516b572b2f9d,1697664295983144444
6a69421f-e399-4db8-897a-d8ef21b5e0a7,707b6ccf-c9d9-4c1d-97f4-516b572b2f9d,1697664296003677777
6a69421f-e399-4db8-897a-d8ef21b5e0a7,707b6ccf-c9d9-4c1d-97f4-516b572b2f9d,1697664296051644444
6a69421f-e399-4db8-897a-d8ef21b5e0a7,707b6ccf-c9d9-4c1d-97f4-516b572b2f9d,1697664296091255555
6a69421f-e399-4db8-897a-d8ef21b5e0a7,707b6ccf-c9d9-4c1d-97f4-516b572b2f9d,1697664296121788888
6a69421f-e399-4db8-897a-d8ef21b5e0a7,707b6ccf-c9d9-4c1d-97f4-516b572b2f9d,1697664296146166666
6a69421f-e399-4db8-897a-d8ef21b5e0a7,707b6ccf-c9d9-4c1d-97f4-516b572b2f9d,1697664296190133333
6a69421f-e399-4db8-897a-d8ef21b5e0a7,707b6ccf-c9d9-4c1d-97f4-516b572b2f9d,1697664296206944444
6a69421f-e399-4db8-897a-d8ef21b5e0a7,707b6ccf-c9d9-4c1d-97f4-516b572b2f9d,1697664296240344444
6a69421f-e399-4db8-897a-d8ef21b5e0a7,707b6ccf-c9d9-4c1d-97f4-516b572b2f9d,1697664296283088888
6a69421f-e399-4db8-897a-d8ef21b5e0a7,707b6ccf-c9d9-4c1d-97f4-516b572b2f9d,1697664296307111111
6a69421f-e399-4db8-897a-d8ef21b5e0a7,707b6ccf-c9d9-4c1d-97f4-516b572b2f9d,1697664296349211111
6a69421f-e399-4db8-897a-d8ef21b5e0a7,707b6ccf-c9d9-4c1d-97f4-516b572b2f9d,1697664296386222222
6a69421f-e399-4db8-897a-d8ef21b5e0a7,707b6ccf-c9d9-4c1d-97f4-516b572b2f9d,1697664296418100000
6a69421f-e399-4db8-897a-d8ef21b5e0a7,707b6ccf-c9d9-4c1d-97f4-516b572b2f9d,1697664296451288888
6a69421f-e399-4db8-897a-d8ef21b5e0a7,707b6ccf-c9d9-4c1d-97f4-516b572b2f9d,1697664296488333333
6a69421f-e399-4db8-897a-d8ef21b5e0a7,707b6ccf-c9d9-4c1d-97f4-516b572b2f9d,1697664296518122222
6a69421f-e399-4db8-897a-d8ef21b5e0a7,707b6ccf-c9d9-4c1d-97f4-516b572b2f9d,1697664296554200000
6a69421f-e399-4db8-897a-d8ef21b5e0a7,707b6ccf-c9d9-4c1d-97f4-516b572b2f9d,1697664296582911111
6a69421f-e399-4db8-897a-d8ef21b5e0a7,707b6ccf-c9d9-4c1d-97f4-516b572b2f9d,1697664296607088888
6a69421f-e399-4db8-897a-d8ef21b5e0a7,707b6ccf-c9d9-4c1d-97f4-516b572b2f9d,1697664296651677777
6a69421f-e399-4db8-897a-d8ef21b5e0a7,707b6ccf-c9d9-4c1d-97f4-516b572b2f9d,1697664296686355555
6a69421f-e399-4db8-897a-d8ef21b5e0a7,707b6ccf-c9d9-4c1d-97f4-516b572b2f9d,1697664296717055555
6a69421f-e399-4db8-897a-d8ef21b5e0a7,707b6ccf-c9d9-4c1d-97f4-516b572b2f9d,1697664296751988888
6a69421f-e399-4db8-897a-d8ef21b5e0a7,707b6ccf-c9d9-4c1d-97f4-516b572b2f9d,1697664296779255555
6a69421f-e399-4db8-897a-d8ef21b5e0a7,707b6ccf-c9d9-4c1d-97f4-516b572b2f9d,1697664296802644444
6a69421f-e399-4db8-897a-d8ef21b5e0a7,707b6ccf-c9d9-4c1d-97f4-516b572b2f9d,1697664296851622222
6a69421f-e399-4db8-897a-d8ef21b5e0a7,707b6ccf-c9d9-4c1d-97f4-516b572b2f9d,1697664296874433333
6a69421f-e399-4db8-897a-d8ef21b5e0a7,707b6ccf-c9d9-4c1d-97f4-516b572b2f9d,1697664296909744444
6a69421f-e399-4db8-897a-d8ef21b5e0a7,707b6ccf-c9d9-4c1d-97f4-516b572b2f9d,1697664296935188888
6a69421f-e399-4db8-897a-d8ef21b5e0a7,707b6ccf-c9d9-4c1d-97f4-516b572b2f9d,1697664296981455555
6a69421f-e399-4db8-897a-d8ef21b5e0a7,707b6ccf-c9d9-4c1d-97f4-516b572b2f9d,1697664297003600000
6a69421f-e399-4db8-897a-d8ef21b5e0a7,707b6ccf-c9d9-4c1d-97f4-516b572b2f9d,1697664297052633333
6a69421f-e399-4db8-897a-d8ef21b5e0a7,707b6ccf-c9d9-4c1d-97f4-516b572b2f9d,1697664297083922222
6a69421f-e399-4db8-897a-d8ef21b5e0a7,707b6ccf-c9d9-4c1d-97f4-516b572b2f9d,1697664297112844444
6a69421f-e399-4db8-897a-d8ef21b5e0a7,707b6ccf-c9d9-4c1d-97f4-516b572b2f9d,1697664297143266666
6a69421f-e399-4db8-897a-d8ef21b5e0a7,707b6ccf-c9d9-4c1d-97f4-516b572b2f9d,1697664297185255555
6a69421f-e399-4db8-897a-d8ef21b5e0a7,707b6ccf-c9d9-4c1d-97f4-516b572b2f9d,1697664297214622222
6a69421f-e399-4db8-897a-d8ef21b5e0a7,707b6ccf-c9d9-4c1d-97f4-516b572b2f9d,1697664297244166666
6a69421f-e399-4db8-897a-d8ef21b5e0a7,707b6ccf-c9d9-4c1d-97f4-516b572b2f9d,1697664297288766666
6a69421f-e399-4db8-897a-d8ef21b5e0a7,707b6ccf-c9d9-4c1d-97f4-516b572b2f9d,1697664297318377777
6a69421f-e399-4db8-897a-d8ef21b5e0a7,707b6ccf-c9d9-4c1d-97f4-516b572b2f9d,1697664297350055555
6a69421f-e399-4db8-897a-d8ef21b5e0a7,707b6ccf-c9d9-4c1d-97f4-516b572b2f9d,1697664297383611111
6a69421f-e399-4db8-897a-d8ef21b5e0a7,707b6ccf-c9d9-4c1d-97f4-516b572b2f9d,1697664297406988888
6a69421f-e399-4db8-897a-d8ef21b5e0a7,707b6ccf-c9d9-4c1d-97f4-516b572b2f9d,1697664297452033333
6a69421f-e399-4db8-897a-d8ef21b5e0a7,707b6ccf-c9d9-4c1d-97f4-516b572b2f9d,1697664297471766666
6a69421f-e399-4db8-897a-d8ef21b5e0a7,707b6ccf-c9d9-4c1d-97f4-516b572b2f9d,1697664297505055555
6a69421f-e399-4db8-897a-d8ef21b5e0a7,707b6ccf-c9d9-4c1d-97f4-516b572b2f9d,1697664297535800000
6a69421f-e399-4db8-897a-d8ef21b5e0a7,707b6ccf-c9d9-4c1d-97f4-516b572b2f9d,1697664297570855555
6a69421f-e399-4db8-897a-d8ef21b5e0a7,707b6ccf-c9d9-4c1d-97f4-516b572b2f9d,1697664297622900000
6a69421f-e399-4db8-897a-d8ef21b5e0a7,707b6ccf-c9d9-4c1d-97f4-516b572b2f9d,1697664297634733333
6a69421f-e399-4db8-897a-d8ef21b5e0a7,707b6ccf-c9d9-4c1d-97f4-516b572b2f9d,1697664297682544444
6a69421f-e399-4db8-897a-d8ef21b5e0a7,707b6ccf-c9d9-4c1d-97f4-516b572b2f9d,1697664297709111111
6a69421f-e399-4db8-897a-d8ef21b5e0a7,707b6ccf-c9d9-4c1d-97f4-516b572b2f9d,1697664297750588888
6a69421f-e399-4db8-897a-d8ef21b5e0a7,707b6ccf-c9d9-4c1d-97f4-516b572b2f9d,1697664297783488888
6a69421f-e399-4db8-897a-d8ef21b5e0a7,707b6ccf-c9d9-4c1d-97f4-516b572b2f9d,1697664297808288888
6a69421f-e399-4db8-897a-d8ef21b5e0a7,707b6ccf-c9d9-4c1d-97f4-516b572b2f9d,1697664297848433333
6a69421f-e399-4db8-897a-d8ef21b5e0a7,707b6ccf-c9d9-4c1d-97f4-516b572b2f9d,1697664297887422222
6a69421f-e399-4db8-897a-d8ef21b5e0a7,707b6ccf-c9d9-4c1d-97f4-516b572b2f9d,1697664297915166666
6a69421f-e399-4db8-897a-d8ef21b5e0a7,707b6ccf-c9d9-4c1d-97f4-516b572b2f9d,1697664297944633333
6a69421f-e399-4db8-897a-d8ef21b5e0a7,707b6ccf-c9d9-4c1d-97f4-516b572b2f9d,1697664297989033333
6a69421f-e399-4db8-897a-d8ef21b5e0a7,707b6ccf-c9d9-4c1d-97f4-516b572b2f9d,1697664298023333333
6a69421f-e399-4db8-897a-d8ef21b5e0a7,707b6ccf-c9d9-4c1d-97f4-516b572b2f9d,1697664298035977777
6a69421f-e399-4db8-897a-d8ef21b5e0a7,707b6ccf-c9d9-4c1d-97f4-516b572b2f9d,1697664298087588888
6a69421f-e399-4db8-897a-d8ef21b5e0a7,707b6ccf-c9d9-4c1d-97f4-516b572b2f9d,1697664298116133333
6a69421f-e399-4db8-897a-d8ef21b5e0a7,707b6ccf-c9d9-4c1d-97f4-516b572b2f9d,1697664298154911111
6a69421f-e399-4db8-897a-d8ef21b5e0a7,707b6ccf-c9d9-4c1d-97f4-516b572b2f9d,1697664298172977777
6a69421f-e399-4db8-897a-d8ef21b5e0a7,707b6ccf-c9d9-4c1d-97f4-516b572b2f9d,1697664298202488888
6a69421f-e399-4db8-897a-d8ef21b5e0a7,707b6ccf-c9d9-4c1d-97f4-516b572b2f9d,1697664298237311111
6a69421f-e399-4db8-897a-d8ef21b5e0a7,707b6ccf-c9d9-4c1d-97f4-516b572b2f9d,1697664298273455555
6a69421f-e399-4db8-897a-d8ef21b5e0a7,707b6ccf-c9d9-4c1d-97f4-516b572b2f9d,1697664298301233333
6a69421f-e399-4db8-897a-d8ef21b5e0a7,707b6ccf-c9d9-4c1d-97f4-516b572b2f9d,1697664298344977777
6a69421f-e399-4db8-897a-d8ef21b5e0a7,707b6ccf-c9d9-4c1d-97f4-516b572b2f9d,1697664298383122222
6a69421f-e399-4db8-897a-d8ef21b5e0a7,707b6ccf-c9d9-4c1d-97f4-516b572b2f9d,1697664298413811111
6a69421f-e399-4db8-897a-d8ef21b5e0a7,707b6ccf-c9d9-4c1d-97f4-516b572b2f9d,1697664298450511111
6a69421f-e399-4db8-897a-d8ef21b5e0a7,707b6ccf-c9d9-4c1d-97f4-516b572b2f9d,1697664298481666666
6a69421f-e399-4db8-897a-d8ef21b5e0a7,707b6ccf-c9d9-4c1d-97f4-516b572b2f9d,1697664298513577777
6a69421f-e399-4db8-897a-d8ef21b5e0a7,707b6ccf-c9d9-4c1d-97f4-516b572b2f9d,1697664298543333333
6a69421f-e399-4db8-897a-d8ef21b5e0a7,707b6ccf-c9d9-4c1d-97f4-516b572b2f9d,1697664298587511111
6a69421f-e399-4db8-897a-d8ef21b5e0a7,707b6ccf-c9d9-4c1d-97f4-516b572b2f9d,1697664298612866666
6a69421f-e399-4db8-897a-d8ef21b5e0a7,707b6ccf-c9d9-4c1d-97f4-516b572b2f9d,1697664298644866666
6a69421f-e399-4db8-897a-d8ef21b5e0a7,707b6ccf-c9d9-4c1d-97f4-516b572b2f9d,1697664298686255555
6a69421f-e399-4db8-897a-d8ef21b5e0a7,707b6ccf-c9d9-4c1d-97f4-516b572b2f9d,1697664298713800000
6a69421f-e399-4db8-897a-d8ef21b5e0a7,707b6ccf-c9d9-4c1d-97f4-516b572b2f9d,1697664298745811111
6a69421f-e399-4db8-897a-d8ef21b5e0a7,707b6ccf-c9d9-4c1d-97f4-516b572b2f9d,1697664298781544444
6a69421f-e399-4db8-897a-d8ef21b5e0a7,707b6ccf-c9d9-4c1d-97f4-516b572b2f9d,1697664298804600000
6a69421f-e399-4db8-897a-d8ef21b5e0a7,707b6ccf-c9d9-4c1d-97f4-516b572b2f9d,1697664298850833333
6a69421f-e399-4db8-897a-d8ef21b5e0a7,707b6ccf-c9d9-4c1d-97f4-516b572b2f9d,1697664298871744444
6a69421f-e399-4db8-897a-d8ef21b5e0a7,707b6ccf-c9d9-4c1d-97f4-516b572b2f9d,1697664298903700000
6a69421f-e399-4db8-897a-d8ef21b5e0a7,707b6ccf-c9d9-4c1d-97f4-516b572b2f9d,1697664298951333333
6a69421f-e399-4db8-897a-d8ef21b5e0a7,707b6ccf-c9d9-4c1d-97f4-516b572b2f9d,1697664298980500000
6a69421f-e399-4db8-897a-d8ef21b5e0a7,707b6ccf-c9d9-4c1d-97f4-516b572b2f9d,1697664299006677777
6a69421f-e399-4db8-897a-d8ef21b5e0a7,707b6ccf-c9d9-4c1d-97f4-516b572b2f9d,1697664299043611111
6a69421f-e399-4db8-897a-d8ef21b5e0a7,707b6ccf-c9d9-4c1d-97f4-516b572b2f9d,1697664299083777777
6a69421f-e399-4db8-897a-d8ef21b5e0a7,707b6ccf-c9d9-4c1d-97f4-516b572b2f9d,1697664299113833333
6a69421f-e399-4db8-897a-d8ef21b5e0a7,707b6ccf-c9d9-4c1d-97f4-516b572b2f9d,1697664299145177777
6a69421f-e399-4db8-897a-d8ef21b5e0a7,707b6ccf-c9d9-4c1d-97f4-516b572b2f9d,1697664299183400000
6a69421f-e399-4db8-897a-d8ef21b5e0a7,707b6ccf-c9d9-4c1d-97f4-516b572b2f9d,1697664299205277777
6a69421f-e399-4db8-897a-d8ef21b5e0a7,707b6ccf-c9d9-4c1d-97f4-516b572b2f9d,1697664299255055555
6a69421f-e399-4db8-897a-d8ef21b5e0a7,707b6ccf-c9d9-4c1d-97f4-516b572b2f9d,1697664299283711111
6a69421f-e399-4db8-897a-d8ef21b5e0a7,707b6ccf-c9d9-4c1d-97f4-516b572b2f9d,1697664299304688888
6a69421f-e399-4db8-897a-d8ef21b5e0a7,707b6ccf-c9d9-4c1d-97f4-516b572b2f9d,1697664299350277777
6a69421f-e399-4db8-897a-d8ef21b5e0a7,707b6ccf-c9d9-4c1d-97f4-516b572b2f9d,1697664299386033333
6a69421f-e399-4db8-897a-d8ef21b5e0a7,707b6ccf-c9d9-4c1d-97f4-516b572b2f9d,1697664299419611111
6a69421f-e399-4db8-897a-d8ef21b5e0a7,707b6ccf-c9d9-4c1d-97f4-516b572b2f9d,1697664299452533333
6a69421f-e399-4db8-897a-d8ef21b5e0a7,707b6ccf-c9d9-4c1d-97f4-516b572b2f9d,1697664299468677777
6a69421f-e399-4db8-897a-d8ef21b5e0a7,707b6ccf-c9d9-4c1d-97f4-516b572b2f9d,1697664299501344444
6a69421f-e399-4db8-897a-d8ef21b5e0a7,707b6ccf-c9d9-4c1d-97f4-516b572b2f9d,1697664299533500000
6a69421f-e399-4db8-897a-d8ef21b5e0a7,707b6ccf-c9d9-4c1d-97f4-516b572b2f9d,1697664299566677777
6a69421f-e399-4db8-897a-d8ef21b5e0a7,707b6ccf-c9d9-4c1d-97f4-516b572b2f9d,1697664299616211111
6a69421f-e399-4db8-897a-d8ef21b5e0a7,707b6ccf-c9d9-4c1d-97f4-516b572b2f9d,1697664299651077777
6a69421f-e399-4db8-897a-d8ef21b5e0a7,707b6ccf-c9d9-4c1d-97f4-516b572b2f9d,1697664299682355555
6a69421f-e399-4db8-897a-d8ef21b5e0a7,707b6ccf-c9d9-4c1d-97f4-516b572b2f9d,1697664299712044444
6a69421f-e399-4db8-897a-d8ef21b5e0a7,707b6ccf-c9d9-4c1d-97f4-516b572b2f9d,1697664299745877777
6a69421f-e399-4db8-897a-d8ef21b5e0a7,707b6ccf-c9d9-4c1d-97f4-516b572b2f9d,1697664299776211111
6a69421f-e399-4db8-897a-d8ef21b5e0a7,707b6ccf-c9d9-4c1d-97f4-516b572b2f9d,1697664299813000000
6a69421f-e399-4db8-897a-d8ef21b5e0a7,707b6ccf-c9d9-4c1d-97f4-516b572b2f9d,1697664299846077777
6a69421f-e399-4db8-897a-d8ef21b5e0a7,707b6ccf-c9d9-4c1d-97f4-516b572b2f9d,1697664299877322222
6a69421f-e399-4db8-897a-d8ef21b5e0a7,707b6ccf-c9d9-4c1d-97f4-516b572b2f9d,1697664299911544444
6a69421f-e399-4db8-897a-d8ef21b5e0a7,707b6ccf-c9d9-4c1d-97f4-516b572b2f9d,1697664299948166666
6a69421f-e399-4db8-897a-d8ef21b5e0a7,707b6ccf-c9d9-4c1d-97f4-516b572b2f9d,1697664299978977777
6a69421f-e399-4db8-897a-d8ef21b5e0a7,707b6ccf-c9d9-4c1d-97f4-516b572b2f9d,1697664300013811111
6a69421f-e399-4db8-897a-d8ef21b5e0a7,707b6ccf-c9d9-4c1d-97f4-516b572b2f9d,1697664300049011111
6a69421f-e399-4db8-897a-d8ef21b5e0a7,707b6ccf-c9d9-4c1d-97f4-516b572b2f9d,1697664300078811111
6a69421f-e399-4db8-897a-d8ef21b5e0a7,707b6ccf-c9d9-4c1d-97f4-516b572b2f9d,1697664300116588888
6a69421f-e399-4db8-897a-d8ef21b5e0a7,707b6ccf-c9d9-4c1d-97f4-516b572b2f9d,1697664300134511111
6a69421f-e399-4db8-897a-d8ef21b5e0a7,707b6ccf-c9d9-4c1d-97f4-516b572b2f9d,1697664300187755555
6a69421f-e399-4db8-897a-d8ef21b5e0a7,707b6ccf-c9d9-4c1d-97f4-516b572b2f9d,1697664300226877777
6a69421f-e399-4db8-897a-d8ef21b5e0a7,707b6ccf-c9d9-4c1d-97f4-516b572b2f9d,1697664300241366666
6a69421f-e399-4db8-897a-d8ef21b5e0a7,707b6ccf-c9d9-4c1d-97f4-516b572b2f9d,1697664300271722222
6a69421f-e399-4db8-897a-d8ef21b5e0a7,707b6ccf-c9d9-4c1d-97f4-516b572b2f9d,1697664300313122222
6a69421f-e399-4db8-897a-d8ef21b5e0a7,707b6ccf-c9d9-4c1d-97f4-516b572b2f9d,1697664300344922222
6a69421f-e399-4db8-897a-d8ef21b5e0a7,707b6ccf-c9d9-4c1d-97f4-516b572b2f9d,1697664300380155555
6a69421f-e399-4db8-897a-d8ef21b5e0a7,707b6ccf-c9d9-4c1d-97f4-516b572b2f9d,1697664300416522222
6a69421f-e399-4db8-897a-d8ef21b5e0a7,707b6ccf-c9d9-4c1d-97f4-516b572b2f9d,1697664300444188888
6a69421f-e399-4db8-897a-d8ef21b5e0a7,707b6ccf-c9d9-4c1d-97f4-516b572b2f9d,1697664300477066666
6a69421f-e399-4db8-897a-d8ef21b5e0a7,707b6ccf-c9d9-4c1d-97f4-516b572b2f9d,1697664300514122222
6a69421f-e399-4db8-897a-d8ef21b5e0a7,707b6ccf-c9d9-4c1d-97f4-516b572b2f9d,1697664300547644444
6a69421f-e399-4db8-897a-d8ef21b5e0a7,707b6ccf-c9d9-4c1d-97f4-516b572b2f9d,1697664300576544444
6a69421f-e399-4db8-897a-d8ef21b5e0a7,707b6ccf-c9d9-4c1d-97f4-516b572b2f9d,1697664300614766666
6a69421f-e399-4db8-897a-d8ef21b5e0a7,707b6ccf-c9d9-4c1d-97f4-516b572b2f9d,1697664300644622222
6a69421f-e399-4db8-897a-d8ef21b5e0a7,707b6ccf-c9d9-4c1d-97f4-516b572b2f9d,1697664300682955555
6a69421f-e399-4db8-897a-d8ef21b5e0a7,707b6ccf-c9d9-4c1d-97f4-516b572b2f9d,1697664300715011111
6a69421f-e399-4db8-897a-d8ef21b5e0a7,707b6ccf-c9d9-4c1d-97f4-516b572b2f9d,1697664300747411111
6a69421f-e399-4db8-897a-d8ef21b5e0a7,707b6ccf-c9d9-4c1d-97f4-516b572b2f9d,1697664300775900000
6a69421f-e399-4db8-897a-d8ef21b5e0a7,707b6ccf-c9d9-4c1d-97f4-516b572b2f9d,1697664300803577777
6a69421f-e399-4db8-897a-d8ef21b5e0a7,707b6ccf-c9d9-4c1d-97f4-516b572b2f9d,1697664300852211111
6a69421f-e399-4db8-897a-d8ef21b5e0a7,707b6ccf-c9d9-4c1d-97f4-516b572b2f9d,1697664300883366666
6a69421f-e399-4db8-897a-d8ef21b5e0a7,707b6ccf-c9d9-4c1d-97f4-516b572b2f9d,1697664300904166666
6a69421f-e399-4db8-897a-d8ef21b5e0a7,707b6ccf-c9d9-4c1d-97f4-516b572b2f9d,1697664300934500000
6a69421f-e399-4db8-897a-d8ef21b5e0a7,707b6ccf-c9d9-4c1d-97f4-516b572b2f9d,1697664300970711111
6a69421f-e399-4db8-897a-d8ef21b5e0a7,707b6ccf-c9d9-4c1d-97f4-516b572b2f9d,1697664301017655555
6a69421f-e399-4db8-897a-d8ef21b5e0a7,707b6ccf-c9d9-4c1d-97f4-516b572b2f9d,1697664301044288888
6a69421f-e399-4db8-897a-d8ef21b5e0a7,707b6ccf-c9d9-4c1d-97f4-516b572b2f9d,1697664301083077777
6a69421f-e399-4db8-897a-d8ef21b5e0a7,707b6ccf-c9d9-4c1d-97f4-516b572b2f9d,1697664301113577777
6a69421f-e399-4db8-897a-d8ef21b5e0a7,707b6ccf-c9d9-4c1d-97f4-516b572b2f9d,1697664301144077777
6a69421f-e399-4db8-897a-d8ef21b5e0a7,707b6ccf-c9d9-4c1d-97f4-516b572b2f9d,1697664301177022222
6a69421f-e399-4db8-897a-d8ef21b5e0a7,707b6ccf-c9d9-4c1d-97f4-516b572b2f9d,1697664301214488888
6a69421f-e399-4db8-897a-d8ef21b5e0a7,707b6ccf-c9d9-4c1d-97f4-516b572b2f9d,1697664301246200000
6a69421f-e399-4db8-897a-d8ef21b5e0a7,707b6ccf-c9d9-4c1d-97f4-516b572b2f9d,1697664301277900000
6a69421f-e399-4db8-897a-d8ef21b5e0a7,707b6ccf-c9d9-4c1d-97f4-516b572b2f9d,1697664301314055555
6a69421f-e399-4db8-897a-d8ef21b5e0a7,707b6ccf-c9d9-4c1d-97f4-516b572b2f9d,1697664301346822222
6a69421f-e399-4db8-897a-d8ef21b5e0a7,707b6ccf-c9d9-4c1d-97f4-516b572b2f9d,1697664301377955555
6a69421f-e399-4db8-897a-d8ef21b5e0a7,707b6ccf-c9d9-4c1d-97f4-516b572b2f9d,1697664301412966666
6a69421f-e399-4db8-897a-d8ef21b5e0a7,707b6ccf-c9d9-4c1d-97f4-516b572b2f9d,1697664301444055555
6a69421f-e399-4db8-897a-d8ef21b5e0a7,707b6ccf-c9d9-4c1d-97f4-516b572b2f9d,1697664301483177777
6a69421f-e399-4db8-897a-d8ef21b5e0a7,707b6ccf-c9d9-4c1d-97f4-516b572b2f9d,1697664301512477777
6a69421f-e399-4db8-897a-d8ef21b5e0a7,707b6ccf-c9d9-4c1d-97f4-516b572b2f9d,1697664301534388888
6a69421f-e399-4db8-897a-d8ef21b5e0a7,707b6ccf-c9d9-4c1d-97f4-516b572b2f9d,1697664301567555555
6a69421f-e399-4db8-897a-d8ef21b5e0a7,707b6ccf-c9d9-4c1d-97f4-516b572b2f9d,1697664301605088888
6a69421f-e399-4db8-897a-d8ef21b5e0a7,707b6ccf-c9d9-4c1d-97f4-516b572b2f9d,1697664301642655555
6a69421f-e399-4db8-897a-d8ef21b5e0a7,707b6ccf-c9d9-4c1d-97f4-516b572b2f9d,1697664301676400000
6a69421f-e399-4db8-897a-d8ef21b5e0a7,707b6ccf-c9d9-4c1d-97f4-516b572b2f9d,1697664301713544444
6a69421f-e399-4db8-897a-d8ef21b5e0a7,707b6ccf-c9d9-4c1d-97f4-516b572b2f9d,1697664301751000000
6a69421f-e399-4db8-897a-d8ef21b5e0a7,707b6ccf-c9d9-4c1d-97f4-516b572b2f9d,1697664301777477777
6a69421f-e399-4db8-897a-d8ef21b5e0a7,707b6ccf-c9d9-4c1d-97f4-516b572b2f9d,1697664301818622222
6a69421f-e399-4db8-897a-d8ef21b5e0a7,707b6ccf-c9d9-4c1d-97f4-516b572b2f9d,1697664301849455555
6a69421f-e399-4db8-897a-d8ef21b5e0a7,707b6ccf-c9d9-4c1d-97f4-516b572b2f9d,1697664301878522222
6a69421f-e399-4db8-897a-d8ef21b5e0a7,707b6ccf-c9d9-4c1d-97f4-516b572b2f9d,1697664301913488888
6a69421f-e399-4db8-897a-d8ef21b5e0a7,707b6ccf-c9d9-4c1d-97f4-516b572b2f9d,1697664301947455555
6a69421f-e399-4db8-897a-d8ef21b5e0a7,707b6ccf-c9d9-4c1d-97f4-516b572b2f9d,1697664301979377777
6a69421f-e399-4db8-897a-d8ef21b5e0a7,707b6ccf-c9d9-4c1d-97f4-516b572b2f9d,1697664302013688888
6a69421f-e399-4db8-897a-d8ef21b5e0a7,707b6ccf-c9d9-4c1d-97f4-516b572b2f9d,1697664302045688888
6a69421f-e399-4db8-897a-d8ef21b5e0a7,707b6ccf-c9d9-4c1d-97f4-516b572b2f9d,1697664302078733333
6a69421f-e399-4db8-897a-d8ef21b5e0a7,707b6ccf-c9d9-4c1d-97f4-516b572b2f9d,1697664302114133333
6a69421f-e399-4db8-897a-d8ef21b5e0a7,707b6ccf-c9d9-4c1d-97f4-516b572b2f9d,1697664302154788888
6a69421f-e399-4db8-897a-d8ef21b5e0a7,707b6ccf-c9d9-4c1d-97f4-516b572b2f9d,1697664302168177777
6a69421f-e399-4db8-897a-d8ef21b5e0a7,707b6ccf-c9d9-4c1d-97f4-516b572b2f9d,1697664302204055555
6a69421f-e399-4db8-897a-d8ef21b5e0a7,707b6ccf-c9d9-4c1d-97f4-516b572b2f9d,1697664302236277777
6a69421f-e399-4db8-897a-d8ef21b5e0a7,707b6ccf-c9d9-4c1d-97f4-516b572b2f9d,1697664302281055555
6a69421f-e399-4db8-897a-d8ef21b5e0a7,707b6ccf-c9d9-4c1d-97f4-516b572b2f9d,1697664302301755555
6a69421f-e399-4db8-897a-d8ef21b5e0a7,707b6ccf-c9d9-4c1d-97f4-516b572b2f9d,1697664302351211111
6a69421f-e399-4db8-897a-d8ef21b5e0a7,707b6ccf-c9d9-4c1d-97f4-516b572b2f9d,1697664302377288888
6a69421f-e399-4db8-897a-d8ef21b5e0a7,707b6ccf-c9d9-4c1d-97f4-516b572b2f9d,1697664302412977777
6a69421f-e399-4db8-897a-d8ef21b5e0a7,707b6ccf-c9d9-4c1d-97f4-516b572b2f9d,1697664302444755555
6a69421f-e399-4db8-897a-d8ef21b5e0a7,707b6ccf-c9d9-4c1d-97f4-516b572b2f9d,1697664302477788888
6a69421f-e399-4db8-897a-d8ef21b5e0a7,707b6ccf-c9d9-4c1d-97f4-516b572b2f9d,1697664302513011111
6a69421f-e399-4db8-897a-d8ef21b5e0a7,707b6ccf-c9d9-4c1d-97f4-516b572b2f9d,1697664302543477777
6a69421f-e399-4db8-897a-d8ef21b5e0a7,707b6ccf-c9d9-4c1d-97f4-516b572b2f9d,1697664302578100000
6a69421f-e399-4db8-897a-d8ef21b5e0a7,707b6ccf-c9d9-4c1d-97f4-516b572b2f9d,1697664302613655555
6a69421f-e399-4db8-897a-d8ef21b5e0a7,707b6ccf-c9d9-4c1d-97f4-516b572b2f9d,1697664302645244444
6a69421f-e399-4db8-897a-d8ef21b5e0a7,707b6ccf-c9d9-4c1d-97f4-516b572b2f9d,1697664302679133333
6a69421f-e399-4db8-897a-d8ef21b5e0a7,707b6ccf-c9d9-4c1d-97f4-516b572b2f9d,1697664302715188888
6a69421f-e399-4db8-897a-d8ef21b5e0a7,707b6ccf-c9d9-4c1d-97f4-516b572b2f9d,1697664302744544444
6a69421f-e399-4db8-897a-d8ef21b5e0a7,707b6ccf-c9d9-4c1d-97f4-516b572b2f9d,1697664302782044444
6a69421f-e399-4db8-897a-d8ef21b5e0a7,707b6ccf-c9d9-4c1d-97f4-516b572b2f9d,1697664302820233333
6a69421f-e399-4db8-897a-d8ef21b5e0a7,707b6ccf-c9d9-4c1d-97f4-516b572b2f9d,1697664302836544444
6a69421f-e399-4db8-897a-d8ef21b5e0a7,707b6ccf-c9d9-4c1d-97f4-516b572b2f9d,1697664302864600000
6a69421f-e399-4db8-897a-d8ef21b5e0a7,707b6ccf-c9d9-4c1d-97f4-516b572b2f9d,1697664302904011111
6a69421f-e399-4db8-897a-d8ef21b5e0a7,707b6ccf-c9d9-4c1d-97f4-516b572b2f9d,1697664302941100000
6a69421f-e399-4db8-897a-d8ef21b5e0a7,707b6ccf-c9d9-4c1d-97f4-516b572b2f9d,1697664302968533333
6a69421f-e399-4db8-897a-d8ef21b5e0a7,707b6ccf-c9d9-4c1d-97f4-516b572b2f9d,1697664303012922222
6a69421f-e399-4db8-897a-d8ef21b5e0a7,707b6ccf-c9d9-4c1d-97f4-516b572b2f9d,1697664303050922222
6a69421f-e399-4db8-897a-d8ef21b5e0a7,707b6ccf-c9d9-4c1d-97f4-516b572b2f9d,1697664303082500000
6a69421f-e399-4db8-897a-d8ef21b5e0a7,707b6ccf-c9d9-4c1d-97f4-516b572b2f9d,1697664303099388888
6a69421f-e399-4db8-897a-d8ef21b5e0a7,707b6ccf-c9d9-4c1d-97f4-516b572b2f9d,1697664303155244444
6a69421f-e399-4db8-897a-d8ef21b5e0a7,707b6ccf-c9d9-4c1d-97f4-516b572b2f9d,1697664303170577777
6a69421f-e399-4db8-897a-d8ef21b5e0a7,707b6ccf-c9d9-4c1d-97f4-516b572b2f9d,1697664303214766666
6a69421f-e399-4db8-897a-d8ef21b5e0a7,707b6ccf-c9d9-4c1d-97f4-516b572b2f9d,1697664303249455555
6a69421f-e399-4db8-897a-d8ef21b5e0a7,707b6ccf-c9d9-4c1d-97f4-516b572b2f9d,1697664303280777777
6a69421f-e399-4db8-897a-d8ef21b5e0a7,707b6ccf-c9d9-4c1d-97f4-516b572b2f9d,1697664303302655555
6a69421f-e399-4db8-897a-d8ef21b5e0a7,707b6ccf-c9d9-4c1d-97f4-516b572b2f9d,1697664303358000000
6a69421f-e399-4db8-897a-d8ef21b5e0a7,707b6ccf-c9d9-4c1d-97f4-516b572b2f9d,1697664303383655555
6a69421f-e399-4db8-897a-d8ef21b5e0a7,707b6ccf-c9d9-4c1d-97f4-516b572b2f9d,1697664303401855555
6a69421f-e399-4db8-897a-d8ef21b5e0a7,707b6ccf-c9d9-4c1d-97f4-516b572b2f9d,1697664303444933333
6a69421f-e399-4db8-897a-d8ef21b5e0a7,707b6ccf-c9d9-4c1d-97f4-516b572b2f9d,1697664303486288888
6a69421f-e399-4db8-897a-d8ef21b5e0a7,707b6ccf-c9d9-4c1d-97f4-516b572b2f9d,1697664303498544444
6a69421f-e399-4db8-897a-d8ef21b5e0a7,707b6ccf-c9d9-4c1d-97f4-516b572b2f9d,1697664303538144444
6a69421f-e399-4db8-897a-d8ef21b5e0a7,707b6ccf-c9d9-4c1d-97f4-516b572b2f9d,1697664303579388888
6a69421f-e399-4db8-897a-d8ef21b5e0a7,707b6ccf-c9d9-4c1d-97f4-516b572b2f9d,1697664303599022222
6a69421f-e399-4db8-897a-d8ef21b5e0a7,707b6ccf-c9d9-4c1d-97f4-516b572b2f9d,1697664303641900000
6a69421f-e399-4db8-897a-d8ef21b5e0a7,707b6ccf-c9d9-4c1d-97f4-516b572b2f9d,1697664303671044444
6a69421f-e399-4db8-897a-d8ef21b5e0a7,707b6ccf-c9d9-4c1d-97f4-516b572b2f9d,1697664303709044444
6a69421f-e399-4db8-897a-d8ef21b5e0a7,707b6ccf-c9d9-4c1d-97f4-516b572b2f9d,1697664303742811111
6a69421f-e399-4db8-897a-d8ef21b5e0a7,707b6ccf-c9d9-4c1d-97f4-516b572b2f9d,1697664303778633333
6a69421f-e399-4db8-897a-d8ef21b5e0a7,707b6ccf-c9d9-4c1d-97f4-516b572b2f9d,1697664303810800000
6a69421f-e399-4db8-897a-d8ef21b5e0a7,707b6ccf-c9d9-4c1d-97f4-516b572b2f9d,1697664303846988888
6a69421f-e399-4db8-897a-d8ef21b5e0a7,707b6ccf-c9d9-4c1d-97f4-516b572b2f9d,1697664303881788888
6a69421f-e399-4db8-897a-d8ef21b5e0a7,707b6ccf-c9d9-4c1d-97f4-516b572b2f9d,1697664303902844444
6a69421f-e399-4db8-897a-d8ef21b5e0a7,707b6ccf-c9d9-4c1d-97f4-516b572b2f9d,1697664303953377777
6a69421f-e399-4db8-897a-d8ef21b5e0a7,707b6ccf-c9d9-4c1d-97f4-516b572b2f9d,1697664303982488888
6a69421f-e399-4db8-897a-d8ef21b5e0a7,707b6ccf-c9d9-4c1d-97f4-516b572b2f9d,1697664304001400000
6a69421f-e399-4db8-897a-d8ef21b5e0a7,707b6ccf-c9d9-4c1d-97f4-516b572b2f9d,1697664304058733333
6a69421f-e399-4db8-897a-d8ef21b5e0a7,707b6ccf-c9d9-4c1d-97f4-516b572b2f9d,1697664304075833333
6a69421f-e399-4db8-897a-d8ef21b5e0a7,707b6ccf-c9d9-4c1d-97f4-516b572b2f9d,1697664304113211111
6a69421f-e399-4db8-897a-d8ef21b5e0a7,707b6ccf-c9d9-4c1d-97f4-516b572b2f9d,1697664304149855555
6a69421f-e399-4db8-897a-d8ef21b5e0a7,707b6ccf-c9d9-4c1d-97f4-516b572b2f9d,1697664304185411111
6a69421f-e399-4db8-897a-d8ef21b5e0a7,707b6ccf-c9d9-4c1d-97f4-516b572b2f9d,1697664304197600000
6a69421f-e399-4db8-897a-d8ef21b5e0a7,707b6ccf-c9d9-4c1d-97f4-516b572b2f9d,1697664304235388888
6a69421f-e399-4db8-897a-d8ef21b5e0a7,707b6ccf-c9d9-4c1d-97f4-516b572b2f9d,1697664304266200000
6a69421f-e399-4db8-897a-d8ef21b5e0a7,707b6ccf-c9d9-4c1d-97f4-516b572b2f9d,1697664304315233333
6a69421f-e399-4db8-897a-d8ef21b5e0a7,707b6ccf-c9d9-4c1d-97f4-516b572b2f9d,1697664304342900000
6a69421f-e399-4db8-897a-d8ef21b5e0a7,707b6ccf-c9d9-4c1d-97f4-516b572b2f9d,1697664304374755555
6a69421f-e399-4db8-897a-d8ef21b5e0a7,707b6ccf-c9d9-4c1d-97f4-516b572b2f9d,1697664304409655555
6a69421f-e399-4db8-897a-d8ef21b5e0a7,707b6ccf-c9d9-4c1d-97f4-516b572b2f9d,1697664304444588888
6a69421f-e399-4db8-897a-d8ef21b5e0a7,707b6ccf-c9d9-4c1d-97f4-516b572b2f9d,1697664304478688888
6a69421f-e399-4db8-897a-d8ef21b5e0a7,707b6ccf-c9d9-4c1d-97f4-516b572b2f9d,1697664304503355555
6a69421f-e399-4db8-897a-d8ef21b5e0a7,707b6ccf-c9d9-4c1d-97f4-516b572b2f9d,1697664304551311111
6a69421f-e399-4db8-897a-d8ef21b5e0a7,707b6ccf-c9d9-4c1d-97f4-516b572b2f9d,1697664304578522222
6a69421f-e399-4db8-897a-d8ef21b5e0a7,707b6ccf-c9d9-4c1d-97f4-516b572b2f9d,1697664304611122222
6a69421f-e399-4db8-897a-d8ef21b5e0a7,707b6ccf-c9d9-4c1d-97f4-516b572b2f9d,1697664304648611111
6a69421f-e399-4db8-897a-d8ef21b5e0a7,707b6ccf-c9d9-4c1d-97f4-516b572b2f9d,1697664304682822222
6a69421f-e399-4db8-897a-d8ef21b5e0a7,707b6ccf-c9d9-4c1d-97f4-516b572b2f9d,1697664304701322222
6a69421f-e399-4db8-897a-d8ef21b5e0a7,707b6ccf-c9d9-4c1d-97f4-516b572b2f9d,1697664304747955555
6a69421f-e399-4db8-897a-d8ef21b5e0a7,707b6ccf-c9d9-4c1d-97f4-516b572b2f9d,1697664304778522222
6a69421f-e399-4db8-897a-d8ef21b5e0a7,707b6ccf-c9d9-4c1d-97f4-516b572b2f9d,1697664304814044444
6a69421f-e399-4db8-897a-d8ef21b5e0a7,707b6ccf-c9d9-4c1d-97f4-516b572b2f9d,1697664304854833333
6a69421f-e399-4db8-897a-d8ef21b5e0a7,707b6ccf-c9d9-4c1d-97f4-516b572b2f9d,1697664304868133333
6a69421f-e399-4db8-897a-d8ef21b5e0a7,707b6ccf-c9d9-4c1d-97f4-516b572b2f9d,1697664304898977777
6a69421f-e399-4db8-897a-d8ef21b5e0a7,707b6ccf-c9d9-4c1d-97f4-516b572b2f9d,1697664304948600000
6a69421f-e399-4db8-897a-d8ef21b5e0a7,707b6ccf-c9d9-4c1d-97f4-516b572b2f9d,1697664304981044444
6a69421f-e399-4db8-897a-d8ef21b5e0a7,707b6ccf-c9d9-4c1d-97f4-516b572b2f9d,1697664304997155555
6a69421f-e399-4db8-897a-d8ef21b5e0a7,707b6ccf-c9d9-4c1d-97f4-516b572b2f9d,1697664305039044444
6a69421f-e399-4db8-897a-d8ef21b5e0a7,707b6ccf-c9d9-4c1d-97f4-516b572b2f9d,1697664305085044444
6a69421f-e399-4db8-897a-d8ef21b5e0a7,707b6ccf-c9d9-4c1d-97f4-516b572b2f9d,1697664305114700000
6a69421f-e399-4db8-897a-d8ef21b5e0a7,707b6ccf-c9d9-4c1d-97f4-516b572b2f9d,1697664305154166666
6a69421f-e399-4db8-897a-d8ef21b5e0a7,707b6ccf-c9d9-4c1d-97f4-516b572b2f9d,1697664305183111111
6a69421f-e399-4db8-897a-d8ef21b5e0a7,707b6ccf-c9d9-4c1d-97f4-516b572b2f9d,1697664305201055555
6a69421f-e399-4db8-897a-d8ef21b5e0a7,707b6ccf-c9d9-4c1d-97f4-516b572b2f9d,1697664305249544444
6a69421f-e399-4db8-897a-d8ef21b5e0a7,707b6ccf-c9d9-4c1d-97f4-516b572b2f9d,1697664305281288888
6a69421f-e399-4db8-897a-d8ef21b5e0a7,707b6ccf-c9d9-4c1d-97f4-516b572b2f9d,1697664305300411111
6a69421f-e399-4db8-897a-d8ef21b5e0a7,707b6ccf-c9d9-4c1d-97f4-516b572b2f9d,1697664305356033333
6a69421f-e399-4db8-897a-d8ef21b5e0a7,707b6ccf-c9d9-4c1d-97f4-516b572b2f9d,1697664305373155555
6a69421f-e399-4db8-897a-d8ef21b5e0a7,707b6ccf-c9d9-4c1d-97f4-516b572b2f9d,1697664305411822222
6a69421f-e399-4db8-897a-d8ef21b5e0a7,707b6ccf-c9d9-4c1d-97f4-516b572b2f9d,1697664305445844444
6a69421f-e399-4db8-897a-d8ef21b5e0a7,707b6ccf-c9d9-4c1d-97f4-516b572b2f9d,1697664305478277777
6a69421f-e399-4db8-897a-d8ef21b5e0a7,707b6ccf-c9d9-4c1d-97f4-516b572b2f9d,1697664305501655555
6a69421f-e399-4db8-897a-d8ef21b5e0a7,707b6ccf-c9d9-4c1d-97f4-516b572b2f9d,1697664305535088888
6a69421f-e399-4db8-897a-d8ef21b5e0a7,707b6ccf-c9d9-4c1d-97f4-516b572b2f9d,1697664305569266666
6a69421f-e399-4db8-897a-d8ef21b5e0a7,707b6ccf-c9d9-4c1d-97f4-516b572b2f9d,1697664305598800000
6a69421f-e399-4db8-897a-d8ef21b5e0a7,707b6ccf-c9d9-4c1d-97f4-516b572b2f9d,1697664305633766666
6a69421f-e399-4db8-897a-d8ef21b5e0a7,707b6ccf-c9d9-4c1d-97f4-516b572b2f9d,1697664305679222222
6a69421f-e399-4db8-897a-d8ef21b5e0a7,707b6ccf-c9d9-4c1d-97f4-516b572b2f9d,1697664305712644444
6a69421f-e399-4db8-897a-d8ef21b5e0a7,707b6ccf-c9d9-4c1d-97f4-516b572b2f9d,1697664305750488888
6a69421f-e399-4db8-897a-d8ef21b5e0a7,707b6ccf-c9d9-4c1d-97f4-516b572b2f9d,1697664305778044444
6a69421f-e399-4db8-897a-d8ef21b5e0a7,707b6ccf-c9d9-4c1d-97f4-516b572b2f9d,1697664305814188888
6a69421f-e399-4db8-897a-d8ef21b5e0a7,707b6ccf-c9d9-4c1d-97f4-516b572b2f9d,1697664305845088888
6a69421f-e399-4db8-897a-d8ef21b5e0a7,707b6ccf-c9d9-4c1d-97f4-516b572b2f9d,1697664305880477777
6a69421f-e399-4db8-897a-d8ef21b5e0a7,707b6ccf-c9d9-4c1d-97f4-516b572b2f9d,1697664305911811111
6a69421f-e399-4db8-897a-d8ef21b5e0a7,707b6ccf-c9d9-4c1d-97f4-516b572b2f9d,1697664305939666666
6a69421f-e399-4db8-897a-d8ef21b5e0a7,707b6ccf-c9d9-4c1d-97f4-516b572b2f9d,1697664305977744444
6a69421f-e399-4db8-897a-d8ef21b5e0a7,707b6ccf-c9d9-4c1d-97f4-516b572b2f9d,1697664306013655555
6a69421f-e399-4db8-897a-d8ef21b5e0a7,707b6ccf-c9d9-4c1d-97f4-516b572b2f9d,1697664306041677777
6a69421f-e399-4db8-897a-d8ef21b5e0a7,707b6ccf-c9d9-4c1d-97f4-516b572b2f9d,1697664306073133333
6a69421f-e399-4db8-897a-d8ef21b5e0a7,707b6ccf-c9d9-4c1d-97f4-516b572b2f9d,1697664306109755555
6a69421f-e399-4db8-897a-d8ef21b5e0a7,707b6ccf-c9d9-4c1d-97f4-516b572b2f9d,1697664306142966666
6a69421f-e399-4db8-897a-d8ef21b5e0a7,707b6ccf-c9d9-4c1d-97f4-516b572b2f9d,1697664306172722222
6a69421f-e399-4db8-897a-d8ef21b5e0a7,707b6ccf-c9d9-4c1d-97f4-516b572b2f9d,1697664306198233333
6a69421f-e399-4db8-897a-d8ef21b5e0a7,707b6ccf-c9d9-4c1d-97f4-516b572b2f9d,1697664306249377777
6a69421f-e399-4db8-897a-d8ef21b5e0a7,707b6ccf-c9d9-4c1d-97f4-516b572b2f9d,1697664306270544444
6a69421f-e399-4db8-897a-d8ef21b5e0a7,707b6ccf-c9d9-4c1d-97f4-516b572b2f9d,1697664306313011111
6a69421f-e399-4db8-897a-d8ef21b5e0a7,707b6ccf-c9d9-4c1d-97f4-516b572b2f9d,1697664306333422222
6a69421f-e399-4db8-897a-d8ef21b5e0a7,707b6ccf-c9d9-4c1d-97f4-516b572b2f9d,1697664306378500000
6a69421f-e399-4db8-897a-d8ef21b5e0a7,707b6ccf-c9d9-4c1d-97f4-516b572b2f9d,1697664306412433333
6a69421f-e399-4db8-897a-d8ef21b5e0a7,707b6ccf-c9d9-4c1d-97f4-516b572b2f9d,1697664306442600000
6a69421f-e399-4db8-897a-d8ef21b5e0a7,707b6ccf-c9d9-4c1d-97f4-516b572b2f9d,1697664306473388888
6a69421f-e399-4db8-897a-d8ef21b5e0a7,707b6ccf-c9d9-4c1d-97f4-516b572b2f9d,1697664306515344444
6a69421f-e399-4db8-897a-d8ef21b5e0a7,707b6ccf-c9d9-4c1d-97f4-516b572b2f9d,1697664306547033333
6a69421f-e399-4db8-897a-d8ef21b5e0a7,707b6ccf-c9d9-4c1d-97f4-516b572b2f9d,1697664306573900000
6a69421f-e399-4db8-897a-d8ef21b5e0a7,707b6ccf-c9d9-4c1d-97f4-516b572b2f9d,1697664306615000000
6a69421f-e399-4db8-897a-d8ef21b5e0a7,707b6ccf-c9d9-4c1d-97f4-516b572b2f9d,1697664306642855555
6a69421f-e399-4db8-897a-d8ef21b5e0a7,707b6ccf-c9d9-4c1d-97f4-516b572b2f9d,1697664306674666666
6a69421f-e399-4db8-897a-d8ef21b5e0a7,707b6ccf-c9d9-4c1d-97f4-516b572b2f9d,1697664306709611111
6a69421f-e399-4db8-897a-d8ef21b5e0a7,707b6ccf-c9d9-4c1d-97f4-516b572b2f9d,1697664306743811111
6a69421f-e399-4db8-897a-d8ef21b5e0a7,707b6ccf-c9d9-4c1d-97f4-516b572b2f9d,1697664306773500000
6a69421f-e399-4db8-897a-d8ef21b5e0a7,707b6ccf-c9d9-4c1d-97f4-516b572b2f9d,1697664306809244444
6a69421f-e399-4db8-897a-d8ef21b5e0a7,707b6ccf-c9d9-4c1d-97f4-516b572b2f9d,1697664306845266666
6a69421f-e399-4db8-897a-d8ef21b5e0a7,707b6ccf-c9d9-4c1d-97f4-516b572b2f9d,1697664306879600000
6a69421f-e399-4db8-897a-d8ef21b5e0a7,707b6ccf-c9d9-4c1d-97f4-516b572b2f9d,1697664306900922222
6a69421f-e399-4db8-897a-d8ef21b5e0a7,707b6ccf-c9d9-4c1d-97f4-516b572b2f9d,1697664306941877777
6a69421f-e399-4db8-897a-d8ef21b5e0a7,707b6ccf-c9d9-4c1d-97f4-516b572b2f9d,1697664306969622222
6a69421f-e399-4db8-897a-d8ef21b5e0a7,707b6ccf-c9d9-4c1d-97f4-516b572b2f9d,1697664307007388888
6a69421f-e399-4db8-897a-d8ef21b5e0a7,707b6ccf-c9d9-4c1d-97f4-516b572b2f9d,1697664307046633333
6a69421f-e399-4db8-897a-d8ef21b5e0a7,707b6ccf-c9d9-4c1d-97f4-516b572b2f9d,1697664307078588888
6a69421f-e399-4db8-897a-d8ef21b5e0a7,707b6ccf-c9d9-4c1d-97f4-516b572b2f9d,1697664307113855555
6a69421f-e399-4db8-897a-d8ef21b5e0a7,707b6ccf-c9d9-4c1d-97f4-516b572b2f9d,1697664307142900000
6a69421f-e399-4db8-897a-d8ef21b5e0a7,707b6ccf-c9d9-4c1d-97f4-516b572b2f9d,1697664307175222222
6a69421f-e399-4db8-897a-d8ef21b5e0a7,707b6ccf-c9d9-4c1d-97f4-516b572b2f9d,1697664307210111111
6a69421f-e399-4db8-897a-d8ef21b5e0a7,707b6ccf-c9d9-4c1d-97f4-516b572b2f9d,1697664307242466666
6a69421f-e399-4db8-897a-d8ef21b5e0a7,707b6ccf-c9d9-4c1d-97f4-516b572b2f9d,1697664307273966666
6a69421f-e399-4db8-897a-d8ef21b5e0a7,707b6ccf-c9d9-4c1d-97f4-516b572b2f9d,1697664307310000000
6a69421f-e399-4db8-897a-d8ef21b5e0a7,707b6ccf-c9d9-4c1d-97f4-516b572b2f9d,1697664307343755555
6a69421f-e399-4db8-897a-d8ef21b5e0a7,707b6ccf-c9d9-4c1d-97f4-516b572b2f9d,1697664307382611111
6a69421f-e399-4db8-897a-d8ef21b5e0a7,707b6ccf-c9d9-4c1d-97f4-516b572b2f9d,1697664307412688888
6a69421f-e399-4db8-897a-d8ef21b5e0a7,707b6ccf-c9d9-4c1d-97f4-516b572b2f9d,1697664307440555555
6a69421f-e399-4db8-897a-d8ef21b5e0a7,707b6ccf-c9d9-4c1d-97f4-516b572b2f9d,1697664307478800000
6a69421f-e399-4db8-897a-d8ef21b5e0a7,707b6ccf-c9d9-4c1d-97f4-516b572b2f9d,1697664307507422222
6a69421f-e399-4db8-897a-d8ef21b5e0a7,707b6ccf-c9d9-4c1d-97f4-516b572b2f9d,1697664307542466666
6a69421f-e399-4db8-897a-d8ef21b5e0a7,707b6ccf-c9d9-4c1d-97f4-516b572b2f9d,1697664307580122222
6a69421f-e399-4db8-897a-d8ef21b5e0a7,707b6ccf-c9d9-4c1d-97f4-516b572b2f9d,1697664307611966666
6a69421f-e399-4db8-897a-d8ef21b5e0a7,707b6ccf-c9d9-4c1d-97f4-516b572b2f9d,1697664307644566666
6a69421f-e399-4db8-897a-d8ef21b5e0a7,707b6ccf-c9d9-4c1d-97f4-516b572b2f9d,1697664307670877777
6a69421f-e399-4db8-897a-d8ef21b5e0a7,707b6ccf-c9d9-4c1d-97f4-516b572b2f9d,1697664307718955555
6a69421f-e399-4db8-897a-d8ef21b5e0a7,707b6ccf-c9d9-4c1d-97f4-516b572b2f9d,1697664307743133333
6a69421f-e399-4db8-897a-d8ef21b5e0a7,707b6ccf-c9d9-4c1d-97f4-516b572b2f9d,1697664307773344444
6a69421f-e399-4db8-897a-d8ef21b5e0a7,707b6ccf-c9d9-4c1d-97f4-516b572b2f9d,1697664307812700000
6a69421f-e399-4db8-897a-d8ef21b5e0a7,707b6ccf-c9d9-4c1d-97f4-516b572b2f9d,1697664307841266666
6a69421f-e399-4db8-897a-d8ef21b5e0a7,707b6ccf-c9d9-4c1d-97f4-516b572b2f9d,1697664307873355555
6a69421f-e399-4db8-897a-d8ef21b5e0a7,707b6ccf-c9d9-4c1d-97f4-516b572b2f9d,1697664307910311111
6a69421f-e399-4db8-897a-d8ef21b5e0a7,707b6ccf-c9d9-4c1d-97f4-516b572b2f9d,1697664307943555555
6a69421f-e399-4db8-897a-d8ef21b5e0a7,707b6ccf-c9d9-4c1d-97f4-516b572b2f9d,1697664307979066666
6a69421f-e399-4db8-897a-d8ef21b5e0a7,707b6ccf-c9d9-4c1d-97f4-516b572b2f9d,1697664308009855555
6a69421f-e399-4db8-897a-d8ef21b5e0a7,707b6ccf-c9d9-4c1d-97f4-516b572b2f9d,1697664308043277777
6a69421f-e399-4db8-897a-d8ef21b5e0a7,707b6ccf-c9d9-4c1d-97f4-516b572b2f9d,1697664308073366666
6a69421f-e399-4db8-897a-d8ef21b5e0a7,707b6ccf-c9d9-4c1d-97f4-516b572b2f9d,1697664308110733333
6a69421f-e399-4db8-897a-d8ef21b5e0a7,707b6ccf-c9d9-4c1d-97f4-516b572b2f9d,1697664308148766666
6a69421f-e399-4db8-897a-d8ef21b5e0a7,707b6ccf-c9d9-4c1d-97f4-516b572b2f9d,1697664308171066666
6a69421f-e399-4db8-897a-d8ef21b5e0a7,707b6ccf-c9d9-4c1d-97f4-516b572b2f9d,1697664308198144444
6a69421f-e399-4db8-897a-d8ef21b5e0a7,707b6ccf-c9d9-4c1d-97f4-516b572b2f9d,1697664308241277777
6a69421f-e399-4db8-897a-d8ef21b5e0a7,707b6ccf-c9d9-4c1d-97f4-516b572b2f9d,1697664308264722222
6a69421f-e399-4db8-897a-d8ef21b5e0a7,707b6ccf-c9d9-4c1d-97f4-516b572b2f9d,1697664308303600000
6a69421f-e399-4db8-897a-d8ef21b5e0a7,707b6ccf-c9d9-4c1d-97f4-516b572b2f9d,1697664308341344444
6a69421f-e399-4db8-897a-d8ef21b5e0a7,707b6ccf-c9d9-4c1d-97f4-516b572b2f9d,1697664308373100000
6a69421f-e399-4db8-897a-d8ef21b5e0a7,707b6ccf-c9d9-4c1d-97f4-516b572b2f9d,1697664308413622222
6a69421f-e399-4db8-897a-d8ef21b5e0a7,707b6ccf-c9d9-4c1d-97f4-516b572b2f9d,1697664308445522222
6a69421f-e399-4db8-897a-d8ef21b5e0a7,707b6ccf-c9d9-4c1d-97f4-516b572b2f9d,1697664308475255555
6a69421f-e399-4db8-897a-d8ef21b5e0a7,707b6ccf-c9d9-4c1d-97f4-516b572b2f9d,1697664308514311111
6a69421f-e399-4db8-897a-d8ef21b5e0a7,707b6ccf-c9d9-4c1d-97f4-516b572b2f9d,1697664308542600000
6a69421f-e399-4db8-897a-d8ef21b5e0a7,707b6ccf-c9d9-4c1d-97f4-516b572b2f9d,1697664308573177777
6a69421f-e399-4db8-897a-d8ef21b5e0a7,707b6ccf-c9d9-4c1d-97f4-516b572b2f9d,1697664308609744444
6a69421f-e399-4db8-897a-d8ef21b5e0a7,707b6ccf-c9d9-4c1d-97f4-516b572b2f9d,1697664308643411111
6a69421f-e399-4db8-897a-d8ef21b5e0a7,707b6ccf-c9d9-4c1d-97f4-516b572b2f9d,1697664308673000000
6a69421f-e399-4db8-897a-d8ef21b5e0a7,707b6ccf-c9d9-4c1d-97f4-516b572b2f9d,1697664308711688888
6a69421f-e399-4db8-897a-d8ef21b5e0a7,707b6ccf-c9d9-4c1d-97f4-516b572b2f9d,1697664308743588888
6a69421f-e399-4db8-897a-d8ef21b5e0a7,707b6ccf-c9d9-4c1d-97f4-516b572b2f9d,1697664308773366666
6a69421f-e399-4db8-897a-d8ef21b5e0a7,707b6ccf-c9d9-4c1d-97f4-516b572b2f9d,1697664308813811111
6a69421f-e399-4db8-897a-d8ef21b5e0a7,707b6ccf-c9d9-4c1d-97f4-516b572b2f9d,1697664308835255555
6a69421f-e399-4db8-897a-d8ef21b5e0a7,707b6ccf-c9d9-4c1d-97f4-516b572b2f9d,1697664308868933333
6a69421f-e399-4db8-897a-d8ef21b5e0a7,707b6ccf-c9d9-4c1d-97f4-516b572b2f9d,1697664308900555555
6a69421f-e399-4db8-897a-d8ef21b5e0a7,707b6ccf-c9d9-4c1d-97f4-516b572b2f9d,1697664308950144444
6a69421f-e399-4db8-897a-d8ef21b5e0a7,707b6ccf-c9d9-4c1d-97f4-516b572b2f9d,1697664308974633333
6a69421f-e399-4db8-897a-d8ef21b5e0a7,707b6ccf-c9d9-4c1d-97f4-516b572b2f9d,1697664308997800000
6a69421f-e399-4db8-897a-d8ef21b5e0a7,707b6ccf-c9d9-4c1d-97f4-516b572b2f9d,1697664309042800000
6a69421f-e399-4db8-897a-d8ef21b5e0a7,707b6ccf-c9d9-4c1d-97f4-516b572b2f9d,1697664309076788888
6a69421f-e399-4db8-897a-d8ef21b5e0a7,707b6ccf-c9d9-4c1d-97f4-516b572b2f9d,1697664309110188888
6a69421f-e399-4db8-897a-d8ef21b5e0a7,707b6ccf-c9d9-4c1d-97f4-516b572b2f9d,1697664309140011111
6a69421f-e399-4db8-897a-d8ef21b5e0a7,707b6ccf-c9d9-4c1d-97f4-516b572b2f9d,1697664309174133333
6a69421f-e399-4db8-897a-d8ef21b5e0a7,707b6ccf-c9d9-4c1d-97f4-516b572b2f9d,1697664309215222222
6a69421f-e399-4db8-897a-d8ef21b5e0a7,707b6ccf-c9d9-4c1d-97f4-516b572b2f9d,1697664309243144444
6a69421f-e399-4db8-897a-d8ef21b5e0a7,707b6ccf-c9d9-4c1d-97f4-516b572b2f9d,1697664309265433333
6a69421f-e399-4db8-897a-d8ef21b5e0a7,707b6ccf-c9d9-4c1d-97f4-516b572b2f9d,1697664309323688888
6a69421f-e399-4db8-897a-d8ef21b5e0a7,707b6ccf-c9d9-4c1d-97f4-516b572b2f9d,1697664309345744444
6a69421f-e399-4db8-897a-d8ef21b5e0a7,707b6ccf-c9d9-4c1d-97f4-516b572b2f9d,1697664309365777777
6a69421f-e399-4db8-897a-d8ef21b5e0a7,707b6ccf-c9d9-4c1d-97f4-516b572b2f9d,1697664309408866666
6a69421f-e399-4db8-897a-d8ef21b5e0a7,707b6ccf-c9d9-4c1d-97f4-516b572b2f9d,1697664309444288888
6a69421f-e399-4db8-897a-d8ef21b5e0a7,707b6ccf-c9d9-4c1d-97f4-516b572b2f9d,1697664309467733333
6a69421f-e399-4db8-897a-d8ef21b5e0a7,707b6ccf-c9d9-4c1d-97f4-516b572b2f9d,1697664309528755555
6a69421f-e399-4db8-897a-d8ef21b5e0a7,707b6ccf-c9d9-4c1d-97f4-516b572b2f9d,1697664309540511111
6a69421f-e399-4db8-897a-d8ef21b5e0a7,707b6ccf-c9d9-4c1d-97f4-516b572b2f9d,1697664309563644444
6a69421f-e399-4db8-897a-d8ef21b5e0a7,707b6ccf-c9d9-4c1d-97f4-516b572b2f9d,1697664309599755555
6a69421f-e399-4db8-897a-d8ef21b5e0a7,707b6ccf-c9d9-4c1d-97f4-516b572b2f9d,1697664309633533333
6a69421f-e399-4db8-897a-d8ef21b5e0a7,707b6ccf-c9d9-4c1d-97f4-516b572b2f9d,1697664309662633333
6a69421f-e399-4db8-897a-d8ef21b5e0a7,707b6ccf-c9d9-4c1d-97f4-516b572b2f9d,1697664309709888888
6a69421f-e399-4db8-897a-d8ef21b5e0a7,707b6ccf-c9d9-4c1d-97f4-516b572b2f9d,1697664309742744444
6a69421f-e399-4db8-897a-d8ef21b5e0a7,707b6ccf-c9d9-4c1d-97f4-516b572b2f9d,1697664309767666666
6a69421f-e399-4db8-897a-d8ef21b5e0a7,707b6ccf-c9d9-4c1d-97f4-516b572b2f9d,1697664309810033333
6a69421f-e399-4db8-897a-d8ef21b5e0a7,707b6ccf-c9d9-4c1d-97f4-516b572b2f9d,1697664309842955555
6a69421f-e399-4db8-897a-d8ef21b5e0a7,707b6ccf-c9d9-4c1d-97f4-516b572b2f9d,1697664309867255555
6a69421f-e399-4db8-897a-d8ef21b5e0a7,707b6ccf-c9d9-4c1d-97f4-516b572b2f9d,1697664309914522222
6a69421f-e399-4db8-897a-d8ef21b5e0a7,707b6ccf-c9d9-4c1d-97f4-516b572b2f9d,1697664309941600000
6a69421f-e399-4db8-897a-d8ef21b5e0a7,707b6ccf-c9d9-4c1d-97f4-516b572b2f9d,1697664309968766666
6a69421f-e399-4db8-897a-d8ef21b5e0a7,707b6ccf-c9d9-4c1d-97f4-516b572b2f9d,1697664310014700000
6a69421f-e399-4db8-897a-d8ef21b5e0a7,707b6ccf-c9d9-4c1d-97f4-516b572b2f9d,1697664310042966666
6a69421f-e399-4db8-897a-d8ef21b5e0a7,707b6ccf-c9d9-4c1d-97f4-516b572b2f9d,1697664310065333333
6a69421f-e399-4db8-897a-d8ef21b5e0a7,707b6ccf-c9d9-4c1d-97f4-516b572b2f9d,1697664310110244444
6a69421f-e399-4db8-897a-d8ef21b5e0a7,707b6ccf-c9d9-4c1d-97f4-516b572b2f9d,1697664310143400000
6a69421f-e399-4db8-897a-d8ef21b5e0a7,707b6ccf-c9d9-4c1d-97f4-516b572b2f9d,1697664310166722222
6a69421f-e399-4db8-897a-d8ef21b5e0a7,707b6ccf-c9d9-4c1d-97f4-516b572b2f9d,1697664310201477777
6a69421f-e399-4db8-897a-d8ef21b5e0a7,707b6ccf-c9d9-4c1d-97f4-516b572b2f9d,1697664310232677777
6a69421f-e399-4db8-897a-d8ef21b5e0a7,707b6ccf-c9d9-4c1d-97f4-516b572b2f9d,1697664310263566666
6a69421f-e399-4db8-897a-d8ef21b5e0a7,707b6ccf-c9d9-4c1d-97f4-516b572b2f9d,1697664310302822222
6a69421f-e399-4db8-897a-d8ef21b5e0a7,707b6ccf-c9d9-4c1d-97f4-516b572b2f9d,1697664310334444444
6a69421f-e399-4db8-897a-d8ef21b5e0a7,707b6ccf-c9d9-4c1d-97f4-516b572b2f9d,1697664310374244444
6a69421f-e399-4db8-897a-d8ef21b5e0a7,707b6ccf-c9d9-4c1d-97f4-516b572b2f9d,1697664310412677777
6a69421f-e399-4db8-897a-d8ef21b5e0a7,707b6ccf-c9d9-4c1d-97f4-516b572b2f9d,1697664310444111111
6a69421f-e399-4db8-897a-d8ef21b5e0a7,707b6ccf-c9d9-4c1d-97f4-516b572b2f9d,1697664310473577777
6a69421f-e399-4db8-897a-d8ef21b5e0a7,707b6ccf-c9d9-4c1d-97f4-516b572b2f9d,1697664310510544444
6a69421f-e399-4db8-897a-d8ef21b5e0a7,707b6ccf-c9d9-4c1d-97f4-516b572b2f9d,1697664310543833333
6a69421f-e399-4db8-897a-d8ef21b5e0a7,707b6ccf-c9d9-4c1d-97f4-516b572b2f9d,1697664310568911111
6a69421f-e399-4db8-897a-d8ef21b5e0a7,707b6ccf-c9d9-4c1d-97f4-516b572b2f9d,1697664310614366666
6a69421f-e399-4db8-897a-d8ef21b5e0a7,707b6ccf-c9d9-4c1d-97f4-516b572b2f9d,1697664310643433333
6a69421f-e399-4db8-897a-d8ef21b5e0a7,707b6ccf-c9d9-4c1d-97f4-516b572b2f9d,1697664310673266666
6a69421f-e399-4db8-897a-d8ef21b5e0a7,707b6ccf-c9d9-4c1d-97f4-516b572b2f9d,1697664310714500000
6a69421f-e399-4db8-897a-d8ef21b5e0a7,707b6ccf-c9d9-4c1d-97f4-516b572b2f9d,1697664310741133333
6a69421f-e399-4db8-897a-d8ef21b5e0a7,707b6ccf-c9d9-4c1d-97f4-516b572b2f9d,1697664310766422222
6a69421f-e399-4db8-897a-d8ef21b5e0a7,707b6ccf-c9d9-4c1d-97f4-516b572b2f9d,1697664310819744444
6a69421f-e399-4db8-897a-d8ef21b5e0a7,707b6ccf-c9d9-4c1d-97f4-516b572b2f9d,1697664310838722222
6a69421f-e399-4db8-897a-d8ef21b5e0a7,707b6ccf-c9d9-4c1d-97f4-516b572b2f9d,1697664310873888888
6a69421f-e399-4db8-897a-d8ef21b5e0a7,707b6ccf-c9d9-4c1d-97f4-516b572b2f9d,1697664310920577777
6a69421f-e399-4db8-897a-d8ef21b5e0a7,707b6ccf-c9d9-4c1d-97f4-516b572b2f9d,1697664310934411111
6a69421f-e399-4db8-897a-d8ef21b5e0a7,707b6ccf-c9d9-4c1d-97f4-516b572b2f9d,1697664310962088888
6a69421f-e399-4db8-897a-d8ef21b5e0a7,707b6ccf-c9d9-4c1d-97f4-516b572b2f9d,1697664311008455555
6a69421f-e399-4db8-897a-d8ef21b5e0a7,707b6ccf-c9d9-4c1d-97f4-516b572b2f9d,1697664311044088888
6a69421f-e399-4db8-897a-d8ef21b5e0a7,707b6ccf-c9d9-4c1d-97f4-516b572b2f9d,1697664311074622222
6a69421f-e399-4db8-897a-d8ef21b5e0a7,707b6ccf-c9d9-4c1d-97f4-516b572b2f9d,1697664311109611111
6a69421f-e399-4db8-897a-d8ef21b5e0a7,707b6ccf-c9d9-4c1d-97f4-516b572b2f9d,1697664311143255555
6a69421f-e399-4db8-897a-d8ef21b5e0a7,707b6ccf-c9d9-4c1d-97f4-516b572b2f9d,1697664311164844444
6a69421f-e399-4db8-897a-d8ef21b5e0a7,707b6ccf-c9d9-4c1d-97f4-516b572b2f9d,1697664311215066666
6a69421f-e399-4db8-897a-d8ef21b5e0a7,707b6ccf-c9d9-4c1d-97f4-516b572b2f9d,1697664311242400000
6a69421f-e399-4db8-897a-d8ef21b5e0a7,707b6ccf-c9d9-4c1d-97f4-516b572b2f9d,1697664311272811111
6a69421f-e399-4db8-897a-d8ef21b5e0a7,707b6ccf-c9d9-4c1d-97f4-516b572b2f9d,1697664311311211111
6a69421f-e399-4db8-897a-d8ef21b5e0a7,707b6ccf-c9d9-4c1d-97f4-516b572b2f9d,1697664311343444444
6a69421f-e399-4db8-897a-d8ef21b5e0a7,707b6ccf-c9d9-4c1d-97f4-516b572b2f9d,1697664311367011111
6a69421f-e399-4db8-897a-d8ef21b5e0a7,707b6ccf-c9d9-4c1d-97f4-516b572b2f9d,1697664311416966666
6a69421f-e399-4db8-897a-d8ef21b5e0a7,707b6ccf-c9d9-4c1d-97f4-516b572b2f9d,1697664311449644444
6a69421f-e399-4db8-897a-d8ef21b5e0a7,707b6ccf-c9d9-4c1d-97f4-516b572b2f9d,1697664311477866666
6a69421f-e399-4db8-897a-d8ef21b5e0a7,707b6ccf-c9d9-4c1d-97f4-516b572b2f9d,1697664311525511111
6a69421f-e399-4db8-897a-d8ef21b5e0a7,707b6ccf-c9d9-4c1d-97f4-516b572b2f9d,1697664311538622222
6a69421f-e399-4db8-897a-d8ef21b5e0a7,707b6ccf-c9d9-4c1d-97f4-516b572b2f9d,1697664311563755555
6a69421f-e399-4db8-897a-d8ef21b5e0a7,707b6ccf-c9d9-4c1d-97f4-516b572b2f9d,1697664311599433333
6a69421f-e399-4db8-897a-d8ef21b5e0a7,707b6ccf-c9d9-4c1d-97f4-516b572b2f9d,1697664311633644444
6a69421f-e399-4db8-897a-d8ef21b5e0a7,707b6ccf-c9d9-4c1d-97f4-516b572b2f9d,1697664311662933333
6a69421f-e399-4db8-897a-d8ef21b5e0a7,707b6ccf-c9d9-4c1d-97f4-516b572b2f9d,1697664311703177777
6a69421f-e399-4db8-897a-d8ef21b5e0a7,707b6ccf-c9d9-4c1d-97f4-516b572b2f9d,1697664311740644444
6a69421f-e399-4db8-897a-d8ef21b5e0a7,707b6ccf-c9d9-4c1d-97f4-516b572b2f9d,1697664311772988888
6a69421f-e399-4db8-897a-d8ef21b5e0a7,707b6ccf-c9d9-4c1d-97f4-516b572b2f9d,1697664311810988888
6a69421f-e399-4db8-897a-d8ef21b5e0a7,707b6ccf-c9d9-4c1d-97f4-516b572b2f9d,1697664311842411111
6a69421f-e399-4db8-897a-d8ef21b5e0a7,707b6ccf-c9d9-4c1d-97f4-516b572b2f9d,1697664311866455555
6a69421f-e399-4db8-897a-d8ef21b5e0a7,707b6ccf-c9d9-4c1d-97f4-516b572b2f9d,1697664311910700000
6a69421f-e399-4db8-897a-d8ef21b5e0a7,707b6ccf-c9d9-4c1d-97f4-516b572b2f9d,1697664311939955555
6a69421f-e399-4db8-897a-d8ef21b5e0a7,707b6ccf-c9d9-4c1d-97f4-516b572b2f9d,1697664311975800000
6a69421f-e399-4db8-897a-d8ef21b5e0a7,707b6ccf-c9d9-4c1d-97f4-516b572b2f9d,1697664312009822222
6a69421f-e399-4db8-897a-d8ef21b5e0a7,707b6ccf-c9d9-4c1d-97f4-516b572b2f9d,1697664312040288888
6a69421f-e399-4db8-897a-d8ef21b5e0a7,707b6ccf-c9d9-4c1d-97f4-516b572b2f9d,1697664312065133333
6a69421f-e399-4db8-897a-d8ef21b5e0a7,707b6ccf-c9d9-4c1d-97f4-516b572b2f9d,1697664312114311111
6a69421f-e399-4db8-897a-d8ef21b5e0a7,707b6ccf-c9d9-4c1d-97f4-516b572b2f9d,1697664312142855555
6a69421f-e399-4db8-897a-d8ef21b5e0a7,707b6ccf-c9d9-4c1d-97f4-516b572b2f9d,1697664312161977777
6a69421f-e399-4db8-897a-d8ef21b5e0a7,707b6ccf-c9d9-4c1d-97f4-516b572b2f9d,1697664312202833333
6a69421f-e399-4db8-897a-d8ef21b5e0a7,707b6ccf-c9d9-4c1d-97f4-516b572b2f9d,1697664312234333333
6a69421f-e399-4db8-897a-d8ef21b5e0a7,707b6ccf-c9d9-4c1d-97f4-516b572b2f9d,1697664312270388888
6a69421f-e399-4db8-897a-d8ef21b5e0a7,707b6ccf-c9d9-4c1d-97f4-516b572b2f9d,1697664312301077777
6a69421f-e399-4db8-897a-d8ef21b5e0a7,707b6ccf-c9d9-4c1d-97f4-516b572b2f9d,1697664312330944444
6a69421f-e399-4db8-897a-d8ef21b5e0a7,707b6ccf-c9d9-4c1d-97f4-516b572b2f9d,1697664312371488888
6a69421f-e399-4db8-897a-d8ef21b5e0a7,707b6ccf-c9d9-4c1d-97f4-516b572b2f9d,1697664312405655555
6a69421f-e399-4db8-897a-d8ef21b5e0a7,707b6ccf-c9d9-4c1d-97f4-516b572b2f9d,1697664312451522222
6a69421f-e399-4db8-897a-d8ef21b5e0a7,707b6ccf-c9d9-4c1d-97f4-516b572b2f9d,1697664312480444444
6a69421f-e399-4db8-897a-d8ef21b5e0a7,707b6ccf-c9d9-4c1d-97f4-516b572b2f9d,1697664312496777777
6a69421f-e399-4db8-897a-d8ef21b5e0a7,707b6ccf-c9d9-4c1d-97f4-516b572b2f9d,1697664312544288888
6a69421f-e399-4db8-897a-d8ef21b5e0a7,707b6ccf-c9d9-4c1d-97f4-516b572b2f9d,1697664312574922222
6a69421f-e399-4db8-897a-d8ef21b5e0a7,707b6ccf-c9d9-4c1d-97f4-516b572b2f9d,1697664312604700000
6a69421f-e399-4db8-897a-d8ef21b5e0a7,707b6ccf-c9d9-4c1d-97f4-516b572b2f9d,1697664312643544444
6a69421f-e399-4db8-897a-d8ef21b5e0a7,707b6ccf-c9d9-4c1d-97f4-516b572b2f9d,1697664312674288888
6a69421f-e399-4db8-897a-d8ef21b5e0a7,707b6ccf-c9d9-4c1d-97f4-516b572b2f9d,1697664312704777777
6a69421f-e399-4db8-897a-d8ef21b5e0a7,707b6ccf-c9d9-4c1d-97f4-516b572b2f9d,1697664312742688888
6a69421f-e399-4db8-897a-d8ef21b5e0a7,707b6ccf-c9d9-4c1d-97f4-516b572b2f9d,1697664312767600000
6a69421f-e399-4db8-897a-d8ef21b5e0a7,707b6ccf-c9d9-4c1d-97f4-516b572b2f9d,1697664312805455555
6a69421f-e399-4db8-897a-d8ef21b5e0a7,707b6ccf-c9d9-4c1d-97f4-516b572b2f9d,1697664312845533333
6a69421f-e399-4db8-897a-d8ef21b5e0a7,707b6ccf-c9d9-4c1d-97f4-516b572b2f9d,1697664312868688888
6a69421f-e399-4db8-897a-d8ef21b5e0a7,707b6ccf-c9d9-4c1d-97f4-516b572b2f9d,1697664312905477777
6a69421f-e399-4db8-897a-d8ef21b5e0a7,707b6ccf-c9d9-4c1d-97f4-516b572b2f9d,1697664312930433333
6a69421f-e399-4db8-897a-d8ef21b5e0a7,707b6ccf-c9d9-4c1d-97f4-516b572b2f9d,1697664312962722222
6a69421f-e399-4db8-897a-d8ef21b5e0a7,707b6ccf-c9d9-4c1d-97f4-516b572b2f9d,1697664313002644444
6a69421f-e399-4db8-897a-d8ef21b5e0a7,707b6ccf-c9d9-4c1d-97f4-516b572b2f9d,1697664313038455555
6a69421f-e399-4db8-897a-d8ef21b5e0a7,707b6ccf-c9d9-4c1d-97f4-516b572b2f9d,1697664313081866666
6a69421f-e399-4db8-897a-d8ef21b5e0a7,707b6ccf-c9d9-4c1d-97f4-516b572b2f9d,1697664313096966666
6a69421f-e399-4db8-897a-d8ef21b5e0a7,707b6ccf-c9d9-4c1d-97f4-516b572b2f9d,1697664313155844444
6a69421f-e399-4db8-897a-d8ef21b5e0a7,707b6ccf-c9d9-4c1d-97f4-516b572b2f9d,1697664313177788888
6a69421f-e399-4db8-897a-d8ef21b5e0a7,707b6ccf-c9d9-4c1d-97f4-516b572b2f9d,1697664313208533333
6a69421f-e399-4db8-897a-d8ef21b5e0a7,707b6ccf-c9d9-4c1d-97f4-516b572b2f9d,1697664313243344444
6a69421f-e399-4db8-897a-d8ef21b5e0a7,707b6ccf-c9d9-4c1d-97f4-516b572b2f9d,1697664313275611111
6a69421f-e399-4db8-897a-d8ef21b5e0a7,707b6ccf-c9d9-4c1d-97f4-516b572b2f9d,1697664313304788888
6a69421f-e399-4db8-897a-d8ef21b5e0a7,707b6ccf-c9d9-4c1d-97f4-516b572b2f9d,1697664313343377777
6a69421f-e399-4db8-897a-d8ef21b5e0a7,707b6ccf-c9d9-4c1d-97f4-516b572b2f9d,1697664313368111111
6a69421f-e399-4db8-897a-d8ef21b5e0a7,707b6ccf-c9d9-4c1d-97f4-516b572b2f9d,1697664313410500000
6a69421f-e399-4db8-897a-d8ef21b5e0a7,707b6ccf-c9d9-4c1d-97f4-516b572b2f9d,1697664313449811111
6a69421f-e399-4db8-897a-d8ef21b5e0a7,707b6ccf-c9d9-4c1d-97f4-516b572b2f9d,1697664313475622222
6a69421f-e399-4db8-897a-d8ef21b5e0a7,707b6ccf-c9d9-4c1d-97f4-516b572b2f9d,1697664313511422222
6a69421f-e399-4db8-897a-d8ef21b5e0a7,707b6ccf-c9d9-4c1d-97f4-516b572b2f9d,1697664313533066666
6a69421f-e399-4db8-897a-d8ef21b5e0a7,707b6ccf-c9d9-4c1d-97f4-516b572b2f9d,1697664313567011111
6a69421f-e399-4db8-897a-d8ef21b5e0a7,707b6ccf-c9d9-4c1d-97f4-516b572b2f9d,1697664313601544444
6a69421f-e399-4db8-897a-d8ef21b5e0a7,707b6ccf-c9d9-4c1d-97f4-516b572b2f9d,1697664313635077777
6a69421f-e399-4db8-897a-d8ef21b5e0a7,707b6ccf-c9d9-4c1d-97f4-516b572b2f9d,1697664313678300000
6a69421f-e399-4db8-897a-d8ef21b5e0a7,707b6ccf-c9d9-4c1d-97f4-516b572b2f9d,1697664313703000000
6a69421f-e399-4db8-897a-d8ef21b5e0a7,707b6ccf-c9d9-4c1d-97f4-516b572b2f9d,1697664313744444444
6a69421f-e399-4db8-897a-d8ef21b5e0a7,707b6ccf-c9d9-4c1d-97f4-516b572b2f9d,1697664313773400000
6a69421f-e399-4db8-897a-d8ef21b5e0a7,707b6ccf-c9d9-4c1d-97f4-516b572b2f9d,1697664313808977777
6a69421f-e399-4db8-897a-d8ef21b5e0a7,707b6ccf-c9d9-4c1d-97f4-516b572b2f9d,1697664313841733333
6a69421f-e399-4db8-897a-d8ef21b5e0a7,707b6ccf-c9d9-4c1d-97f4-516b572b2f9d,1697664313868177777
6a69421f-e399-4db8-897a-d8ef21b5e0a7,707b6ccf-c9d9-4c1d-97f4-516b572b2f9d,1697664313910066666
6a69421f-e399-4db8-897a-d8ef21b5e0a7,707b6ccf-c9d9-4c1d-97f4-516b572b2f9d,1697664313942533333
6a69421f-e399-4db8-897a-d8ef21b5e0a7,707b6ccf-c9d9-4c1d-97f4-516b572b2f9d,1697664313968711111
6a69421f-e399-4db8-897a-d8ef21b5e0a7,707b6ccf-c9d9-4c1d-97f4-516b572b2f9d,1697664314007366666
6a69421f-e399-4db8-897a-d8ef21b5e0a7,707b6ccf-c9d9-4c1d-97f4-516b572b2f9d,1697664314046222222
6a69421f-e399-4db8-897a-d8ef21b5e0a7,707b6ccf-c9d9-4c1d-97f4-516b572b2f9d,1697664314073022222
6a69421f-e399-4db8-897a-d8ef21b5e0a7,707b6ccf-c9d9-4c1d-97f4-516b572b2f9d,1697664314108922222
6a69421f-e399-4db8-897a-d8ef21b5e0a7,707b6ccf-c9d9-4c1d-97f4-516b572b2f9d,1697664314149511111
6a69421f-e399-4db8-897a-d8ef21b5e0a7,707b6ccf-c9d9-4c1d-97f4-516b572b2f9d,1697664314179255555
6a69421f-e399-4db8-897a-d8ef21b5e0a7,707b6ccf-c9d9-4c1d-97f4-516b572b2f9d,1697664314198033333
6a69421f-e399-4db8-897a-d8ef21b5e0a7,707b6ccf-c9d9-4c1d-97f4-516b572b2f9d,1697664314233133333
6a69421f-e399-4db8-897a-d8ef21b5e0a7,707b6ccf-c9d9-4c1d-97f4-516b572b2f9d,1697664314265733333
6a69421f-e399-4db8-897a-d8ef21b5e0a7,707b6ccf-c9d9-4c1d-97f4-516b572b2f9d,1697664314299366666
6a69421f-e399-4db8-897a-d8ef21b5e0a7,707b6ccf-c9d9-4c1d-97f4-516b572b2f9d,1697664314345966666
6a69421f-e399-4db8-897a-d8ef21b5e0a7,707b6ccf-c9d9-4c1d-97f4-516b572b2f9d,1697664314361711111
6a69421f-e399-4db8-897a-d8ef21b5e0a7,707b6ccf-c9d9-4c1d-97f4-516b572b2f9d,1697664314415477777
6a69421f-e399-4db8-897a-d8ef21b5e0a7,707b6ccf-c9d9-4c1d-97f4-516b572b2f9d,1697664314443344444
6a69421f-e399-4db8-897a-d8ef21b5e0a7,707b6ccf-c9d9-4c1d-97f4-516b572b2f9d,1697664314464744444
6a69421f-e399-4db8-897a-d8ef21b5e0a7,707b6ccf-c9d9-4c1d-97f4-516b572b2f9d,1697664314513577777
6a69421f-e399-4db8-897a-d8ef21b5e0a7,707b6ccf-c9d9-4c1d-97f4-516b572b2f9d,1697664314543200000
6a69421f-e399-4db8-897a-d8ef21b5e0a7,707b6ccf-c9d9-4c1d-97f4-516b572b2f9d,1697664314564800000
6a69421f-e399-4db8-897a-d8ef21b5e0a7,707b6ccf-c9d9-4c1d-97f4-516b572b2f9d,1697664314608811111
6a69421f-e399-4db8-897a-d8ef21b5e0a7,707b6ccf-c9d9-4c1d-97f4-516b572b2f9d,1697664314643122222
6a69421f-e399-4db8-897a-d8ef21b5e0a7,707b6ccf-c9d9-4c1d-97f4-516b572b2f9d,1697664314667900000
6a69421f-e399-4db8-897a-d8ef21b5e0a7,707b6ccf-c9d9-4c1d-97f4-516b572b2f9d,1697664314708011111
6a69421f-e399-4db8-897a-d8ef21b5e0a7,707b6ccf-c9d9-4c1d-97f4-516b572b2f9d,1697664314747533333
6a69421f-e399-4db8-897a-d8ef21b5e0a7,707b6ccf-c9d9-4c1d-97f4-516b572b2f9d,1697664314773411111
6a69421f-e399-4db8-897a-d8ef21b5e0a7,707b6ccf-c9d9-4c1d-97f4-516b572b2f9d,1697664314805855555
6a69421f-e399-4db8-897a-d8ef21b5e0a7,707b6ccf-c9d9-4c1d-97f4-516b572b2f9d,1697664314847244444
6a69421f-e399-4db8-897a-d8ef21b5e0a7,707b6ccf-c9d9-4c1d-97f4-516b572b2f9d,1697664314871011111
6a69421f-e399-4db8-897a-d8ef21b5e0a7,707b6ccf-c9d9-4c1d-97f4-516b572b2f9d,1697664314913511111
6a69421f-e399-4db8-897a-d8ef21b5e0a7,707b6ccf-c9d9-4c1d-97f4-516b572b2f9d,1697664314949455555
6a69421f-e399-4db8-897a-d8ef21b5e0a7,707b6ccf-c9d9-4c1d-97f4-516b572b2f9d,1697664314966655555
6a69421f-e399-4db8-897a-d8ef21b5e0a7,707b6ccf-c9d9-4c1d-97f4-516b572b2f9d,1697664314998866666
6a69421f-e399-4db8-897a-d8ef21b5e0a7,707b6ccf-c9d9-4c1d-97f4-516b572b2f9d,1697664315031977777
6a69421f-e399-4db8-897a-d8ef21b5e0a7,707b6ccf-c9d9-4c1d-97f4-516b572b2f9d,1697664315076822222
6a69421f-e399-4db8-897a-d8ef21b5e0a7,707b6ccf-c9d9-4c1d-97f4-516b572b2f9d,1697664315107311111
6a69421f-e399-4db8-897a-d8ef21b5e0a7,707b6ccf-c9d9-4c1d-97f4-516b572b2f9d,1697664315144044444
6a69421f-e399-4db8-897a-d8ef21b5e0a7,707b6ccf-c9d9-4c1d-97f4-516b572b2f9d,1697664315167433333
6a69421f-e399-4db8-897a-d8ef21b5e0a7,707b6ccf-c9d9-4c1d-97f4-516b572b2f9d,1697664315205655555
6a69421f-e399-4db8-897a-d8ef21b5e0a7,707b6ccf-c9d9-4c1d-97f4-516b572b2f9d,1697664315245344444
6a69421f-e399-4db8-897a-d8ef21b5e0a7,707b6ccf-c9d9-4c1d-97f4-516b572b2f9d,1697664315274122222
6a69421f-e399-4db8-897a-d8ef21b5e0a7,707b6ccf-c9d9-4c1d-97f4-516b572b2f9d,1697664315308844444
6a69421f-e399-4db8-897a-d8ef21b5e0a7,707b6ccf-c9d9-4c1d-97f4-516b572b2f9d,1697664315346933333
6a69421f-e399-4db8-897a-d8ef21b5e0a7,707b6ccf-c9d9-4c1d-97f4-516b572b2f9d,1697664315378677777
6a69421f-e399-4db8-897a-d8ef21b5e0a7,707b6ccf-c9d9-4c1d-97f4-516b572b2f9d,1697664315410166666
6a69421f-e399-4db8-897a-d8ef21b5e0a7,707b6ccf-c9d9-4c1d-97f4-516b572b2f9d,1697664315452722222
6a69421f-e399-4db8-897a-d8ef21b5e0a7,707b6ccf-c9d9-4c1d-97f4-516b572b2f9d,1697664315467777777
6a69421f-e399-4db8-897a-d8ef21b5e0a7,707b6ccf-c9d9-4c1d-97f4-516b572b2f9d,1697664315508800000
6a69421f-e399-4db8-897a-d8ef21b5e0a7,707b6ccf-c9d9-4c1d-97f4-516b572b2f9d,1697664315547555555
6a69421f-e399-4db8-897a-d8ef21b5e0a7,707b6ccf-c9d9-4c1d-97f4-516b572b2f9d,1697664315564877777
6a69421f-e399-4db8-897a-d8ef21b5e0a7,707b6ccf-c9d9-4c1d-97f4-516b572b2f9d,1697664315610755555
6a69421f-e399-4db8-897a-d8ef21b5e0a7,707b6ccf-c9d9-4c1d-97f4-516b572b2f9d,1697664315645922222
6a69421f-e399-4db8-897a-d8ef21b5e0a7,707b6ccf-c9d9-4c1d-97f4-516b572b2f9d,1697664315674566666
6a69421f-e399-4db8-897a-d8ef21b5e0a7,707b6ccf-c9d9-4c1d-97f4-516b572b2f9d,1697664315694377777
6a69421f-e399-4db8-897a-d8ef21b5e0a7,707b6ccf-c9d9-4c1d-97f4-516b572b2f9d,1697664315739022222
6a69421f-e399-4db8-897a-d8ef21b5e0a7,707b6ccf-c9d9-4c1d-97f4-516b572b2f9d,1697664315777777777
6a69421f-e399-4db8-897a-d8ef21b5e0a7,707b6ccf-c9d9-4c1d-97f4-516b572b2f9d,1697664315804733333
6a69421f-e399-4db8-897a-d8ef21b5e0a7,707b6ccf-c9d9-4c1d-97f4-516b572b2f9d,1697664315840166666
6a69421f-e399-4db8-897a-d8ef21b5e0a7,707b6ccf-c9d9-4c1d-97f4-516b572b2f9d,1697664315878711111
6a69421f-e399-4db8-897a-d8ef21b5e0a7,707b6ccf-c9d9-4c1d-97f4-516b572b2f9d,1697664315910122222
6a69421f-e399-4db8-897a-d8ef21b5e0a7,707b6ccf-c9d9-4c1d-97f4-516b572b2f9d,1697664315940600000
6a69421f-e399-4db8-897a-d8ef21b5e0a7,707b6ccf-c9d9-4c1d-97f4-516b572b2f9d,1697664315970088888
6a69421f-e399-4db8-897a-d8ef21b5e0a7,707b6ccf-c9d9-4c1d-97f4-516b572b2f9d,1697664316006944444
6a69421f-e399-4db8-897a-d8ef21b5e0a7,707b6ccf-c9d9-4c1d-97f4-516b572b2f9d,1697664316040288888
6a69421f-e399-4db8-897a-d8ef21b5e0a7,707b6ccf-c9d9-4c1d-97f4-516b572b2f9d,1697664316066355555
6a69421f-e399-4db8-897a-d8ef21b5e0a7,707b6ccf-c9d9-4c1d-97f4-516b572b2f9d,1697664316109211111
6a69421f-e399-4db8-897a-d8ef21b5e0a7,707b6ccf-c9d9-4c1d-97f4-516b572b2f9d,1697664316139044444
6a69421f-e399-4db8-897a-d8ef21b5e0a7,707b6ccf-c9d9-4c1d-97f4-516b572b2f9d,1697664316174300000
6a69421f-e399-4db8-897a-d8ef21b5e0a7,707b6ccf-c9d9-4c1d-97f4-516b572b2f9d,1697664316200500000
6a69421f-e399-4db8-897a-d8ef21b5e0a7,707b6ccf-c9d9-4c1d-97f4-516b572b2f9d,1697664316244011111
6a69421f-e399-4db8-897a-d8ef21b5e0a7,707b6ccf-c9d9-4c1d-97f4-516b572b2f9d,1697664316262888888
6a69421f-e399-4db8-897a-d8ef21b5e0a7,707b6ccf-c9d9-4c1d-97f4-516b572b2f9d,1697664316307122222
6a69421f-e399-4db8-897a-d8ef21b5e0a7,707b6ccf-c9d9-4c1d-97f4-516b572b2f9d,1697664316335700000
6a69421f-e399-4db8-897a-d8ef21b5e0a7,707b6ccf-c9d9-4c1d-97f4-516b572b2f9d,1697664316365755555
6a69421f-e399-4db8-897a-d8ef21b5e0a7,707b6ccf-c9d9-4c1d-97f4-516b572b2f9d,1697664316395100000
6a69421f-e399-4db8-897a-d8ef21b5e0a7,707b6ccf-c9d9-4c1d-97f4-516b572b2f9d,1697664316439611111
6a69421f-e399-4db8-897a-d8ef21b5e0a7,707b6ccf-c9d9-4c1d-97f4-516b572b2f9d,1697664316473644444
6a69421f-e399-4db8-897a-d8ef21b5e0a7,707b6ccf-c9d9-4c1d-97f4-516b572b2f9d,1697664316504711111
6a69421f-e399-4db8-897a-d8ef21b5e0a7,707b6ccf-c9d9-4c1d-97f4-516b572b2f9d,1697664316537744444
6a69421f-e399-4db8-897a-d8ef21b5e0a7,707b6ccf-c9d9-4c1d-97f4-516b572b2f9d,1697664316576544444
6a69421f-e399-4db8-897a-d8ef21b5e0a7,707b6ccf-c9d9-4c1d-97f4-516b572b2f9d,1697664316604844444
6a69421f-e399-4db8-897a-d8ef21b5e0a7,707b6ccf-c9d9-4c1d-97f4-516b572b2f9d,1697664316638066666
6a69421f-e399-4db8-897a-d8ef21b5e0a7,707b6ccf-c9d9-4c1d-97f4-516b572b2f9d,1697664316676533333
6a69421f-e399-4db8-897a-d8ef21b5e0a7,707b6ccf-c9d9-4c1d-97f4-516b572b2f9d,1697664316710311111
6a69421f-e399-4db8-897a-d8ef21b5e0a7,707b6ccf-c9d9-4c1d-97f4-516b572b2f9d,1697664316738755555
6a69421f-e399-4db8-897a-d8ef21b5e0a7,707b6ccf-c9d9-4c1d-97f4-516b572b2f9d,1697664316775444444
6a69421f-e399-4db8-897a-d8ef21b5e0a7,707b6ccf-c9d9-4c1d-97f4-516b572b2f9d,1697664316803922222
6a69421f-e399-4db8-897a-d8ef21b5e0a7,707b6ccf-c9d9-4c1d-97f4-516b572b2f9d,1697664316838344444
6a69421f-e399-4db8-897a-d8ef21b5e0a7,707b6ccf-c9d9-4c1d-97f4-516b572b2f9d,1697664316879422222
6a69421f-e399-4db8-897a-d8ef21b5e0a7,707b6ccf-c9d9-4c1d-97f4-516b572b2f9d,1697664316914900000
6a69421f-e399-4db8-897a-d8ef21b5e0a7,707b6ccf-c9d9-4c1d-97f4-516b572b2f9d,1697664316928044444
6a69421f-e399-4db8-897a-d8ef21b5e0a7,707b6ccf-c9d9-4c1d-97f4-516b572b2f9d,1697664316963266666
6a69421f-e399-4db8-897a-d8ef21b5e0a7,707b6ccf-c9d9-4c1d-97f4-516b572b2f9d,1697664316997577777
6a69421f-e399-4db8-897a-d8ef21b5e0a7,707b6ccf-c9d9-4c1d-97f4-516b572b2f9d,1697664317046977777
6a69421f-e399-4db8-897a-d8ef21b5e0a7,707b6ccf-c9d9-4c1d-97f4-516b572b2f9d,1697664317063777777
6a69421f-e399-4db8-897a-d8ef21b5e0a7,707b6ccf-c9d9-4c1d-97f4-516b572b2f9d,1697664317103555555
6a69421f-e399-4db8-897a-d8ef21b5e0a7,707b6ccf-c9d9-4c1d-97f4-516b572b2f9d,1697664317137844444
6a69421f-e399-4db8-897a-d8ef21b5e0a7,707b6ccf-c9d9-4c1d-97f4-516b572b2f9d,1697664317174033333
6a69421f-e399-4db8-897a-d8ef21b5e0a7,707b6ccf-c9d9-4c1d-97f4-516b572b2f9d,1697664317206344444
6a69421f-e399-4db8-897a-d8ef21b5e0a7,707b6ccf-c9d9-4c1d-97f4-516b572b2f9d,1697664317238633333
6a69421f-e399-4db8-897a-d8ef21b5e0a7,707b6ccf-c9d9-4c1d-97f4-516b572b2f9d,1697664317280477777
6a69421f-e399-4db8-897a-d8ef21b5e0a7,707b6ccf-c9d9-4c1d-97f4-516b572b2f9d,1697664317296877777
6a69421f-e399-4db8-897a-d8ef21b5e0a7,707b6ccf-c9d9-4c1d-97f4-516b572b2f9d,1697664317343344444
6a69421f-e399-4db8-897a-d8ef21b5e0a7,707b6ccf-c9d9-4c1d-97f4-516b572b2f9d,1697664317373600000
6a69421f-e399-4db8-897a-d8ef21b5e0a7,707b6ccf-c9d9-4c1d-97f4-516b572b2f9d,1697664317406611111
6a69421f-e399-4db8-897a-d8ef21b5e0a7,707b6ccf-c9d9-4c1d-97f4-516b572b2f9d,1697664317439044444
6a69421f-e399-4db8-897a-d8ef21b5e0a7,707b6ccf-c9d9-4c1d-97f4-516b572b2f9d,1697664317474077777
6a69421f-e399-4db8-897a-d8ef21b5e0a7,707b6ccf-c9d9-4c1d-97f4-516b572b2f9d,1697664317507500000
6a69421f-e399-4db8-897a-d8ef21b5e0a7,707b6ccf-c9d9-4c1d-97f4-516b572b2f9d,1697664317539622222
6a69421f-e399-4db8-897a-d8ef21b5e0a7,707b6ccf-c9d9-4c1d-97f4-516b572b2f9d,1697664317582188888
6a69421f-e399-4db8-897a-d8ef21b5e0a7,707b6ccf-c9d9-4c1d-97f4-516b572b2f9d,1697664317596311111
6a69421f-e399-4db8-897a-d8ef21b5e0a7,707b6ccf-c9d9-4c1d-97f4-516b572b2f9d,1697664317641433333
6a69421f-e399-4db8-897a-d8ef21b5e0a7,707b6ccf-c9d9-4c1d-97f4-516b572b2f9d,1697664317676155555
6a69421f-e399-4db8-897a-d8ef21b5e0a7,707b6ccf-c9d9-4c1d-97f4-516b572b2f9d,1697664317707322222
6a69421f-e399-4db8-897a-d8ef21b5e0a7,707b6ccf-c9d9-4c1d-97f4-516b572b2f9d,1697664317728577777
6a69421f-e399-4db8-897a-d8ef21b5e0a7,707b6ccf-c9d9-4c1d-97f4-516b572b2f9d,1697664317775811111
6a69421f-e399-4db8-897a-d8ef21b5e0a7,707b6ccf-c9d9-4c1d-97f4-516b572b2f9d,1697664317803300000
6a69421f-e399-4db8-897a-d8ef21b5e0a7,707b6ccf-c9d9-4c1d-97f4-516b572b2f9d,1697664317838122222
6a69421f-e399-4db8-897a-d8ef21b5e0a7,707b6ccf-c9d9-4c1d-97f4-516b572b2f9d,1697664317875066666
6a69421f-e399-4db8-897a-d8ef21b5e0a7,707b6ccf-c9d9-4c1d-97f4-516b572b2f9d,1697664317911500000
6a69421f-e399-4db8-897a-d8ef21b5e0a7,707b6ccf-c9d9-4c1d-97f4-516b572b2f9d,1697664317944077777
6a69421f-e399-4db8-897a-d8ef21b5e0a7,707b6ccf-c9d9-4c1d-97f4-516b572b2f9d,1697664317971200000
6a69421f-e399-4db8-897a-d8ef21b5e0a7,707b6ccf-c9d9-4c1d-97f4-516b572b2f9d,1697664318011833333
6a69421f-e399-4db8-897a-d8ef21b5e0a7,707b6ccf-c9d9-4c1d-97f4-516b572b2f9d,1697664318043000000
6a69421f-e399-4db8-897a-d8ef21b5e0a7,707b6ccf-c9d9-4c1d-97f4-516b572b2f9d,1697664318066888888
6a69421f-e399-4db8-897a-d8ef21b5e0a7,707b6ccf-c9d9-4c1d-97f4-516b572b2f9d,1697664318115600000
6a69421f-e399-4db8-897a-d8ef21b5e0a7,707b6ccf-c9d9-4c1d-97f4-516b572b2f9d,1697664318141588888
6a69421f-e399-4db8-897a-d8ef21b5e0a7,707b6ccf-c9d9-4c1d-97f4-516b572b2f9d,1697664318166800000
6a69421f-e399-4db8-897a-d8ef21b5e0a7,707b6ccf-c9d9-4c1d-97f4-516b572b2f9d,1697664318206388888
6a69421f-e399-4db8-897a-d8ef21b5e0a7,707b6ccf-c9d9-4c1d-97f4-516b572b2f9d,1697664318239255555
6a69421f-e399-4db8-897a-d8ef21b5e0a7,707b6ccf-c9d9-4c1d-97f4-516b572b2f9d,1697664318264033333
6a69421f-e399-4db8-897a-d8ef21b5e0a7,707b6ccf-c9d9-4c1d-97f4-516b572b2f9d,1697664318313466666
6a69421f-e399-4db8-897a-d8ef21b5e0a7,707b6ccf-c9d9-4c1d-97f4-516b572b2f9d,1697664318335355555
6a69421f-e399-4db8-897a-d8ef21b5e0a7,707b6ccf-c9d9-4c1d-97f4-516b572b2f9d,1697664318365022222
6a69421f-e399-4db8-897a-d8ef21b5e0a7,707b6ccf-c9d9-4c1d-97f4-516b572b2f9d,1697664318396955555
6a69421f-e399-4db8-897a-d8ef21b5e0a7,707b6ccf-c9d9-4c1d-97f4-516b572b2f9d,1697664318429955555
6a69421f-e399-4db8-897a-d8ef21b5e0a7,707b6ccf-c9d9-4c1d-97f4-516b572b2f9d,1697664318480400000
6a69421f-e399-4db8-897a-d8ef21b5e0a7,707b6ccf-c9d9-4c1d-97f4-516b572b2f9d,1697664318510966666
6a69421f-e399-4db8-897a-d8ef21b5e0a7,707b6ccf-c9d9-4c1d-97f4-516b572b2f9d,1697664318536733333
6a69421f-e399-4db8-897a-d8ef21b5e0a7,707b6ccf-c9d9-4c1d-97f4-516b572b2f9d,1697664318575311111
6a69421f-e399-4db8-897a-d8ef21b5e0a7,707b6ccf-c9d9-4c1d-97f4-516b572b2f9d,1697664318610822222
6a69421f-e399-4db8-897a-d8ef21b5e0a7,707b6ccf-c9d9-4c1d-97f4-516b572b2f9d,1697664318639366666
6a69421f-e399-4db8-897a-d8ef21b5e0a7,707b6ccf-c9d9-4c1d-97f4-516b572b2f9d,1697664318673611111
6a69421f-e399-4db8-897a-d8ef21b5e0a7,707b6ccf-c9d9-4c1d-97f4-516b572b2f9d,1697664318706544444
6a69421f-e399-4db8-897a-d8ef21b5e0a7,707b6ccf-c9d9-4c1d-97f4-516b572b2f9d,1697664318739633333
6a69421f-e399-4db8-897a-d8ef21b5e0a7,707b6ccf-c9d9-4c1d-97f4-516b572b2f9d,1697664318775622222
6a69421f-e399-4db8-897a-d8ef21b5e0a7,707b6ccf-c9d9-4c1d-97f4-516b572b2f9d,1697664318805111111
6a69421f-e399-4db8-897a-d8ef21b5e0a7,707b6ccf-c9d9-4c1d-97f4-516b572b2f9d,1697664318837055555
6a69421f-e399-4db8-897a-d8ef21b5e0a7,707b6ccf-c9d9-4c1d-97f4-516b572b2f9d,1697664318873077777
6a69421f-e399-4db8-897a-d8ef21b5e0a7,707b6ccf-c9d9-4c1d-97f4-516b572b2f9d,1697664318907500000
6a69421f-e399-4db8-897a-d8ef21b5e0a7,707b6ccf-c9d9-4c1d-97f4-516b572b2f9d,1697664318929644444
6a69421f-e399-4db8-897a-d8ef21b5e0a7,707b6ccf-c9d9-4c1d-97f4-516b572b2f9d,1697664318965188888
6a69421f-e399-4db8-897a-d8ef21b5e0a7,707b6ccf-c9d9-4c1d-97f4-516b572b2f9d,1697664318994644444
6a69421f-e399-4db8-897a-d8ef21b5e0a7,707b6ccf-c9d9-4c1d-97f4-516b572b2f9d,1697664319030411111
6a69421f-e399-4db8-897a-d8ef21b5e0a7,707b6ccf-c9d9-4c1d-97f4-516b572b2f9d,1697664319060511111
6a69421f-e399-4db8-897a-d8ef21b5e0a7,707b6ccf-c9d9-4c1d-97f4-516b572b2f9d,1697664319092822222
6a69421f-e399-4db8-897a-d8ef21b5e0a7,707b6ccf-c9d9-4c1d-97f4-516b572b2f9d,1697664319144688888
6a69421f-e399-4db8-897a-d8ef21b5e0a7,707b6ccf-c9d9-4c1d-97f4-516b572b2f9d,1697664319171700000
6a69421f-e399-4db8-897a-d8ef21b5e0a7,707b6ccf-c9d9-4c1d-97f4-516b572b2f9d,1697664319211211111
6a69421f-e399-4db8-897a-d8ef21b5e0a7,707b6ccf-c9d9-4c1d-97f4-516b572b2f9d,1697664319238077777
6a69421f-e399-4db8-897a-d8ef21b5e0a7,707b6ccf-c9d9-4c1d-97f4-516b572b2f9d,1697664319268611111
6a69421f-e399-4db8-897a-d8ef21b5e0a7,707b6ccf-c9d9-4c1d-97f4-516b572b2f9d,1697664319304544444
6a69421f-e399-4db8-897a-d8ef21b5e0a7,707b6ccf-c9d9-4c1d-97f4-516b572b2f9d,1697664319343211111
6a69421f-e399-4db8-897a-d8ef21b5e0a7,707b6ccf-c9d9-4c1d-97f4-516b572b2f9d,1697664319360866666
6a69421f-e399-4db8-897a-d8ef21b5e0a7,707b6ccf-c9d9-4c1d-97f4-516b572b2f9d,1697664319412500000
6a69421f-e399-4db8-897a-d8ef21b5e0a7,707b6ccf-c9d9-4c1d-97f4-516b572b2f9d,1697664319442788888
6a69421f-e399-4db8-897a-d8ef21b5e0a7,707b6ccf-c9d9-4c1d-97f4-516b572b2f9d,1697664319461133333
6a69421f-e399-4db8-897a-d8ef21b5e0a7,707b6ccf-c9d9-4c1d-97f4-516b572b2f9d,1697664319513466666
6a69421f-e399-4db8-897a-d8ef21b5e0a7,707b6ccf-c9d9-4c1d-97f4-516b572b2f9d,1697664319542988888
6a69421f-e399-4db8-897a-d8ef21b5e0a7,707b6ccf-c9d9-4c1d-97f4-516b572b2f9d,1697664319561333333
6a69421f-e399-4db8-897a-d8ef21b5e0a7,707b6ccf-c9d9-4c1d-97f4-516b572b2f9d,1697664319601111111
6a69421f-e399-4db8-897a-d8ef21b5e0a7,707b6ccf-c9d9-4c1d-97f4-516b572b2f9d,1697664319626155555
6a69421f-e399-4db8-897a-d8ef21b5e0a7,707b6ccf-c9d9-4c1d-97f4-516b572b2f9d,1697664319659133333
6a69421f-e399-4db8-897a-d8ef21b5e0a7,707b6ccf-c9d9-4c1d-97f4-516b572b2f9d,1697664319708011111
6a69421f-e399-4db8-897a-d8ef21b5e0a7,707b6ccf-c9d9-4c1d-97f4-516b572b2f9d,1697664319733900000
6a69421f-e399-4db8-897a-d8ef21b5e0a7,707b6ccf-c9d9-4c1d-97f4-516b572b2f9d,1697664319757100000
6a69421f-e399-4db8-897a-d8ef21b5e0a7,707b6ccf-c9d9-4c1d-97f4-516b572b2f9d,1697664319814200000
6a69421f-e399-4db8-897a-d8ef21b5e0a7,707b6ccf-c9d9-4c1d-97f4-516b572b2f9d,1697664319837311111
6a69421f-e399-4db8-897a-d8ef21b5e0a7,707b6ccf-c9d9-4c1d-97f4-516b572b2f9d,1697664319868344444
6a69421f-e399-4db8-897a-d8ef21b5e0a7,707b6ccf-c9d9-4c1d-97f4-516b572b2f9d,1697664319903300000
6a69421f-e399-4db8-897a-d8ef21b5e0a7,707b6ccf-c9d9-4c1d-97f4-516b572b2f9d,1697664319939777777
6a69421f-e399-4db8-897a-d8ef21b5e0a7,707b6ccf-c9d9-4c1d-97f4-516b572b2f9d,1697664319971477777
6a69421f-e399-4db8-897a-d8ef21b5e0a7,707b6ccf-c9d9-4c1d-97f4-516b572b2f9d,1697664320004188888
6a69421f-e399-4db8-897a-d8ef21b5e0a7,707b6ccf-c9d9-4c1d-97f4-516b572b2f9d,1697664320051566666
6a69421f-e399-4db8-897a-d8ef21b5e0a7,707b6ccf-c9d9-4c1d-97f4-516b572b2f9d,1697664320061066666
6a69421f-e399-4db8-897a-d8ef21b5e0a7,707b6ccf-c9d9-4c1d-97f4-516b572b2f9d,1697664320111533333
6a69421f-e399-4db8-897a-d8ef21b5e0a7,707b6ccf-c9d9-4c1d-97f4-516b572b2f9d,1697664320143233333
6a69421f-e399-4db8-897a-d8ef21b5e0a7,707b6ccf-c9d9-4c1d-97f4-516b572b2f9d,1697664320161311111
6a69421f-e399-4db8-897a-d8ef21b5e0a7,707b6ccf-c9d9-4c1d-97f4-516b572b2f9d,1697664320214955555
6a69421f-e399-4db8-897a-d8ef21b5e0a7,707b6ccf-c9d9-4c1d-97f4-516b572b2f9d,1697664320243700000
6a69421f-e399-4db8-897a-d8ef21b5e0a7,707b6ccf-c9d9-4c1d-97f4-516b572b2f9d,1697664320262733333
6a69421f-e399-4db8-897a-d8ef21b5e0a7,707b6ccf-c9d9-4c1d-97f4-516b572b2f9d,1697664320294633333
6a69421f-e399-4db8-897a-d8ef21b5e0a7,707b6ccf-c9d9-4c1d-97f4-516b572b2f9d,1697664320332522222
6a69421f-e399-4db8-897a-d8ef21b5e0a7,707b6ccf-c9d9-4c1d-97f4-516b572b2f9d,1697664320361244444
6a69421f-e399-4db8-897a-d8ef21b5e0a7,707b6ccf-c9d9-4c1d-97f4-516b572b2f9d,1697664320395744444
6a69421f-e399-4db8-897a-d8ef21b5e0a7,707b6ccf-c9d9-4c1d-97f4-516b572b2f9d,1697664320430322222
6a69421f-e399-4db8-897a-d8ef21b5e0a7,707b6ccf-c9d9-4c1d-97f4-516b572b2f9d,1697664320468500000
6a69421f-e399-4db8-897a-d8ef21b5e0a7,707b6ccf-c9d9-4c1d-97f4-516b572b2f9d,1697664320515688888
6a69421f-e399-4db8-897a-d8ef21b5e0a7,707b6ccf-c9d9-4c1d-97f4-516b572b2f9d,1697664320532133333
6a69421f-e399-4db8-897a-d8ef21b5e0a7,707b6ccf-c9d9-4c1d-97f4-516b572b2f9d,1697664320573122222
6a69421f-e399-4db8-897a-d8ef21b5e0a7,707b6ccf-c9d9-4c1d-97f4-516b572b2f9d,1697664320605122222
6a69421f-e399-4db8-897a-d8ef21b5e0a7,707b6ccf-c9d9-4c1d-97f4-516b572b2f9d,1697664320639211111
6a69421f-e399-4db8-897a-d8ef21b5e0a7,707b6ccf-c9d9-4c1d-97f4-516b572b2f9d,1697664320670133333
6a69421f-e399-4db8-897a-d8ef21b5e0a7,707b6ccf-c9d9-4c1d-97f4-516b572b2f9d,1697664320709244444
6a69421f-e399-4db8-897a-d8ef21b5e0a7,707b6ccf-c9d9-4c1d-97f4-516b572b2f9d,1697664320736177777
6a69421f-e399-4db8-897a-d8ef21b5e0a7,707b6ccf-c9d9-4c1d-97f4-516b572b2f9d,1697664320774688888
6a69421f-e399-4db8-897a-d8ef21b5e0a7,707b6ccf-c9d9-4c1d-97f4-516b572b2f9d,1697664320804922222
6a69421f-e399-4db8-897a-d8ef21b5e0a7,707b6ccf-c9d9-4c1d-97f4-516b572b2f9d,1697664320838888888
6a69421f-e399-4db8-897a-d8ef21b5e0a7,707b6ccf-c9d9-4c1d-97f4-516b572b2f9d,1697664320870588888
6a69421f-e399-4db8-897a-d8ef21b5e0a7,707b6ccf-c9d9-4c1d-97f4-516b572b2f9d,1697664320908922222
6a69421f-e399-4db8-897a-d8ef21b5e0a7,707b6ccf-c9d9-4c1d-97f4-516b572b2f9d,1697664320944122222
6a69421f-e399-4db8-897a-d8ef21b5e0a7,707b6ccf-c9d9-4c1d-97f4-516b572b2f9d,1697664320959266666
6a69421f-e399-4db8-897a-d8ef21b5e0a7,707b6ccf-c9d9-4c1d-97f4-516b572b2f9d,1697664321002688888
6a69421f-e399-4db8-897a-d8ef21b5e0a7,707b6ccf-c9d9-4c1d-97f4-516b572b2f9d,1697664321032266666
6a69421f-e399-4db8-897a-d8ef21b5e0a7,707b6ccf-c9d9-4c1d-97f4-516b572b2f9d,1697664321058844444
6a69421f-e399-4db8-897a-d8ef21b5e0a7,707b6ccf-c9d9-4c1d-97f4-516b572b2f9d,1697664321106533333
6a69421f-e399-4db8-897a-d8ef21b5e0a7,707b6ccf-c9d9-4c1d-97f4-516b572b2f9d,1697664321138200000
6a69421f-e399-4db8-897a-d8ef21b5e0a7,707b6ccf-c9d9-4c1d-97f4-516b572b2f9d,1697664321168433333
6a69421f-e399-4db8-897a-d8ef21b5e0a7,707b6ccf-c9d9-4c1d-97f4-516b572b2f9d,1697664321204533333
6a69421f-e399-4db8-897a-d8ef21b5e0a7,707b6ccf-c9d9-4c1d-97f4-516b572b2f9d,1697664321238155555
6a69421f-e399-4db8-897a-d8ef21b5e0a7,707b6ccf-c9d9-4c1d-97f4-516b572b2f9d,1697664321269211111
6a69421f-e399-4db8-897a-d8ef21b5e0a7,707b6ccf-c9d9-4c1d-97f4-516b572b2f9d,1697664321310600000
6a69421f-e399-4db8-897a-d8ef21b5e0a7,707b6ccf-c9d9-4c1d-97f4-516b572b2f9d,1697664321344266666
6a69421f-e399-4db8-897a-d8ef21b5e0a7,707b6ccf-c9d9-4c1d-97f4-516b572b2f9d,1697664321360955555
6a69421f-e399-4db8-897a-d8ef21b5e0a7,707b6ccf-c9d9-4c1d-97f4-516b572b2f9d,1697664321411555555
6a69421f-e399-4db8-897a-d8ef21b5e0a7,707b6ccf-c9d9-4c1d-97f4-516b572b2f9d,1697664321442500000
6a69421f-e399-4db8-897a-d8ef21b5e0a7,707b6ccf-c9d9-4c1d-97f4-516b572b2f9d,1697664321459577777
6a69421f-e399-4db8-897a-d8ef21b5e0a7,707b6ccf-c9d9-4c1d-97f4-516b572b2f9d,1697664321513133333
6a69421f-e399-4db8-897a-d8ef21b5e0a7,707b6ccf-c9d9-4c1d-97f4-516b572b2f9d,1697664321542844444
6a69421f-e399-4db8-897a-d8ef21b5e0a7,707b6ccf-c9d9-4c1d-97f4-516b572b2f9d,1697664321560844444
6a69421f-e399-4db8-897a-d8ef21b5e0a7,707b6ccf-c9d9-4c1d-97f4-516b572b2f9d,1697664321606477777
6a69421f-e399-4db8-897a-d8ef21b5e0a7,707b6ccf-c9d9-4c1d-97f4-516b572b2f9d,1697664321635733333
6a69421f-e399-4db8-897a-d8ef21b5e0a7,707b6ccf-c9d9-4c1d-97f4-516b572b2f9d,1697664321657744444
6a69421f-e399-4db8-897a-d8ef21b5e0a7,707b6ccf-c9d9-4c1d-97f4-516b572b2f9d,1697664321712644444
6a69421f-e399-4db8-897a-d8ef21b5e0a7,707b6ccf-c9d9-4c1d-97f4-516b572b2f9d,1697664321728411111
6a69421f-e399-4db8-897a-d8ef21b5e0a7,707b6ccf-c9d9-4c1d-97f4-516b572b2f9d,1697664321771788888
6a69421f-e399-4db8-897a-d8ef21b5e0a7,707b6ccf-c9d9-4c1d-97f4-516b572b2f9d,1697664321804044444
6a69421f-e399-4db8-897a-d8ef21b5e0a7,707b6ccf-c9d9-4c1d-97f4-516b572b2f9d,1697664321839244444
6a69421f-e399-4db8-897a-d8ef21b5e0a7,707b6ccf-c9d9-4c1d-97f4-516b572b2f9d,1697664321870644444
6a69421f-e399-4db8-897a-d8ef21b5e0a7,707b6ccf-c9d9-4c1d-97f4-516b572b2f9d,1697664321906766666
6a69421f-e399-4db8-897a-d8ef21b5e0a7,707b6ccf-c9d9-4c1d-97f4-516b572b2f9d,1697664321939077777
6a69421f-e399-4db8-897a-d8ef21b5e0a7,707b6ccf-c9d9-4c1d-97f4-516b572b2f9d,1697664321971233333
6a69421f-e399-4db8-897a-d8ef21b5e0a7,707b6ccf-c9d9-4c1d-97f4-516b572b2f9d,1697664322007055555
6a69421f-e399-4db8-897a-d8ef21b5e0a7,707b6ccf-c9d9-4c1d-97f4-516b572b2f9d,1697664322039100000
6a69421f-e399-4db8-897a-d8ef21b5e0a7,707b6ccf-c9d9-4c1d-97f4-516b572b2f9d,1697664322072233333
6a69421f-e399-4db8-897a-d8ef21b5e0a7,707b6ccf-c9d9-4c1d-97f4-516b572b2f9d,1697664322101422222
6a69421f-e399-4db8-897a-d8ef21b5e0a7,707b6ccf-c9d9-4c1d-97f4-516b572b2f9d,1697664322133344444
6a69421f-e399-4db8-897a-d8ef21b5e0a7,707b6ccf-c9d9-4c1d-97f4-516b572b2f9d,1697664322175200000
6a69421f-e399-4db8-897a-d8ef21b5e0a7,707b6ccf-c9d9-4c1d-97f4-516b572b2f9d,1697664322203077777
6a69421f-e399-4db8-897a-d8ef21b5e0a7,707b6ccf-c9d9-4c1d-97f4-516b572b2f9d,1697664322233822222
6a69421f-e399-4db8-897a-d8ef21b5e0a7,707b6ccf-c9d9-4c1d-97f4-516b572b2f9d,1697664322276377777
6a69421f-e399-4db8-897a-d8ef21b5e0a7,707b6ccf-c9d9-4c1d-97f4-516b572b2f9d,1697664322304144444
6a69421f-e399-4db8-897a-d8ef21b5e0a7,707b6ccf-c9d9-4c1d-97f4-516b572b2f9d,1697664322343355555
6a69421f-e399-4db8-897a-d8ef21b5e0a7,707b6ccf-c9d9-4c1d-97f4-516b572b2f9d,1697664322358122222
6a69421f-e399-4db8-897a-d8ef21b5e0a7,707b6ccf-c9d9-4c1d-97f4-516b572b2f9d,1697664322413600000
6a69421f-e399-4db8-897a-d8ef21b5e0a7,707b6ccf-c9d9-4c1d-97f4-516b572b2f9d,1697664322426533333
6a69421f-e399-4db8-897a-d8ef21b5e0a7,707b6ccf-c9d9-4c1d-97f4-516b572b2f9d,1697664322468233333
6a69421f-e399-4db8-897a-d8ef21b5e0a7,707b6ccf-c9d9-4c1d-97f4-516b572b2f9d,1697664322503744444
6a69421f-e399-4db8-897a-d8ef21b5e0a7,707b6ccf-c9d9-4c1d-97f4-516b572b2f9d,1697664322539144444
6a69421f-e399-4db8-897a-d8ef21b5e0a7,707b6ccf-c9d9-4c1d-97f4-516b572b2f9d,1697664322565722222
6a69421f-e399-4db8-897a-d8ef21b5e0a7,707b6ccf-c9d9-4c1d-97f4-516b572b2f9d,1697664322604077777
6a69421f-e399-4db8-897a-d8ef21b5e0a7,707b6ccf-c9d9-4c1d-97f4-516b572b2f9d,1697664322639044444
6a69421f-e399-4db8-897a-d8ef21b5e0a7,707b6ccf-c9d9-4c1d-97f4-516b572b2f9d,1697664322670400000
6a69421f-e399-4db8-897a-d8ef21b5e0a7,707b6ccf-c9d9-4c1d-97f4-516b572b2f9d,1697664322709588888
6a69421f-e399-4db8-897a-d8ef21b5e0a7,707b6ccf-c9d9-4c1d-97f4-516b572b2f9d,1697664322742877777
6a69421f-e399-4db8-897a-d8ef21b5e0a7,707b6ccf-c9d9-4c1d-97f4-516b572b2f9d,1697664322759222222
6a69421f-e399-4db8-897a-d8ef21b5e0a7,707b6ccf-c9d9-4c1d-97f4-516b572b2f9d,1697664322812722222
6a69421f-e399-4db8-897a-d8ef21b5e0a7,707b6ccf-c9d9-4c1d-97f4-516b572b2f9d,1697664322840600000
6a69421f-e399-4db8-897a-d8ef21b5e0a7,707b6ccf-c9d9-4c1d-97f4-516b572b2f9d,1697664322867633333
6a69421f-e399-4db8-897a-d8ef21b5e0a7,707b6ccf-c9d9-4c1d-97f4-516b572b2f9d,1697664322903744444
6a69421f-e399-4db8-897a-d8ef21b5e0a7,707b6ccf-c9d9-4c1d-97f4-516b572b2f9d,1697664322931077777
6a69421f-e399-4db8-897a-d8ef21b5e0a7,707b6ccf-c9d9-4c1d-97f4-516b572b2f9d,1697664322986155555
6a69421f-e399-4db8-897a-d8ef21b5e0a7,707b6ccf-c9d9-4c1d-97f4-516b572b2f9d,1697664323006222222
6a69421f-e399-4db8-897a-d8ef21b5e0a7,707b6ccf-c9d9-4c1d-97f4-516b572b2f9d,1697664323027400000
6a69421f-e399-4db8-897a-d8ef21b5e0a7,707b6ccf-c9d9-4c1d-97f4-516b572b2f9d,1697664323082511111
6a69421f-e399-4db8-897a-d8ef21b5e0a7,707b6ccf-c9d9-4c1d-97f4-516b572b2f9d,1697664323094233333
6a69421f-e399-4db8-897a-d8ef21b5e0a7,707b6ccf-c9d9-4c1d-97f4-516b572b2f9d,1697664323138922222
6a69421f-e399-4db8-897a-d8ef21b5e0a7,707b6ccf-c9d9-4c1d-97f4-516b572b2f9d,1697664323172911111
6a69421f-e399-4db8-897a-d8ef21b5e0a7,707b6ccf-c9d9-4c1d-97f4-516b572b2f9d,1697664323200344444
6a69421f-e399-4db8-897a-d8ef21b5e0a7,707b6ccf-c9d9-4c1d-97f4-516b572b2f9d,1697664323233266666
6a69421f-e399-4db8-897a-d8ef21b5e0a7,707b6ccf-c9d9-4c1d-97f4-516b572b2f9d,1697664323271055555
6a69421f-e399-4db8-897a-d8ef21b5e0a7,707b6ccf-c9d9-4c1d-97f4-516b572b2f9d,1697664323303288888
6a69421f-e399-4db8-897a-d8ef21b5e0a7,707b6ccf-c9d9-4c1d-97f4-516b572b2f9d,1697664323331666666
6a69421f-e399-4db8-897a-d8ef21b5e0a7,707b6ccf-c9d9-4c1d-97f4-516b572b2f9d,1697664323369266666
6a69421f-e399-4db8-897a-d8ef21b5e0a7,707b6ccf-c9d9-4c1d-97f4-516b572b2f9d,1697664323398200000
6a69421f-e399-4db8-897a-d8ef21b5e0a7,707b6ccf-c9d9-4c1d-97f4-516b572b2f9d,1697664323441844444
6a69421f-e399-4db8-897a-d8ef21b5e0a7,707b6ccf-c9d9-4c1d-97f4-516b572b2f9d,1697664323471833333
6a69421f-e399-4db8-897a-d8ef21b5e0a7,707b6ccf-c9d9-4c1d-97f4-516b572b2f9d,1697664323504544444
6a69421f-e399-4db8-897a-d8ef21b5e0a7,707b6ccf-c9d9-4c1d-97f4-516b572b2f9d,1697664323536800000
6a69421f-e399-4db8-897a-d8ef21b5e0a7,707b6ccf-c9d9-4c1d-97f4-516b572b2f9d,1697664323570288888
6a69421f-e399-4db8-897a-d8ef21b5e0a7,707b6ccf-c9d9-4c1d-97f4-516b572b2f9d,1697664323605944444
6a69421f-e399-4db8-897a-d8ef21b5e0a7,707b6ccf-c9d9-4c1d-97f4-516b572b2f9d,1697664323626555555
6a69421f-e399-4db8-897a-d8ef21b5e0a7,707b6ccf-c9d9-4c1d-97f4-516b572b2f9d,1697664323673733333
6a69421f-e399-4db8-897a-d8ef21b5e0a7,707b6ccf-c9d9-4c1d-97f4-516b572b2f9d,1697664323698055555
6a69421f-e399-4db8-897a-d8ef21b5e0a7,707b6ccf-c9d9-4c1d-97f4-516b572b2f9d,1697664323731322222
6a69421f-e399-4db8-897a-d8ef21b5e0a7,707b6ccf-c9d9-4c1d-97f4-516b572b2f9d,1697664323769200000
6a69421f-e399-4db8-897a-d8ef21b5e0a7,707b6ccf-c9d9-4c1d-97f4-516b572b2f9d,1697664323801455555
6a69421f-e399-4db8-897a-d8ef21b5e0a7,707b6ccf-c9d9-4c1d-97f4-516b572b2f9d,1697664323838111111
6a69421f-e399-4db8-897a-d8ef21b5e0a7,707b6ccf-c9d9-4c1d-97f4-516b572b2f9d,1697664323871766666
6a69421f-e399-4db8-897a-d8ef21b5e0a7,707b6ccf-c9d9-4c1d-97f4-516b572b2f9d,1697664323900211111
6a69421f-e399-4db8-897a-d8ef21b5e0a7,707b6ccf-c9d9-4c1d-97f4-516b572b2f9d,1697664323933266666
6a69421f-e399-4db8-897a-d8ef21b5e0a7,707b6ccf-c9d9-4c1d-97f4-516b572b2f9d,1697664323970211111
6a69421f-e399-4db8-897a-d8ef21b5e0a7,707b6ccf-c9d9-4c1d-97f4-516b572b2f9d,1697664324002611111
6a69421f-e399-4db8-897a-d8ef21b5e0a7,707b6ccf-c9d9-4c1d-97f4-516b572b2f9d,1697664324035600000
6a69421f-e399-4db8-897a-d8ef21b5e0a7,707b6ccf-c9d9-4c1d-97f4-516b572b2f9d,1697664324069144444
6a69421f-e399-4db8-897a-d8ef21b5e0a7,707b6ccf-c9d9-4c1d-97f4-516b572b2f9d,1697664324109088888
6a69421f-e399-4db8-897a-d8ef21b5e0a7,707b6ccf-c9d9-4c1d-97f4-516b572b2f9d,1697664324141377777
6a69421f-e399-4db8-897a-d8ef21b5e0a7,707b6ccf-c9d9-4c1d-97f4-516b572b2f9d,1697664324174066666
6a69421f-e399-4db8-897a-d8ef21b5e0a7,707b6ccf-c9d9-4c1d-97f4-516b572b2f9d,1697664324200677777
6a69421f-e399-4db8-897a-d8ef21b5e0a7,707b6ccf-c9d9-4c1d-97f4-516b572b2f9d,1697664324233344444
6a69421f-e399-4db8-897a-d8ef21b5e0a7,707b6ccf-c9d9-4c1d-97f4-516b572b2f9d,1697664324283422222
6a69421f-e399-4db8-897a-d8ef21b5e0a7,707b6ccf-c9d9-4c1d-97f4-516b572b2f9d,1697664324295722222
6a69421f-e399-4db8-897a-d8ef21b5e0a7,707b6ccf-c9d9-4c1d-97f4-516b572b2f9d,1697664324328033333
6a69421f-e399-4db8-897a-d8ef21b5e0a7,707b6ccf-c9d9-4c1d-97f4-516b572b2f9d,1697664324365544444
6a69421f-e399-4db8-897a-d8ef21b5e0a7,707b6ccf-c9d9-4c1d-97f4-516b572b2f9d,1697664324392422222
6a69421f-e399-4db8-897a-d8ef21b5e0a7,707b6ccf-c9d9-4c1d-97f4-516b572b2f9d,1697664324426033333
6a69421f-e399-4db8-897a-d8ef21b5e0a7,707b6ccf-c9d9-4c1d-97f4-516b572b2f9d,1697664324474288888
6a69421f-e399-4db8-897a-d8ef21b5e0a7,707b6ccf-c9d9-4c1d-97f4-516b572b2f9d,1697664324502677777
6a69421f-e399-4db8-897a-d8ef21b5e0a7,707b6ccf-c9d9-4c1d-97f4-516b572b2f9d,1697664324533100000
6a69421f-e399-4db8-897a-d8ef21b5e0a7,707b6ccf-c9d9-4c1d-97f4-516b572b2f9d,1697664324574655555
6a69421f-e399-4db8-897a-d8ef21b5e0a7,707b6ccf-c9d9-4c1d-97f4-516b572b2f9d,1697664324600566666
6a69421f-e399-4db8-897a-d8ef21b5e0a7,707b6ccf-c9d9-4c1d-97f4-516b572b2f9d,1697664324633833333
6a69421f-e399-4db8-897a-d8ef21b5e0a7,707b6ccf-c9d9-4c1d-97f4-516b572b2f9d,1697664324672122222
6a69421f-e399-4db8-897a-d8ef21b5e0a7,707b6ccf-c9d9-4c1d-97f4-516b572b2f9d,1697664324702033333
6a69421f-e399-4db8-897a-d8ef21b5e0a7,707b6ccf-c9d9-4c1d-97f4-516b572b2f9d,1697664324738633333
6a69421f-e399-4db8-897a-d8ef21b5e0a7,707b6ccf-c9d9-4c1d-97f4-516b572b2f9d,1697664324772122222
6a69421f-e399-4db8-897a-d8ef21b5e0a7,707b6ccf-c9d9-4c1d-97f4-516b572b2f9d,1697664324801533333
6a69421f-e399-4db8-897a-d8ef21b5e0a7,707b6ccf-c9d9-4c1d-97f4-516b572b2f9d,1697664324832188888
6a69421f-e399-4db8-897a-d8ef21b5e0a7,707b6ccf-c9d9-4c1d-97f4-516b572b2f9d,1697664324875066666
6a69421f-e399-4db8-897a-d8ef21b5e0a7,707b6ccf-c9d9-4c1d-97f4-516b572b2f9d,1697664324903777777
6a69421f-e399-4db8-897a-d8ef21b5e0a7,707b6ccf-c9d9-4c1d-97f4-516b572b2f9d,1697664324932822222
6a69421f-e399-4db8-897a-d8ef21b5e0a7,707b6ccf-c9d9-4c1d-97f4-516b572b2f9d,1697664324961311111
6a69421f-e399-4db8-897a-d8ef21b5e0a7,707b6ccf-c9d9-4c1d-97f4-516b572b2f9d,1697664325009011111
6a69421f-e399-4db8-897a-d8ef21b5e0a7,707b6ccf-c9d9-4c1d-97f4-516b572b2f9d,1697664325029322222
6a69421f-e399-4db8-897a-d8ef21b5e0a7,707b6ccf-c9d9-4c1d-97f4-516b572b2f9d,1697664325061877777
6a69421f-e399-4db8-897a-d8ef21b5e0a7,707b6ccf-c9d9-4c1d-97f4-516b572b2f9d,1697664325090866666
6a69421f-e399-4db8-897a-d8ef21b5e0a7,707b6ccf-c9d9-4c1d-97f4-516b572b2f9d,1697664325139911111
6a69421f-e399-4db8-897a-d8ef21b5e0a7,707b6ccf-c9d9-4c1d-97f4-516b572b2f9d,1697664325172600000
6a69421f-e399-4db8-897a-d8ef21b5e0a7,707b6ccf-c9d9-4c1d-97f4-516b572b2f9d,1697664325201800000
6a69421f-e399-4db8-897a-d8ef21b5e0a7,707b6ccf-c9d9-4c1d-97f4-516b572b2f9d,1697664325237988888
6a69421f-e399-4db8-897a-d8ef21b5e0a7,707b6ccf-c9d9-4c1d-97f4-516b572b2f9d,1697664325268488888
6a69421f-e399-4db8-897a-d8ef21b5e0a7,707b6ccf-c9d9-4c1d-97f4-516b572b2f9d,1697664325300722222
6a69421f-e399-4db8-897a-d8ef21b5e0a7,707b6ccf-c9d9-4c1d-97f4-516b572b2f9d,1697664325326088888
6a69421f-e399-4db8-897a-d8ef21b5e0a7,707b6ccf-c9d9-4c1d-97f4-516b572b2f9d,1697664325378911111
6a69421f-e399-4db8-897a-d8ef21b5e0a7,707b6ccf-c9d9-4c1d-97f4-516b572b2f9d,1697664325403166666
6a69421f-e399-4db8-897a-d8ef21b5e0a7,707b6ccf-c9d9-4c1d-97f4-516b572b2f9d,1697664325430344444
6a69421f-e399-4db8-897a-d8ef21b5e0a7,707b6ccf-c9d9-4c1d-97f4-516b572b2f9d,1697664325475233333
6a69421f-e399-4db8-897a-d8ef21b5e0a7,707b6ccf-c9d9-4c1d-97f4-516b572b2f9d,1697664325503400000
6a69421f-e399-4db8-897a-d8ef21b5e0a7,707b6ccf-c9d9-4c1d-97f4-516b572b2f9d,1697664325527344444
6a69421f-e399-4db8-897a-d8ef21b5e0a7,707b6ccf-c9d9-4c1d-97f4-516b572b2f9d,1697664325573455555
6a69421f-e399-4db8-897a-d8ef21b5e0a7,707b6ccf-c9d9-4c1d-97f4-516b572b2f9d,1697664325601800000
6a69421f-e399-4db8-897a-d8ef21b5e0a7,707b6ccf-c9d9-4c1d-97f4-516b572b2f9d,1697664325626222222
6a69421f-e399-4db8-897a-d8ef21b5e0a7,707b6ccf-c9d9-4c1d-97f4-516b572b2f9d,1697664325661700000
6a69421f-e399-4db8-897a-d8ef21b5e0a7,707b6ccf-c9d9-4c1d-97f4-516b572b2f9d,1697664325692155555
6a69421f-e399-4db8-897a-d8ef21b5e0a7,707b6ccf-c9d9-4c1d-97f4-516b572b2f9d,1697664325744833333
6a69421f-e399-4db8-897a-d8ef21b5e0a7,707b6ccf-c9d9-4c1d-97f4-516b572b2f9d,1697664325761311111
6a69421f-e399-4db8-897a-d8ef21b5e0a7,707b6ccf-c9d9-4c1d-97f4-516b572b2f9d,1697664325798044444
6a69421f-e399-4db8-897a-d8ef21b5e0a7,707b6ccf-c9d9-4c1d-97f4-516b572b2f9d,1697664325834533333
6a69421f-e399-4db8-897a-d8ef21b5e0a7,707b6ccf-c9d9-4c1d-97f4-516b572b2f9d,1697664325873355555
6a69421f-e399-4db8-897a-d8ef21b5e0a7,707b6ccf-c9d9-4c1d-97f4-516b572b2f9d,1697664325904066666
6a69421f-e399-4db8-897a-d8ef21b5e0a7,707b6ccf-c9d9-4c1d-97f4-516b572b2f9d,1697664325927477777
6a69421f-e399-4db8-897a-d8ef21b5e0a7,707b6ccf-c9d9-4c1d-97f4-516b572b2f9d,1697664325970588888
6a69421f-e399-4db8-897a-d8ef21b5e0a7,707b6ccf-c9d9-4c1d-97f4-516b572b2f9d,1697664326002500000
6a69421f-e399-4db8-897a-d8ef21b5e0a7,707b6ccf-c9d9-4c1d-97f4-516b572b2f9d,1697664326034577777
6a69421f-e399-4db8-897a-d8ef21b5e0a7,707b6ccf-c9d9-4c1d-97f4-516b572b2f9d,1697664326074333333
6a69421f-e399-4db8-897a-d8ef21b5e0a7,707b6ccf-c9d9-4c1d-97f4-516b572b2f9d,1697664326105211111
6a69421f-e399-4db8-897a-d8ef21b5e0a7,707b6ccf-c9d9-4c1d-97f4-516b572b2f9d,1697664326128044444
6a69421f-e399-4db8-897a-d8ef21b5e0a7,707b6ccf-c9d9-4c1d-97f4-516b572b2f9d,1697664326176866666
6a69421f-e399-4db8-897a-d8ef21b5e0a7,707b6ccf-c9d9-4c1d-97f4-516b572b2f9d,1697664326200822222
6a69421f-e399-4db8-897a-d8ef21b5e0a7,707b6ccf-c9d9-4c1d-97f4-516b572b2f9d,1697664326230055555
6a69421f-e399-4db8-897a-d8ef21b5e0a7,707b6ccf-c9d9-4c1d-97f4-516b572b2f9d,1697664326281111111
6a69421f-e399-4db8-897a-d8ef21b5e0a7,707b6ccf-c9d9-4c1d-97f4-516b572b2f9d,1697664326301711111
6a69421f-e399-4db8-897a-d8ef21b5e0a7,707b6ccf-c9d9-4c1d-97f4-516b572b2f9d,1697664326324566666
6a69421f-e399-4db8-897a-d8ef21b5e0a7,707b6ccf-c9d9-4c1d-97f4-516b572b2f9d,1697664326360577777
6a69421f-e399-4db8-897a-d8ef21b5e0a7,707b6ccf-c9d9-4c1d-97f4-516b572b2f9d,1697664326394777777
6a69421f-e399-4db8-897a-d8ef21b5e0a7,707b6ccf-c9d9-4c1d-97f4-516b572b2f9d,1697664326429911111
6a69421f-e399-4db8-897a-d8ef21b5e0a7,707b6ccf-c9d9-4c1d-97f4-516b572b2f9d,1697664326470744444
6a69421f-e399-4db8-897a-d8ef21b5e0a7,707b6ccf-c9d9-4c1d-97f4-516b572b2f9d,1697664326503088888
6a69421f-e399-4db8-897a-d8ef21b5e0a7,707b6ccf-c9d9-4c1d-97f4-516b572b2f9d,1697664326524633333
6a69421f-e399-4db8-897a-d8ef21b5e0a7,707b6ccf-c9d9-4c1d-97f4-516b572b2f9d,1697664326577977777
6a69421f-e399-4db8-897a-d8ef21b5e0a7,707b6ccf-c9d9-4c1d-97f4-516b572b2f9d,1697664326601077777
6a69421f-e399-4db8-897a-d8ef21b5e0a7,707b6ccf-c9d9-4c1d-97f4-516b572b2f9d,1697664326625877777
6a69421f-e399-4db8-897a-d8ef21b5e0a7,707b6ccf-c9d9-4c1d-97f4-516b572b2f9d,1697664326677600000
6a69421f-e399-4db8-897a-d8ef21b5e0a7,707b6ccf-c9d9-4c1d-97f4-516b572b2f9d,1697664326703266666
6a69421f-e399-4db8-897a-d8ef21b5e0a7,707b6ccf-c9d9-4c1d-97f4-516b572b2f9d,1697664326727200000
6a69421f-e399-4db8-897a-d8ef21b5e0a7,707b6ccf-c9d9-4c1d-97f4-516b572b2f9d,1697664326777888888
6a69421f-e399-4db8-897a-d8ef21b5e0a7,707b6ccf-c9d9-4c1d-97f4-516b572b2f9d,1697664326804077777
6a69421f-e399-4db8-897a-d8ef21b5e0a7,707b6ccf-c9d9-4c1d-97f4-516b572b2f9d,1697664326826755555
6a69421f-e399-4db8-897a-d8ef21b5e0a7,707b6ccf-c9d9-4c1d-97f4-516b572b2f9d,1697664326875711111
6a69421f-e399-4db8-897a-d8ef21b5e0a7,707b6ccf-c9d9-4c1d-97f4-516b572b2f9d,1697664326900288888
6a69421f-e399-4db8-897a-d8ef21b5e0a7,707b6ccf-c9d9-4c1d-97f4-516b572b2f9d,1697664326926966666
6a69421f-e399-4db8-897a-d8ef21b5e0a7,707b6ccf-c9d9-4c1d-97f4-516b572b2f9d,1697664326993755555
6a69421f-e399-4db8-897a-d8ef21b5e0a7,707b6ccf-c9d9-4c1d-97f4-516b572b2f9d,1697664327012788888
6a69421f-e399-4db8-897a-d8ef21b5e0a7,707b6ccf-c9d9-4c1d-97f4-516b572b2f9d,1697664327027466666
6a69421f-e399-4db8-897a-d8ef21b5e0a7,707b6ccf-c9d9-4c1d-97f4-516b572b2f9d,1697664327062700000
6a69421f-e399-4db8-897a-d8ef21b5e0a7,707b6ccf-c9d9-4c1d-97f4-516b572b2f9d,1697664327093544444
6a69421f-e399-4db8-897a-d8ef21b5e0a7,707b6ccf-c9d9-4c1d-97f4-516b572b2f9d,1697664327137055555
6a69421f-e399-4db8-897a-d8ef21b5e0a7,707b6ccf-c9d9-4c1d-97f4-516b572b2f9d,1697664327177277777
6a69421f-e399-4db8-897a-d8ef21b5e0a7,707b6ccf-c9d9-4c1d-97f4-516b572b2f9d,1697664327202877777
6a69421f-e399-4db8-897a-d8ef21b5e0a7,707b6ccf-c9d9-4c1d-97f4-516b572b2f9d,1697664327228255555
6a69421f-e399-4db8-897a-d8ef21b5e0a7,707b6ccf-c9d9-4c1d-97f4-516b572b2f9d,1697664327273822222
6a69421f-e399-4db8-897a-d8ef21b5e0a7,707b6ccf-c9d9-4c1d-97f4-516b572b2f9d,1697664327302677777
6a69421f-e399-4db8-897a-d8ef21b5e0a7,707b6ccf-c9d9-4c1d-97f4-516b572b2f9d,1697664327326755555
6a69421f-e399-4db8-897a-d8ef21b5e0a7,707b6ccf-c9d9-4c1d-97f4-516b572b2f9d,1697664327371666666
6a69421f-e399-4db8-897a-d8ef21b5e0a7,707b6ccf-c9d9-4c1d-97f4-516b572b2f9d,1697664327402600000
6a69421f-e399-4db8-897a-d8ef21b5e0a7,707b6ccf-c9d9-4c1d-97f4-516b572b2f9d,1697664327429655555
6a69421f-e399-4db8-897a-d8ef21b5e0a7,707b6ccf-c9d9-4c1d-97f4-516b572b2f9d,1697664327473722222
6a69421f-e399-4db8-897a-d8ef21b5e0a7,707b6ccf-c9d9-4c1d-97f4-516b572b2f9d,1697664327501622222
6a69421f-e399-4db8-897a-d8ef21b5e0a7,707b6ccf-c9d9-4c1d-97f4-516b572b2f9d,1697664327526388888
6a69421f-e399-4db8-897a-d8ef21b5e0a7,707b6ccf-c9d9-4c1d-97f4-516b572b2f9d,1697664327574966666
6a69421f-e399-4db8-897a-d8ef21b5e0a7,707b6ccf-c9d9-4c1d-97f4-516b572b2f9d,1697664327601144444
6a69421f-e399-4db8-897a-d8ef21b5e0a7,707b6ccf-c9d9-4c1d-97f4-516b572b2f9d,1697664327622966666
6a69421f-e399-4db8-897a-d8ef21b5e0a7,707b6ccf-c9d9-4c1d-97f4-516b572b2f9d,1697664327663811111
6a69421f-e399-4db8-897a-d8ef21b5e0a7,707b6ccf-c9d9-4c1d-97f4-516b572b2f9d,1697664327692788888
6a69421f-e399-4db8-897a-d8ef21b5e0a7,707b6ccf-c9d9-4c1d-97f4-516b572b2f9d,1697664327724677777
6a69421f-e399-4db8-897a-d8ef21b5e0a7,707b6ccf-c9d9-4c1d-97f4-516b572b2f9d,1697664327762922222
6a69421f-e399-4db8-897a-d8ef21b5e0a7,707b6ccf-c9d9-4c1d-97f4-516b572b2f9d,1697664327793188888
6a69421f-e399-4db8-897a-d8ef21b5e0a7,707b6ccf-c9d9-4c1d-97f4-516b572b2f9d,1697664327831533333
6a69421f-e399-4db8-897a-d8ef21b5e0a7,707b6ccf-c9d9-4c1d-97f4-516b572b2f9d,1697664327874433333
6a69421f-e399-4db8-897a-d8ef21b5e0a7,707b6ccf-c9d9-4c1d-97f4-516b572b2f9d,1697664327903533333
6a69421f-e399-4db8-897a-d8ef21b5e0a7,707b6ccf-c9d9-4c1d-97f4-516b572b2f9d,1697664327928388888
6a69421f-e399-4db8-897a-d8ef21b5e0a7,707b6ccf-c9d9-4c1d-97f4-516b572b2f9d,1697664327968711111
6a69421f-e399-4db8-897a-d8ef21b5e0a7,707b6ccf-c9d9-4c1d-97f4-516b572b2f9d,1697664328001022222
6a69421f-e399-4db8-897a-d8ef21b5e0a7,707b6ccf-c9d9-4c1d-97f4-516b572b2f9d,1697664328033722222
6a69421f-e399-4db8-897a-d8ef21b5e0a7,707b6ccf-c9d9-4c1d-97f4-516b572b2f9d,1697664328069877777
6a69421f-e399-4db8-897a-d8ef21b5e0a7,707b6ccf-c9d9-4c1d-97f4-516b572b2f9d,1697664328101044444
6a69421f-e399-4db8-897a-d8ef21b5e0a7,707b6ccf-c9d9-4c1d-97f4-516b572b2f9d,1697664328125344444
6a69421f-e399-4db8-897a-d8ef21b5e0a7,707b6ccf-c9d9-4c1d-97f4-516b572b2f9d,1697664328176244444
6a69421f-e399-4db8-897a-d8ef21b5e0a7,707b6ccf-c9d9-4c1d-97f4-516b572b2f9d,1697664328212088888
6a69421f-e399-4db8-897a-d8ef21b5e0a7,707b6ccf-c9d9-4c1d-97f4-516b572b2f9d,1697664328227744444
6a69421f-e399-4db8-897a-d8ef21b5e0a7,707b6ccf-c9d9-4c1d-97f4-516b572b2f9d,1697664328270755555
6a69421f-e399-4db8-897a-d8ef21b5e0a7,707b6ccf-c9d9-4c1d-97f4-516b572b2f9d,1697664328312400000
6a69421f-e399-4db8-897a-d8ef21b5e0a7,707b6ccf-c9d9-4c1d-97f4-516b572b2f9d,1697664328327355555
6a69421f-e399-4db8-897a-d8ef21b5e0a7,707b6ccf-c9d9-4c1d-97f4-516b572b2f9d,1697664328382722222
6a69421f-e399-4db8-897a-d8ef21b5e0a7,707b6ccf-c9d9-4c1d-97f4-516b572b2f9d,1697664328403055555
6a69421f-e399-4db8-897a-d8ef21b5e0a7,707b6ccf-c9d9-4c1d-97f4-516b572b2f9d,1697664328421033333
6a69421f-e399-4db8-897a-d8ef21b5e0a7,707b6ccf-c9d9-4c1d-97f4-516b572b2f9d,1697664328456644444
6a69421f-e399-4db8-897a-d8ef21b5e0a7,707b6ccf-c9d9-4c1d-97f4-516b572b2f9d,1697664328498144444
6a69421f-e399-4db8-897a-d8ef21b5e0a7,707b6ccf-c9d9-4c1d-97f4-516b572b2f9d,1697664328535088888
6a69421f-e399-4db8-897a-d8ef21b5e0a7,707b6ccf-c9d9-4c1d-97f4-516b572b2f9d,1697664328563755555
6a69421f-e399-4db8-897a-d8ef21b5e0a7,707b6ccf-c9d9-4c1d-97f4-516b572b2f9d,1697664328611122222
6a69421f-e399-4db8-897a-d8ef21b5e0a7,707b6ccf-c9d9-4c1d-97f4-516b572b2f9d,1697664328633977777
6a69421f-e399-4db8-897a-d8ef21b5e0a7,707b6ccf-c9d9-4c1d-97f4-516b572b2f9d,1697664328664177777
6a69421f-e399-4db8-897a-d8ef21b5e0a7,707b6ccf-c9d9-4c1d-97f4-516b572b2f9d,1697664328701788888
6a69421f-e399-4db8-897a-d8ef21b5e0a7,707b6ccf-c9d9-4c1d-97f4-516b572b2f9d,1697664328734666666
6a69421f-e399-4db8-897a-d8ef21b5e0a7,707b6ccf-c9d9-4c1d-97f4-516b572b2f9d,1697664328762644444
6a69421f-e399-4db8-897a-d8ef21b5e0a7,707b6ccf-c9d9-4c1d-97f4-516b572b2f9d,1697664328804188888
6a69421f-e399-4db8-897a-d8ef21b5e0a7,707b6ccf-c9d9-4c1d-97f4-516b572b2f9d,1697664328832222222
6a69421f-e399-4db8-897a-d8ef21b5e0a7,707b6ccf-c9d9-4c1d-97f4-516b572b2f9d,1697664328864277777
6a69421f-e399-4db8-897a-d8ef21b5e0a7,707b6ccf-c9d9-4c1d-97f4-516b572b2f9d,1697664328908333333
6a69421f-e399-4db8-897a-d8ef21b5e0a7,707b6ccf-c9d9-4c1d-97f4-516b572b2f9d,1697664328935100000
6a69421f-e399-4db8-897a-d8ef21b5e0a7,707b6ccf-c9d9-4c1d-97f4-516b572b2f9d,1697664328982833333
6a69421f-e399-4db8-897a-d8ef21b5e0a7,707b6ccf-c9d9-4c1d-97f4-516b572b2f9d,1697664328999544444
6a69421f-e399-4db8-897a-d8ef21b5e0a7,707b6ccf-c9d9-4c1d-97f4-516b572b2f9d,1697664329024666666
6a69421f-e399-4db8-897a-d8ef21b5e0a7,707b6ccf-c9d9-4c1d-97f4-516b572b2f9d,1697664329074855555
6a69421f-e399-4db8-897a-d8ef21b5e0a7,707b6ccf-c9d9-4c1d-97f4-516b572b2f9d,1697664329091066666
6a69421f-e399-4db8-897a-d8ef21b5e0a7,707b6ccf-c9d9-4c1d-97f4-516b572b2f9d,1697664329120466666
6a69421f-e399-4db8-897a-d8ef21b5e0a7,707b6ccf-c9d9-4c1d-97f4-516b572b2f9d,1697664329164555555
6a69421f-e399-4db8-897a-d8ef21b5e0a7,707b6ccf-c9d9-4c1d-97f4-516b572b2f9d,1697664329204277777
6a69421f-e399-4db8-897a-d8ef21b5e0a7,707b6ccf-c9d9-4c1d-97f4-516b572b2f9d,1697664329232533333
6a69421f-e399-4db8-897a-d8ef21b5e0a7,707b6ccf-c9d9-4c1d-97f4-516b572b2f9d,1697664329264211111
6a69421f-e399-4db8-897a-d8ef21b5e0a7,707b6ccf-c9d9-4c1d-97f4-516b572b2f9d,1697664329300933333
6a69421f-e399-4db8-897a-d8ef21b5e0a7,707b6ccf-c9d9-4c1d-97f4-516b572b2f9d,1697664329333188888
6a69421f-e399-4db8-897a-d8ef21b5e0a7,707b6ccf-c9d9-4c1d-97f4-516b572b2f9d,1697664329362388888
6a69421f-e399-4db8-897a-d8ef21b5e0a7,707b6ccf-c9d9-4c1d-97f4-516b572b2f9d,1697664329403722222
6a69421f-e399-4db8-897a-d8ef21b5e0a7,707b6ccf-c9d9-4c1d-97f4-516b572b2f9d,1697664329432755555
6a69421f-e399-4db8-897a-d8ef21b5e0a7,707b6ccf-c9d9-4c1d-97f4-516b572b2f9d,1697664329470111111
6a69421f-e399-4db8-897a-d8ef21b5e0a7,707b6ccf-c9d9-4c1d-97f4-516b572b2f9d,1697664329503322222
6a69421f-e399-4db8-897a-d8ef21b5e0a7,707b6ccf-c9d9-4c1d-97f4-516b572b2f9d,1697664329525633333
6a69421f-e399-4db8-897a-d8ef21b5e0a7,707b6ccf-c9d9-4c1d-97f4-516b572b2f9d,1697664329574622222
6a69421f-e399-4db8-897a-d8ef21b5e0a7,707b6ccf-c9d9-4c1d-97f4-516b572b2f9d,1697664329607611111
6a69421f-e399-4db8-897a-d8ef21b5e0a7,707b6ccf-c9d9-4c1d-97f4-516b572b2f9d,1697664329638566666
6a69421f-e399-4db8-897a-d8ef21b5e0a7,707b6ccf-c9d9-4c1d-97f4-516b572b2f9d,1697664329670622222
6a69421f-e399-4db8-897a-d8ef21b5e0a7,707b6ccf-c9d9-4c1d-97f4-516b572b2f9d,1697664329691977777
6a69421f-e399-4db8-897a-d8ef21b5e0a7,707b6ccf-c9d9-4c1d-97f4-516b572b2f9d,1697664329721700000
6a69421f-e399-4db8-897a-d8ef21b5e0a7,707b6ccf-c9d9-4c1d-97f4-516b572b2f9d,1697664329760866666
6a69421f-e399-4db8-897a-d8ef21b5e0a7,707b6ccf-c9d9-4c1d-97f4-516b572b2f9d,1697664329797766666
6a69421f-e399-4db8-897a-d8ef21b5e0a7,707b6ccf-c9d9-4c1d-97f4-516b572b2f9d,1697664329825733333
6a69421f-e399-4db8-897a-d8ef21b5e0a7,707b6ccf-c9d9-4c1d-97f4-516b572b2f9d,1697664329872522222
6a69421f-e399-4db8-897a-d8ef21b5e0a7,707b6ccf-c9d9-4c1d-97f4-516b572b2f9d,1697664329903566666
6a69421f-e399-4db8-897a-d8ef21b5e0a7,707b6ccf-c9d9-4c1d-97f4-516b572b2f9d,1697664329923755555
6a69421f-e399-4db8-897a-d8ef21b5e0a7,707b6ccf-c9d9-4c1d-97f4-516b572b2f9d,1697664329972500000
6a69421f-e399-4db8-897a-d8ef21b5e0a7,707b6ccf-c9d9-4c1d-97f4-516b572b2f9d,1697664330009866666
6a69421f-e399-4db8-897a-d8ef21b5e0a7,707b6ccf-c9d9-4c1d-97f4-516b572b2f9d,1697664330034700000
6a69421f-e399-4db8-897a-d8ef21b5e0a7,707b6ccf-c9d9-4c1d-97f4-516b572b2f9d,1697664330065866666
6a69421f-e399-4db8-897a-d8ef21b5e0a7,707b6ccf-c9d9-4c1d-97f4-516b572b2f9d,1697664330101722222
6a69421f-e399-4db8-897a-d8ef21b5e0a7,707b6ccf-c9d9-4c1d-97f4-516b572b2f9d,1697664330133588888
6a69421f-e399-4db8-897a-d8ef21b5e0a7,707b6ccf-c9d9-4c1d-97f4-516b572b2f9d,1697664330166677777
6a69421f-e399-4db8-897a-d8ef21b5e0a7,707b6ccf-c9d9-4c1d-97f4-516b572b2f9d,1697664330206111111
6a69421f-e399-4db8-897a-d8ef21b5e0a7,707b6ccf-c9d9-4c1d-97f4-516b572b2f9d,1697664330234188888
6a69421f-e399-4db8-897a-d8ef21b5e0a7,707b6ccf-c9d9-4c1d-97f4-516b572b2f9d,1697664330265688888
6a69421f-e399-4db8-897a-d8ef21b5e0a7,707b6ccf-c9d9-4c1d-97f4-516b572b2f9d,1697664330305355555
6a69421f-e399-4db8-897a-d8ef21b5e0a7,707b6ccf-c9d9-4c1d-97f4-516b572b2f9d,1697664330323211111
6a69421f-e399-4db8-897a-d8ef21b5e0a7,707b6ccf-c9d9-4c1d-97f4-516b572b2f9d,1697664330354666666
6a69421f-e399-4db8-897a-d8ef21b5e0a7,707b6ccf-c9d9-4c1d-97f4-516b572b2f9d,1697664330392577777
6a69421f-e399-4db8-897a-d8ef21b5e0a7,707b6ccf-c9d9-4c1d-97f4-516b572b2f9d,1697664330424900000
6a69421f-e399-4db8-897a-d8ef21b5e0a7,707b6ccf-c9d9-4c1d-97f4-516b572b2f9d,1697664330464866666
6a69421f-e399-4db8-897a-d8ef21b5e0a7,707b6ccf-c9d9-4c1d-97f4-516b572b2f9d,1697664330494133333
6a69421f-e399-4db8-897a-d8ef21b5e0a7,707b6ccf-c9d9-4c1d-97f4-516b572b2f9d,1697664330535288888
6a69421f-e399-4db8-897a-d8ef21b5e0a7,707b6ccf-c9d9-4c1d-97f4-516b572b2f9d,1697664330566022222
6a69421f-e399-4db8-897a-d8ef21b5e0a7,707b6ccf-c9d9-4c1d-97f4-516b572b2f9d,1697664330602722222
6a69421f-e399-4db8-897a-d8ef21b5e0a7,707b6ccf-c9d9-4c1d-97f4-516b572b2f9d,1697664330627444444
6a69421f-e399-4db8-897a-d8ef21b5e0a7,707b6ccf-c9d9-4c1d-97f4-516b572b2f9d,1697664330670155555
6a69421f-e399-4db8-897a-d8ef21b5e0a7,707b6ccf-c9d9-4c1d-97f4-516b572b2f9d,1697664330701300000
6a69421f-e399-4db8-897a-d8ef21b5e0a7,707b6ccf-c9d9-4c1d-97f4-516b572b2f9d,1697664330733688888
6a69421f-e399-4db8-897a-d8ef21b5e0a7,707b6ccf-c9d9-4c1d-97f4-516b572b2f9d,1697664330763900000
6a69421f-e399-4db8-897a-d8ef21b5e0a7,707b6ccf-c9d9-4c1d-97f4-516b572b2f9d,1697664330804666666
6a69421f-e399-4db8-897a-d8ef21b5e0a7,707b6ccf-c9d9-4c1d-97f4-516b572b2f9d,1697664330835133333
6a69421f-e399-4db8-897a-d8ef21b5e0a7,707b6ccf-c9d9-4c1d-97f4-516b572b2f9d,1697664330863733333
6a69421f-e399-4db8-897a-d8ef21b5e0a7,707b6ccf-c9d9-4c1d-97f4-516b572b2f9d,1697664330901844444
6a69421f-e399-4db8-897a-d8ef21b5e0a7,707b6ccf-c9d9-4c1d-97f4-516b572b2f9d,1697664330935111111
6a69421f-e399-4db8-897a-d8ef21b5e0a7,707b6ccf-c9d9-4c1d-97f4-516b572b2f9d,1697664330965722222
6a69421f-e399-4db8-897a-d8ef21b5e0a7,707b6ccf-c9d9-4c1d-97f4-516b572b2f9d,1697664331003588888
6a69421f-e399-4db8-897a-d8ef21b5e0a7,707b6ccf-c9d9-4c1d-97f4-516b572b2f9d,1697664331024022222
6a69421f-e399-4db8-897a-d8ef21b5e0a7,707b6ccf-c9d9-4c1d-97f4-516b572b2f9d,1697664331057233333
6a69421f-e399-4db8-897a-d8ef21b5e0a7,707b6ccf-c9d9-4c1d-97f4-516b572b2f9d,1697664331090422222
6a69421f-e399-4db8-897a-d8ef21b5e0a7,707b6ccf-c9d9-4c1d-97f4-516b572b2f9d,1697664331141500000
6a69421f-e399-4db8-897a-d8ef21b5e0a7,707b6ccf-c9d9-4c1d-97f4-516b572b2f9d,1697664331152388888
6a69421f-e399-4db8-897a-d8ef21b5e0a7,707b6ccf-c9d9-4c1d-97f4-516b572b2f9d,1697664331211011111
6a69421f-e399-4db8-897a-d8ef21b5e0a7,707b6ccf-c9d9-4c1d-97f4-516b572b2f9d,1697664331236177777
6a69421f-e399-4db8-897a-d8ef21b5e0a7,707b6ccf-c9d9-4c1d-97f4-516b572b2f9d,1697664331263200000
6a69421f-e399-4db8-897a-d8ef21b5e0a7,707b6ccf-c9d9-4c1d-97f4-516b572b2f9d,1697664331304700000
6a69421f-e399-4db8-897a-d8ef21b5e0a7,707b6ccf-c9d9-4c1d-97f4-516b572b2f9d,1697664331336155555
6a69421f-e399-4db8-897a-d8ef21b5e0a7,707b6ccf-c9d9-4c1d-97f4-516b572b2f9d,1697664331365177777
6a69421f-e399-4db8-897a-d8ef21b5e0a7,707b6ccf-c9d9-4c1d-97f4-516b572b2f9d,1697664331406344444
6a69421f-e399-4db8-897a-d8ef21b5e0a7,707b6ccf-c9d9-4c1d-97f4-516b572b2f9d,1697664331434755555
6a69421f-e399-4db8-897a-d8ef21b5e0a7,707b6ccf-c9d9-4c1d-97f4-516b572b2f9d,1697664331466800000
6a69421f-e399-4db8-897a-d8ef21b5e0a7,707b6ccf-c9d9-4c1d-97f4-516b572b2f9d,1697664331504022222
6a69421f-e399-4db8-897a-d8ef21b5e0a7,707b6ccf-c9d9-4c1d-97f4-516b572b2f9d,1697664331535111111
6a69421f-e399-4db8-897a-d8ef21b5e0a7,707b6ccf-c9d9-4c1d-97f4-516b572b2f9d,1697664331564066666
6a69421f-e399-4db8-897a-d8ef21b5e0a7,707b6ccf-c9d9-4c1d-97f4-516b572b2f9d,1697664331602766666
6a69421f-e399-4db8-897a-d8ef21b5e0a7,707b6ccf-c9d9-4c1d-97f4-516b572b2f9d,1697664331635244444
6a69421f-e399-4db8-897a-d8ef21b5e0a7,707b6ccf-c9d9-4c1d-97f4-516b572b2f9d,1697664331657688888
6a69421f-e399-4db8-897a-d8ef21b5e0a7,707b6ccf-c9d9-4c1d-97f4-516b572b2f9d,1697664331694377777
6a69421f-e399-4db8-897a-d8ef21b5e0a7,707b6ccf-c9d9-4c1d-97f4-516b572b2f9d,1697664331736600000
6a69421f-e399-4db8-897a-d8ef21b5e0a7,707b6ccf-c9d9-4c1d-97f4-516b572b2f9d,1697664331754022222
6a69421f-e399-4db8-897a-d8ef21b5e0a7,707b6ccf-c9d9-4c1d-97f4-516b572b2f9d,1697664331788077777
6a69421f-e399-4db8-897a-d8ef21b5e0a7,707b6ccf-c9d9-4c1d-97f4-516b572b2f9d,1697664331832155555
6a69421f-e399-4db8-897a-d8ef21b5e0a7,707b6ccf-c9d9-4c1d-97f4-516b572b2f9d,1697664331871700000
6a69421f-e399-4db8-897a-d8ef21b5e0a7,707b6ccf-c9d9-4c1d-97f4-516b572b2f9d,1697664331902922222
6a69421f-e399-4db8-897a-d8ef21b5e0a7,707b6ccf-c9d9-4c1d-97f4-516b572b2f9d,1697664331925955555
6a69421f-e399-4db8-897a-d8ef21b5e0a7,707b6ccf-c9d9-4c1d-97f4-516b572b2f9d,1697664331964588888
6a69421f-e399-4db8-897a-d8ef21b5e0a7,707b6ccf-c9d9-4c1d-97f4-516b572b2f9d,1697664331998577777
6a69421f-e399-4db8-897a-d8ef21b5e0a7,707b6ccf-c9d9-4c1d-97f4-516b572b2f9d,1697664332032833333
6a69421f-e399-4db8-897a-d8ef21b5e0a7,707b6ccf-c9d9-4c1d-97f4-516b572b2f9d,1697664332066844444
6a69421f-e399-4db8-897a-d8ef21b5e0a7,707b6ccf-c9d9-4c1d-97f4-516b572b2f9d,1697664332098577777
6a69421f-e399-4db8-897a-d8ef21b5e0a7,707b6ccf-c9d9-4c1d-97f4-516b572b2f9d,1697664332135555555
6a69421f-e399-4db8-897a-d8ef21b5e0a7,707b6ccf-c9d9-4c1d-97f4-516b572b2f9d,1697664332163188888
6a69421f-e399-4db8-897a-d8ef21b5e0a7,707b6ccf-c9d9-4c1d-97f4-516b572b2f9d,1697664332198044444
6a69421f-e399-4db8-897a-d8ef21b5e0a7,707b6ccf-c9d9-4c1d-97f4-516b572b2f9d,1697664332236844444
6a69421f-e399-4db8-897a-d8ef21b5e0a7,707b6ccf-c9d9-4c1d-97f4-516b572b2f9d,1697664332270522222
6a69421f-e399-4db8-897a-d8ef21b5e0a7,707b6ccf-c9d9-4c1d-97f4-516b572b2f9d,1697664332297700000
6a69421f-e399-4db8-897a-d8ef21b5e0a7,707b6ccf-c9d9-4c1d-97f4-516b572b2f9d,1697664332344122222
6a69421f-e399-4db8-897a-d8ef21b5e0a7,707b6ccf-c9d9-4c1d-97f4-516b572b2f9d,1697664332358333333
6a69421f-e399-4db8-897a-d8ef21b5e0a7,707b6ccf-c9d9-4c1d-97f4-516b572b2f9d,1697664332387633333
6a69421f-e399-4db8-897a-d8ef21b5e0a7,707b6ccf-c9d9-4c1d-97f4-516b572b2f9d,1697664332424377777
6a69421f-e399-4db8-897a-d8ef21b5e0a7,707b6ccf-c9d9-4c1d-97f4-516b572b2f9d,1697664332454677777
6a69421f-e399-4db8-897a-d8ef21b5e0a7,707b6ccf-c9d9-4c1d-97f4-516b572b2f9d,1697664332492555555
6a69421f-e399-4db8-897a-d8ef21b5e0a7,707b6ccf-c9d9-4c1d-97f4-516b572b2f9d,1697664332534566666
6a69421f-e399-4db8-897a-d8ef21b5e0a7,707b6ccf-c9d9-4c1d-97f4-516b572b2f9d,1697664332566622222
6a69421f-e399-4db8-897a-d8ef21b5e0a7,707b6ccf-c9d9-4c1d-97f4-516b572b2f9d,1697664332599522222
6a69421f-e399-4db8-897a-d8ef21b5e0a7,707b6ccf-c9d9-4c1d-97f4-516b572b2f9d,1697664332644588888
6a69421f-e399-4db8-897a-d8ef21b5e0a7,707b6ccf-c9d9-4c1d-97f4-516b572b2f9d,1697664332655700000
6a69421f-e399-4db8-897a-d8ef21b5e0a7,707b6ccf-c9d9-4c1d-97f4-516b572b2f9d,1697664332703022222
6a69421f-e399-4db8-897a-d8ef21b5e0a7,707b6ccf-c9d9-4c1d-97f4-516b572b2f9d,1697664332723811111
6a69421f-e399-4db8-897a-d8ef21b5e0a7,707b6ccf-c9d9-4c1d-97f4-516b572b2f9d,1697664332770188888
6a69421f-e399-4db8-897a-d8ef21b5e0a7,707b6ccf-c9d9-4c1d-97f4-516b572b2f9d,1697664332798888888
6a69421f-e399-4db8-897a-d8ef21b5e0a7,707b6ccf-c9d9-4c1d-97f4-516b572b2f9d,1697664332835155555
6a69421f-e399-4db8-897a-d8ef21b5e0a7,707b6ccf-c9d9-4c1d-97f4-516b572b2f9d,1697664332866944444
6a69421f-e399-4db8-897a-d8ef21b5e0a7,707b6ccf-c9d9-4c1d-97f4-516b572b2f9d,1697664332901333333
6a69421f-e399-4db8-897a-d8ef21b5e0a7,707b6ccf-c9d9-4c1d-97f4-516b572b2f9d,1697664332934555555
6a69421f-e399-4db8-897a-d8ef21b5e0a7,707b6ccf-c9d9-4c1d-97f4-516b572b2f9d,1697664332968777777
6a69421f-e399-4db8-897a-d8ef21b5e0a7,707b6ccf-c9d9-4c1d-97f4-516b572b2f9d,1697664332997777777
6a69421f-e399-4db8-897a-d8ef21b5e0a7,707b6ccf-c9d9-4c1d-97f4-516b572b2f9d,1697664333027766666
6a69421f-e399-4db8-897a-d8ef21b5e0a7,707b6ccf-c9d9-4c1d-97f4-516b572b2f9d,1697664333057033333
6a69421f-e399-4db8-897a-d8ef21b5e0a7,707b6ccf-c9d9-4c1d-97f4-516b572b2f9d,1697664333103400000
6a69421f-e399-4db8-897a-d8ef21b5e0a7,707b6ccf-c9d9-4c1d-97f4-516b572b2f9d,1697664333125133333
6a69421f-e399-4db8-897a-d8ef21b5e0a7,707b6ccf-c9d9-4c1d-97f4-516b572b2f9d,1697664333156477777
6a69421f-e399-4db8-897a-d8ef21b5e0a7,707b6ccf-c9d9-4c1d-97f4-516b572b2f9d,1697664333190222222
6a69421f-e399-4db8-897a-d8ef21b5e0a7,707b6ccf-c9d9-4c1d-97f4-516b572b2f9d,1697664333238066666
6a69421f-e399-4db8-897a-d8ef21b5e0a7,707b6ccf-c9d9-4c1d-97f4-516b572b2f9d,1697664333271033333
6a69421f-e399-4db8-897a-d8ef21b5e0a7,707b6ccf-c9d9-4c1d-97f4-516b572b2f9d,1697664333300844444
6a69421f-e399-4db8-897a-d8ef21b5e0a7,707b6ccf-c9d9-4c1d-97f4-516b572b2f9d,1697664333329422222
6a69421f-e399-4db8-897a-d8ef21b5e0a7,707b6ccf-c9d9-4c1d-97f4-516b572b2f9d,1697664333373911111
6a69421f-e399-4db8-897a-d8ef21b5e0a7,707b6ccf-c9d9-4c1d-97f4-516b572b2f9d,1697664333397911111
6a69421f-e399-4db8-897a-d8ef21b5e0a7,707b6ccf-c9d9-4c1d-97f4-516b572b2f9d,1697664333434833333
6a69421f-e399-4db8-897a-d8ef21b5e0a7,707b6ccf-c9d9-4c1d-97f4-516b572b2f9d,1697664333465011111
6a69421f-e399-4db8-897a-d8ef21b5e0a7,707b6ccf-c9d9-4c1d-97f4-516b572b2f9d,1697664333498222222
6a69421f-e399-4db8-897a-d8ef21b5e0a7,707b6ccf-c9d9-4c1d-97f4-516b572b2f9d,1697664333536733333
6a69421f-e399-4db8-897a-d8ef21b5e0a7,707b6ccf-c9d9-4c1d-97f4-516b572b2f9d,1697664333572188888
6a69421f-e399-4db8-897a-d8ef21b5e0a7,707b6ccf-c9d9-4c1d-97f4-516b572b2f9d,1697664333603088888
6a69421f-e399-4db8-897a-d8ef21b5e0a7,707b6ccf-c9d9-4c1d-97f4-516b572b2f9d,1697664333625344444
6a69421f-e399-4db8-897a-d8ef21b5e0a7,707b6ccf-c9d9-4c1d-97f4-516b572b2f9d,1697664333678044444
6a69421f-e399-4db8-897a-d8ef21b5e0a7,707b6ccf-c9d9-4c1d-97f4-516b572b2f9d,1697664333707833333
6a69421f-e399-4db8-897a-d8ef21b5e0a7,707b6ccf-c9d9-4c1d-97f4-516b572b2f9d,1697664333724355555
6a69421f-e399-4db8-897a-d8ef21b5e0a7,707b6ccf-c9d9-4c1d-97f4-516b572b2f9d,1697664333776722222
6a69421f-e399-4db8-897a-d8ef21b5e0a7,707b6ccf-c9d9-4c1d-97f4-516b572b2f9d,1697664333790100000
6a69421f-e399-4db8-897a-d8ef21b5e0a7,707b6ccf-c9d9-4c1d-97f4-516b572b2f9d,1697664333826444444
6a69421f-e399-4db8-897a-d8ef21b5e0a7,707b6ccf-c9d9-4c1d-97f4-516b572b2f9d,1697664333862633333
6a69421f-e399-4db8-897a-d8ef21b5e0a7,707b6ccf-c9d9-4c1d-97f4-516b572b2f9d,1697664333894755555
6a69421f-e399-4db8-897a-d8ef21b5e0a7,707b6ccf-c9d9-4c1d-97f4-516b572b2f9d,1697664333932500000
6a69421f-e399-4db8-897a-d8ef21b5e0a7,707b6ccf-c9d9-4c1d-97f4-516b572b2f9d,1697664333968777777
6a69421f-e399-4db8-897a-d8ef21b5e0a7,707b6ccf-c9d9-4c1d-97f4-516b572b2f9d,1697664333996611111
6a69421f-e399-4db8-897a-d8ef21b5e0a7,707b6ccf-c9d9-4c1d-97f4-516b572b2f9d,1697664334035488888
6a69421f-e399-4db8-897a-d8ef21b5e0a7,707b6ccf-c9d9-4c1d-97f4-516b572b2f9d,1697664334065588888
6a69421f-e399-4db8-897a-d8ef21b5e0a7,707b6ccf-c9d9-4c1d-97f4-516b572b2f9d,1697664334096500000
6a69421f-e399-4db8-897a-d8ef21b5e0a7,707b6ccf-c9d9-4c1d-97f4-516b572b2f9d,1697664334131822222
6a69421f-e399-4db8-897a-d8ef21b5e0a7,707b6ccf-c9d9-4c1d-97f4-516b572b2f9d,1697664334165711111
6a69421f-e399-4db8-897a-d8ef21b5e0a7,707b6ccf-c9d9-4c1d-97f4-516b572b2f9d,1697664334197022222
6a69421f-e399-4db8-897a-d8ef21b5e0a7,707b6ccf-c9d9-4c1d-97f4-516b572b2f9d,1697664334234788888
6a69421f-e399-4db8-897a-d8ef21b5e0a7,707b6ccf-c9d9-4c1d-97f4-516b572b2f9d,1697664334266622222
6a69421f-e399-4db8-897a-d8ef21b5e0a7,707b6ccf-c9d9-4c1d-97f4-516b572b2f9d,1697664334298877777
6a69421f-e399-4db8-897a-d8ef21b5e0a7,707b6ccf-c9d9-4c1d-97f4-516b572b2f9d,1697664334334277777
6a69421f-e399-4db8-897a-d8ef21b5e0a7,707b6ccf-c9d9-4c1d-97f4-516b572b2f9d,1697664334375722222
6a69421f-e399-4db8-897a-d8ef21b5e0a7,707b6ccf-c9d9-4c1d-97f4-516b572b2f9d,1697664334391733333
6a69421f-e399-4db8-897a-d8ef21b5e0a7,707b6ccf-c9d9-4c1d-97f4-516b572b2f9d,1697664334424355555
6a69421f-e399-4db8-897a-d8ef21b5e0a7,707b6ccf-c9d9-4c1d-97f4-516b572b2f9d,1697664334453288888
6a69421f-e399-4db8-897a-d8ef21b5e0a7,707b6ccf-c9d9-4c1d-97f4-516b572b2f9d,1697664334489844444
6a69421f-e399-4db8-897a-d8ef21b5e0a7,707b6ccf-c9d9-4c1d-97f4-516b572b2f9d,1697664334526488888
6a69421f-e399-4db8-897a-d8ef21b5e0a7,707b6ccf-c9d9-4c1d-97f4-516b572b2f9d,1697664334565111111
6a69421f-e399-4db8-897a-d8ef21b5e0a7,707b6ccf-c9d9-4c1d-97f4-516b572b2f9d,1697664334602533333
6a69421f-e399-4db8-897a-d8ef21b5e0a7,707b6ccf-c9d9-4c1d-97f4-516b572b2f9d,1697664334636033333
6a69421f-e399-4db8-897a-d8ef21b5e0a7,707b6ccf-c9d9-4c1d-97f4-516b572b2f9d,1697664334663122222
6a69421f-e399-4db8-897a-d8ef21b5e0a7,707b6ccf-c9d9-4c1d-97f4-516b572b2f9d,1697664334699622222
6a69421f-e399-4db8-897a-d8ef21b5e0a7,707b6ccf-c9d9-4c1d-97f4-516b572b2f9d,1697664334731033333
6a69421f-e399-4db8-897a-d8ef21b5e0a7,707b6ccf-c9d9-4c1d-97f4-516b572b2f9d,1697664334766511111
6a69421f-e399-4db8-897a-d8ef21b5e0a7,707b6ccf-c9d9-4c1d-97f4-516b572b2f9d,1697664334796944444
6a69421f-e399-4db8-897a-d8ef21b5e0a7,707b6ccf-c9d9-4c1d-97f4-516b572b2f9d,1697664334836177777
6a69421f-e399-4db8-897a-d8ef21b5e0a7,707b6ccf-c9d9-4c1d-97f4-516b572b2f9d,1697664334868033333
6a69421f-e399-4db8-897a-d8ef21b5e0a7,707b6ccf-c9d9-4c1d-97f4-516b572b2f9d,1697664334898644444
6a69421f-e399-4db8-897a-d8ef21b5e0a7,707b6ccf-c9d9-4c1d-97f4-516b572b2f9d,1697664334934033333
6a69421f-e399-4db8-897a-d8ef21b5e0a7,707b6ccf-c9d9-4c1d-97f4-516b572b2f9d,1697664334965744444
6a69421f-e399-4db8-897a-d8ef21b5e0a7,707b6ccf-c9d9-4c1d-97f4-516b572b2f9d,1697664334998888888
6a69421f-e399-4db8-897a-d8ef21b5e0a7,707b6ccf-c9d9-4c1d-97f4-516b572b2f9d,1697664335031600000
6a69421f-e399-4db8-897a-d8ef21b5e0a7,707b6ccf-c9d9-4c1d-97f4-516b572b2f9d,1697664335055211111
6a69421f-e399-4db8-897a-d8ef21b5e0a7,707b6ccf-c9d9-4c1d-97f4-516b572b2f9d,1697664335108633333
6a69421f-e399-4db8-897a-d8ef21b5e0a7,707b6ccf-c9d9-4c1d-97f4-516b572b2f9d,1697664335120666666
6a69421f-e399-4db8-897a-d8ef21b5e0a7,707b6ccf-c9d9-4c1d-97f4-516b572b2f9d,1697664335160733333
6a69421f-e399-4db8-897a-d8ef21b5e0a7,707b6ccf-c9d9-4c1d-97f4-516b572b2f9d,1697664335188088888
6a69421f-e399-4db8-897a-d8ef21b5e0a7,707b6ccf-c9d9-4c1d-97f4-516b572b2f9d,1697664335228055555
6a69421f-e399-4db8-897a-d8ef21b5e0a7,707b6ccf-c9d9-4c1d-97f4-516b572b2f9d,1697664335276155555
6a69421f-e399-4db8-897a-d8ef21b5e0a7,707b6ccf-c9d9-4c1d-97f4-516b572b2f9d,1697664335290566666
6a69421f-e399-4db8-897a-d8ef21b5e0a7,707b6ccf-c9d9-4c1d-97f4-516b572b2f9d,1697664335332888888
6a69421f-e399-4db8-897a-d8ef21b5e0a7,707b6ccf-c9d9-4c1d-97f4-516b572b2f9d,1697664335365155555
6a69421f-e399-4db8-897a-d8ef21b5e0a7,707b6ccf-c9d9-4c1d-97f4-516b572b2f9d,1697664335398477777
6a69421f-e399-4db8-897a-d8ef21b5e0a7,707b6ccf-c9d9-4c1d-97f4-516b572b2f9d,1697664335434577777
6a69421f-e399-4db8-897a-d8ef21b5e0a7,707b6ccf-c9d9-4c1d-97f4-516b572b2f9d,1697664335466666666
6a69421f-e399-4db8-897a-d8ef21b5e0a7,707b6ccf-c9d9-4c1d-97f4-516b572b2f9d,1697664335497011111
6a69421f-e399-4db8-897a-d8ef21b5e0a7,707b6ccf-c9d9-4c1d-97f4-516b572b2f9d,1697664335530811111
6a69421f-e399-4db8-897a-d8ef21b5e0a7,707b6ccf-c9d9-4c1d-97f4-516b572b2f9d,1697664335564544444
6a69421f-e399-4db8-897a-d8ef21b5e0a7,707b6ccf-c9d9-4c1d-97f4-516b572b2f9d,1697664335597711111
6a69421f-e399-4db8-897a-d8ef21b5e0a7,707b6ccf-c9d9-4c1d-97f4-516b572b2f9d,1697664335633822222
6a69421f-e399-4db8-897a-d8ef21b5e0a7,707b6ccf-c9d9-4c1d-97f4-516b572b2f9d,1697664335663766666
6a69421f-e399-4db8-897a-d8ef21b5e0a7,707b6ccf-c9d9-4c1d-97f4-516b572b2f9d,1697664335704133333
6a69421f-e399-4db8-897a-d8ef21b5e0a7,707b6ccf-c9d9-4c1d-97f4-516b572b2f9d,1697664335728644444
6a69421f-e399-4db8-897a-d8ef21b5e0a7,707b6ccf-c9d9-4c1d-97f4-516b572b2f9d,1697664335756300000
6a69421f-e399-4db8-897a-d8ef21b5e0a7,707b6ccf-c9d9-4c1d-97f4-516b572b2f9d,1697664335806477777
6a69421f-e399-4db8-897a-d8ef21b5e0a7,707b6ccf-c9d9-4c1d-97f4-516b572b2f9d,1697664335818766666
6a69421f-e399-4db8-897a-d8ef21b5e0a7,707b6ccf-c9d9-4c1d-97f4-516b572b2f9d,1697664335853477777
6a69421f-e399-4db8-897a-d8ef21b5e0a7,707b6ccf-c9d9-4c1d-97f4-516b572b2f9d,1697664335896511111
6a69421f-e399-4db8-897a-d8ef21b5e0a7,707b6ccf-c9d9-4c1d-97f4-516b572b2f9d,1697664335930977777
6a69421f-e399-4db8-897a-d8ef21b5e0a7,707b6ccf-c9d9-4c1d-97f4-516b572b2f9d,1697664335970822222
6a69421f-e399-4db8-897a-d8ef21b5e0a7,707b6ccf-c9d9-4c1d-97f4-516b572b2f9d,1697664335997422222
6a69421f-e399-4db8-897a-d8ef21b5e0a7,707b6ccf-c9d9-4c1d-97f4-516b572b2f9d,1697664336028500000
6a69421f-e399-4db8-897a-d8ef21b5e0a7,707b6ccf-c9d9-4c1d-97f4-516b572b2f9d,1697664336066466666
6a69421f-e399-4db8-897a-d8ef21b5e0a7,707b6ccf-c9d9-4c1d-97f4-516b572b2f9d,1697664336096477777
6a69421f-e399-4db8-897a-d8ef21b5e0a7,707b6ccf-c9d9-4c1d-97f4-516b572b2f9d,1697664336136377777
6a69421f-e399-4db8-897a-d8ef21b5e0a7,707b6ccf-c9d9-4c1d-97f4-516b572b2f9d,1697664336166166666
6a69421f-e399-4db8-897a-d8ef21b5e0a7,707b6ccf-c9d9-4c1d-97f4-516b572b2f9d,1697664336203788888
6a69421f-e399-4db8-897a-d8ef21b5e0a7,707b6ccf-c9d9-4c1d-97f4-516b572b2f9d,1697664336219400000
6a69421f-e399-4db8-897a-d8ef21b5e0a7,707b6ccf-c9d9-4c1d-97f4-516b572b2f9d,1697664336270522222
6a69421f-e399-4db8-897a-d8ef21b5e0a7,707b6ccf-c9d9-4c1d-97f4-516b572b2f9d,1697664336301833333
6a69421f-e399-4db8-897a-d8ef21b5e0a7,707b6ccf-c9d9-4c1d-97f4-516b572b2f9d,1697664336322688888
6a69421f-e399-4db8-897a-d8ef21b5e0a7,707b6ccf-c9d9-4c1d-97f4-516b572b2f9d,1697664336372988888
6a69421f-e399-4db8-897a-d8ef21b5e0a7,707b6ccf-c9d9-4c1d-97f4-516b572b2f9d,1697664336386555555
6a69421f-e399-4db8-897a-d8ef21b5e0a7,707b6ccf-c9d9-4c1d-97f4-516b572b2f9d,1697664336422600000
6a69421f-e399-4db8-897a-d8ef21b5e0a7,707b6ccf-c9d9-4c1d-97f4-516b572b2f9d,1697664336457611111
6a69421f-e399-4db8-897a-d8ef21b5e0a7,707b6ccf-c9d9-4c1d-97f4-516b572b2f9d,1697664336503000000
6a69421f-e399-4db8-897a-d8ef21b5e0a7,707b6ccf-c9d9-4c1d-97f4-516b572b2f9d,1697664336523233333
6a69421f-e399-4db8-897a-d8ef21b5e0a7,707b6ccf-c9d9-4c1d-97f4-516b572b2f9d,1697664336554188888
6a69421f-e399-4db8-897a-d8ef21b5e0a7,707b6ccf-c9d9-4c1d-97f4-516b572b2f9d,1697664336606122222
6a69421f-e399-4db8-897a-d8ef21b5e0a7,707b6ccf-c9d9-4c1d-97f4-516b572b2f9d,1697664336635500000
6a69421f-e399-4db8-897a-d8ef21b5e0a7,707b6ccf-c9d9-4c1d-97f4-516b572b2f9d,1697664336670388888
6a69421f-e399-4db8-897a-d8ef21b5e0a7,707b6ccf-c9d9-4c1d-97f4-516b572b2f9d,1697664336703300000
6a69421f-e399-4db8-897a-d8ef21b5e0a7,707b6ccf-c9d9-4c1d-97f4-516b572b2f9d,1697664336719722222
6a69421f-e399-4db8-897a-d8ef21b5e0a7,707b6ccf-c9d9-4c1d-97f4-516b572b2f9d,1697664336769666666
6a69421f-e399-4db8-897a-d8ef21b5e0a7,707b6ccf-c9d9-4c1d-97f4-516b572b2f9d,1697664336803233333
6a69421f-e399-4db8-897a-d8ef21b5e0a7,707b6ccf-c9d9-4c1d-97f4-516b572b2f9d,1697664336820988888
6a69421f-e399-4db8-897a-d8ef21b5e0a7,707b6ccf-c9d9-4c1d-97f4-516b572b2f9d,1697664336871822222
6a69421f-e399-4db8-897a-d8ef21b5e0a7,707b6ccf-c9d9-4c1d-97f4-516b572b2f9d,1697664336897555555
6a69421f-e399-4db8-897a-d8ef21b5e0a7,707b6ccf-c9d9-4c1d-97f4-516b572b2f9d,1697664336928111111
6a69421f-e399-4db8-897a-d8ef21b5e0a7,707b6ccf-c9d9-4c1d-97f4-516b572b2f9d,1697664336970822222
6a69421f-e399-4db8-897a-d8ef21b5e0a7,707b6ccf-c9d9-4c1d-97f4-516b572b2f9d,1697664336997577777
6a69421f-e399-4db8-897a-d8ef21b5e0a7,707b6ccf-c9d9-4c1d-97f4-516b572b2f9d,1697664337031033333
6a69421f-e399-4db8-897a-d8ef21b5e0a7,707b6ccf-c9d9-4c1d-97f4-516b572b2f9d,1697664337076777777
6a69421f-e399-4db8-897a-d8ef21b5e0a7,707b6ccf-c9d9-4c1d-97f4-516b572b2f9d,1697664337090522222
6a69421f-e399-4db8-897a-d8ef21b5e0a7,707b6ccf-c9d9-4c1d-97f4-516b572b2f9d,1697664337121266666
6a69421f-e399-4db8-897a-d8ef21b5e0a7,707b6ccf-c9d9-4c1d-97f4-516b572b2f9d,1697664337158211111
6a69421f-e399-4db8-897a-d8ef21b5e0a7,707b6ccf-c9d9-4c1d-97f4-516b572b2f9d,1697664337186233333
6a69421f-e399-4db8-897a-d8ef21b5e0a7,707b6ccf-c9d9-4c1d-97f4-516b572b2f9d,1697664337216500000
6a69421f-e399-4db8-897a-d8ef21b5e0a7,707b6ccf-c9d9-4c1d-97f4-516b572b2f9d,1697664337266522222
6a69421f-e399-4db8-897a-d8ef21b5e0a7,707b6ccf-c9d9-4c1d-97f4-516b572b2f9d,1697664337303300000
6a69421f-e399-4db8-897a-d8ef21b5e0a7,707b6ccf-c9d9-4c1d-97f4-516b572b2f9d,1697664337331700000
6a69421f-e399-4db8-897a-d8ef21b5e0a7,707b6ccf-c9d9-4c1d-97f4-516b572b2f9d,1697664337366422222
6a69421f-e399-4db8-897a-d8ef21b5e0a7,707b6ccf-c9d9-4c1d-97f4-516b572b2f9d,1697664337398700000
6a69421f-e399-4db8-897a-d8ef21b5e0a7,707b6ccf-c9d9-4c1d-97f4-516b572b2f9d,1697664337432111111
6a69421f-e399-4db8-897a-d8ef21b5e0a7,707b6ccf-c9d9-4c1d-97f4-516b572b2f9d,1697664337466133333
6a69421f-e399-4db8-897a-d8ef21b5e0a7,707b6ccf-c9d9-4c1d-97f4-516b572b2f9d,1697664337496066666
6a69421f-e399-4db8-897a-d8ef21b5e0a7,707b6ccf-c9d9-4c1d-97f4-516b572b2f9d,1697664337530633333
6a69421f-e399-4db8-897a-d8ef21b5e0a7,707b6ccf-c9d9-4c1d-97f4-516b572b2f9d,1697664337570666666
6a69421f-e399-4db8-897a-d8ef21b5e0a7,707b6ccf-c9d9-4c1d-97f4-516b572b2f9d,1697664337598744444
6a69421f-e399-4db8-897a-d8ef21b5e0a7,707b6ccf-c9d9-4c1d-97f4-516b572b2f9d,1697664337632488888
6a69421f-e399-4db8-897a-d8ef21b5e0a7,707b6ccf-c9d9-4c1d-97f4-516b572b2f9d,1697664337664755555
6a69421f-e399-4db8-897a-d8ef21b5e0a7,707b6ccf-c9d9-4c1d-97f4-516b572b2f9d,1697664337698977777
6a69421f-e399-4db8-897a-d8ef21b5e0a7,707b6ccf-c9d9-4c1d-97f4-516b572b2f9d,1697664337738211111
6a69421f-e399-4db8-897a-d8ef21b5e0a7,707b6ccf-c9d9-4c1d-97f4-516b572b2f9d,1697664337756677777
6a69421f-e399-4db8-897a-d8ef21b5e0a7,707b6ccf-c9d9-4c1d-97f4-516b572b2f9d,1697664337792411111
6a69421f-e399-4db8-897a-d8ef21b5e0a7,707b6ccf-c9d9-4c1d-97f4-516b572b2f9d,1697664337817777777
6a69421f-e399-4db8-897a-d8ef21b5e0a7,707b6ccf-c9d9-4c1d-97f4-516b572b2f9d,1697664337871400000
6a69421f-e399-4db8-897a-d8ef21b5e0a7,707b6ccf-c9d9-4c1d-97f4-516b572b2f9d,1697664337887700000
6a69421f-e399-4db8-897a-d8ef21b5e0a7,707b6ccf-c9d9-4c1d-97f4-516b572b2f9d,1697664337928677777
6a69421f-e399-4db8-897a-d8ef21b5e0a7,707b6ccf-c9d9-4c1d-97f4-516b572b2f9d,1697664337966422222
6a69421f-e399-4db8-897a-d8ef21b5e0a7,707b6ccf-c9d9-4c1d-97f4-516b572b2f9d,1697664338002033333
6a69421f-e399-4db8-897a-d8ef21b5e0a7,707b6ccf-c9d9-4c1d-97f4-516b572b2f9d,1697664338029888888
6a69421f-e399-4db8-897a-d8ef21b5e0a7,707b6ccf-c9d9-4c1d-97f4-516b572b2f9d,1697664338069066666
6a69421f-e399-4db8-897a-d8ef21b5e0a7,707b6ccf-c9d9-4c1d-97f4-516b572b2f9d,1697664338101455555
6a69421f-e399-4db8-897a-d8ef21b5e0a7,707b6ccf-c9d9-4c1d-97f4-516b572b2f9d,1697664338128022222
6a69421f-e399-4db8-897a-d8ef21b5e0a7,707b6ccf-c9d9-4c1d-97f4-516b572b2f9d,1697664338172044444
6a69421f-e399-4db8-897a-d8ef21b5e0a7,707b6ccf-c9d9-4c1d-97f4-516b572b2f9d,1697664338201344444
6a69421f-e399-4db8-897a-d8ef21b5e0a7,707b6ccf-c9d9-4c1d-97f4-516b572b2f9d,1697664338218922222
6a69421f-e399-4db8-897a-d8ef21b5e0a7,707b6ccf-c9d9-4c1d-97f4-516b572b2f9d,1697664338261855555
6a69421f-e399-4db8-897a-d8ef21b5e0a7,707b6ccf-c9d9-4c1d-97f4-516b572b2f9d,1697664338291800000
6a69421f-e399-4db8-897a-d8ef21b5e0a7,707b6ccf-c9d9-4c1d-97f4-516b572b2f9d,1697664338334011111
6a69421f-e399-4db8-897a-d8ef21b5e0a7,707b6ccf-c9d9-4c1d-97f4-516b572b2f9d,1697664338359500000
6a69421f-e399-4db8-897a-d8ef21b5e0a7,707b6ccf-c9d9-4c1d-97f4-516b572b2f9d,1697664338404188888
6a69421f-e399-4db8-897a-d8ef21b5e0a7,707b6ccf-c9d9-4c1d-97f4-516b572b2f9d,1697664338434555555
6a69421f-e399-4db8-897a-d8ef21b5e0a7,707b6ccf-c9d9-4c1d-97f4-516b572b2f9d,1697664338453833333
6a69421f-e399-4db8-897a-d8ef21b5e0a7,707b6ccf-c9d9-4c1d-97f4-516b572b2f9d,1697664338488455555
6a69421f-e399-4db8-897a-d8ef21b5e0a7,707b6ccf-c9d9-4c1d-97f4-516b572b2f9d,1697664338520000000
6a69421f-e399-4db8-897a-d8ef21b5e0a7,707b6ccf-c9d9-4c1d-97f4-516b572b2f9d,1697664338564300000
6a69421f-e399-4db8-897a-d8ef21b5e0a7,707b6ccf-c9d9-4c1d-97f4-516b572b2f9d,1697664338589677777
6a69421f-e399-4db8-897a-d8ef21b5e0a7,707b6ccf-c9d9-4c1d-97f4-516b572b2f9d,1697664338632833333
6a69421f-e399-4db8-897a-d8ef21b5e0a7,707b6ccf-c9d9-4c1d-97f4-516b572b2f9d,1697664338660144444
6a69421f-e399-4db8-897a-d8ef21b5e0a7,707b6ccf-c9d9-4c1d-97f4-516b572b2f9d,1697664338698344444
6a69421f-e399-4db8-897a-d8ef21b5e0a7,707b6ccf-c9d9-4c1d-97f4-516b572b2f9d,1697664338729300000
6a69421f-e399-4db8-897a-d8ef21b5e0a7,707b6ccf-c9d9-4c1d-97f4-516b572b2f9d,1697664338763011111
6a69421f-e399-4db8-897a-d8ef21b5e0a7,707b6ccf-c9d9-4c1d-97f4-516b572b2f9d,1697664338793022222
6a69421f-e399-4db8-897a-d8ef21b5e0a7,707b6ccf-c9d9-4c1d-97f4-516b572b2f9d,1697664338828877777
6a69421f-e399-4db8-897a-d8ef21b5e0a7,707b6ccf-c9d9-4c1d-97f4-516b572b2f9d,1697664338861855555
6a69421f-e399-4db8-897a-d8ef21b5e0a7,707b6ccf-c9d9-4c1d-97f4-516b572b2f9d,1697664338896822222
6a69421f-e399-4db8-897a-d8ef21b5e0a7,707b6ccf-c9d9-4c1d-97f4-516b572b2f9d,1697664338930633333
6a69421f-e399-4db8-897a-d8ef21b5e0a7,707b6ccf-c9d9-4c1d-97f4-516b572b2f9d,1697664338962833333
6a69421f-e399-4db8-897a-d8ef21b5e0a7,707b6ccf-c9d9-4c1d-97f4-516b572b2f9d,1697664338998466666
6a69421f-e399-4db8-897a-d8ef21b5e0a7,707b6ccf-c9d9-4c1d-97f4-516b572b2f9d,1697664339034911111
6a69421f-e399-4db8-897a-d8ef21b5e0a7,707b6ccf-c9d9-4c1d-97f4-516b572b2f9d,1697664339060966666
6a69421f-e399-4db8-897a-d8ef21b5e0a7,707b6ccf-c9d9-4c1d-97f4-516b572b2f9d,1697664339109222222
6a69421f-e399-4db8-897a-d8ef21b5e0a7,707b6ccf-c9d9-4c1d-97f4-516b572b2f9d,1697664339131733333
6a69421f-e399-4db8-897a-d8ef21b5e0a7,707b6ccf-c9d9-4c1d-97f4-516b572b2f9d,1697664339151977777
6a69421f-e399-4db8-897a-d8ef21b5e0a7,707b6ccf-c9d9-4c1d-97f4-516b572b2f9d,1697664339202644444
6a69421f-e399-4db8-897a-d8ef21b5e0a7,707b6ccf-c9d9-4c1d-97f4-516b572b2f9d,1697664339218488888
6a69421f-e399-4db8-897a-d8ef21b5e0a7,707b6ccf-c9d9-4c1d-97f4-516b572b2f9d,1697664339256833333
6a69421f-e399-4db8-897a-d8ef21b5e0a7,707b6ccf-c9d9-4c1d-97f4-516b572b2f9d,1697664339303177777
6a69421f-e399-4db8-897a-d8ef21b5e0a7,707b6ccf-c9d9-4c1d-97f4-516b572b2f9d,1697664339331333333
6a69421f-e399-4db8-897a-d8ef21b5e0a7,707b6ccf-c9d9-4c1d-97f4-516b572b2f9d,1697664339363344444
6a69421f-e399-4db8-897a-d8ef21b5e0a7,707b6ccf-c9d9-4c1d-97f4-516b572b2f9d,1697664339394011111
6a69421f-e399-4db8-897a-d8ef21b5e0a7,707b6ccf-c9d9-4c1d-97f4-516b572b2f9d,1697664339430066666
6a69421f-e399-4db8-897a-d8ef21b5e0a7,707b6ccf-c9d9-4c1d-97f4-516b572b2f9d,1697664339462866666
6a69421f-e399-4db8-897a-d8ef21b5e0a7,707b6ccf-c9d9-4c1d-97f4-516b572b2f9d,1697664339492722222
6a69421f-e399-4db8-897a-d8ef21b5e0a7,707b6ccf-c9d9-4c1d-97f4-516b572b2f9d,1697664339531677777
6a69421f-e399-4db8-897a-d8ef21b5e0a7,707b6ccf-c9d9-4c1d-97f4-516b572b2f9d,1697664339562955555
6a69421f-e399-4db8-897a-d8ef21b5e0a7,707b6ccf-c9d9-4c1d-97f4-516b572b2f9d,1697664339591100000
6a69421f-e399-4db8-897a-d8ef21b5e0a7,707b6ccf-c9d9-4c1d-97f4-516b572b2f9d,1697664339631444444
6a69421f-e399-4db8-897a-d8ef21b5e0a7,707b6ccf-c9d9-4c1d-97f4-516b572b2f9d,1697664339658477777
6a69421f-e399-4db8-897a-d8ef21b5e0a7,707b6ccf-c9d9-4c1d-97f4-516b572b2f9d,1697664339696433333
6a69421f-e399-4db8-897a-d8ef21b5e0a7,707b6ccf-c9d9-4c1d-97f4-516b572b2f9d,1697664339734277777
6a69421f-e399-4db8-897a-d8ef21b5e0a7,707b6ccf-c9d9-4c1d-97f4-516b572b2f9d,1697664339755488888
6a69421f-e399-4db8-897a-d8ef21b5e0a7,707b6ccf-c9d9-4c1d-97f4-516b572b2f9d,1697664339801700000
6a69421f-e399-4db8-897a-d8ef21b5e0a7,707b6ccf-c9d9-4c1d-97f4-516b572b2f9d,1697664339823400000
6a69421f-e399-4db8-897a-d8ef21b5e0a7,707b6ccf-c9d9-4c1d-97f4-516b572b2f9d,1697664339850633333
6a69421f-e399-4db8-897a-d8ef21b5e0a7,707b6ccf-c9d9-4c1d-97f4-516b572b2f9d,1697664339897033333
6a69421f-e399-4db8-897a-d8ef21b5e0a7,707b6ccf-c9d9-4c1d-97f4-516b572b2f9d,1697664339918066666
6a69421f-e399-4db8-897a-d8ef21b5e0a7,707b6ccf-c9d9-4c1d-97f4-516b572b2f9d,1697664339969700000
6a69421f-e399-4db8-897a-d8ef21b5e0a7,707b6ccf-c9d9-4c1d-97f4-516b572b2f9d,1697664339998255555
6a69421f-e399-4db8-897a-d8ef21b5e0a7,707b6ccf-c9d9-4c1d-97f4-516b572b2f9d,1697664340029255555
6a69421f-e399-4db8-897a-d8ef21b5e0a7,707b6ccf-c9d9-4c1d-97f4-516b572b2f9d,1697664340060555555
6a69421f-e399-4db8-897a-d8ef21b5e0a7,707b6ccf-c9d9-4c1d-97f4-516b572b2f9d,1697664340096366666
6a69421f-e399-4db8-897a-d8ef21b5e0a7,707b6ccf-c9d9-4c1d-97f4-516b572b2f9d,1697664340129955555
6a69421f-e399-4db8-897a-d8ef21b5e0a7,707b6ccf-c9d9-4c1d-97f4-516b572b2f9d,1697664340161144444
6a69421f-e399-4db8-897a-d8ef21b5e0a7,707b6ccf-c9d9-4c1d-97f4-516b572b2f9d,1697664340194222222
6a69421f-e399-4db8-897a-d8ef21b5e0a7,707b6ccf-c9d9-4c1d-97f4-516b572b2f9d,1697664340230400000
6a69421f-e399-4db8-897a-d8ef21b5e0a7,707b6ccf-c9d9-4c1d-97f4-516b572b2f9d,1697664340260766666
6a69421f-e399-4db8-897a-d8ef21b5e0a7,707b6ccf-c9d9-4c1d-97f4-516b572b2f9d,1697664340293088888
6a69421f-e399-4db8-897a-d8ef21b5e0a7,707b6ccf-c9d9-4c1d-97f4-516b572b2f9d,1697664340329455555
6a69421f-e399-4db8-897a-d8ef21b5e0a7,707b6ccf-c9d9-4c1d-97f4-516b572b2f9d,1697664340363222222
6a69421f-e399-4db8-897a-d8ef21b5e0a7,707b6ccf-c9d9-4c1d-97f4-516b572b2f9d,1697664340392100000
6a69421f-e399-4db8-897a-d8ef21b5e0a7,707b6ccf-c9d9-4c1d-97f4-516b572b2f9d,1697664340449611111
6a69421f-e399-4db8-897a-d8ef21b5e0a7,707b6ccf-c9d9-4c1d-97f4-516b572b2f9d,1697664340454022222
6a69421f-e399-4db8-897a-d8ef21b5e0a7,707b6ccf-c9d9-4c1d-97f4-516b572b2f9d,1697664340490200000
6a69421f-e399-4db8-897a-d8ef21b5e0a7,707b6ccf-c9d9-4c1d-97f4-516b572b2f9d,1697664340519633333
6a69421f-e399-4db8-897a-d8ef21b5e0a7,707b6ccf-c9d9-4c1d-97f4-516b572b2f9d,1697664340553911111
6a69421f-e399-4db8-897a-d8ef21b5e0a7,707b6ccf-c9d9-4c1d-97f4-516b572b2f9d,1697664340587266666
6a69421f-e399-4db8-897a-d8ef21b5e0a7,707b6ccf-c9d9-4c1d-97f4-516b572b2f9d,1697664340628388888
6a69421f-e399-4db8-897a-d8ef21b5e0a7,707b6ccf-c9d9-4c1d-97f4-516b572b2f9d,1697664340662500000
6a69421f-e399-4db8-897a-d8ef21b5e0a7,707b6ccf-c9d9-4c1d-97f4-516b572b2f9d,1697664340697744444
6a69421f-e399-4db8-897a-d8ef21b5e0a7,707b6ccf-c9d9-4c1d-97f4-516b572b2f9d,1697664340731244444
6a69421f-e399-4db8-897a-d8ef21b5e0a7,707b6ccf-c9d9-4c1d-97f4-516b572b2f9d,1697664340759555555
6a69421f-e399-4db8-897a-d8ef21b5e0a7,707b6ccf-c9d9-4c1d-97f4-516b572b2f9d,1697664340798811111
6a69421f-e399-4db8-897a-d8ef21b5e0a7,707b6ccf-c9d9-4c1d-97f4-516b572b2f9d,1697664340831522222
6a69421f-e399-4db8-897a-d8ef21b5e0a7,707b6ccf-c9d9-4c1d-97f4-516b572b2f9d,1697664340860355555
6a69421f-e399-4db8-897a-d8ef21b5e0a7,707b6ccf-c9d9-4c1d-97f4-516b572b2f9d,1697664340899122222
6a69421f-e399-4db8-897a-d8ef21b5e0a7,707b6ccf-c9d9-4c1d-97f4-516b572b2f9d,1697664340929155555
6a69421f-e399-4db8-897a-d8ef21b5e0a7,707b6ccf-c9d9-4c1d-97f4-516b572b2f9d,1697664340964255555
6a69421f-e399-4db8-897a-d8ef21b5e0a7,707b6ccf-c9d9-4c1d-97f4-516b572b2f9d,1697664340996411111
6a69421f-e399-4db8-897a-d8ef21b5e0a7,707b6ccf-c9d9-4c1d-97f4-516b572b2f9d,1697664341032622222
6a69421f-e399-4db8-897a-d8ef21b5e0a7,707b6ccf-c9d9-4c1d-97f4-516b572b2f9d,1697664341063077777
6a69421f-e399-4db8-897a-d8ef21b5e0a7,707b6ccf-c9d9-4c1d-97f4-516b572b2f9d,1697664341094155555
6a69421f-e399-4db8-897a-d8ef21b5e0a7,707b6ccf-c9d9-4c1d-97f4-516b572b2f9d,1697664341121488888
6a69421f-e399-4db8-897a-d8ef21b5e0a7,707b6ccf-c9d9-4c1d-97f4-516b572b2f9d,1697664341153055555
6a69421f-e399-4db8-897a-d8ef21b5e0a7,707b6ccf-c9d9-4c1d-97f4-516b572b2f9d,1697664341188155555
6a69421f-e399-4db8-897a-d8ef21b5e0a7,707b6ccf-c9d9-4c1d-97f4-516b572b2f9d,1697664341220511111
6a69421f-e399-4db8-897a-d8ef21b5e0a7,707b6ccf-c9d9-4c1d-97f4-516b572b2f9d,1697664341252122222
6a69421f-e399-4db8-897a-d8ef21b5e0a7,707b6ccf-c9d9-4c1d-97f4-516b572b2f9d,1697664341297577777
6a69421f-e399-4db8-897a-d8ef21b5e0a7,707b6ccf-c9d9-4c1d-97f4-516b572b2f9d,1697664341330588888
6a69421f-e399-4db8-897a-d8ef21b5e0a7,707b6ccf-c9d9-4c1d-97f4-516b572b2f9d,1697664341363133333
6a69421f-e399-4db8-897a-d8ef21b5e0a7,707b6ccf-c9d9-4c1d-97f4-516b572b2f9d,1697664341402044444
6a69421f-e399-4db8-897a-d8ef21b5e0a7,707b6ccf-c9d9-4c1d-97f4-516b572b2f9d,1697664341431022222
6a69421f-e399-4db8-897a-d8ef21b5e0a7,707b6ccf-c9d9-4c1d-97f4-516b572b2f9d,1697664341462677777
6a69421f-e399-4db8-897a-d8ef21b5e0a7,707b6ccf-c9d9-4c1d-97f4-516b572b2f9d,1697664341487388888
6a69421f-e399-4db8-897a-d8ef21b5e0a7,707b6ccf-c9d9-4c1d-97f4-516b572b2f9d,1697664341532677777
6a69421f-e399-4db8-897a-d8ef21b5e0a7,707b6ccf-c9d9-4c1d-97f4-516b572b2f9d,1697664341563311111
6a69421f-e399-4db8-897a-d8ef21b5e0a7,707b6ccf-c9d9-4c1d-97f4-516b572b2f9d,1697664341585022222
6a69421f-e399-4db8-897a-d8ef21b5e0a7,707b6ccf-c9d9-4c1d-97f4-516b572b2f9d,1697664341635311111
6a69421f-e399-4db8-897a-d8ef21b5e0a7,707b6ccf-c9d9-4c1d-97f4-516b572b2f9d,1697664341661977777
6a69421f-e399-4db8-897a-d8ef21b5e0a7,707b6ccf-c9d9-4c1d-97f4-516b572b2f9d,1697664341688277777
6a69421f-e399-4db8-897a-d8ef21b5e0a7,707b6ccf-c9d9-4c1d-97f4-516b572b2f9d,1697664341734611111
6a69421f-e399-4db8-897a-d8ef21b5e0a7,707b6ccf-c9d9-4c1d-97f4-516b572b2f9d,1697664341765322222
6a69421f-e399-4db8-897a-d8ef21b5e0a7,707b6ccf-c9d9-4c1d-97f4-516b572b2f9d,1697664341783855555
6a69421f-e399-4db8-897a-d8ef21b5e0a7,707b6ccf-c9d9-4c1d-97f4-516b572b2f9d,1697664341831544444
6a69421f-e399-4db8-897a-d8ef21b5e0a7,707b6ccf-c9d9-4c1d-97f4-516b572b2f9d,1697664341856244444
6a69421f-e399-4db8-897a-d8ef21b5e0a7,707b6ccf-c9d9-4c1d-97f4-516b572b2f9d,1697664341884066666
6a69421f-e399-4db8-897a-d8ef21b5e0a7,707b6ccf-c9d9-4c1d-97f4-516b572b2f9d,1697664341921033333
6a69421f-e399-4db8-897a-d8ef21b5e0a7,707b6ccf-c9d9-4c1d-97f4-516b572b2f9d,1697664341958544444
6a69421f-e399-4db8-897a-d8ef21b5e0a7,707b6ccf-c9d9-4c1d-97f4-516b572b2f9d,1697664341993366666
6a69421f-e399-4db8-897a-d8ef21b5e0a7,707b6ccf-c9d9-4c1d-97f4-516b572b2f9d,1697664342030955555
6a69421f-e399-4db8-897a-d8ef21b5e0a7,707b6ccf-c9d9-4c1d-97f4-516b572b2f9d,1697664342063033333
6a69421f-e399-4db8-897a-d8ef21b5e0a7,707b6ccf-c9d9-4c1d-97f4-516b572b2f9d,1697664342091466666
6a69421f-e399-4db8-897a-d8ef21b5e0a7,707b6ccf-c9d9-4c1d-97f4-516b572b2f9d,1697664342137133333
6a69421f-e399-4db8-897a-d8ef21b5e0a7,707b6ccf-c9d9-4c1d-97f4-516b572b2f9d,1697664342163455555
6a69421f-e399-4db8-897a-d8ef21b5e0a7,707b6ccf-c9d9-4c1d-97f4-516b572b2f9d,1697664342189744444
6a69421f-e399-4db8-897a-d8ef21b5e0a7,707b6ccf-c9d9-4c1d-97f4-516b572b2f9d,1697664342231711111
6a69421f-e399-4db8-897a-d8ef21b5e0a7,707b6ccf-c9d9-4c1d-97f4-516b572b2f9d,1697664342263255555
6a69421f-e399-4db8-897a-d8ef21b5e0a7,707b6ccf-c9d9-4c1d-97f4-516b572b2f9d,1697664342285500000
6a69421f-e399-4db8-897a-d8ef21b5e0a7,707b6ccf-c9d9-4c1d-97f4-516b572b2f9d,1697664342341266666
6a69421f-e399-4db8-897a-d8ef21b5e0a7,707b6ccf-c9d9-4c1d-97f4-516b572b2f9d,1697664342364077777
6a69421f-e399-4db8-897a-d8ef21b5e0a7,707b6ccf-c9d9-4c1d-97f4-516b572b2f9d,1697664342396077777
6a69421f-e399-4db8-897a-d8ef21b5e0a7,707b6ccf-c9d9-4c1d-97f4-516b572b2f9d,1697664342431788888
6a69421f-e399-4db8-897a-d8ef21b5e0a7,707b6ccf-c9d9-4c1d-97f4-516b572b2f9d,1697664342471500000
6a69421f-e399-4db8-897a-d8ef21b5e0a7,707b6ccf-c9d9-4c1d-97f4-516b572b2f9d,1697664342496033333
6a69421f-e399-4db8-897a-d8ef21b5e0a7,707b6ccf-c9d9-4c1d-97f4-516b572b2f9d,1697664342529833333
6a69421f-e399-4db8-897a-d8ef21b5e0a7,707b6ccf-c9d9-4c1d-97f4-516b572b2f9d,1697664342569377777
6a69421f-e399-4db8-897a-d8ef21b5e0a7,707b6ccf-c9d9-4c1d-97f4-516b572b2f9d,1697664342613100000
6a69421f-e399-4db8-897a-d8ef21b5e0a7,707b6ccf-c9d9-4c1d-97f4-516b572b2f9d,1697664342630600000
6a69421f-e399-4db8-897a-d8ef21b5e0a7,707b6ccf-c9d9-4c1d-97f4-516b572b2f9d,1697664342660022222
6a69421f-e399-4db8-897a-d8ef21b5e0a7,707b6ccf-c9d9-4c1d-97f4-516b572b2f9d,1697664342680055555
6a69421f-e399-4db8-897a-d8ef21b5e0a7,707b6ccf-c9d9-4c1d-97f4-516b572b2f9d,1697664342722300000
6a69421f-e399-4db8-897a-d8ef21b5e0a7,707b6ccf-c9d9-4c1d-97f4-516b572b2f9d,1697664342758455555
6a69421f-e399-4db8-897a-d8ef21b5e0a7,707b6ccf-c9d9-4c1d-97f4-516b572b2f9d,1697664342792488888
6a69421f-e399-4db8-897a-d8ef21b5e0a7,707b6ccf-c9d9-4c1d-97f4-516b572b2f9d,1697664342834333333
6a69421f-e399-4db8-897a-d8ef21b5e0a7,707b6ccf-c9d9-4c1d-97f4-516b572b2f9d,1697664342860166666
6a69421f-e399-4db8-897a-d8ef21b5e0a7,707b6ccf-c9d9-4c1d-97f4-516b572b2f9d,1697664342894255555
6a69421f-e399-4db8-897a-d8ef21b5e0a7,707b6ccf-c9d9-4c1d-97f4-516b572b2f9d,1697664342934122222
6a69421f-e399-4db8-897a-d8ef21b5e0a7,707b6ccf-c9d9-4c1d-97f4-516b572b2f9d,1697664342963033333
6a69421f-e399-4db8-897a-d8ef21b5e0a7,707b6ccf-c9d9-4c1d-97f4-516b572b2f9d,1697664342983511111
6a69421f-e399-4db8-897a-d8ef21b5e0a7,707b6ccf-c9d9-4c1d-97f4-516b572b2f9d,1697664343033011111
6a69421f-e399-4db8-897a-d8ef21b5e0a7,707b6ccf-c9d9-4c1d-97f4-516b572b2f9d,1697664343060388888
6a69421f-e399-4db8-897a-d8ef21b5e0a7,707b6ccf-c9d9-4c1d-97f4-516b572b2f9d,1697664343088066666
6a69421f-e399-4db8-897a-d8ef21b5e0a7,707b6ccf-c9d9-4c1d-97f4-516b572b2f9d,1697664343132700000
6a69421f-e399-4db8-897a-d8ef21b5e0a7,707b6ccf-c9d9-4c1d-97f4-516b572b2f9d,1697664343161566666
6a69421f-e399-4db8-897a-d8ef21b5e0a7,707b6ccf-c9d9-4c1d-97f4-516b572b2f9d,1697664343185388888
6a69421f-e399-4db8-897a-d8ef21b5e0a7,707b6ccf-c9d9-4c1d-97f4-516b572b2f9d,1697664343227144444
6a69421f-e399-4db8-897a-d8ef21b5e0a7,707b6ccf-c9d9-4c1d-97f4-516b572b2f9d,1697664343253711111
6a69421f-e399-4db8-897a-d8ef21b5e0a7,707b6ccf-c9d9-4c1d-97f4-516b572b2f9d,1697664343283455555
6a69421f-e399-4db8-897a-d8ef21b5e0a7,707b6ccf-c9d9-4c1d-97f4-516b572b2f9d,1697664343319488888
6a69421f-e399-4db8-897a-d8ef21b5e0a7,707b6ccf-c9d9-4c1d-97f4-516b572b2f9d,1697664343350044444
6a69421f-e399-4db8-897a-d8ef21b5e0a7,707b6ccf-c9d9-4c1d-97f4-516b572b2f9d,1697664343394600000
6a69421f-e399-4db8-897a-d8ef21b5e0a7,707b6ccf-c9d9-4c1d-97f4-516b572b2f9d,1697664343435300000
6a69421f-e399-4db8-897a-d8ef21b5e0a7,707b6ccf-c9d9-4c1d-97f4-516b572b2f9d,1697664343462966666
6a69421f-e399-4db8-897a-d8ef21b5e0a7,707b6ccf-c9d9-4c1d-97f4-516b572b2f9d,1697664343488977777
6a69421f-e399-4db8-897a-d8ef21b5e0a7,707b6ccf-c9d9-4c1d-97f4-516b572b2f9d,1697664343531544444
6a69421f-e399-4db8-897a-d8ef21b5e0a7,707b6ccf-c9d9-4c1d-97f4-516b572b2f9d,1697664343565588888
6a69421f-e399-4db8-897a-d8ef21b5e0a7,707b6ccf-c9d9-4c1d-97f4-516b572b2f9d,1697664343593600000
6a69421f-e399-4db8-897a-d8ef21b5e0a7,707b6ccf-c9d9-4c1d-97f4-516b572b2f9d,1697664343630677777
6a69421f-e399-4db8-897a-d8ef21b5e0a7,707b6ccf-c9d9-4c1d-97f4-516b572b2f9d,1697664343663266666
6a69421f-e399-4db8-897a-d8ef21b5e0a7,707b6ccf-c9d9-4c1d-97f4-516b572b2f9d,1697664343687788888
6a69421f-e399-4db8-897a-d8ef21b5e0a7,707b6ccf-c9d9-4c1d-97f4-516b572b2f9d,1697664343733144444
6a69421f-e399-4db8-897a-d8ef21b5e0a7,707b6ccf-c9d9-4c1d-97f4-516b572b2f9d,1697664343762855555
6a69421f-e399-4db8-897a-d8ef21b5e0a7,707b6ccf-c9d9-4c1d-97f4-516b572b2f9d,1697664343783155555
6a69421f-e399-4db8-897a-d8ef21b5e0a7,707b6ccf-c9d9-4c1d-97f4-516b572b2f9d,1697664343828577777
6a69421f-e399-4db8-897a-d8ef21b5e0a7,707b6ccf-c9d9-4c1d-97f4-516b572b2f9d,1697664343863155555
6a69421f-e399-4db8-897a-d8ef21b5e0a7,707b6ccf-c9d9-4c1d-97f4-516b572b2f9d,1697664343893844444
6a69421f-e399-4db8-897a-d8ef21b5e0a7,707b6ccf-c9d9-4c1d-97f4-516b572b2f9d,1697664343923755555
6a69421f-e399-4db8-897a-d8ef21b5e0a7,707b6ccf-c9d9-4c1d-97f4-516b572b2f9d,1697664343955833333
6a69421f-e399-4db8-897a-d8ef21b5e0a7,707b6ccf-c9d9-4c1d-97f4-516b572b2f9d,1697664343995588888
6a69421f-e399-4db8-897a-d8ef21b5e0a7,707b6ccf-c9d9-4c1d-97f4-516b572b2f9d,1697664344022022222
6a69421f-e399-4db8-897a-d8ef21b5e0a7,707b6ccf-c9d9-4c1d-97f4-516b572b2f9d,1697664344062266666
6a69421f-e399-4db8-897a-d8ef21b5e0a7,707b6ccf-c9d9-4c1d-97f4-516b572b2f9d,1697664344083600000
6a69421f-e399-4db8-897a-d8ef21b5e0a7,707b6ccf-c9d9-4c1d-97f4-516b572b2f9d,1697664344139488888
6a69421f-e399-4db8-897a-d8ef21b5e0a7,707b6ccf-c9d9-4c1d-97f4-516b572b2f9d,1697664344162966666
6a69421f-e399-4db8-897a-d8ef21b5e0a7,707b6ccf-c9d9-4c1d-97f4-516b572b2f9d,1697664344184022222
6a69421f-e399-4db8-897a-d8ef21b5e0a7,707b6ccf-c9d9-4c1d-97f4-516b572b2f9d,1697664344235300000
6a69421f-e399-4db8-897a-d8ef21b5e0a7,707b6ccf-c9d9-4c1d-97f4-516b572b2f9d,1697664344263233333
6a69421f-e399-4db8-897a-d8ef21b5e0a7,707b6ccf-c9d9-4c1d-97f4-516b572b2f9d,1697664344288222222
6a69421f-e399-4db8-897a-d8ef21b5e0a7,707b6ccf-c9d9-4c1d-97f4-516b572b2f9d,1697664344338955555
6a69421f-e399-4db8-897a-d8ef21b5e0a7,707b6ccf-c9d9-4c1d-97f4-516b572b2f9d,1697664344362777777
6a69421f-e399-4db8-897a-d8ef21b5e0a7,707b6ccf-c9d9-4c1d-97f4-516b572b2f9d,1697664344386777777
6a69421f-e399-4db8-897a-d8ef21b5e0a7,707b6ccf-c9d9-4c1d-97f4-516b572b2f9d,1697664344438066666
6a69421f-e399-4db8-897a-d8ef21b5e0a7,707b6ccf-c9d9-4c1d-97f4-516b572b2f9d,1697664344462633333
6a69421f-e399-4db8-897a-d8ef21b5e0a7,707b6ccf-c9d9-4c1d-97f4-516b572b2f9d,1697664344489555555
6a69421f-e399-4db8-897a-d8ef21b5e0a7,707b6ccf-c9d9-4c1d-97f4-516b572b2f9d,1697664344535455555
6a69421f-e399-4db8-897a-d8ef21b5e0a7,707b6ccf-c9d9-4c1d-97f4-516b572b2f9d,1697664344557988888
6a69421f-e399-4db8-897a-d8ef21b5e0a7,707b6ccf-c9d9-4c1d-97f4-516b572b2f9d,1697664344611211111
6a69421f-e399-4db8-897a-d8ef21b5e0a7,707b6ccf-c9d9-4c1d-97f4-516b572b2f9d,1697664344624877777
6a69421f-e399-4db8-897a-d8ef21b5e0a7,707b6ccf-c9d9-4c1d-97f4-516b572b2f9d,1697664344656233333
6a69421f-e399-4db8-897a-d8ef21b5e0a7,707b6ccf-c9d9-4c1d-97f4-516b572b2f9d,1697664344688866666
6a69421f-e399-4db8-897a-d8ef21b5e0a7,707b6ccf-c9d9-4c1d-97f4-516b572b2f9d,1697664344728744444
6a69421f-e399-4db8-897a-d8ef21b5e0a7,707b6ccf-c9d9-4c1d-97f4-516b572b2f9d,1697664344757755555
6a69421f-e399-4db8-897a-d8ef21b5e0a7,707b6ccf-c9d9-4c1d-97f4-516b572b2f9d,1697664344791444444
6a69421f-e399-4db8-897a-d8ef21b5e0a7,707b6ccf-c9d9-4c1d-97f4-516b572b2f9d,1697664344826477777
6a69421f-e399-4db8-897a-d8ef21b5e0a7,707b6ccf-c9d9-4c1d-97f4-516b572b2f9d,1697664344864288888
6a69421f-e399-4db8-897a-d8ef21b5e0a7,707b6ccf-c9d9-4c1d-97f4-516b572b2f9d,1697664344896533333
6a69421f-e399-4db8-897a-d8ef21b5e0a7,707b6ccf-c9d9-4c1d-97f4-516b572b2f9d,1697664344929233333
6a69421f-e399-4db8-897a-d8ef21b5e0a7,707b6ccf-c9d9-4c1d-97f4-516b572b2f9d,1697664344963988888
6a69421f-e399-4db8-897a-d8ef21b5e0a7,707b6ccf-c9d9-4c1d-97f4-516b572b2f9d,1697664344993588888
6a69421f-e399-4db8-897a-d8ef21b5e0a7,707b6ccf-c9d9-4c1d-97f4-516b572b2f9d,1697664345024844444
6a69421f-e399-4db8-897a-d8ef21b5e0a7,707b6ccf-c9d9-4c1d-97f4-516b572b2f9d,1697664345065688888
6a69421f-e399-4db8-897a-d8ef21b5e0a7,707b6ccf-c9d9-4c1d-97f4-516b572b2f9d,1697664345098422222
6a69421f-e399-4db8-897a-d8ef21b5e0a7,707b6ccf-c9d9-4c1d-97f4-516b572b2f9d,1697664345129000000
6a69421f-e399-4db8-897a-d8ef21b5e0a7,707b6ccf-c9d9-4c1d-97f4-516b572b2f9d,1697664345167255555
6a69421f-e399-4db8-897a-d8ef21b5e0a7,707b6ccf-c9d9-4c1d-97f4-516b572b2f9d,1697664345194766666
6a69421f-e399-4db8-897a-d8ef21b5e0a7,707b6ccf-c9d9-4c1d-97f4-516b572b2f9d,1697664345231644444
6a69421f-e399-4db8-897a-d8ef21b5e0a7,707b6ccf-c9d9-4c1d-97f4-516b572b2f9d,1697664345251511111
6a69421f-e399-4db8-897a-d8ef21b5e0a7,707b6ccf-c9d9-4c1d-97f4-516b572b2f9d,1697664345292066666
6a69421f-e399-4db8-897a-d8ef21b5e0a7,707b6ccf-c9d9-4c1d-97f4-516b572b2f9d,1697664345322888888
6a69421f-e399-4db8-897a-d8ef21b5e0a7,707b6ccf-c9d9-4c1d-97f4-516b572b2f9d,1697664345355744444
6a69421f-e399-4db8-897a-d8ef21b5e0a7,707b6ccf-c9d9-4c1d-97f4-516b572b2f9d,1697664345382966666
6a69421f-e399-4db8-897a-d8ef21b5e0a7,707b6ccf-c9d9-4c1d-97f4-516b572b2f9d,1697664345425666666
6a69421f-e399-4db8-897a-d8ef21b5e0a7,707b6ccf-c9d9-4c1d-97f4-516b572b2f9d,1697664345463933333
6a69421f-e399-4db8-897a-d8ef21b5e0a7,707b6ccf-c9d9-4c1d-97f4-516b572b2f9d,1697664345496922222
6a69421f-e399-4db8-897a-d8ef21b5e0a7,707b6ccf-c9d9-4c1d-97f4-516b572b2f9d,1697664345525966666
6a69421f-e399-4db8-897a-d8ef21b5e0a7,707b6ccf-c9d9-4c1d-97f4-516b572b2f9d,1697664345562922222
6a69421f-e399-4db8-897a-d8ef21b5e0a7,707b6ccf-c9d9-4c1d-97f4-516b572b2f9d,1697664345592055555
6a69421f-e399-4db8-897a-d8ef21b5e0a7,707b6ccf-c9d9-4c1d-97f4-516b572b2f9d,1697664345625944444
6a69421f-e399-4db8-897a-d8ef21b5e0a7,707b6ccf-c9d9-4c1d-97f4-516b572b2f9d,1697664345664055555
6a69421f-e399-4db8-897a-d8ef21b5e0a7,707b6ccf-c9d9-4c1d-97f4-516b572b2f9d,1697664345694622222
6a69421f-e399-4db8-897a-d8ef21b5e0a7,707b6ccf-c9d9-4c1d-97f4-516b572b2f9d,1697664345727233333
6a69421f-e399-4db8-897a-d8ef21b5e0a7,707b6ccf-c9d9-4c1d-97f4-516b572b2f9d,1697664345762711111
6a69421f-e399-4db8-897a-d8ef21b5e0a7,707b6ccf-c9d9-4c1d-97f4-516b572b2f9d,1697664345792611111
6a69421f-e399-4db8-897a-d8ef21b5e0a7,707b6ccf-c9d9-4c1d-97f4-516b572b2f9d,1697664345827800000
6a69421f-e399-4db8-897a-d8ef21b5e0a7,707b6ccf-c9d9-4c1d-97f4-516b572b2f9d,1697664345867233333
6a69421f-e399-4db8-897a-d8ef21b5e0a7,707b6ccf-c9d9-4c1d-97f4-516b572b2f9d,1697664345896922222
6a69421f-e399-4db8-897a-d8ef21b5e0a7,707b6ccf-c9d9-4c1d-97f4-516b572b2f9d,1697664345916722222
6a69421f-e399-4db8-897a-d8ef21b5e0a7,707b6ccf-c9d9-4c1d-97f4-516b572b2f9d,1697664345952422222
6a69421f-e399-4db8-897a-d8ef21b5e0a7,707b6ccf-c9d9-4c1d-97f4-516b572b2f9d,1697664345989788888
6a69421f-e399-4db8-897a-d8ef21b5e0a7,707b6ccf-c9d9-4c1d-97f4-516b572b2f9d,1697664346014488888
6a69421f-e399-4db8-897a-d8ef21b5e0a7,707b6ccf-c9d9-4c1d-97f4-516b572b2f9d,1697664346050555555
6a69421f-e399-4db8-897a-d8ef21b5e0a7,707b6ccf-c9d9-4c1d-97f4-516b572b2f9d,1697664346091977777
6a69421f-e399-4db8-897a-d8ef21b5e0a7,707b6ccf-c9d9-4c1d-97f4-516b572b2f9d,1697664346123944444
6a69421f-e399-4db8-897a-d8ef21b5e0a7,707b6ccf-c9d9-4c1d-97f4-516b572b2f9d,1697664346169833333
6a69421f-e399-4db8-897a-d8ef21b5e0a7,707b6ccf-c9d9-4c1d-97f4-516b572b2f9d,1697664346185788888
6a69421f-e399-4db8-897a-d8ef21b5e0a7,707b6ccf-c9d9-4c1d-97f4-516b572b2f9d,1697664346230077777
6a69421f-e399-4db8-897a-d8ef21b5e0a7,707b6ccf-c9d9-4c1d-97f4-516b572b2f9d,1697664346262777777
6a69421f-e399-4db8-897a-d8ef21b5e0a7,707b6ccf-c9d9-4c1d-97f4-516b572b2f9d,1697664346289066666
6a69421f-e399-4db8-897a-d8ef21b5e0a7,707b6ccf-c9d9-4c1d-97f4-516b572b2f9d,1697664346327977777
6a69421f-e399-4db8-897a-d8ef21b5e0a7,707b6ccf-c9d9-4c1d-97f4-516b572b2f9d,1697664346363266666
6a69421f-e399-4db8-897a-d8ef21b5e0a7,707b6ccf-c9d9-4c1d-97f4-516b572b2f9d,1697664346387166666
6a69421f-e399-4db8-897a-d8ef21b5e0a7,707b6ccf-c9d9-4c1d-97f4-516b572b2f9d,1697664346431655555
6a69421f-e399-4db8-897a-d8ef21b5e0a7,707b6ccf-c9d9-4c1d-97f4-516b572b2f9d,1697664346462744444
6a69421f-e399-4db8-897a-d8ef21b5e0a7,707b6ccf-c9d9-4c1d-97f4-516b572b2f9d,1697664346486477777
6a69421f-e399-4db8-897a-d8ef21b5e0a7,707b6ccf-c9d9-4c1d-97f4-516b572b2f9d,1697664346529255555
6a69421f-e399-4db8-897a-d8ef21b5e0a7,707b6ccf-c9d9-4c1d-97f4-516b572b2f9d,1697664346562777777
6a69421f-e399-4db8-897a-d8ef21b5e0a7,707b6ccf-c9d9-4c1d-97f4-516b572b2f9d,1697664346583988888
6a69421f-e399-4db8-897a-d8ef21b5e0a7,707b6ccf-c9d9-4c1d-97f4-516b572b2f9d,1697664346618733333
6a69421f-e399-4db8-897a-d8ef21b5e0a7,707b6ccf-c9d9-4c1d-97f4-516b572b2f9d,1697664346652688888
6a69421f-e399-4db8-897a-d8ef21b5e0a7,707b6ccf-c9d9-4c1d-97f4-516b572b2f9d,1697664346686877777
6a69421f-e399-4db8-897a-d8ef21b5e0a7,707b6ccf-c9d9-4c1d-97f4-516b572b2f9d,1697664346725133333
6a69421f-e399-4db8-897a-d8ef21b5e0a7,707b6ccf-c9d9-4c1d-97f4-516b572b2f9d,1697664346757355555
6a69421f-e399-4db8-897a-d8ef21b5e0a7,707b6ccf-c9d9-4c1d-97f4-516b572b2f9d,1697664346801388888
6a69421f-e399-4db8-897a-d8ef21b5e0a7,707b6ccf-c9d9-4c1d-97f4-516b572b2f9d,1697664346830666666
6a69421f-e399-4db8-897a-d8ef21b5e0a7,707b6ccf-c9d9-4c1d-97f4-516b572b2f9d,1697664346863311111
6a69421f-e399-4db8-897a-d8ef21b5e0a7,707b6ccf-c9d9-4c1d-97f4-516b572b2f9d,1697664346885000000
6a69421f-e399-4db8-897a-d8ef21b5e0a7,707b6ccf-c9d9-4c1d-97f4-516b572b2f9d,1697664346933088888
6a69421f-e399-4db8-897a-d8ef21b5e0a7,707b6ccf-c9d9-4c1d-97f4-516b572b2f9d,1697664346966122222
6a69421f-e399-4db8-897a-d8ef21b5e0a7,707b6ccf-c9d9-4c1d-97f4-516b572b2f9d,1697664346997933333
6a69421f-e399-4db8-897a-d8ef21b5e0a7,707b6ccf-c9d9-4c1d-97f4-516b572b2f9d,1697664347025455555
6a69421f-e399-4db8-897a-d8ef21b5e0a7,707b6ccf-c9d9-4c1d-97f4-516b572b2f9d,1697664347062833333
6a69421f-e399-4db8-897a-d8ef21b5e0a7,707b6ccf-c9d9-4c1d-97f4-516b572b2f9d,1697664347090788888
6a69421f-e399-4db8-897a-d8ef21b5e0a7,707b6ccf-c9d9-4c1d-97f4-516b572b2f9d,1697664347126888888
6a69421f-e399-4db8-897a-d8ef21b5e0a7,707b6ccf-c9d9-4c1d-97f4-516b572b2f9d,1697664347164644444
6a69421f-e399-4db8-897a-d8ef21b5e0a7,707b6ccf-c9d9-4c1d-97f4-516b572b2f9d,1697664347194755555
6a69421f-e399-4db8-897a-d8ef21b5e0a7,707b6ccf-c9d9-4c1d-97f4-516b572b2f9d,1697664347224255555
6a69421f-e399-4db8-897a-d8ef21b5e0a7,707b6ccf-c9d9-4c1d-97f4-516b572b2f9d,1697664347272977777
6a69421f-e399-4db8-897a-d8ef21b5e0a7,707b6ccf-c9d9-4c1d-97f4-516b572b2f9d,1697664347284200000
6a69421f-e399-4db8-897a-d8ef21b5e0a7,707b6ccf-c9d9-4c1d-97f4-516b572b2f9d,1697664347315411111
6a69421f-e399-4db8-897a-d8ef21b5e0a7,707b6ccf-c9d9-4c1d-97f4-516b572b2f9d,1697664347353744444
6a69421f-e399-4db8-897a-d8ef21b5e0a7,707b6ccf-c9d9-4c1d-97f4-516b572b2f9d,1697664347382166666
6a69421f-e399-4db8-897a-d8ef21b5e0a7,707b6ccf-c9d9-4c1d-97f4-516b572b2f9d,1697664347425111111
6a69421f-e399-4db8-897a-d8ef21b5e0a7,707b6ccf-c9d9-4c1d-97f4-516b572b2f9d,1697664347465511111
6a69421f-e399-4db8-897a-d8ef21b5e0a7,707b6ccf-c9d9-4c1d-97f4-516b572b2f9d,1697664347497255555
6a69421f-e399-4db8-897a-d8ef21b5e0a7,707b6ccf-c9d9-4c1d-97f4-516b572b2f9d,1697664347529033333
6a69421f-e399-4db8-897a-d8ef21b5e0a7,707b6ccf-c9d9-4c1d-97f4-516b572b2f9d,1697664347563800000
6a69421f-e399-4db8-897a-d8ef21b5e0a7,707b6ccf-c9d9-4c1d-97f4-516b572b2f9d,1697664347589966666
6a69421f-e399-4db8-897a-d8ef21b5e0a7,707b6ccf-c9d9-4c1d-97f4-516b572b2f9d,1697664347629544444
6a69421f-e399-4db8-897a-d8ef21b5e0a7,707b6ccf-c9d9-4c1d-97f4-516b572b2f9d,1697664347663255555
6a69421f-e399-4db8-897a-d8ef21b5e0a7,707b6ccf-c9d9-4c1d-97f4-516b572b2f9d,1697664347688400000
6a69421f-e399-4db8-897a-d8ef21b5e0a7,707b6ccf-c9d9-4c1d-97f4-516b572b2f9d,1697664347727277777
6a69421f-e399-4db8-897a-d8ef21b5e0a7,707b6ccf-c9d9-4c1d-97f4-516b572b2f9d,1697664347763611111
6a69421f-e399-4db8-897a-d8ef21b5e0a7,707b6ccf-c9d9-4c1d-97f4-516b572b2f9d,1697664347791766666
6a69421f-e399-4db8-897a-d8ef21b5e0a7,707b6ccf-c9d9-4c1d-97f4-516b572b2f9d,1697664347831055555
6a69421f-e399-4db8-897a-d8ef21b5e0a7,707b6ccf-c9d9-4c1d-97f4-516b572b2f9d,1697664347862877777
6a69421f-e399-4db8-897a-d8ef21b5e0a7,707b6ccf-c9d9-4c1d-97f4-516b572b2f9d,1697664347886122222
6a69421f-e399-4db8-897a-d8ef21b5e0a7,707b6ccf-c9d9-4c1d-97f4-516b572b2f9d,1697664347938711111
6a69421f-e399-4db8-897a-d8ef21b5e0a7,707b6ccf-c9d9-4c1d-97f4-516b572b2f9d,1697664347952600000
6a69421f-e399-4db8-897a-d8ef21b5e0a7,707b6ccf-c9d9-4c1d-97f4-516b572b2f9d,1697664347988766666
6a69421f-e399-4db8-897a-d8ef21b5e0a7,707b6ccf-c9d9-4c1d-97f4-516b572b2f9d,1697664348016388888
6a69421f-e399-4db8-897a-d8ef21b5e0a7,707b6ccf-c9d9-4c1d-97f4-516b572b2f9d,1697664348049588888
6a69421f-e399-4db8-897a-d8ef21b5e0a7,707b6ccf-c9d9-4c1d-97f4-516b572b2f9d,1697664348091466666
6a69421f-e399-4db8-897a-d8ef21b5e0a7,707b6ccf-c9d9-4c1d-97f4-516b572b2f9d,1697664348126700000
6a69421f-e399-4db8-897a-d8ef21b5e0a7,707b6ccf-c9d9-4c1d-97f4-516b572b2f9d,1697664348162711111
6a69421f-e399-4db8-897a-d8ef21b5e0a7,707b6ccf-c9d9-4c1d-97f4-516b572b2f9d,1697664348185333333
6a69421f-e399-4db8-897a-d8ef21b5e0a7,707b6ccf-c9d9-4c1d-97f4-516b572b2f9d,1697664348225555555
6a69421f-e399-4db8-897a-d8ef21b5e0a7,707b6ccf-c9d9-4c1d-97f4-516b572b2f9d,1697664348260566666
6a69421f-e399-4db8-897a-d8ef21b5e0a7,707b6ccf-c9d9-4c1d-97f4-516b572b2f9d,1697664348292944444
6a69421f-e399-4db8-897a-d8ef21b5e0a7,707b6ccf-c9d9-4c1d-97f4-516b572b2f9d,1697664348327822222
6a69421f-e399-4db8-897a-d8ef21b5e0a7,707b6ccf-c9d9-4c1d-97f4-516b572b2f9d,1697664348359444444
6a69421f-e399-4db8-897a-d8ef21b5e0a7,707b6ccf-c9d9-4c1d-97f4-516b572b2f9d,1697664348393144444
6a69421f-e399-4db8-897a-d8ef21b5e0a7,707b6ccf-c9d9-4c1d-97f4-516b572b2f9d,1697664348424200000
6a69421f-e399-4db8-897a-d8ef21b5e0a7,707b6ccf-c9d9-4c1d-97f4-516b572b2f9d,1697664348458522222
6a69421f-e399-4db8-897a-d8ef21b5e0a7,707b6ccf-c9d9-4c1d-97f4-516b572b2f9d,1697664348500444444
6a69421f-e399-4db8-897a-d8ef21b5e0a7,707b6ccf-c9d9-4c1d-97f4-516b572b2f9d,1697664348530922222
6a69421f-e399-4db8-897a-d8ef21b5e0a7,707b6ccf-c9d9-4c1d-97f4-516b572b2f9d,1697664348561344444
6a69421f-e399-4db8-897a-d8ef21b5e0a7,707b6ccf-c9d9-4c1d-97f4-516b572b2f9d,1697664348598955555
6a69421f-e399-4db8-897a-d8ef21b5e0a7,707b6ccf-c9d9-4c1d-97f4-516b572b2f9d,1697664348642455555
6a69421f-e399-4db8-897a-d8ef21b5e0a7,707b6ccf-c9d9-4c1d-97f4-516b572b2f9d,1697664348657711111
6a69421f-e399-4db8-897a-d8ef21b5e0a7,707b6ccf-c9d9-4c1d-97f4-516b572b2f9d,1697664348691033333
6a69421f-e399-4db8-897a-d8ef21b5e0a7,707b6ccf-c9d9-4c1d-97f4-516b572b2f9d,1697664348731333333
6a69421f-e399-4db8-897a-d8ef21b5e0a7,707b6ccf-c9d9-4c1d-97f4-516b572b2f9d,1697664348756544444
6a69421f-e399-4db8-897a-d8ef21b5e0a7,707b6ccf-c9d9-4c1d-97f4-516b572b2f9d,1697664348797877777
6a69421f-e399-4db8-897a-d8ef21b5e0a7,707b6ccf-c9d9-4c1d-97f4-516b572b2f9d,1697664348824400000
6a69421f-e399-4db8-897a-d8ef21b5e0a7,707b6ccf-c9d9-4c1d-97f4-516b572b2f9d,1697664348858566666
6a69421f-e399-4db8-897a-d8ef21b5e0a7,707b6ccf-c9d9-4c1d-97f4-516b572b2f9d,1697664348897522222
6a69421f-e399-4db8-897a-d8ef21b5e0a7,707b6ccf-c9d9-4c1d-97f4-516b572b2f9d,1697664348924633333
6a69421f-e399-4db8-897a-d8ef21b5e0a7,707b6ccf-c9d9-4c1d-97f4-516b572b2f9d,1697664348959766666
6a69421f-e399-4db8-897a-d8ef21b5e0a7,707b6ccf-c9d9-4c1d-97f4-516b572b2f9d,1697664348995266666
6a69421f-e399-4db8-897a-d8ef21b5e0a7,707b6ccf-c9d9-4c1d-97f4-516b572b2f9d,1697664349023944444
6a69421f-e399-4db8-897a-d8ef21b5e0a7,707b6ccf-c9d9-4c1d-97f4-516b572b2f9d,1697664349059844444
6a69421f-e399-4db8-897a-d8ef21b5e0a7,707b6ccf-c9d9-4c1d-97f4-516b572b2f9d,1697664349093277777
6a69421f-e399-4db8-897a-d8ef21b5e0a7,707b6ccf-c9d9-4c1d-97f4-516b572b2f9d,1697664349130400000
6a69421f-e399-4db8-897a-d8ef21b5e0a7,707b6ccf-c9d9-4c1d-97f4-516b572b2f9d,1697664349163066666
6a69421f-e399-4db8-897a-d8ef21b5e0a7,707b6ccf-c9d9-4c1d-97f4-516b572b2f9d,1697664349186011111
6a69421f-e399-4db8-897a-d8ef21b5e0a7,707b6ccf-c9d9-4c1d-97f4-516b572b2f9d,1697664349226855555
6a69421f-e399-4db8-897a-d8ef21b5e0a7,707b6ccf-c9d9-4c1d-97f4-516b572b2f9d,1697664349265955555
6a69421f-e399-4db8-897a-d8ef21b5e0a7,707b6ccf-c9d9-4c1d-97f4-516b572b2f9d,1697664349285133333
6a69421f-e399-4db8-897a-d8ef21b5e0a7,707b6ccf-c9d9-4c1d-97f4-516b572b2f9d,1697664349329133333
6a69421f-e399-4db8-897a-d8ef21b5e0a7,707b6ccf-c9d9-4c1d-97f4-516b572b2f9d,1697664349347844444
6a69421f-e399-4db8-897a-d8ef21b5e0a7,707b6ccf-c9d9-4c1d-97f4-516b572b2f9d,1697664349385955555
6a69421f-e399-4db8-897a-d8ef21b5e0a7,707b6ccf-c9d9-4c1d-97f4-516b572b2f9d,1697664349423511111
6a69421f-e399-4db8-897a-d8ef21b5e0a7,707b6ccf-c9d9-4c1d-97f4-516b572b2f9d,1697664349458422222
6a69421f-e399-4db8-897a-d8ef21b5e0a7,707b6ccf-c9d9-4c1d-97f4-516b572b2f9d,1697664349493044444
6a69421f-e399-4db8-897a-d8ef21b5e0a7,707b6ccf-c9d9-4c1d-97f4-516b572b2f9d,1697664349524400000
6a69421f-e399-4db8-897a-d8ef21b5e0a7,707b6ccf-c9d9-4c1d-97f4-516b572b2f9d,1697664349557355555
6a69421f-e399-4db8-897a-d8ef21b5e0a7,707b6ccf-c9d9-4c1d-97f4-516b572b2f9d,1697664349595655555
6a69421f-e399-4db8-897a-d8ef21b5e0a7,707b6ccf-c9d9-4c1d-97f4-516b572b2f9d,1697664349626666666
6a69421f-e399-4db8-897a-d8ef21b5e0a7,707b6ccf-c9d9-4c1d-97f4-516b572b2f9d,1697664349661800000
6a69421f-e399-4db8-897a-d8ef21b5e0a7,707b6ccf-c9d9-4c1d-97f4-516b572b2f9d,1697664349684133333
6a69421f-e399-4db8-897a-d8ef21b5e0a7,707b6ccf-c9d9-4c1d-97f4-516b572b2f9d,1697664349733566666
6a69421f-e399-4db8-897a-d8ef21b5e0a7,707b6ccf-c9d9-4c1d-97f4-516b572b2f9d,1697664349757611111
6a69421f-e399-4db8-897a-d8ef21b5e0a7,707b6ccf-c9d9-4c1d-97f4-516b572b2f9d,1697664349791277777
6a69421f-e399-4db8-897a-d8ef21b5e0a7,707b6ccf-c9d9-4c1d-97f4-516b572b2f9d,1697664349823600000
6a69421f-e399-4db8-897a-d8ef21b5e0a7,707b6ccf-c9d9-4c1d-97f4-516b572b2f9d,1697664349857122222
6a69421f-e399-4db8-897a-d8ef21b5e0a7,707b6ccf-c9d9-4c1d-97f4-516b572b2f9d,1697664349892722222
6a69421f-e399-4db8-897a-d8ef21b5e0a7,707b6ccf-c9d9-4c1d-97f4-516b572b2f9d,1697664349939277777
6a69421f-e399-4db8-897a-d8ef21b5e0a7,707b6ccf-c9d9-4c1d-97f4-516b572b2f9d,1697664349954044444
6a69421f-e399-4db8-897a-d8ef21b5e0a7,707b6ccf-c9d9-4c1d-97f4-516b572b2f9d,1697664349982977777
6a69421f-e399-4db8-897a-d8ef21b5e0a7,707b6ccf-c9d9-4c1d-97f4-516b572b2f9d,1697664350029344444
6a69421f-e399-4db8-897a-d8ef21b5e0a7,707b6ccf-c9d9-4c1d-97f4-516b572b2f9d,1697664350053755555
6a69421f-e399-4db8-897a-d8ef21b5e0a7,707b6ccf-c9d9-4c1d-97f4-516b572b2f9d,1697664350091055555
6a69421f-e399-4db8-897a-d8ef21b5e0a7,707b6ccf-c9d9-4c1d-97f4-516b572b2f9d,1697664350124755555
6a69421f-e399-4db8-897a-d8ef21b5e0a7,707b6ccf-c9d9-4c1d-97f4-516b572b2f9d,1697664350159088888
6a69421f-e399-4db8-897a-d8ef21b5e0a7,707b6ccf-c9d9-4c1d-97f4-516b572b2f9d,1697664350197711111
6a69421f-e399-4db8-897a-d8ef21b5e0a7,707b6ccf-c9d9-4c1d-97f4-516b572b2f9d,1697664350230966666
6a69421f-e399-4db8-897a-d8ef21b5e0a7,707b6ccf-c9d9-4c1d-97f4-516b572b2f9d,1697664350262733333
6a69421f-e399-4db8-897a-d8ef21b5e0a7,707b6ccf-c9d9-4c1d-97f4-516b572b2f9d,1697664350284311111
6a69421f-e399-4db8-897a-d8ef21b5e0a7,707b6ccf-c9d9-4c1d-97f4-516b572b2f9d,1697664350330900000
6a69421f-e399-4db8-897a-d8ef21b5e0a7,707b6ccf-c9d9-4c1d-97f4-516b572b2f9d,1697664350361100000
6a69421f-e399-4db8-897a-d8ef21b5e0a7,707b6ccf-c9d9-4c1d-97f4-516b572b2f9d,1697664350391100000
6a69421f-e399-4db8-897a-d8ef21b5e0a7,707b6ccf-c9d9-4c1d-97f4-516b572b2f9d,1697664350425944444
6a69421f-e399-4db8-897a-d8ef21b5e0a7,707b6ccf-c9d9-4c1d-97f4-516b572b2f9d,1697664350460055555
6a69421f-e399-4db8-897a-d8ef21b5e0a7,707b6ccf-c9d9-4c1d-97f4-516b572b2f9d,1697664350493944444
6a69421f-e399-4db8-897a-d8ef21b5e0a7,707b6ccf-c9d9-4c1d-97f4-516b572b2f9d,1697664350523777777
6a69421f-e399-4db8-897a-d8ef21b5e0a7,707b6ccf-c9d9-4c1d-97f4-516b572b2f9d,1697664350558655555
6a69421f-e399-4db8-897a-d8ef21b5e0a7,707b6ccf-c9d9-4c1d-97f4-516b572b2f9d,1697664350602833333
6a69421f-e399-4db8-897a-d8ef21b5e0a7,707b6ccf-c9d9-4c1d-97f4-516b572b2f9d,1697664350615711111
6a69421f-e399-4db8-897a-d8ef21b5e0a7,707b6ccf-c9d9-4c1d-97f4-516b572b2f9d,1697664350648333333
6a69421f-e399-4db8-897a-d8ef21b5e0a7,707b6ccf-c9d9-4c1d-97f4-516b572b2f9d,1697664350704633333
6a69421f-e399-4db8-897a-d8ef21b5e0a7,707b6ccf-c9d9-4c1d-97f4-516b572b2f9d,1697664350715133333
6a69421f-e399-4db8-897a-d8ef21b5e0a7,707b6ccf-c9d9-4c1d-97f4-516b572b2f9d,1697664350755933333
6a69421f-e399-4db8-897a-d8ef21b5e0a7,707b6ccf-c9d9-4c1d-97f4-516b572b2f9d,1697664350791233333
6a69421f-e399-4db8-897a-d8ef21b5e0a7,707b6ccf-c9d9-4c1d-97f4-516b572b2f9d,1697664350825166666
6a69421f-e399-4db8-897a-d8ef21b5e0a7,707b6ccf-c9d9-4c1d-97f4-516b572b2f9d,1697664350857033333
6a69421f-e399-4db8-897a-d8ef21b5e0a7,707b6ccf-c9d9-4c1d-97f4-516b572b2f9d,1697664350894011111
6a69421f-e399-4db8-897a-d8ef21b5e0a7,707b6ccf-c9d9-4c1d-97f4-516b572b2f9d,1697664350926177777
6a69421f-e399-4db8-897a-d8ef21b5e0a7,707b6ccf-c9d9-4c1d-97f4-516b572b2f9d,1697664350959411111
6a69421f-e399-4db8-897a-d8ef21b5e0a7,707b6ccf-c9d9-4c1d-97f4-516b572b2f9d,1697664350993411111
6a69421f-e399-4db8-897a-d8ef21b5e0a7,707b6ccf-c9d9-4c1d-97f4-516b572b2f9d,1697664351035988888
6a69421f-e399-4db8-897a-d8ef21b5e0a7,707b6ccf-c9d9-4c1d-97f4-516b572b2f9d,1697664351057877777
6a69421f-e399-4db8-897a-d8ef21b5e0a7,707b6ccf-c9d9-4c1d-97f4-516b572b2f9d,1697664351095222222
6a69421f-e399-4db8-897a-d8ef21b5e0a7,707b6ccf-c9d9-4c1d-97f4-516b572b2f9d,1697664351125300000
6a69421f-e399-4db8-897a-d8ef21b5e0a7,707b6ccf-c9d9-4c1d-97f4-516b572b2f9d,1697664351157255555
6a69421f-e399-4db8-897a-d8ef21b5e0a7,707b6ccf-c9d9-4c1d-97f4-516b572b2f9d,1697664351191700000
6a69421f-e399-4db8-897a-d8ef21b5e0a7,707b6ccf-c9d9-4c1d-97f4-516b572b2f9d,1697664351225211111
6a69421f-e399-4db8-897a-d8ef21b5e0a7,707b6ccf-c9d9-4c1d-97f4-516b572b2f9d,1697664351264311111
6a69421f-e399-4db8-897a-d8ef21b5e0a7,707b6ccf-c9d9-4c1d-97f4-516b572b2f9d,1697664351278344444
6a69421f-e399-4db8-897a-d8ef21b5e0a7,707b6ccf-c9d9-4c1d-97f4-516b572b2f9d,1697664351317488888
6a69421f-e399-4db8-897a-d8ef21b5e0a7,707b6ccf-c9d9-4c1d-97f4-516b572b2f9d,1697664351347133333
6a69421f-e399-4db8-897a-d8ef21b5e0a7,707b6ccf-c9d9-4c1d-97f4-516b572b2f9d,1697664351379022222
6a69421f-e399-4db8-897a-d8ef21b5e0a7,707b6ccf-c9d9-4c1d-97f4-516b572b2f9d,1697664351414466666
6a69421f-e399-4db8-897a-d8ef21b5e0a7,707b6ccf-c9d9-4c1d-97f4-516b572b2f9d,1697664351458411111
6a69421f-e399-4db8-897a-d8ef21b5e0a7,707b6ccf-c9d9-4c1d-97f4-516b572b2f9d,1697664351491033333
6a69421f-e399-4db8-897a-d8ef21b5e0a7,707b6ccf-c9d9-4c1d-97f4-516b572b2f9d,1697664351525100000
6a69421f-e399-4db8-897a-d8ef21b5e0a7,707b6ccf-c9d9-4c1d-97f4-516b572b2f9d,1697664351559311111
6a69421f-e399-4db8-897a-d8ef21b5e0a7,707b6ccf-c9d9-4c1d-97f4-516b572b2f9d,1697664351587433333
6a69421f-e399-4db8-897a-d8ef21b5e0a7,707b6ccf-c9d9-4c1d-97f4-516b572b2f9d,1697664351629555555
6a69421f-e399-4db8-897a-d8ef21b5e0a7,707b6ccf-c9d9-4c1d-97f4-516b572b2f9d,1697664351662488888
6a69421f-e399-4db8-897a-d8ef21b5e0a7,707b6ccf-c9d9-4c1d-97f4-516b572b2f9d,1697664351680766666
6a69421f-e399-4db8-897a-d8ef21b5e0a7,707b6ccf-c9d9-4c1d-97f4-516b572b2f9d,1697664351726333333
6a69421f-e399-4db8-897a-d8ef21b5e0a7,707b6ccf-c9d9-4c1d-97f4-516b572b2f9d,1697664351759300000
6a69421f-e399-4db8-897a-d8ef21b5e0a7,707b6ccf-c9d9-4c1d-97f4-516b572b2f9d,1697664351780844444
6a69421f-e399-4db8-897a-d8ef21b5e0a7,707b6ccf-c9d9-4c1d-97f4-516b572b2f9d,1697664351834566666
6a69421f-e399-4db8-897a-d8ef21b5e0a7,707b6ccf-c9d9-4c1d-97f4-516b572b2f9d,1697664351862022222
6a69421f-e399-4db8-897a-d8ef21b5e0a7,707b6ccf-c9d9-4c1d-97f4-516b572b2f9d,1697664351879700000
6a69421f-e399-4db8-897a-d8ef21b5e0a7,707b6ccf-c9d9-4c1d-97f4-516b572b2f9d,1697664351930044444
6a69421f-e399-4db8-897a-d8ef21b5e0a7,707b6ccf-c9d9-4c1d-97f4-516b572b2f9d,1697664351949377777
6a69421f-e399-4db8-897a-d8ef21b5e0a7,707b6ccf-c9d9-4c1d-97f4-516b572b2f9d,1697664351990000000
6a69421f-e399-4db8-897a-d8ef21b5e0a7,707b6ccf-c9d9-4c1d-97f4-516b572b2f9d,1697664352016988888
6a69421f-e399-4db8-897a-d8ef21b5e0a7,707b6ccf-c9d9-4c1d-97f4-516b572b2f9d,1697664352048911111
6a69421f-e399-4db8-897a-d8ef21b5e0a7,707b6ccf-c9d9-4c1d-97f4-516b572b2f9d,1697664352091488888
6a69421f-e399-4db8-897a-d8ef21b5e0a7,707b6ccf-c9d9-4c1d-97f4-516b572b2f9d,1697664352122466666
6a69421f-e399-4db8-897a-d8ef21b5e0a7,707b6ccf-c9d9-4c1d-97f4-516b572b2f9d,1697664352159455555
6a69421f-e399-4db8-897a-d8ef21b5e0a7,707b6ccf-c9d9-4c1d-97f4-516b572b2f9d,1697664352188088888
6a69421f-e399-4db8-897a-d8ef21b5e0a7,707b6ccf-c9d9-4c1d-97f4-516b572b2f9d,1697664352229577777
6a69421f-e399-4db8-897a-d8ef21b5e0a7,707b6ccf-c9d9-4c1d-97f4-516b572b2f9d,1697664352258177777
6a69421f-e399-4db8-897a-d8ef21b5e0a7,707b6ccf-c9d9-4c1d-97f4-516b572b2f9d,1697664352291800000
6a69421f-e399-4db8-897a-d8ef21b5e0a7,707b6ccf-c9d9-4c1d-97f4-516b572b2f9d,1697664352324522222
6a69421f-e399-4db8-897a-d8ef21b5e0a7,707b6ccf-c9d9-4c1d-97f4-516b572b2f9d,1697664352359044444
6a69421f-e399-4db8-897a-d8ef21b5e0a7,707b6ccf-c9d9-4c1d-97f4-516b572b2f9d,1697664352392000000
6a69421f-e399-4db8-897a-d8ef21b5e0a7,707b6ccf-c9d9-4c1d-97f4-516b572b2f9d,1697664352425222222
6a69421f-e399-4db8-897a-d8ef21b5e0a7,707b6ccf-c9d9-4c1d-97f4-516b572b2f9d,1697664352459600000
6a69421f-e399-4db8-897a-d8ef21b5e0a7,707b6ccf-c9d9-4c1d-97f4-516b572b2f9d,1697664352490677777
6a69421f-e399-4db8-897a-d8ef21b5e0a7,707b6ccf-c9d9-4c1d-97f4-516b572b2f9d,1697664352525500000
6a69421f-e399-4db8-897a-d8ef21b5e0a7,707b6ccf-c9d9-4c1d-97f4-516b572b2f9d,1697664352559200000
6a69421f-e399-4db8-897a-d8ef21b5e0a7,707b6ccf-c9d9-4c1d-97f4-516b572b2f9d,1697664352589411111
6a69421f-e399-4db8-897a-d8ef21b5e0a7,707b6ccf-c9d9-4c1d-97f4-516b572b2f9d,1697664352621022222
6a69421f-e399-4db8-897a-d8ef21b5e0a7,707b6ccf-c9d9-4c1d-97f4-516b572b2f9d,1697664352646622222
6a69421f-e399-4db8-897a-d8ef21b5e0a7,707b6ccf-c9d9-4c1d-97f4-516b572b2f9d,1697664352679000000
6a69421f-e399-4db8-897a-d8ef21b5e0a7,707b6ccf-c9d9-4c1d-97f4-516b572b2f9d,1697664352715344444
6a69421f-e399-4db8-897a-d8ef21b5e0a7,707b6ccf-c9d9-4c1d-97f4-516b572b2f9d,1697664352752144444
6a69421f-e399-4db8-897a-d8ef21b5e0a7,707b6ccf-c9d9-4c1d-97f4-516b572b2f9d,1697664352787500000
6a69421f-e399-4db8-897a-d8ef21b5e0a7,707b6ccf-c9d9-4c1d-97f4-516b572b2f9d,1697664352829155555
6a69421f-e399-4db8-897a-d8ef21b5e0a7,707b6ccf-c9d9-4c1d-97f4-516b572b2f9d,1697664352858866666
6a69421f-e399-4db8-897a-d8ef21b5e0a7,707b6ccf-c9d9-4c1d-97f4-516b572b2f9d,1697664352890877777
6a69421f-e399-4db8-897a-d8ef21b5e0a7,707b6ccf-c9d9-4c1d-97f4-516b572b2f9d,1697664352927511111
6a69421f-e399-4db8-897a-d8ef21b5e0a7,707b6ccf-c9d9-4c1d-97f4-516b572b2f9d,1697664352959466666
6a69421f-e399-4db8-897a-d8ef21b5e0a7,707b6ccf-c9d9-4c1d-97f4-516b572b2f9d,1697664352991700000
6a69421f-e399-4db8-897a-d8ef21b5e0a7,707b6ccf-c9d9-4c1d-97f4-516b572b2f9d,1697664353025411111
6a69421f-e399-4db8-897a-d8ef21b5e0a7,707b6ccf-c9d9-4c1d-97f4-516b572b2f9d,1697664353057222222
6a69421f-e399-4db8-897a-d8ef21b5e0a7,707b6ccf-c9d9-4c1d-97f4-516b572b2f9d,1697664353090711111
6a69421f-e399-4db8-897a-d8ef21b5e0a7,707b6ccf-c9d9-4c1d-97f4-516b572b2f9d,1697664353130155555
6a69421f-e399-4db8-897a-d8ef21b5e0a7,707b6ccf-c9d9-4c1d-97f4-516b572b2f9d,1697664353159377777
6a69421f-e399-4db8-897a-d8ef21b5e0a7,707b6ccf-c9d9-4c1d-97f4-516b572b2f9d,1697664353190233333
6a69421f-e399-4db8-897a-d8ef21b5e0a7,707b6ccf-c9d9-4c1d-97f4-516b572b2f9d,1697664353225422222
6a69421f-e399-4db8-897a-d8ef21b5e0a7,707b6ccf-c9d9-4c1d-97f4-516b572b2f9d,1697664353259188888
6a69421f-e399-4db8-897a-d8ef21b5e0a7,707b6ccf-c9d9-4c1d-97f4-516b572b2f9d,1697664353298800000
6a69421f-e399-4db8-897a-d8ef21b5e0a7,707b6ccf-c9d9-4c1d-97f4-516b572b2f9d,1697664353316611111
6a69421f-e399-4db8-897a-d8ef21b5e0a7,707b6ccf-c9d9-4c1d-97f4-516b572b2f9d,1697664353350088888
6a69421f-e399-4db8-897a-d8ef21b5e0a7,707b6ccf-c9d9-4c1d-97f4-516b572b2f9d,1697664353379433333
6a69421f-e399-4db8-897a-d8ef21b5e0a7,707b6ccf-c9d9-4c1d-97f4-516b572b2f9d,1697664353414911111
6a69421f-e399-4db8-897a-d8ef21b5e0a7,707b6ccf-c9d9-4c1d-97f4-516b572b2f9d,1697664353457211111
6a69421f-e399-4db8-897a-d8ef21b5e0a7,707b6ccf-c9d9-4c1d-97f4-516b572b2f9d,1697664353492233333
6a69421f-e399-4db8-897a-d8ef21b5e0a7,707b6ccf-c9d9-4c1d-97f4-516b572b2f9d,1697664353532000000
6a69421f-e399-4db8-897a-d8ef21b5e0a7,707b6ccf-c9d9-4c1d-97f4-516b572b2f9d,1697664353567133333
6a69421f-e399-4db8-897a-d8ef21b5e0a7,707b6ccf-c9d9-4c1d-97f4-516b572b2f9d,1697664353582688888
6a69421f-e399-4db8-897a-d8ef21b5e0a7,707b6ccf-c9d9-4c1d-97f4-516b572b2f9d,1697664353618144444
6a69421f-e399-4db8-897a-d8ef21b5e0a7,707b6ccf-c9d9-4c1d-97f4-516b572b2f9d,1697664353664477777
6a69421f-e399-4db8-897a-d8ef21b5e0a7,707b6ccf-c9d9-4c1d-97f4-516b572b2f9d,1697664353693655555
6a69421f-e399-4db8-897a-d8ef21b5e0a7,707b6ccf-c9d9-4c1d-97f4-516b572b2f9d,1697664353729311111
6a69421f-e399-4db8-897a-d8ef21b5e0a7,707b6ccf-c9d9-4c1d-97f4-516b572b2f9d,1697664353759700000
6a69421f-e399-4db8-897a-d8ef21b5e0a7,707b6ccf-c9d9-4c1d-97f4-516b572b2f9d,1697664353790222222
6a69421f-e399-4db8-897a-d8ef21b5e0a7,707b6ccf-c9d9-4c1d-97f4-516b572b2f9d,1697664353826866666
6a69421f-e399-4db8-897a-d8ef21b5e0a7,707b6ccf-c9d9-4c1d-97f4-516b572b2f9d,1697664353858833333
6a69421f-e399-4db8-897a-d8ef21b5e0a7,707b6ccf-c9d9-4c1d-97f4-516b572b2f9d,1697664353893488888
6a69421f-e399-4db8-897a-d8ef21b5e0a7,707b6ccf-c9d9-4c1d-97f4-516b572b2f9d,1697664353925722222
6a69421f-e399-4db8-897a-d8ef21b5e0a7,707b6ccf-c9d9-4c1d-97f4-516b572b2f9d,1697664353963311111
6a69421f-e399-4db8-897a-d8ef21b5e0a7,707b6ccf-c9d9-4c1d-97f4-516b572b2f9d,1697664353984711111
6a69421f-e399-4db8-897a-d8ef21b5e0a7,707b6ccf-c9d9-4c1d-97f4-516b572b2f9d,1697664354023066666
6a69421f-e399-4db8-897a-d8ef21b5e0a7,707b6ccf-c9d9-4c1d-97f4-516b572b2f9d,1697664354065677777
6a69421f-e399-4db8-897a-d8ef21b5e0a7,707b6ccf-c9d9-4c1d-97f4-516b572b2f9d,1697664354079722222
6a69421f-e399-4db8-897a-d8ef21b5e0a7,707b6ccf-c9d9-4c1d-97f4-516b572b2f9d,1697664354112566666
6a69421f-e399-4db8-897a-d8ef21b5e0a7,707b6ccf-c9d9-4c1d-97f4-516b572b2f9d,1697664354167711111
6a69421f-e399-4db8-897a-d8ef21b5e0a7,707b6ccf-c9d9-4c1d-97f4-516b572b2f9d,1697664354184977777
6a69421f-e399-4db8-897a-d8ef21b5e0a7,707b6ccf-c9d9-4c1d-97f4-516b572b2f9d,1697664354234933333
6a69421f-e399-4db8-897a-d8ef21b5e0a7,707b6ccf-c9d9-4c1d-97f4-516b572b2f9d,1697664354251044444
6a69421f-e399-4db8-897a-d8ef21b5e0a7,707b6ccf-c9d9-4c1d-97f4-516b572b2f9d,1697664354293677777
6a69421f-e399-4db8-897a-d8ef21b5e0a7,707b6ccf-c9d9-4c1d-97f4-516b572b2f9d,1697664354330244444
6a69421f-e399-4db8-897a-d8ef21b5e0a7,707b6ccf-c9d9-4c1d-97f4-516b572b2f9d,1697664354358166666
6a69421f-e399-4db8-897a-d8ef21b5e0a7,707b6ccf-c9d9-4c1d-97f4-516b572b2f9d,1697664354391655555
6a69421f-e399-4db8-897a-d8ef21b5e0a7,707b6ccf-c9d9-4c1d-97f4-516b572b2f9d,1697664354422633333
6a69421f-e399-4db8-897a-d8ef21b5e0a7,707b6ccf-c9d9-4c1d-97f4-516b572b2f9d,1697664354454100000
6a69421f-e399-4db8-897a-d8ef21b5e0a7,707b6ccf-c9d9-4c1d-97f4-516b572b2f9d,1697664354489733333
6a69421f-e399-4db8-897a-d8ef21b5e0a7,707b6ccf-c9d9-4c1d-97f4-516b572b2f9d,1697664354523833333
6a69421f-e399-4db8-897a-d8ef21b5e0a7,707b6ccf-c9d9-4c1d-97f4-516b572b2f9d,1697664354562488888
6a69421f-e399-4db8-897a-d8ef21b5e0a7,707b6ccf-c9d9-4c1d-97f4-516b572b2f9d,1697664354592188888
6a69421f-e399-4db8-897a-d8ef21b5e0a7,707b6ccf-c9d9-4c1d-97f4-516b572b2f9d,1697664354624077777
6a69421f-e399-4db8-897a-d8ef21b5e0a7,707b6ccf-c9d9-4c1d-97f4-516b572b2f9d,1697664354650066666
6a69421f-e399-4db8-897a-d8ef21b5e0a7,707b6ccf-c9d9-4c1d-97f4-516b572b2f9d,1697664354683022222
6a69421f-e399-4db8-897a-d8ef21b5e0a7,707b6ccf-c9d9-4c1d-97f4-516b572b2f9d,1697664354713000000
6a69421f-e399-4db8-897a-d8ef21b5e0a7,707b6ccf-c9d9-4c1d-97f4-516b572b2f9d,1697664354750855555
6a69421f-e399-4db8-897a-d8ef21b5e0a7,707b6ccf-c9d9-4c1d-97f4-516b572b2f9d,1697664354777933333
6a69421f-e399-4db8-897a-d8ef21b5e0a7,707b6ccf-c9d9-4c1d-97f4-516b572b2f9d,1697664354823088888
6a69421f-e399-4db8-897a-d8ef21b5e0a7,707b6ccf-c9d9-4c1d-97f4-516b572b2f9d,1697664354859000000
6a69421f-e399-4db8-897a-d8ef21b5e0a7,707b6ccf-c9d9-4c1d-97f4-516b572b2f9d,1697664354891188888
6a69421f-e399-4db8-897a-d8ef21b5e0a7,707b6ccf-c9d9-4c1d-97f4-516b572b2f9d,1697664354917577777
6a69421f-e399-4db8-897a-d8ef21b5e0a7,707b6ccf-c9d9-4c1d-97f4-516b572b2f9d,1697664354956155555
6a69421f-e399-4db8-897a-d8ef21b5e0a7,707b6ccf-c9d9-4c1d-97f4-516b572b2f9d,1697664354992022222
6a69421f-e399-4db8-897a-d8ef21b5e0a7,707b6ccf-c9d9-4c1d-97f4-516b572b2f9d,1697664355022655555
6a69421f-e399-4db8-897a-d8ef21b5e0a7,707b6ccf-c9d9-4c1d-97f4-516b572b2f9d,1697664355053155555
6a69421f-e399-4db8-897a-d8ef21b5e0a7,707b6ccf-c9d9-4c1d-97f4-516b572b2f9d,1697664355097655555
6a69421f-e399-4db8-897a-d8ef21b5e0a7,707b6ccf-c9d9-4c1d-97f4-516b572b2f9d,1697664355123366666
6a69421f-e399-4db8-897a-d8ef21b5e0a7,707b6ccf-c9d9-4c1d-97f4-516b572b2f9d,1697664355155044444
6a69421f-e399-4db8-897a-d8ef21b5e0a7,707b6ccf-c9d9-4c1d-97f4-516b572b2f9d,1697664355195988888
6a69421f-e399-4db8-897a-d8ef21b5e0a7,707b6ccf-c9d9-4c1d-97f4-516b572b2f9d,1697664355223166666
6a69421f-e399-4db8-897a-d8ef21b5e0a7,707b6ccf-c9d9-4c1d-97f4-516b572b2f9d,1697664355253733333
6a69421f-e399-4db8-897a-d8ef21b5e0a7,707b6ccf-c9d9-4c1d-97f4-516b572b2f9d,1697664355308955555
6a69421f-e399-4db8-897a-d8ef21b5e0a7,707b6ccf-c9d9-4c1d-97f4-516b572b2f9d,1697664355321655555
6a69421f-e399-4db8-897a-d8ef21b5e0a7,707b6ccf-c9d9-4c1d-97f4-516b572b2f9d,1697664355351322222
6a69421f-e399-4db8-897a-d8ef21b5e0a7,707b6ccf-c9d9-4c1d-97f4-516b572b2f9d,1697664355380877777
6a69421f-e399-4db8-897a-d8ef21b5e0a7,707b6ccf-c9d9-4c1d-97f4-516b572b2f9d,1697664355412888888
6a69421f-e399-4db8-897a-d8ef21b5e0a7,707b6ccf-c9d9-4c1d-97f4-516b572b2f9d,1697664355448222222
6a69421f-e399-4db8-897a-d8ef21b5e0a7,707b6ccf-c9d9-4c1d-97f4-516b572b2f9d,1697664355488533333
6a69421f-e399-4db8-897a-d8ef21b5e0a7,707b6ccf-c9d9-4c1d-97f4-516b572b2f9d,1697664355522755555
6a69421f-e399-4db8-897a-d8ef21b5e0a7,707b6ccf-c9d9-4c1d-97f4-516b572b2f9d,1697664355554522222
6a69421f-e399-4db8-897a-d8ef21b5e0a7,707b6ccf-c9d9-4c1d-97f4-516b572b2f9d,1697664355593044444
6a69421f-e399-4db8-897a-d8ef21b5e0a7,707b6ccf-c9d9-4c1d-97f4-516b572b2f9d,1697664355623255555
6a69421f-e399-4db8-897a-d8ef21b5e0a7,707b6ccf-c9d9-4c1d-97f4-516b572b2f9d,1697664355653533333
6a69421f-e399-4db8-897a-d8ef21b5e0a7,707b6ccf-c9d9-4c1d-97f4-516b572b2f9d,1697664355694966666
6a69421f-e399-4db8-897a-d8ef21b5e0a7,707b6ccf-c9d9-4c1d-97f4-516b572b2f9d,1697664355723500000
6a69421f-e399-4db8-897a-d8ef21b5e0a7,707b6ccf-c9d9-4c1d-97f4-516b572b2f9d,1697664355755366666
6a69421f-e399-4db8-897a-d8ef21b5e0a7,707b6ccf-c9d9-4c1d-97f4-516b572b2f9d,1697664355790844444
6a69421f-e399-4db8-897a-d8ef21b5e0a7,707b6ccf-c9d9-4c1d-97f4-516b572b2f9d,1697664355826444444
6a69421f-e399-4db8-897a-d8ef21b5e0a7,707b6ccf-c9d9-4c1d-97f4-516b572b2f9d,1697664355858088888
6a69421f-e399-4db8-897a-d8ef21b5e0a7,707b6ccf-c9d9-4c1d-97f4-516b572b2f9d,1697664355891033333
6a69421f-e399-4db8-897a-d8ef21b5e0a7,707b6ccf-c9d9-4c1d-97f4-516b572b2f9d,1697664355922955555
6a69421f-e399-4db8-897a-d8ef21b5e0a7,707b6ccf-c9d9-4c1d-97f4-516b572b2f9d,1697664355966900000
6a69421f-e399-4db8-897a-d8ef21b5e0a7,707b6ccf-c9d9-4c1d-97f4-516b572b2f9d,1697664355992633333
6a69421f-e399-4db8-897a-d8ef21b5e0a7,707b6ccf-c9d9-4c1d-97f4-516b572b2f9d,1697664356010522222
6a69421f-e399-4db8-897a-d8ef21b5e0a7,707b6ccf-c9d9-4c1d-97f4-516b572b2f9d,1697664356058577777
6a69421f-e399-4db8-897a-d8ef21b5e0a7,707b6ccf-c9d9-4c1d-97f4-516b572b2f9d,1697664356078888888
6a69421f-e399-4db8-897a-d8ef21b5e0a7,707b6ccf-c9d9-4c1d-97f4-516b572b2f9d,1697664356113166666
6a69421f-e399-4db8-897a-d8ef21b5e0a7,707b6ccf-c9d9-4c1d-97f4-516b572b2f9d,1697664356155333333
6a69421f-e399-4db8-897a-d8ef21b5e0a7,707b6ccf-c9d9-4c1d-97f4-516b572b2f9d,1697664356190166666
6a69421f-e399-4db8-897a-d8ef21b5e0a7,707b6ccf-c9d9-4c1d-97f4-516b572b2f9d,1697664356223222222
6a69421f-e399-4db8-897a-d8ef21b5e0a7,707b6ccf-c9d9-4c1d-97f4-516b572b2f9d,1697664356257844444
6a69421f-e399-4db8-897a-d8ef21b5e0a7,707b6ccf-c9d9-4c1d-97f4-516b572b2f9d,1697664356290244444
6a69421f-e399-4db8-897a-d8ef21b5e0a7,707b6ccf-c9d9-4c1d-97f4-516b572b2f9d,1697664356322555555
6a69421f-e399-4db8-897a-d8ef21b5e0a7,707b6ccf-c9d9-4c1d-97f4-516b572b2f9d,1697664356358700000
6a69421f-e399-4db8-897a-d8ef21b5e0a7,707b6ccf-c9d9-4c1d-97f4-516b572b2f9d,1697664356390600000
6a69421f-e399-4db8-897a-d8ef21b5e0a7,707b6ccf-c9d9-4c1d-97f4-516b572b2f9d,1697664356422855555
6a69421f-e399-4db8-897a-d8ef21b5e0a7,707b6ccf-c9d9-4c1d-97f4-516b572b2f9d,1697664356460388888
6a69421f-e399-4db8-897a-d8ef21b5e0a7,707b6ccf-c9d9-4c1d-97f4-516b572b2f9d,1697664356489344444
6a69421f-e399-4db8-897a-d8ef21b5e0a7,707b6ccf-c9d9-4c1d-97f4-516b572b2f9d,1697664356523577777
6a69421f-e399-4db8-897a-d8ef21b5e0a7,707b6ccf-c9d9-4c1d-97f4-516b572b2f9d,1697664356560144444
6a69421f-e399-4db8-897a-d8ef21b5e0a7,707b6ccf-c9d9-4c1d-97f4-516b572b2f9d,1697664356589533333
6a69421f-e399-4db8-897a-d8ef21b5e0a7,707b6ccf-c9d9-4c1d-97f4-516b572b2f9d,1697664356622255555
6a69421f-e399-4db8-897a-d8ef21b5e0a7,707b6ccf-c9d9-4c1d-97f4-516b572b2f9d,1697664356651500000
6a69421f-e399-4db8-897a-d8ef21b5e0a7,707b6ccf-c9d9-4c1d-97f4-516b572b2f9d,1697664356683388888
6a69421f-e399-4db8-897a-d8ef21b5e0a7,707b6ccf-c9d9-4c1d-97f4-516b572b2f9d,1697664356715788888
6a69421f-e399-4db8-897a-d8ef21b5e0a7,707b6ccf-c9d9-4c1d-97f4-516b572b2f9d,1697664356753955555
6a69421f-e399-4db8-897a-d8ef21b5e0a7,707b6ccf-c9d9-4c1d-97f4-516b572b2f9d,1697664356795577777
6a69421f-e399-4db8-897a-d8ef21b5e0a7,707b6ccf-c9d9-4c1d-97f4-516b572b2f9d,1697664356822466666
6a69421f-e399-4db8-897a-d8ef21b5e0a7,707b6ccf-c9d9-4c1d-97f4-516b572b2f9d,1697664356854077777
6a69421f-e399-4db8-897a-d8ef21b5e0a7,707b6ccf-c9d9-4c1d-97f4-516b572b2f9d,1697664356890888888
6a69421f-e399-4db8-897a-d8ef21b5e0a7,707b6ccf-c9d9-4c1d-97f4-516b572b2f9d,1697664356922655555
6a69421f-e399-4db8-897a-d8ef21b5e0a7,707b6ccf-c9d9-4c1d-97f4-516b572b2f9d,1697664356952922222
6a69421f-e399-4db8-897a-d8ef21b5e0a7,707b6ccf-c9d9-4c1d-97f4-516b572b2f9d,1697664356991655555
6a69421f-e399-4db8-897a-d8ef21b5e0a7,707b6ccf-c9d9-4c1d-97f4-516b572b2f9d,1697664357027355555
6a69421f-e399-4db8-897a-d8ef21b5e0a7,707b6ccf-c9d9-4c1d-97f4-516b572b2f9d,1697664357060844444
6a69421f-e399-4db8-897a-d8ef21b5e0a7,707b6ccf-c9d9-4c1d-97f4-516b572b2f9d,1697664357079444444
6a69421f-e399-4db8-897a-d8ef21b5e0a7,707b6ccf-c9d9-4c1d-97f4-516b572b2f9d,1697664357133422222
6a69421f-e399-4db8-897a-d8ef21b5e0a7,707b6ccf-c9d9-4c1d-97f4-516b572b2f9d,1697664357161077777
6a69421f-e399-4db8-897a-d8ef21b5e0a7,707b6ccf-c9d9-4c1d-97f4-516b572b2f9d,1697664357181033333
6a69421f-e399-4db8-897a-d8ef21b5e0a7,707b6ccf-c9d9-4c1d-97f4-516b572b2f9d,1697664357233322222
6a69421f-e399-4db8-897a-d8ef21b5e0a7,707b6ccf-c9d9-4c1d-97f4-516b572b2f9d,1697664357259722222
6a69421f-e399-4db8-897a-d8ef21b5e0a7,707b6ccf-c9d9-4c1d-97f4-516b572b2f9d,1697664357292155555
6a69421f-e399-4db8-897a-d8ef21b5e0a7,707b6ccf-c9d9-4c1d-97f4-516b572b2f9d,1697664357328988888
6a69421f-e399-4db8-897a-d8ef21b5e0a7,707b6ccf-c9d9-4c1d-97f4-516b572b2f9d,1697664357347600000
6a69421f-e399-4db8-897a-d8ef21b5e0a7,707b6ccf-c9d9-4c1d-97f4-516b572b2f9d,1697664357392655555
6a69421f-e399-4db8-897a-d8ef21b5e0a7,707b6ccf-c9d9-4c1d-97f4-516b572b2f9d,1697664357412655555
6a69421f-e399-4db8-897a-d8ef21b5e0a7,707b6ccf-c9d9-4c1d-97f4-516b572b2f9d,1697664357459733333
6a69421f-e399-4db8-897a-d8ef21b5e0a7,707b6ccf-c9d9-4c1d-97f4-516b572b2f9d,1697664357479844444
6a69421f-e399-4db8-897a-d8ef21b5e0a7,707b6ccf-c9d9-4c1d-97f4-516b572b2f9d,1697664357530655555
6a69421f-e399-4db8-897a-d8ef21b5e0a7,707b6ccf-c9d9-4c1d-97f4-516b572b2f9d,1697664357557833333
6a69421f-e399-4db8-897a-d8ef21b5e0a7,707b6ccf-c9d9-4c1d-97f4-516b572b2f9d,1697664357594144444
6a69421f-e399-4db8-897a-d8ef21b5e0a7,707b6ccf-c9d9-4c1d-97f4-516b572b2f9d,1697664357623022222
6a69421f-e399-4db8-897a-d8ef21b5e0a7,707b6ccf-c9d9-4c1d-97f4-516b572b2f9d,1697664357644922222
6a69421f-e399-4db8-897a-d8ef21b5e0a7,707b6ccf-c9d9-4c1d-97f4-516b572b2f9d,1697664357695177777
6a69421f-e399-4db8-897a-d8ef21b5e0a7,707b6ccf-c9d9-4c1d-97f4-516b572b2f9d,1697664357731800000
6a69421f-e399-4db8-897a-d8ef21b5e0a7,707b6ccf-c9d9-4c1d-97f4-516b572b2f9d,1697664357747555555
6a69421f-e399-4db8-897a-d8ef21b5e0a7,707b6ccf-c9d9-4c1d-97f4-516b572b2f9d,1697664357791011111
6a69421f-e399-4db8-897a-d8ef21b5e0a7,707b6ccf-c9d9-4c1d-97f4-516b572b2f9d,1697664357823822222
6a69421f-e399-4db8-897a-d8ef21b5e0a7,707b6ccf-c9d9-4c1d-97f4-516b572b2f9d,1697664357853888888
6a69421f-e399-4db8-897a-d8ef21b5e0a7,707b6ccf-c9d9-4c1d-97f4-516b572b2f9d,1697664357890177777
6a69421f-e399-4db8-897a-d8ef21b5e0a7,707b6ccf-c9d9-4c1d-97f4-516b572b2f9d,1697664357923177777
6a69421f-e399-4db8-897a-d8ef21b5e0a7,707b6ccf-c9d9-4c1d-97f4-516b572b2f9d,1697664357960544444
6a69421f-e399-4db8-897a-d8ef21b5e0a7,707b6ccf-c9d9-4c1d-97f4-516b572b2f9d,1697664357979966666
6a69421f-e399-4db8-897a-d8ef21b5e0a7,707b6ccf-c9d9-4c1d-97f4-516b572b2f9d,1697664358012666666
6a69421f-e399-4db8-897a-d8ef21b5e0a7,707b6ccf-c9d9-4c1d-97f4-516b572b2f9d,1697664358041622222
6a69421f-e399-4db8-897a-d8ef21b5e0a7,707b6ccf-c9d9-4c1d-97f4-516b572b2f9d,1697664358078666666
6a69421f-e399-4db8-897a-d8ef21b5e0a7,707b6ccf-c9d9-4c1d-97f4-516b572b2f9d,1697664358109755555
6a69421f-e399-4db8-897a-d8ef21b5e0a7,707b6ccf-c9d9-4c1d-97f4-516b572b2f9d,1697664358152944444
6a69421f-e399-4db8-897a-d8ef21b5e0a7,707b6ccf-c9d9-4c1d-97f4-516b572b2f9d,1697664358194188888
6a69421f-e399-4db8-897a-d8ef21b5e0a7,707b6ccf-c9d9-4c1d-97f4-516b572b2f9d,1697664358222955555
6a69421f-e399-4db8-897a-d8ef21b5e0a7,707b6ccf-c9d9-4c1d-97f4-516b572b2f9d,1697664358247033333
6a69421f-e399-4db8-897a-d8ef21b5e0a7,707b6ccf-c9d9-4c1d-97f4-516b572b2f9d,1697664358292155555
6a69421f-e399-4db8-897a-d8ef21b5e0a7,707b6ccf-c9d9-4c1d-97f4-516b572b2f9d,1697664358319822222
6a69421f-e399-4db8-897a-d8ef21b5e0a7,707b6ccf-c9d9-4c1d-97f4-516b572b2f9d,1697664358351577777
6a69421f-e399-4db8-897a-d8ef21b5e0a7,707b6ccf-c9d9-4c1d-97f4-516b572b2f9d,1697664358390977777
6a69421f-e399-4db8-897a-d8ef21b5e0a7,707b6ccf-c9d9-4c1d-97f4-516b572b2f9d,1697664358421344444
6a69421f-e399-4db8-897a-d8ef21b5e0a7,707b6ccf-c9d9-4c1d-97f4-516b572b2f9d,1697664358444666666
6a69421f-e399-4db8-897a-d8ef21b5e0a7,707b6ccf-c9d9-4c1d-97f4-516b572b2f9d,1697664358490833333
6a69421f-e399-4db8-897a-d8ef21b5e0a7,707b6ccf-c9d9-4c1d-97f4-516b572b2f9d,1697664358524488888
6a69421f-e399-4db8-897a-d8ef21b5e0a7,707b6ccf-c9d9-4c1d-97f4-516b572b2f9d,1697664358556066666
6a69421f-e399-4db8-897a-d8ef21b5e0a7,707b6ccf-c9d9-4c1d-97f4-516b572b2f9d,1697664358595500000
6a69421f-e399-4db8-897a-d8ef21b5e0a7,707b6ccf-c9d9-4c1d-97f4-516b572b2f9d,1697664358622433333
6a69421f-e399-4db8-897a-d8ef21b5e0a7,707b6ccf-c9d9-4c1d-97f4-516b572b2f9d,1697664358643511111
6a69421f-e399-4db8-897a-d8ef21b5e0a7,707b6ccf-c9d9-4c1d-97f4-516b572b2f9d,1697664358679355555
6a69421f-e399-4db8-897a-d8ef21b5e0a7,707b6ccf-c9d9-4c1d-97f4-516b572b2f9d,1697664358712788888
6a69421f-e399-4db8-897a-d8ef21b5e0a7,707b6ccf-c9d9-4c1d-97f4-516b572b2f9d,1697664358753822222
6a69421f-e399-4db8-897a-d8ef21b5e0a7,707b6ccf-c9d9-4c1d-97f4-516b572b2f9d,1697664358779988888
6a69421f-e399-4db8-897a-d8ef21b5e0a7,707b6ccf-c9d9-4c1d-97f4-516b572b2f9d,1697664358823022222
6a69421f-e399-4db8-897a-d8ef21b5e0a7,707b6ccf-c9d9-4c1d-97f4-516b572b2f9d,1697664358845833333
6a69421f-e399-4db8-897a-d8ef21b5e0a7,707b6ccf-c9d9-4c1d-97f4-516b572b2f9d,1697664358909288888
6a69421f-e399-4db8-897a-d8ef21b5e0a7,707b6ccf-c9d9-4c1d-97f4-516b572b2f9d,1697664358923111111
6a69421f-e399-4db8-897a-d8ef21b5e0a7,707b6ccf-c9d9-4c1d-97f4-516b572b2f9d,1697664358949588888
6a69421f-e399-4db8-897a-d8ef21b5e0a7,707b6ccf-c9d9-4c1d-97f4-516b572b2f9d,1697664358996022222
6a69421f-e399-4db8-897a-d8ef21b5e0a7,707b6ccf-c9d9-4c1d-97f4-516b572b2f9d,1697664359023433333
6a69421f-e399-4db8-897a-d8ef21b5e0a7,707b6ccf-c9d9-4c1d-97f4-516b572b2f9d,1697664359044911111
6a69421f-e399-4db8-897a-d8ef21b5e0a7,707b6ccf-c9d9-4c1d-97f4-516b572b2f9d,1697664359094866666
6a69421f-e399-4db8-897a-d8ef21b5e0a7,707b6ccf-c9d9-4c1d-97f4-516b572b2f9d,1697664359132088888
6a69421f-e399-4db8-897a-d8ef21b5e0a7,707b6ccf-c9d9-4c1d-97f4-516b572b2f9d,1697664359175055555
6a69421f-e399-4db8-897a-d8ef21b5e0a7,707b6ccf-c9d9-4c1d-97f4-516b572b2f9d,1697664359212388888
6a69421f-e399-4db8-897a-d8ef21b5e0a7,707b6ccf-c9d9-4c1d-97f4-516b572b2f9d,1697664359255422222
6a69421f-e399-4db8-897a-d8ef21b5e0a7,707b6ccf-c9d9-4c1d-97f4-516b572b2f9d,1697664359302333333
6a69421f-e399-4db8-897a-d8ef21b5e0a7,707b6ccf-c9d9-4c1d-97f4-516b572b2f9d,1697664359339411111
6a69421f-e399-4db8-897a-d8ef21b5e0a7,707b6ccf-c9d9-4c1d-97f4-516b572b2f9d,1697664359389455555
6a69421f-e399-4db8-897a-d8ef21b5e0a7,707b6ccf-c9d9-4c1d-97f4-516b572b2f9d,1697664359452955555
6a69421f-e399-4db8-897a-d8ef21b5e0a7,707b6ccf-c9d9-4c1d-97f4-516b572b2f9d,1697664359501411111
6a69421f-e399-4db8-897a-d8ef21b5e0a7,707b6ccf-c9d9-4c1d-97f4-516b572b2f9d,1697664359552777777
6a69421f-e399-4db8-897a-d8ef21b5e0a7,707b6ccf-c9d9-4c1d-97f4-516b572b2f9d,1697664359601344444
6a69421f-e399-4db8-897a-d8ef21b5e0a7,707b6ccf-c9d9-4c1d-97f4-516b572b2f9d,1697664359653777777
6a69421f-e399-4db8-897a-d8ef21b5e0a7,707b6ccf-c9d9-4c1d-97f4-516b572b2f9d,1697664359701844444
6a69421f-e399-4db8-897a-d8ef21b5e0a7,707b6ccf-c9d9-4c1d-97f4-516b572b2f9d,1697664359754866666
6a69421f-e399-4db8-897a-d8ef21b5e0a7,707b6ccf-c9d9-4c1d-97f4-516b572b2f9d,1697664359799311111
6a69421f-e399-4db8-897a-d8ef21b5e0a7,707b6ccf-c9d9-4c1d-97f4-516b572b2f9d,1697664359846933333
6a69421f-e399-4db8-897a-d8ef21b5e0a7,707b6ccf-c9d9-4c1d-97f4-516b572b2f9d,1697664359898600000
6a69421f-e399-4db8-897a-d8ef21b5e0a7,707b6ccf-c9d9-4c1d-97f4-516b572b2f9d,1697664359945366666
6a69421f-e399-4db8-897a-d8ef21b5e0a7,707b6ccf-c9d9-4c1d-97f4-516b572b2f9d,1697664359992533333
6a69421f-e399-4db8-897a-d8ef21b5e0a7,707b6ccf-c9d9-4c1d-97f4-516b572b2f9d,1697664360036155555
6a69421f-e399-4db8-897a-d8ef21b5e0a7,707b6ccf-c9d9-4c1d-97f4-516b572b2f9d,1697664360103066666
6a69421f-e399-4db8-897a-d8ef21b5e0a7,707b6ccf-c9d9-4c1d-97f4-516b572b2f9d,1697664360117311111
6a69421f-e399-4db8-897a-d8ef21b5e0a7,707b6ccf-c9d9-4c1d-97f4-516b572b2f9d,1697664360160555555
6a69421f-e399-4db8-897a-d8ef21b5e0a7,707b6ccf-c9d9-4c1d-97f4-516b572b2f9d,1697664360190688888
6a69421f-e399-4db8-897a-d8ef21b5e0a7,707b6ccf-c9d9-4c1d-97f4-516b572b2f9d,1697664360231677777
6a69421f-e399-4db8-897a-d8ef21b5e0a7,707b6ccf-c9d9-4c1d-97f4-516b572b2f9d,1697664360261611111
6a69421f-e399-4db8-897a-d8ef21b5e0a7,707b6ccf-c9d9-4c1d-97f4-516b572b2f9d,1697664360289788888
6a69421f-e399-4db8-897a-d8ef21b5e0a7,707b6ccf-c9d9-4c1d-97f4-516b572b2f9d,1697664360336600000
6a69421f-e399-4db8-897a-d8ef21b5e0a7,707b6ccf-c9d9-4c1d-97f4-516b572b2f9d,1697664360362922222
6a69421f-e399-4db8-897a-d8ef21b5e0a7,707b6ccf-c9d9-4c1d-97f4-516b572b2f9d,1697664360384344444
6a69421f-e399-4db8-897a-d8ef21b5e0a7,707b6ccf-c9d9-4c1d-97f4-516b572b2f9d,1697664360436388888
6a69421f-e399-4db8-897a-d8ef21b5e0a7,707b6ccf-c9d9-4c1d-97f4-516b572b2f9d,1697664360463233333
6a69421f-e399-4db8-897a-d8ef21b5e0a7,707b6ccf-c9d9-4c1d-97f4-516b572b2f9d,1697664360484633333
6a69421f-e399-4db8-897a-d8ef21b5e0a7,707b6ccf-c9d9-4c1d-97f4-516b572b2f9d,1697664360530244444
6a69421f-e399-4db8-897a-d8ef21b5e0a7,707b6ccf-c9d9-4c1d-97f4-516b572b2f9d,1697664360568988888
6a69421f-e399-4db8-897a-d8ef21b5e0a7,707b6ccf-c9d9-4c1d-97f4-516b572b2f9d,1697664360599466666
6a69421f-e399-4db8-897a-d8ef21b5e0a7,707b6ccf-c9d9-4c1d-97f4-516b572b2f9d,1697664360640744444
6a69421f-e399-4db8-897a-d8ef21b5e0a7,707b6ccf-c9d9-4c1d-97f4-516b572b2f9d,1697664360654400000
6a69421f-e399-4db8-897a-d8ef21b5e0a7,707b6ccf-c9d9-4c1d-97f4-516b572b2f9d,1697664360685111111
6a69421f-e399-4db8-897a-d8ef21b5e0a7,707b6ccf-c9d9-4c1d-97f4-516b572b2f9d,1697664360719700000
6a69421f-e399-4db8-897a-d8ef21b5e0a7,707b6ccf-c9d9-4c1d-97f4-516b572b2f9d,1697664360751077777
6a69421f-e399-4db8-897a-d8ef21b5e0a7,707b6ccf-c9d9-4c1d-97f4-516b572b2f9d,1697664360783422222
6a69421f-e399-4db8-897a-d8ef21b5e0a7,707b6ccf-c9d9-4c1d-97f4-516b572b2f9d,1697664360831144444
6a69421f-e399-4db8-897a-d8ef21b5e0a7,707b6ccf-c9d9-4c1d-97f4-516b572b2f9d,1697664360863288888
6a69421f-e399-4db8-897a-d8ef21b5e0a7,707b6ccf-c9d9-4c1d-97f4-516b572b2f9d,1697664360886811111
6a69421f-e399-4db8-897a-d8ef21b5e0a7,707b6ccf-c9d9-4c1d-97f4-516b572b2f9d,1697664360931722222
6a69421f-e399-4db8-897a-d8ef21b5e0a7,707b6ccf-c9d9-4c1d-97f4-516b572b2f9d,1697664360966111111
6a69421f-e399-4db8-897a-d8ef21b5e0a7,707b6ccf-c9d9-4c1d-97f4-516b572b2f9d,1697664360994377777
6a69421f-e399-4db8-897a-d8ef21b5e0a7,707b6ccf-c9d9-4c1d-97f4-516b572b2f9d,1697664361032077777
6a69421f-e399-4db8-897a-d8ef21b5e0a7,707b6ccf-c9d9-4c1d-97f4-516b572b2f9d,1697664361059788888
6a69421f-e399-4db8-897a-d8ef21b5e0a7,707b6ccf-c9d9-4c1d-97f4-516b572b2f9d,1697664361093988888
6a69421f-e399-4db8-897a-d8ef21b5e0a7,707b6ccf-c9d9-4c1d-97f4-516b572b2f9d,1697664361131000000
6a69421f-e399-4db8-897a-d8ef21b5e0a7,707b6ccf-c9d9-4c1d-97f4-516b572b2f9d,1697664361163366666
6a69421f-e399-4db8-897a-d8ef21b5e0a7,707b6ccf-c9d9-4c1d-97f4-516b572b2f9d,1697664361187366666
6a69421f-e399-4db8-897a-d8ef21b5e0a7,707b6ccf-c9d9-4c1d-97f4-516b572b2f9d,1697664361231366666
6a69421f-e399-4db8-897a-d8ef21b5e0a7,707b6ccf-c9d9-4c1d-97f4-516b572b2f9d,1697664361262211111
6a69421f-e399-4db8-897a-d8ef21b5e0a7,707b6ccf-c9d9-4c1d-97f4-516b572b2f9d,1697664361296822222
6a69421f-e399-4db8-897a-d8ef21b5e0a7,707b6ccf-c9d9-4c1d-97f4-516b572b2f9d,1697664361322711111
6a69421f-e399-4db8-897a-d8ef21b5e0a7,707b6ccf-c9d9-4c1d-97f4-516b572b2f9d,1697664361370733333
6a69421f-e399-4db8-897a-d8ef21b5e0a7,707b6ccf-c9d9-4c1d-97f4-516b572b2f9d,1697664361387533333
6a69421f-e399-4db8-897a-d8ef21b5e0a7,707b6ccf-c9d9-4c1d-97f4-516b572b2f9d,1697664361437711111
6a69421f-e399-4db8-897a-d8ef21b5e0a7,707b6ccf-c9d9-4c1d-97f4-516b572b2f9d,1697664361452888888
6a69421f-e399-4db8-897a-d8ef21b5e0a7,707b6ccf-c9d9-4c1d-97f4-516b572b2f9d,1697664361491955555
6a69421f-e399-4db8-897a-d8ef21b5e0a7,707b6ccf-c9d9-4c1d-97f4-516b572b2f9d,1697664361531400000
6a69421f-e399-4db8-897a-d8ef21b5e0a7,707b6ccf-c9d9-4c1d-97f4-516b572b2f9d,1697664361562677777
6a69421f-e399-4db8-897a-d8ef21b5e0a7,707b6ccf-c9d9-4c1d-97f4-516b572b2f9d,1697664361586633333
6a69421f-e399-4db8-897a-d8ef21b5e0a7,707b6ccf-c9d9-4c1d-97f4-516b572b2f9d,1697664361631211111
6a69421f-e399-4db8-897a-d8ef21b5e0a7,707b6ccf-c9d9-4c1d-97f4-516b572b2f9d,1697664361663588888
6a69421f-e399-4db8-897a-d8ef21b5e0a7,707b6ccf-c9d9-4c1d-97f4-516b572b2f9d,1697664361684966666
6a69421f-e399-4db8-897a-d8ef21b5e0a7,707b6ccf-c9d9-4c1d-97f4-516b572b2f9d,1697664361739688888
6a69421f-e399-4db8-897a-d8ef21b5e0a7,707b6ccf-c9d9-4c1d-97f4-516b572b2f9d,1697664361763300000
6a69421f-e399-4db8-897a-d8ef21b5e0a7,707b6ccf-c9d9-4c1d-97f4-516b572b2f9d,1697664361786322222
6a69421f-e399-4db8-897a-d8ef21b5e0a7,707b6ccf-c9d9-4c1d-97f4-516b572b2f9d,1697664361836844444
6a69421f-e399-4db8-897a-d8ef21b5e0a7,707b6ccf-c9d9-4c1d-97f4-516b572b2f9d,1697664361862355555
6a69421f-e399-4db8-897a-d8ef21b5e0a7,707b6ccf-c9d9-4c1d-97f4-516b572b2f9d,1697664361894955555
6a69421f-e399-4db8-897a-d8ef21b5e0a7,707b6ccf-c9d9-4c1d-97f4-516b572b2f9d,1697664361932466666
6a69421f-e399-4db8-897a-d8ef21b5e0a7,707b6ccf-c9d9-4c1d-97f4-516b572b2f9d,1697664361961166666
6a69421f-e399-4db8-897a-d8ef21b5e0a7,707b6ccf-c9d9-4c1d-97f4-516b572b2f9d,1697664361985500000
6a69421f-e399-4db8-897a-d8ef21b5e0a7,707b6ccf-c9d9-4c1d-97f4-516b572b2f9d,1697664362019111111
6a69421f-e399-4db8-897a-d8ef21b5e0a7,707b6ccf-c9d9-4c1d-97f4-516b572b2f9d,1697664362060488888
6a69421f-e399-4db8-897a-d8ef21b5e0a7,707b6ccf-c9d9-4c1d-97f4-516b572b2f9d,1697664362082500000
6a69421f-e399-4db8-897a-d8ef21b5e0a7,707b6ccf-c9d9-4c1d-97f4-516b572b2f9d,1697664362139022222
6a69421f-e399-4db8-897a-d8ef21b5e0a7,707b6ccf-c9d9-4c1d-97f4-516b572b2f9d,1697664362151633333
6a69421f-e399-4db8-897a-d8ef21b5e0a7,707b6ccf-c9d9-4c1d-97f4-516b572b2f9d,1697664362196177777
6a69421f-e399-4db8-897a-d8ef21b5e0a7,707b6ccf-c9d9-4c1d-97f4-516b572b2f9d,1697664362231822222
6a69421f-e399-4db8-897a-d8ef21b5e0a7,707b6ccf-c9d9-4c1d-97f4-516b572b2f9d,1697664362264622222
6a69421f-e399-4db8-897a-d8ef21b5e0a7,707b6ccf-c9d9-4c1d-97f4-516b572b2f9d,1697664362292866666
6a69421f-e399-4db8-897a-d8ef21b5e0a7,707b6ccf-c9d9-4c1d-97f4-516b572b2f9d,1697664362331255555
6a69421f-e399-4db8-897a-d8ef21b5e0a7,707b6ccf-c9d9-4c1d-97f4-516b572b2f9d,1697664362365255555
6a69421f-e399-4db8-897a-d8ef21b5e0a7,707b6ccf-c9d9-4c1d-97f4-516b572b2f9d,1697664362393744444
6a69421f-e399-4db8-897a-d8ef21b5e0a7,707b6ccf-c9d9-4c1d-97f4-516b572b2f9d,1697664362429300000
6a69421f-e399-4db8-897a-d8ef21b5e0a7,707b6ccf-c9d9-4c1d-97f4-516b572b2f9d,1697664362463100000
6a69421f-e399-4db8-897a-d8ef21b5e0a7,707b6ccf-c9d9-4c1d-97f4-516b572b2f9d,1697664362492677777
6a69421f-e399-4db8-897a-d8ef21b5e0a7,707b6ccf-c9d9-4c1d-97f4-516b572b2f9d,1697664362530422222
6a69421f-e399-4db8-897a-d8ef21b5e0a7,707b6ccf-c9d9-4c1d-97f4-516b572b2f9d,1697664362561433333
6a69421f-e399-4db8-897a-d8ef21b5e0a7,707b6ccf-c9d9-4c1d-97f4-516b572b2f9d,1697664362593766666
6a69421f-e399-4db8-897a-d8ef21b5e0a7,707b6ccf-c9d9-4c1d-97f4-516b572b2f9d,1697664362630833333
6a69421f-e399-4db8-897a-d8ef21b5e0a7,707b6ccf-c9d9-4c1d-97f4-516b572b2f9d,1697664362655622222
6a69421f-e399-4db8-897a-d8ef21b5e0a7,707b6ccf-c9d9-4c1d-97f4-516b572b2f9d,1697664362684533333
6a69421f-e399-4db8-897a-d8ef21b5e0a7,707b6ccf-c9d9-4c1d-97f4-516b572b2f9d,1697664362716455555
6a69421f-e399-4db8-897a-d8ef21b5e0a7,707b6ccf-c9d9-4c1d-97f4-516b572b2f9d,1697664362755022222
6a69421f-e399-4db8-897a-d8ef21b5e0a7,707b6ccf-c9d9-4c1d-97f4-516b572b2f9d,1697664362787533333
6a69421f-e399-4db8-897a-d8ef21b5e0a7,707b6ccf-c9d9-4c1d-97f4-516b572b2f9d,1697664362814766666
6a69421f-e399-4db8-897a-d8ef21b5e0a7,707b6ccf-c9d9-4c1d-97f4-516b572b2f9d,1697664362864966666
6a69421f-e399-4db8-897a-d8ef21b5e0a7,707b6ccf-c9d9-4c1d-97f4-516b572b2f9d,1697664362893866666
6a69421f-e399-4db8-897a-d8ef21b5e0a7,707b6ccf-c9d9-4c1d-97f4-516b572b2f9d,1697664362927722222
6a69421f-e399-4db8-897a-d8ef21b5e0a7,707b6ccf-c9d9-4c1d-97f4-516b572b2f9d,1697664362962755555
6a69421f-e399-4db8-897a-d8ef21b5e0a7,707b6ccf-c9d9-4c1d-97f4-516b572b2f9d,1697664362993844444
6a69421f-e399-4db8-897a-d8ef21b5e0a7,707b6ccf-c9d9-4c1d-97f4-516b572b2f9d,1697664363027933333
6a69421f-e399-4db8-897a-d8ef21b5e0a7,707b6ccf-c9d9-4c1d-97f4-516b572b2f9d,1697664363063688888
6a69421f-e399-4db8-897a-d8ef21b5e0a7,707b6ccf-c9d9-4c1d-97f4-516b572b2f9d,1697664363088666666
6a69421f-e399-4db8-897a-d8ef21b5e0a7,707b6ccf-c9d9-4c1d-97f4-516b572b2f9d,1697664363131055555
6a69421f-e399-4db8-897a-d8ef21b5e0a7,707b6ccf-c9d9-4c1d-97f4-516b572b2f9d,1697664363163111111
6a69421f-e399-4db8-897a-d8ef21b5e0a7,707b6ccf-c9d9-4c1d-97f4-516b572b2f9d,1697664363184388888
6a69421f-e399-4db8-897a-d8ef21b5e0a7,707b6ccf-c9d9-4c1d-97f4-516b572b2f9d,1697664363226233333
6a69421f-e399-4db8-897a-d8ef21b5e0a7,707b6ccf-c9d9-4c1d-97f4-516b572b2f9d,1697664363262333333
6a69421f-e399-4db8-897a-d8ef21b5e0a7,707b6ccf-c9d9-4c1d-97f4-516b572b2f9d,1697664363291344444
6a69421f-e399-4db8-897a-d8ef21b5e0a7,707b6ccf-c9d9-4c1d-97f4-516b572b2f9d,1697664363333511111
6a69421f-e399-4db8-897a-d8ef21b5e0a7,707b6ccf-c9d9-4c1d-97f4-516b572b2f9d,1697664363352544444
6a69421f-e399-4db8-897a-d8ef21b5e0a7,707b6ccf-c9d9-4c1d-97f4-516b572b2f9d,1697664363382988888
6a69421f-e399-4db8-897a-d8ef21b5e0a7,707b6ccf-c9d9-4c1d-97f4-516b572b2f9d,1697664363422577777
6a69421f-e399-4db8-897a-d8ef21b5e0a7,707b6ccf-c9d9-4c1d-97f4-516b572b2f9d,1697664363452166666
6a69421f-e399-4db8-897a-d8ef21b5e0a7,707b6ccf-c9d9-4c1d-97f4-516b572b2f9d,1697664363490777777
6a69421f-e399-4db8-897a-d8ef21b5e0a7,707b6ccf-c9d9-4c1d-97f4-516b572b2f9d,1697664363524533333
6a69421f-e399-4db8-897a-d8ef21b5e0a7,707b6ccf-c9d9-4c1d-97f4-516b572b2f9d,1697664363563022222
6a69421f-e399-4db8-897a-d8ef21b5e0a7,707b6ccf-c9d9-4c1d-97f4-516b572b2f9d,1697664363585400000
6a69421f-e399-4db8-897a-d8ef21b5e0a7,707b6ccf-c9d9-4c1d-97f4-516b572b2f9d,1697664363631477777
6a69421f-e399-4db8-897a-d8ef21b5e0a7,707b6ccf-c9d9-4c1d-97f4-516b572b2f9d,1697664363663311111
6a69421f-e399-4db8-897a-d8ef21b5e0a7,707b6ccf-c9d9-4c1d-97f4-516b572b2f9d,1697664363686688888
6a69421f-e399-4db8-897a-d8ef21b5e0a7,707b6ccf-c9d9-4c1d-97f4-516b572b2f9d,1697664363730988888
6a69421f-e399-4db8-897a-d8ef21b5e0a7,707b6ccf-c9d9-4c1d-97f4-516b572b2f9d,1697664363763988888
6a69421f-e399-4db8-897a-d8ef21b5e0a7,707b6ccf-c9d9-4c1d-97f4-516b572b2f9d,1697664363788144444
6a69421f-e399-4db8-897a-d8ef21b5e0a7,707b6ccf-c9d9-4c1d-97f4-516b572b2f9d,1697664363834077777
6a69421f-e399-4db8-897a-d8ef21b5e0a7,707b6ccf-c9d9-4c1d-97f4-516b572b2f9d,1697664363863011111
6a69421f-e399-4db8-897a-d8ef21b5e0a7,707b6ccf-c9d9-4c1d-97f4-516b572b2f9d,1697664363887188888
6a69421f-e399-4db8-897a-d8ef21b5e0a7,707b6ccf-c9d9-4c1d-97f4-516b572b2f9d,1697664363927766666
6a69421f-e399-4db8-897a-d8ef21b5e0a7,707b6ccf-c9d9-4c1d-97f4-516b572b2f9d,1697664363963622222
6a69421f-e399-4db8-897a-d8ef21b5e0a7,707b6ccf-c9d9-4c1d-97f4-516b572b2f9d,1697664363989844444
6a69421f-e399-4db8-897a-d8ef21b5e0a7,707b6ccf-c9d9-4c1d-97f4-516b572b2f9d,1697664364016088888
6a69421f-e399-4db8-897a-d8ef21b5e0a7,707b6ccf-c9d9-4c1d-97f4-516b572b2f9d,1697664364061933333
6a69421f-e399-4db8-897a-d8ef21b5e0a7,707b6ccf-c9d9-4c1d-97f4-516b572b2f9d,1697664364083622222
6a69421f-e399-4db8-897a-d8ef21b5e0a7,707b6ccf-c9d9-4c1d-97f4-516b572b2f9d,1697664364116900000
6a69421f-e399-4db8-897a-d8ef21b5e0a7,707b6ccf-c9d9-4c1d-97f4-516b572b2f9d,1697664364149988888
6a69421f-e399-4db8-897a-d8ef21b5e0a7,707b6ccf-c9d9-4c1d-97f4-516b572b2f9d,1697664364198422222
6a69421f-e399-4db8-897a-d8ef21b5e0a7,707b6ccf-c9d9-4c1d-97f4-516b572b2f9d,1697664364229911111
6a69421f-e399-4db8-897a-d8ef21b5e0a7,707b6ccf-c9d9-4c1d-97f4-516b572b2f9d,1697664364261055555
6a69421f-e399-4db8-897a-d8ef21b5e0a7,707b6ccf-c9d9-4c1d-97f4-516b572b2f9d,1697664364292755555
6a69421f-e399-4db8-897a-d8ef21b5e0a7,707b6ccf-c9d9-4c1d-97f4-516b572b2f9d,1697664364324300000
6a69421f-e399-4db8-897a-d8ef21b5e0a7,707b6ccf-c9d9-4c1d-97f4-516b572b2f9d,1697664364363388888
6a69421f-e399-4db8-897a-d8ef21b5e0a7,707b6ccf-c9d9-4c1d-97f4-516b572b2f9d,1697664364387744444
6a69421f-e399-4db8-897a-d8ef21b5e0a7,707b6ccf-c9d9-4c1d-97f4-516b572b2f9d,1697664364427577777
6a69421f-e399-4db8-897a-d8ef21b5e0a7,707b6ccf-c9d9-4c1d-97f4-516b572b2f9d,1697664364463822222
6a69421f-e399-4db8-897a-d8ef21b5e0a7,707b6ccf-c9d9-4c1d-97f4-516b572b2f9d,1697664364492500000
6a69421f-e399-4db8-897a-d8ef21b5e0a7,707b6ccf-c9d9-4c1d-97f4-516b572b2f9d,1697664364529300000
6a69421f-e399-4db8-897a-d8ef21b5e0a7,707b6ccf-c9d9-4c1d-97f4-516b572b2f9d,1697664364563466666
6a69421f-e399-4db8-897a-d8ef21b5e0a7,707b6ccf-c9d9-4c1d-97f4-516b572b2f9d,1697664364596688888
6a69421f-e399-4db8-897a-d8ef21b5e0a7,707b6ccf-c9d9-4c1d-97f4-516b572b2f9d,1697664364630155555
6a69421f-e399-4db8-897a-d8ef21b5e0a7,707b6ccf-c9d9-4c1d-97f4-516b572b2f9d,1697664364658122222
6a69421f-e399-4db8-897a-d8ef21b5e0a7,707b6ccf-c9d9-4c1d-97f4-516b572b2f9d,1697664364686411111
6a69421f-e399-4db8-897a-d8ef21b5e0a7,707b6ccf-c9d9-4c1d-97f4-516b572b2f9d,1697664364720688888
6a69421f-e399-4db8-897a-d8ef21b5e0a7,707b6ccf-c9d9-4c1d-97f4-516b572b2f9d,1697664364750366666
6a69421f-e399-4db8-897a-d8ef21b5e0a7,707b6ccf-c9d9-4c1d-97f4-516b572b2f9d,1697664364783522222
6a69421f-e399-4db8-897a-d8ef21b5e0a7,707b6ccf-c9d9-4c1d-97f4-516b572b2f9d,1697664364826744444
6a69421f-e399-4db8-897a-d8ef21b5e0a7,707b6ccf-c9d9-4c1d-97f4-516b572b2f9d,1697664364858866666
6a69421f-e399-4db8-897a-d8ef21b5e0a7,707b6ccf-c9d9-4c1d-97f4-516b572b2f9d,1697664364892800000
6a69421f-e399-4db8-897a-d8ef21b5e0a7,707b6ccf-c9d9-4c1d-97f4-516b572b2f9d,1697664364925622222
6a69421f-e399-4db8-897a-d8ef21b5e0a7,707b6ccf-c9d9-4c1d-97f4-516b572b2f9d,1697664364963933333
6a69421f-e399-4db8-897a-d8ef21b5e0a7,707b6ccf-c9d9-4c1d-97f4-516b572b2f9d,1697664364994666666
6a69421f-e399-4db8-897a-d8ef21b5e0a7,707b6ccf-c9d9-4c1d-97f4-516b572b2f9d,1697664365024144444
6a69421f-e399-4db8-897a-d8ef21b5e0a7,707b6ccf-c9d9-4c1d-97f4-516b572b2f9d,1697664365062800000
6a69421f-e399-4db8-897a-d8ef21b5e0a7,707b6ccf-c9d9-4c1d-97f4-516b572b2f9d,1697664365084344444
6a69421f-e399-4db8-897a-d8ef21b5e0a7,707b6ccf-c9d9-4c1d-97f4-516b572b2f9d,1697664365128933333
6a69421f-e399-4db8-897a-d8ef21b5e0a7,707b6ccf-c9d9-4c1d-97f4-516b572b2f9d,1697664365161444444
6a69421f-e399-4db8-897a-d8ef21b5e0a7,707b6ccf-c9d9-4c1d-97f4-516b572b2f9d,1697664365190444444
6a69421f-e399-4db8-897a-d8ef21b5e0a7,707b6ccf-c9d9-4c1d-97f4-516b572b2f9d,1697664365225822222
6a69421f-e399-4db8-897a-d8ef21b5e0a7,707b6ccf-c9d9-4c1d-97f4-516b572b2f9d,1697664365261522222
6a69421f-e399-4db8-897a-d8ef21b5e0a7,707b6ccf-c9d9-4c1d-97f4-516b572b2f9d,1697664365286155555
6a69421f-e399-4db8-897a-d8ef21b5e0a7,707b6ccf-c9d9-4c1d-97f4-516b572b2f9d,1697664365329722222
6a69421f-e399-4db8-897a-d8ef21b5e0a7,707b6ccf-c9d9-4c1d-97f4-516b572b2f9d,1697664365353422222
6a69421f-e399-4db8-897a-d8ef21b5e0a7,707b6ccf-c9d9-4c1d-97f4-516b572b2f9d,1697664365384133333
6a69421f-e399-4db8-897a-d8ef21b5e0a7,707b6ccf-c9d9-4c1d-97f4-516b572b2f9d,1697664365418900000
6a69421f-e399-4db8-897a-d8ef21b5e0a7,707b6ccf-c9d9-4c1d-97f4-516b572b2f9d,1697664365454400000
6a69421f-e399-4db8-897a-d8ef21b5e0a7,707b6ccf-c9d9-4c1d-97f4-516b572b2f9d,1697664365489255555
6a69421f-e399-4db8-897a-d8ef21b5e0a7,707b6ccf-c9d9-4c1d-97f4-516b572b2f9d,1697664365525733333
6a69421f-e399-4db8-897a-d8ef21b5e0a7,707b6ccf-c9d9-4c1d-97f4-516b572b2f9d,1697664365568133333
6a69421f-e399-4db8-897a-d8ef21b5e0a7,707b6ccf-c9d9-4c1d-97f4-516b572b2f9d,1697664365593111111
6a69421f-e399-4db8-897a-d8ef21b5e0a7,707b6ccf-c9d9-4c1d-97f4-516b572b2f9d,1697664365625044444
6a69421f-e399-4db8-897a-d8ef21b5e0a7,707b6ccf-c9d9-4c1d-97f4-516b572b2f9d,1697664365663444444
6a69421f-e399-4db8-897a-d8ef21b5e0a7,707b6ccf-c9d9-4c1d-97f4-516b572b2f9d,1697664365694122222
6a69421f-e399-4db8-897a-d8ef21b5e0a7,707b6ccf-c9d9-4c1d-97f4-516b572b2f9d,1697664365723577777
6a69421f-e399-4db8-897a-d8ef21b5e0a7,707b6ccf-c9d9-4c1d-97f4-516b572b2f9d,1697664365766666666
6a69421f-e399-4db8-897a-d8ef21b5e0a7,707b6ccf-c9d9-4c1d-97f4-516b572b2f9d,1697664365793977777
6a69421f-e399-4db8-897a-d8ef21b5e0a7,707b6ccf-c9d9-4c1d-97f4-516b572b2f9d,1697664365824877777
6a69421f-e399-4db8-897a-d8ef21b5e0a7,707b6ccf-c9d9-4c1d-97f4-516b572b2f9d,1697664365864544444
6a69421f-e399-4db8-897a-d8ef21b5e0a7,707b6ccf-c9d9-4c1d-97f4-516b572b2f9d,1697664365894744444
6a69421f-e399-4db8-897a-d8ef21b5e0a7,707b6ccf-c9d9-4c1d-97f4-516b572b2f9d,1697664365929277777
6a69421f-e399-4db8-897a-d8ef21b5e0a7,707b6ccf-c9d9-4c1d-97f4-516b572b2f9d,1697664365956566666
6a69421f-e399-4db8-897a-d8ef21b5e0a7,707b6ccf-c9d9-4c1d-97f4-516b572b2f9d,1697664366003500000
6a69421f-e399-4db8-897a-d8ef21b5e0a7,707b6ccf-c9d9-4c1d-97f4-516b572b2f9d,1697664366025455555
6a69421f-e399-4db8-897a-d8ef21b5e0a7,707b6ccf-c9d9-4c1d-97f4-516b572b2f9d,1697664366045666666
6a69421f-e399-4db8-897a-d8ef21b5e0a7,707b6ccf-c9d9-4c1d-97f4-516b572b2f9d,1697664366085255555
6a69421f-e399-4db8-897a-d8ef21b5e0a7,707b6ccf-c9d9-4c1d-97f4-516b572b2f9d,1697664366117377777
6a69421f-e399-4db8-897a-d8ef21b5e0a7,707b6ccf-c9d9-4c1d-97f4-516b572b2f9d,1697664366145988888
6a69421f-e399-4db8-897a-d8ef21b5e0a7,707b6ccf-c9d9-4c1d-97f4-516b572b2f9d,1697664366193622222
6a69421f-e399-4db8-897a-d8ef21b5e0a7,707b6ccf-c9d9-4c1d-97f4-516b572b2f9d,1697664366230422222
6a69421f-e399-4db8-897a-d8ef21b5e0a7,707b6ccf-c9d9-4c1d-97f4-516b572b2f9d,1697664366257833333
6a69421f-e399-4db8-897a-d8ef21b5e0a7,707b6ccf-c9d9-4c1d-97f4-516b572b2f9d,1697664366295088888
6a69421f-e399-4db8-897a-d8ef21b5e0a7,707b6ccf-c9d9-4c1d-97f4-516b572b2f9d,1697664366323833333
6a69421f-e399-4db8-897a-d8ef21b5e0a7,707b6ccf-c9d9-4c1d-97f4-516b572b2f9d,1697664366360466666
6a69421f-e399-4db8-897a-d8ef21b5e0a7,707b6ccf-c9d9-4c1d-97f4-516b572b2f9d,1697664366393288888
6a69421f-e399-4db8-897a-d8ef21b5e0a7,707b6ccf-c9d9-4c1d-97f4-516b572b2f9d,1697664366425755555
6a69421f-e399-4db8-897a-d8ef21b5e0a7,707b6ccf-c9d9-4c1d-97f4-516b572b2f9d,1697664366459000000
6a69421f-e399-4db8-897a-d8ef21b5e0a7,707b6ccf-c9d9-4c1d-97f4-516b572b2f9d,1697664366495100000
6a69421f-e399-4db8-897a-d8ef21b5e0a7,707b6ccf-c9d9-4c1d-97f4-516b572b2f9d,1697664366530566666
6a69421f-e399-4db8-897a-d8ef21b5e0a7,707b6ccf-c9d9-4c1d-97f4-516b572b2f9d,1697664366561255555
6a69421f-e399-4db8-897a-d8ef21b5e0a7,707b6ccf-c9d9-4c1d-97f4-516b572b2f9d,1697664366587833333
6a69421f-e399-4db8-897a-d8ef21b5e0a7,707b6ccf-c9d9-4c1d-97f4-516b572b2f9d,1697664366629111111
6a69421f-e399-4db8-897a-d8ef21b5e0a7,707b6ccf-c9d9-4c1d-97f4-516b572b2f9d,1697664366663688888
6a69421f-e399-4db8-897a-d8ef21b5e0a7,707b6ccf-c9d9-4c1d-97f4-516b572b2f9d,1697664366691744444
6a69421f-e399-4db8-897a-d8ef21b5e0a7,707b6ccf-c9d9-4c1d-97f4-516b572b2f9d,1697664366718722222
6a69421f-e399-4db8-897a-d8ef21b5e0a7,707b6ccf-c9d9-4c1d-97f4-516b572b2f9d,1697664366775988888
6a69421f-e399-4db8-897a-d8ef21b5e0a7,707b6ccf-c9d9-4c1d-97f4-516b572b2f9d,1697664366799333333
6a69421f-e399-4db8-897a-d8ef21b5e0a7,707b6ccf-c9d9-4c1d-97f4-516b572b2f9d,1697664366829433333
6a69421f-e399-4db8-897a-d8ef21b5e0a7,707b6ccf-c9d9-4c1d-97f4-516b572b2f9d,1697664366857800000
6a69421f-e399-4db8-897a-d8ef21b5e0a7,707b6ccf-c9d9-4c1d-97f4-516b572b2f9d,1697664366884477777
6a69421f-e399-4db8-897a-d8ef21b5e0a7,707b6ccf-c9d9-4c1d-97f4-516b572b2f9d,1697664366928511111
6a69421f-e399-4db8-897a-d8ef21b5e0a7,707b6ccf-c9d9-4c1d-97f4-516b572b2f9d,1697664366955166666
6a69421f-e399-4db8-897a-d8ef21b5e0a7,707b6ccf-c9d9-4c1d-97f4-516b572b2f9d,1697664366997488888
6a69421f-e399-4db8-897a-d8ef21b5e0a7,707b6ccf-c9d9-4c1d-97f4-516b572b2f9d,1697664367022600000
6a69421f-e399-4db8-897a-d8ef21b5e0a7,707b6ccf-c9d9-4c1d-97f4-516b572b2f9d,1697664367061355555
6a69421f-e399-4db8-897a-d8ef21b5e0a7,707b6ccf-c9d9-4c1d-97f4-516b572b2f9d,1697664367081500000
6a69421f-e399-4db8-897a-d8ef21b5e0a7,707b6ccf-c9d9-4c1d-97f4-516b572b2f9d,1697664367132333333
6a69421f-e399-4db8-897a-d8ef21b5e0a7,707b6ccf-c9d9-4c1d-97f4-516b572b2f9d,1697664367160055555
6a69421f-e399-4db8-897a-d8ef21b5e0a7,707b6ccf-c9d9-4c1d-97f4-516b572b2f9d,1697664367195622222
6a69421f-e399-4db8-897a-d8ef21b5e0a7,707b6ccf-c9d9-4c1d-97f4-516b572b2f9d,1697664367227133333
6a69421f-e399-4db8-897a-d8ef21b5e0a7,707b6ccf-c9d9-4c1d-97f4-516b572b2f9d,1697664367260588888
6a69421f-e399-4db8-897a-d8ef21b5e0a7,707b6ccf-c9d9-4c1d-97f4-516b572b2f9d,1697664367295777777
6a69421f-e399-4db8-897a-d8ef21b5e0a7,707b6ccf-c9d9-4c1d-97f4-516b572b2f9d,1697664367323644444
6a69421f-e399-4db8-897a-d8ef21b5e0a7,707b6ccf-c9d9-4c1d-97f4-516b572b2f9d,1697664367361688888
6a69421f-e399-4db8-897a-d8ef21b5e0a7,707b6ccf-c9d9-4c1d-97f4-516b572b2f9d,1697664367383133333
6a69421f-e399-4db8-897a-d8ef21b5e0a7,707b6ccf-c9d9-4c1d-97f4-516b572b2f9d,1697664367424966666
6a69421f-e399-4db8-897a-d8ef21b5e0a7,707b6ccf-c9d9-4c1d-97f4-516b572b2f9d,1697664367455511111
6a69421f-e399-4db8-897a-d8ef21b5e0a7,707b6ccf-c9d9-4c1d-97f4-516b572b2f9d,1697664367484300000
6a69421f-e399-4db8-897a-d8ef21b5e0a7,707b6ccf-c9d9-4c1d-97f4-516b572b2f9d,1697664367518544444
6a69421f-e399-4db8-897a-d8ef21b5e0a7,707b6ccf-c9d9-4c1d-97f4-516b572b2f9d,1697664367558844444
6a69421f-e399-4db8-897a-d8ef21b5e0a7,707b6ccf-c9d9-4c1d-97f4-516b572b2f9d,1697664367590277777
6a69421f-e399-4db8-897a-d8ef21b5e0a7,707b6ccf-c9d9-4c1d-97f4-516b572b2f9d,1697664367622666666
6a69421f-e399-4db8-897a-d8ef21b5e0a7,707b6ccf-c9d9-4c1d-97f4-516b572b2f9d,1697664367657944444
6a69421f-e399-4db8-897a-d8ef21b5e0a7,707b6ccf-c9d9-4c1d-97f4-516b572b2f9d,1697664367694977777
6a69421f-e399-4db8-897a-d8ef21b5e0a7,707b6ccf-c9d9-4c1d-97f4-516b572b2f9d,1697664367720655555
6a69421f-e399-4db8-897a-d8ef21b5e0a7,707b6ccf-c9d9-4c1d-97f4-516b572b2f9d,1697664367755166666
6a69421f-e399-4db8-897a-d8ef21b5e0a7,707b6ccf-c9d9-4c1d-97f4-516b572b2f9d,1697664367799100000
6a69421f-e399-4db8-897a-d8ef21b5e0a7,707b6ccf-c9d9-4c1d-97f4-516b572b2f9d,1697664367826988888
6a69421f-e399-4db8-897a-d8ef21b5e0a7,707b6ccf-c9d9-4c1d-97f4-516b572b2f9d,1697664367854044444
6a69421f-e399-4db8-897a-d8ef21b5e0a7,707b6ccf-c9d9-4c1d-97f4-516b572b2f9d,1697664367888588888
6a69421f-e399-4db8-897a-d8ef21b5e0a7,707b6ccf-c9d9-4c1d-97f4-516b572b2f9d,1697664367929644444
6a69421f-e399-4db8-897a-d8ef21b5e0a7,707b6ccf-c9d9-4c1d-97f4-516b572b2f9d,1697664367959622222
6a69421f-e399-4db8-897a-d8ef21b5e0a7,707b6ccf-c9d9-4c1d-97f4-516b572b2f9d,1697664367993466666
6a69421f-e399-4db8-897a-d8ef21b5e0a7,707b6ccf-c9d9-4c1d-97f4-516b572b2f9d,1697664368021800000
6a69421f-e399-4db8-897a-d8ef21b5e0a7,707b6ccf-c9d9-4c1d-97f4-516b572b2f9d,1697664368058566666
6a69421f-e399-4db8-897a-d8ef21b5e0a7,707b6ccf-c9d9-4c1d-97f4-516b572b2f9d,1697664368098333333
6a69421f-e399-4db8-897a-d8ef21b5e0a7,707b6ccf-c9d9-4c1d-97f4-516b572b2f9d,1697664368114188888
6a69421f-e399-4db8-897a-d8ef21b5e0a7,707b6ccf-c9d9-4c1d-97f4-516b572b2f9d,1697664368161022222
6a69421f-e399-4db8-897a-d8ef21b5e0a7,707b6ccf-c9d9-4c1d-97f4-516b572b2f9d,1697664368191177777
6a69421f-e399-4db8-897a-d8ef21b5e0a7,707b6ccf-c9d9-4c1d-97f4-516b572b2f9d,1697664368223277777
6a69421f-e399-4db8-897a-d8ef21b5e0a7,707b6ccf-c9d9-4c1d-97f4-516b572b2f9d,1697664368258944444
6a69421f-e399-4db8-897a-d8ef21b5e0a7,707b6ccf-c9d9-4c1d-97f4-516b572b2f9d,1697664368294744444
6a69421f-e399-4db8-897a-d8ef21b5e0a7,707b6ccf-c9d9-4c1d-97f4-516b572b2f9d,1697664368316955555
6a69421f-e399-4db8-897a-d8ef21b5e0a7,707b6ccf-c9d9-4c1d-97f4-516b572b2f9d,1697664368353100000
6a69421f-e399-4db8-897a-d8ef21b5e0a7,707b6ccf-c9d9-4c1d-97f4-516b572b2f9d,1697664368399044444
6a69421f-e399-4db8-897a-d8ef21b5e0a7,707b6ccf-c9d9-4c1d-97f4-516b572b2f9d,1697664368427477777
6a69421f-e399-4db8-897a-d8ef21b5e0a7,707b6ccf-c9d9-4c1d-97f4-516b572b2f9d,1697664368450966666
6a69421f-e399-4db8-897a-d8ef21b5e0a7,707b6ccf-c9d9-4c1d-97f4-516b572b2f9d,1697664368483844444
6a69421f-e399-4db8-897a-d8ef21b5e0a7,707b6ccf-c9d9-4c1d-97f4-516b572b2f9d,1697664368522055555
6a69421f-e399-4db8-897a-d8ef21b5e0a7,707b6ccf-c9d9-4c1d-97f4-516b572b2f9d,1697664368559455555
6a69421f-e399-4db8-897a-d8ef21b5e0a7,707b6ccf-c9d9-4c1d-97f4-516b572b2f9d,1697664368595033333
6a69421f-e399-4db8-897a-d8ef21b5e0a7,707b6ccf-c9d9-4c1d-97f4-516b572b2f9d,1697664368623033333
6a69421f-e399-4db8-897a-d8ef21b5e0a7,707b6ccf-c9d9-4c1d-97f4-516b572b2f9d,1697664368660455555
6a69421f-e399-4db8-897a-d8ef21b5e0a7,707b6ccf-c9d9-4c1d-97f4-516b572b2f9d,1697664368690911111
6a69421f-e399-4db8-897a-d8ef21b5e0a7,707b6ccf-c9d9-4c1d-97f4-516b572b2f9d,1697664368721111111
6a69421f-e399-4db8-897a-d8ef21b5e0a7,707b6ccf-c9d9-4c1d-97f4-516b572b2f9d,1697664368752700000
6a69421f-e399-4db8-897a-d8ef21b5e0a7,707b6ccf-c9d9-4c1d-97f4-516b572b2f9d,1697664368790600000
6a69421f-e399-4db8-897a-d8ef21b5e0a7,707b6ccf-c9d9-4c1d-97f4-516b572b2f9d,1697664368832133333
6a69421f-e399-4db8-897a-d8ef21b5e0a7,707b6ccf-c9d9-4c1d-97f4-516b572b2f9d,1697664368847533333
6a69421f-e399-4db8-897a-d8ef21b5e0a7,707b6ccf-c9d9-4c1d-97f4-516b572b2f9d,1697664368882055555
6a69421f-e399-4db8-897a-d8ef21b5e0a7,707b6ccf-c9d9-4c1d-97f4-516b572b2f9d,1697664368935488888
6a69421f-e399-4db8-897a-d8ef21b5e0a7,707b6ccf-c9d9-4c1d-97f4-516b572b2f9d,1697664368954966666
6a69421f-e399-4db8-897a-d8ef21b5e0a7,707b6ccf-c9d9-4c1d-97f4-516b572b2f9d,1697664368997133333
6a69421f-e399-4db8-897a-d8ef21b5e0a7,707b6ccf-c9d9-4c1d-97f4-516b572b2f9d,1697664369024333333
6a69421f-e399-4db8-897a-d8ef21b5e0a7,707b6ccf-c9d9-4c1d-97f4-516b572b2f9d,1697664369059244444
6a69421f-e399-4db8-897a-d8ef21b5e0a7,707b6ccf-c9d9-4c1d-97f4-516b572b2f9d,1697664369087566666
6a69421f-e399-4db8-897a-d8ef21b5e0a7,707b6ccf-c9d9-4c1d-97f4-516b572b2f9d,1697664369123366666
6a69421f-e399-4db8-897a-d8ef21b5e0a7,707b6ccf-c9d9-4c1d-97f4-516b572b2f9d,1697664369160333333
6a69421f-e399-4db8-897a-d8ef21b5e0a7,707b6ccf-c9d9-4c1d-97f4-516b572b2f9d,1697664369180000000
6a69421f-e399-4db8-897a-d8ef21b5e0a7,707b6ccf-c9d9-4c1d-97f4-516b572b2f9d,1697664369215211111
6a69421f-e399-4db8-897a-d8ef21b5e0a7,707b6ccf-c9d9-4c1d-97f4-516b572b2f9d,1697664369252055555
6a69421f-e399-4db8-897a-d8ef21b5e0a7,707b6ccf-c9d9-4c1d-97f4-516b572b2f9d,1697664369291222222
6a69421f-e399-4db8-897a-d8ef21b5e0a7,707b6ccf-c9d9-4c1d-97f4-516b572b2f9d,1697664369317044444
6a69421f-e399-4db8-897a-d8ef21b5e0a7,707b6ccf-c9d9-4c1d-97f4-516b572b2f9d,1697664369352233333
6a69421f-e399-4db8-897a-d8ef21b5e0a7,707b6ccf-c9d9-4c1d-97f4-516b572b2f9d,1697664369398844444
6a69421f-e399-4db8-897a-d8ef21b5e0a7,707b6ccf-c9d9-4c1d-97f4-516b572b2f9d,1697664369414633333
6a69421f-e399-4db8-897a-d8ef21b5e0a7,707b6ccf-c9d9-4c1d-97f4-516b572b2f9d,1697664369452122222
6a69421f-e399-4db8-897a-d8ef21b5e0a7,707b6ccf-c9d9-4c1d-97f4-516b572b2f9d,1697664369496077777
6a69421f-e399-4db8-897a-d8ef21b5e0a7,707b6ccf-c9d9-4c1d-97f4-516b572b2f9d,1697664369535944444
6a69421f-e399-4db8-897a-d8ef21b5e0a7,707b6ccf-c9d9-4c1d-97f4-516b572b2f9d,1697664369561266666
6a69421f-e399-4db8-897a-d8ef21b5e0a7,707b6ccf-c9d9-4c1d-97f4-516b572b2f9d,1697664369592655555
6a69421f-e399-4db8-897a-d8ef21b5e0a7,707b6ccf-c9d9-4c1d-97f4-516b572b2f9d,1697664369631222222
6a69421f-e399-4db8-897a-d8ef21b5e0a7,707b6ccf-c9d9-4c1d-97f4-516b572b2f9d,1697664369655155555
6a69421f-e399-4db8-897a-d8ef21b5e0a7,707b6ccf-c9d9-4c1d-97f4-516b572b2f9d,1697664369687033333
6a69421f-e399-4db8-897a-d8ef21b5e0a7,707b6ccf-c9d9-4c1d-97f4-516b572b2f9d,1697664369711788888
6a69421f-e399-4db8-897a-d8ef21b5e0a7,707b6ccf-c9d9-4c1d-97f4-516b572b2f9d,1697664369754766666
6a69421f-e399-4db8-897a-d8ef21b5e0a7,707b6ccf-c9d9-4c1d-97f4-516b572b2f9d,1697664369777688888
6a69421f-e399-4db8-897a-d8ef21b5e0a7,707b6ccf-c9d9-4c1d-97f4-516b572b2f9d,1697664369810822222
6a69421f-e399-4db8-897a-d8ef21b5e0a7,707b6ccf-c9d9-4c1d-97f4-516b572b2f9d,1697664369842855555
6a69421f-e399-4db8-897a-d8ef21b5e0a7,707b6ccf-c9d9-4c1d-97f4-516b572b2f9d,1697664369880888888
6a69421f-e399-4db8-897a-d8ef21b5e0a7,707b6ccf-c9d9-4c1d-97f4-516b572b2f9d,1697664369912011111
6a69421f-e399-4db8-897a-d8ef21b5e0a7,707b6ccf-c9d9-4c1d-97f4-516b572b2f9d,1697664369940777777
6a69421f-e399-4db8-897a-d8ef21b5e0a7,707b6ccf-c9d9-4c1d-97f4-516b572b2f9d,1697664369973644444
6a69421f-e399-4db8-897a-d8ef21b5e0a7,707b6ccf-c9d9-4c1d-97f4-516b572b2f9d,1697664370019288888
6a69421f-e399-4db8-897a-d8ef21b5e0a7,707b6ccf-c9d9-4c1d-97f4-516b572b2f9d,1697664370055366666
6a69421f-e399-4db8-897a-d8ef21b5e0a7,707b6ccf-c9d9-4c1d-97f4-516b572b2f9d,1697664370090033333
6a69421f-e399-4db8-897a-d8ef21b5e0a7,707b6ccf-c9d9-4c1d-97f4-516b572b2f9d,1697664370123011111
6a69421f-e399-4db8-897a-d8ef21b5e0a7,707b6ccf-c9d9-4c1d-97f4-516b572b2f9d,1697664370156422222
6a69421f-e399-4db8-897a-d8ef21b5e0a7,707b6ccf-c9d9-4c1d-97f4-516b572b2f9d,1697664370192922222
6a69421f-e399-4db8-897a-d8ef21b5e0a7,707b6ccf-c9d9-4c1d-97f4-516b572b2f9d,1697664370213388888
6a69421f-e399-4db8-897a-d8ef21b5e0a7,707b6ccf-c9d9-4c1d-97f4-516b572b2f9d,1697664370244255555
6a69421f-e399-4db8-897a-d8ef21b5e0a7,707b6ccf-c9d9-4c1d-97f4-516b572b2f9d,1697664370276977777
6a69421f-e399-4db8-897a-d8ef21b5e0a7,707b6ccf-c9d9-4c1d-97f4-516b572b2f9d,1697664370310744444
6a69421f-e399-4db8-897a-d8ef21b5e0a7,707b6ccf-c9d9-4c1d-97f4-516b572b2f9d,1697664370344555555
6a69421f-e399-4db8-897a-d8ef21b5e0a7,707b6ccf-c9d9-4c1d-97f4-516b572b2f9d,1697664370373377777
6a69421f-e399-4db8-897a-d8ef21b5e0a7,707b6ccf-c9d9-4c1d-97f4-516b572b2f9d,1697664370411266666
6a69421f-e399-4db8-897a-d8ef21b5e0a7,707b6ccf-c9d9-4c1d-97f4-516b572b2f9d,1697664370443522222
6a69421f-e399-4db8-897a-d8ef21b5e0a7,707b6ccf-c9d9-4c1d-97f4-516b572b2f9d,1697664370488355555
6a69421f-e399-4db8-897a-d8ef21b5e0a7,707b6ccf-c9d9-4c1d-97f4-516b572b2f9d,1697664370522866666
6a69421f-e399-4db8-897a-d8ef21b5e0a7,707b6ccf-c9d9-4c1d-97f4-516b572b2f9d,1697664370556777777
6a69421f-e399-4db8-897a-d8ef21b5e0a7,707b6ccf-c9d9-4c1d-97f4-516b572b2f9d,1697664370588011111
6a69421f-e399-4db8-897a-d8ef21b5e0a7,707b6ccf-c9d9-4c1d-97f4-516b572b2f9d,1697664370622866666
6a69421f-e399-4db8-897a-d8ef21b5e0a7,707b6ccf-c9d9-4c1d-97f4-516b572b2f9d,1697664370657122222
6a69421f-e399-4db8-897a-d8ef21b5e0a7,707b6ccf-c9d9-4c1d-97f4-516b572b2f9d,1697664370693011111
6a69421f-e399-4db8-897a-d8ef21b5e0a7,707b6ccf-c9d9-4c1d-97f4-516b572b2f9d,1697664370724988888
6a69421f-e399-4db8-897a-d8ef21b5e0a7,707b6ccf-c9d9-4c1d-97f4-516b572b2f9d,1697664370758744444
6a69421f-e399-4db8-897a-d8ef21b5e0a7,707b6ccf-c9d9-4c1d-97f4-516b572b2f9d,1697664370789688888
6a69421f-e399-4db8-897a-d8ef21b5e0a7,707b6ccf-c9d9-4c1d-97f4-516b572b2f9d,1697664370843555555
6a69421f-e399-4db8-897a-d8ef21b5e0a7,707b6ccf-c9d9-4c1d-97f4-516b572b2f9d,1697664370853322222
6a69421f-e399-4db8-897a-d8ef21b5e0a7,707b6ccf-c9d9-4c1d-97f4-516b572b2f9d,1697664370881411111
6a69421f-e399-4db8-897a-d8ef21b5e0a7,707b6ccf-c9d9-4c1d-97f4-516b572b2f9d,1697664370919566666
6a69421f-e399-4db8-897a-d8ef21b5e0a7,707b6ccf-c9d9-4c1d-97f4-516b572b2f9d,1697664370943166666
6a69421f-e399-4db8-897a-d8ef21b5e0a7,707b6ccf-c9d9-4c1d-97f4-516b572b2f9d,1697664370985444444
6a69421f-e399-4db8-897a-d8ef21b5e0a7,707b6ccf-c9d9-4c1d-97f4-516b572b2f9d,1697664371022555555
6a69421f-e399-4db8-897a-d8ef21b5e0a7,707b6ccf-c9d9-4c1d-97f4-516b572b2f9d,1697664371055244444
6a69421f-e399-4db8-897a-d8ef21b5e0a7,707b6ccf-c9d9-4c1d-97f4-516b572b2f9d,1697664371085255555
6a69421f-e399-4db8-897a-d8ef21b5e0a7,707b6ccf-c9d9-4c1d-97f4-516b572b2f9d,1697664371123944444
6a69421f-e399-4db8-897a-d8ef21b5e0a7,707b6ccf-c9d9-4c1d-97f4-516b572b2f9d,1697664371161466666
6a69421f-e399-4db8-897a-d8ef21b5e0a7,707b6ccf-c9d9-4c1d-97f4-516b572b2f9d,1697664371181066666
6a69421f-e399-4db8-897a-d8ef21b5e0a7,707b6ccf-c9d9-4c1d-97f4-516b572b2f9d,1697664371225688888
6a69421f-e399-4db8-897a-d8ef21b5e0a7,707b6ccf-c9d9-4c1d-97f4-516b572b2f9d,1697664371260766666
6a69421f-e399-4db8-897a-d8ef21b5e0a7,707b6ccf-c9d9-4c1d-97f4-516b572b2f9d,1697664371294544444
6a69421f-e399-4db8-897a-d8ef21b5e0a7,707b6ccf-c9d9-4c1d-97f4-516b572b2f9d,1697664371317322222
6a69421f-e399-4db8-897a-d8ef21b5e0a7,707b6ccf-c9d9-4c1d-97f4-516b572b2f9d,1697664371354955555
6a69421f-e399-4db8-897a-d8ef21b5e0a7,707b6ccf-c9d9-4c1d-97f4-516b572b2f9d,1697664371379266666
6a69421f-e399-4db8-897a-d8ef21b5e0a7,707b6ccf-c9d9-4c1d-97f4-516b572b2f9d,1697664371434111111
6a69421f-e399-4db8-897a-d8ef21b5e0a7,707b6ccf-c9d9-4c1d-97f4-516b572b2f9d,1697664371451788888
6a69421f-e399-4db8-897a-d8ef21b5e0a7,707b6ccf-c9d9-4c1d-97f4-516b572b2f9d,1697664371480700000
6a69421f-e399-4db8-897a-d8ef21b5e0a7,707b6ccf-c9d9-4c1d-97f4-516b572b2f9d,1697664371539033333
6a69421f-e399-4db8-897a-d8ef21b5e0a7,707b6ccf-c9d9-4c1d-97f4-516b572b2f9d,1697664371550277777
6a69421f-e399-4db8-897a-d8ef21b5e0a7,707b6ccf-c9d9-4c1d-97f4-516b572b2f9d,1697664371576566666
6a69421f-e399-4db8-897a-d8ef21b5e0a7,707b6ccf-c9d9-4c1d-97f4-516b572b2f9d,1697664371623711111
6a69421f-e399-4db8-897a-d8ef21b5e0a7,707b6ccf-c9d9-4c1d-97f4-516b572b2f9d,1697664371655444444
6a69421f-e399-4db8-897a-d8ef21b5e0a7,707b6ccf-c9d9-4c1d-97f4-516b572b2f9d,1697664371691288888
6a69421f-e399-4db8-897a-d8ef21b5e0a7,707b6ccf-c9d9-4c1d-97f4-516b572b2f9d,1697664371724244444
6a69421f-e399-4db8-897a-d8ef21b5e0a7,707b6ccf-c9d9-4c1d-97f4-516b572b2f9d,1697664371756466666
6a69421f-e399-4db8-897a-d8ef21b5e0a7,707b6ccf-c9d9-4c1d-97f4-516b572b2f9d,1697664371782300000
6a69421f-e399-4db8-897a-d8ef21b5e0a7,707b6ccf-c9d9-4c1d-97f4-516b572b2f9d,1697664371833911111
6a69421f-e399-4db8-897a-d8ef21b5e0a7,707b6ccf-c9d9-4c1d-97f4-516b572b2f9d,1697664371851000000
6a69421f-e399-4db8-897a-d8ef21b5e0a7,707b6ccf-c9d9-4c1d-97f4-516b572b2f9d,1697664371893422222
6a69421f-e399-4db8-897a-d8ef21b5e0a7,707b6ccf-c9d9-4c1d-97f4-516b572b2f9d,1697664371919166666
6a69421f-e399-4db8-897a-d8ef21b5e0a7,707b6ccf-c9d9-4c1d-97f4-516b572b2f9d,1697664371961455555
6a69421f-e399-4db8-897a-d8ef21b5e0a7,707b6ccf-c9d9-4c1d-97f4-516b572b2f9d,1697664371986144444
6a69421f-e399-4db8-897a-d8ef21b5e0a7,707b6ccf-c9d9-4c1d-97f4-516b572b2f9d,1697664372032244444
6a69421f-e399-4db8-897a-d8ef21b5e0a7,707b6ccf-c9d9-4c1d-97f4-516b572b2f9d,1697664372049033333
6a69421f-e399-4db8-897a-d8ef21b5e0a7,707b6ccf-c9d9-4c1d-97f4-516b572b2f9d,1697664372097500000
6a69421f-e399-4db8-897a-d8ef21b5e0a7,707b6ccf-c9d9-4c1d-97f4-516b572b2f9d,1697664372111300000
6a69421f-e399-4db8-897a-d8ef21b5e0a7,707b6ccf-c9d9-4c1d-97f4-516b572b2f9d,1697664372147244444
6a69421f-e399-4db8-897a-d8ef21b5e0a7,707b6ccf-c9d9-4c1d-97f4-516b572b2f9d,1697664372185333333
6a69421f-e399-4db8-897a-d8ef21b5e0a7,707b6ccf-c9d9-4c1d-97f4-516b572b2f9d,1697664372210766666
6a69421f-e399-4db8-897a-d8ef21b5e0a7,707b6ccf-c9d9-4c1d-97f4-516b572b2f9d,1697664372259055555
6a69421f-e399-4db8-897a-d8ef21b5e0a7,707b6ccf-c9d9-4c1d-97f4-516b572b2f9d,1697664372286411111
6a69421f-e399-4db8-897a-d8ef21b5e0a7,707b6ccf-c9d9-4c1d-97f4-516b572b2f9d,1697664372356277777
6a69421f-e399-4db8-897a-d8ef21b5e0a7,707b6ccf-c9d9-4c1d-97f4-516b572b2f9d,1697664372391844444
6a69421f-e399-4db8-897a-d8ef21b5e0a7,707b6ccf-c9d9-4c1d-97f4-516b572b2f9d,1697664372424366666
6a69421f-e399-4db8-897a-d8ef21b5e0a7,707b6ccf-c9d9-4c1d-97f4-516b572b2f9d,1697664372452688888
6a69421f-e399-4db8-897a-d8ef21b5e0a7,707b6ccf-c9d9-4c1d-97f4-516b572b2f9d,1697664372483244444
6a69421f-e399-4db8-897a-d8ef21b5e0a7,707b6ccf-c9d9-4c1d-97f4-516b572b2f9d,1697664372522822222
6a69421f-e399-4db8-897a-d8ef21b5e0a7,707b6ccf-c9d9-4c1d-97f4-516b572b2f9d,1697664372544266666
6a69421f-e399-4db8-897a-d8ef21b5e0a7,707b6ccf-c9d9-4c1d-97f4-516b572b2f9d,1697664372579166666
6a69421f-e399-4db8-897a-d8ef21b5e0a7,707b6ccf-c9d9-4c1d-97f4-516b572b2f9d,1697664372609000000
6a69421f-e399-4db8-897a-d8ef21b5e0a7,707b6ccf-c9d9-4c1d-97f4-516b572b2f9d,1697664372648866666
6a69421f-e399-4db8-897a-d8ef21b5e0a7,707b6ccf-c9d9-4c1d-97f4-516b572b2f9d,1697664372673877777
6a69421f-e399-4db8-897a-d8ef21b5e0a7,707b6ccf-c9d9-4c1d-97f4-516b572b2f9d,1697664372719255555
6a69421f-e399-4db8-897a-d8ef21b5e0a7,707b6ccf-c9d9-4c1d-97f4-516b572b2f9d,1697664372743622222
6a69421f-e399-4db8-897a-d8ef21b5e0a7,707b6ccf-c9d9-4c1d-97f4-516b572b2f9d,1697664372774555555
6a69421f-e399-4db8-897a-d8ef21b5e0a7,707b6ccf-c9d9-4c1d-97f4-516b572b2f9d,1697664372808900000
6a69421f-e399-4db8-897a-d8ef21b5e0a7,707b6ccf-c9d9-4c1d-97f4-516b572b2f9d,1697664372841211111
6a69421f-e399-4db8-897a-d8ef21b5e0a7,707b6ccf-c9d9-4c1d-97f4-516b572b2f9d,1697664372877366666
6a69421f-e399-4db8-897a-d8ef21b5e0a7,707b6ccf-c9d9-4c1d-97f4-516b572b2f9d,1697664372914800000
6a69421f-e399-4db8-897a-d8ef21b5e0a7,707b6ccf-c9d9-4c1d-97f4-516b572b2f9d,1697664372946222222
6a69421f-e399-4db8-897a-d8ef21b5e0a7,707b6ccf-c9d9-4c1d-97f4-516b572b2f9d,1697664372980300000
6a69421f-e399-4db8-897a-d8ef21b5e0a7,707b6ccf-c9d9-4c1d-97f4-516b572b2f9d,1697664373014344444
6a69421f-e399-4db8-897a-d8ef21b5e0a7,707b6ccf-c9d9-4c1d-97f4-516b572b2f9d,1697664373047333333
6a69421f-e399-4db8-897a-d8ef21b5e0a7,707b6ccf-c9d9-4c1d-97f4-516b572b2f9d,1697664373077955555
6a69421f-e399-4db8-897a-d8ef21b5e0a7,707b6ccf-c9d9-4c1d-97f4-516b572b2f9d,1697664373109300000
6a69421f-e399-4db8-897a-d8ef21b5e0a7,707b6ccf-c9d9-4c1d-97f4-516b572b2f9d,1697664373150522222
6a69421f-e399-4db8-897a-d8ef21b5e0a7,707b6ccf-c9d9-4c1d-97f4-516b572b2f9d,1697664373182011111
6a69421f-e399-4db8-897a-d8ef21b5e0a7,707b6ccf-c9d9-4c1d-97f4-516b572b2f9d,1697664373214133333
6a69421f-e399-4db8-897a-d8ef21b5e0a7,707b6ccf-c9d9-4c1d-97f4-516b572b2f9d,1697664373243844444
